# Flux units: erg / (cm m2 s)
# Wavelength units: Angstrom
wave	flux
9000.0	2836819709.4482727
9010.0	3016352135.7023787
9020.0	2865869444.620144
9030.0	2876668218.912154
9040.0	3010608111.463809
9050.0	3084342492.8106503
9060.0	3027936257.573431
9070.0	3154510953.279609
9080.0	3231100560.6582265
9090.0	3128052425.7646804
9100.0	3267530680.337962
9110.0	3283527183.146575
9120.0	3418761996.3519855
9130.0	3423868818.2839875
9140.0	3414933349.344723
9150.0	3496888097.4750576
9160.0	3542795321.0133204
9170.0	3594347036.9414907
9180.0	3517448118.8208604
9190.0	3650557701.63699
9200.0	3624880075.2185583
9210.0	3384958245.851184
9220.0	3321113585.8327208
9230.0	3206529575.0528393
9240.0	3201885031.7278137
9250.0	3191467142.873265
9260.0	3252765977.6193223
9270.0	3263138118.0212374
9280.0	3102596716.423637
9290.0	3031647063.383699
9300.0	2969960823.1443753
9310.0	3094210026.9137287
9320.0	3047748203.584775
9330.0	3135781538.871725
9340.0	3150321240.6209936
9350.0	3079241783.5825176
9360.0	3134055111.635461
9370.0	3078803537.369583
9380.0	3190522556.8763285
9390.0	3192213153.066801
9400.0	3209244932.6119723
9410.0	3245721957.0717363
9420.0	3211729992.2056694
9430.0	3275018849.5202065
9440.0	3204319785.731265
9450.0	3215617615.73889
9460.0	3283501428.8320847
9470.0	3329593460.8001943
9480.0	3373044140.798322
9490.0	3429419461.1938663
9500.0	3390479318.9428782
9510.0	3373343934.727088
9520.0	3374807007.9674187
9530.0	3437278918.7520957
9540.0	3396322942.694317
9550.0	3286731404.7576675
9560.0	3445625546.026605
9570.0	3424964375.3351097
9580.0	3416383832.959822
9590.0	3458524931.281581
9600.0	3258490802.7666698
9610.0	3427808633.36425
9620.0	3472460125.4807663
9630.0	3509109860.856141
9640.0	3091635922.336157
9650.0	3284649783.9876614
9660.0	3499682166.9238725
9670.0	3432771273.917256
9680.0	3216243124.5876503
9690.0	3391980864.545985
9700.0	3579748752.0923023
9710.0	3280117465.399324
9720.0	3378367561.3880744
9730.0	3146215635.5849004
9740.0	3259474699.5948014
9750.0	3173671820.403373
9760.0	3393720556.4628863
9770.0	3290246861.473134
9780.0	3439642732.897841
9790.0	3067439147.549873
9800.0	3497613570.382669
9810.0	3366343332.599986
9820.0	3374674149.6080146
9830.0	3329256991.916584
9840.0	3357141058.9225693
9850.0	3427262011.8025494
9860.0	3514974870.2606378
9870.0	3475402960.361138
9880.0	3557952277.531186
9890.0	3599269921.8979263
9900.0	3189015043.922123
9910.0	2841105439.423422
9920.0	2770281756.0711765
9930.0	2997891645.9794116
9940.0	3120720153.6375976
9950.0	3288191590.7504153
9960.0	3226796816.4050083
9970.0	3305914876.6160016
9980.0	3234627757.770864
9990.0	2996654930.494701
10000.0	3231283439.6908584
10010.0	3171284320.198309
10020.0	3260969112.968809
10030.0	3305932894.1945367
10040.0	3140127573.0903277
10050.0	3142778585.5091486
10060.0	2969177956.4037995
10070.0	3156318631.1271048
10080.0	3320790722.160342
10090.0	3226647966.341496
10100.0	3358856863.389592
10110.0	3274703883.6385946
10120.0	3321090880.1808314
10130.0	3451267996.8771954
10140.0	3221015639.8460603
10150.0	3302336747.8840036
10160.0	3240709731.036628
10170.0	3247502241.7627687
10180.0	3395333812.1274033
10190.0	3272968187.409456
10200.0	3359072853.180995
10210.0	3422911595.3155265
10220.0	3231881494.608336
10230.0	3398821386.671436
10240.0	3529780902.2298
10250.0	3394737433.5785127
10260.0	3119716137.589636
10270.0	3158315804.7894616
10280.0	3161852072.6662726
10290.0	3161341414.0890427
10300.0	3246912067.6474466
10310.0	3450788202.4327326
10320.0	3402603946.3865986
10330.0	3258307213.0875735
10340.0	3327378763.2177753
10350.0	2971230463.947628
10360.0	3506889364.9679823
10370.0	3450836154.3109155
10380.0	3379059049.553301
10390.0	3458000461.375403
10400.0	3256867727.381513
10410.0	3565267305.9830728
10420.0	3381292240.4541173
10430.0	3301756264.309359
10440.0	3539344964.9285297
10450.0	3539818887.306143
10460.0	3585176939.236145
10470.0	3323784349.9423804
10480.0	3390337657.2609606
10490.0	3514908073.5033755
10500.0	3381055612.145175
10510.0	3423127633.631589
10520.0	3352749872.0591526
10530.0	3426781963.3611827
10540.0	3449374229.685194
10550.0	3494428452.0834
10560.0	3367352288.262717
10570.0	3312098070.844962
10580.0	3478997346.6154933
10590.0	3294449609.2489142
10600.0	3463765710.9873857
10610.0	3347877192.366998
10620.0	3450567550.561881
10630.0	3506999693.821883
10640.0	3488797983.4619927
10650.0	3454140024.7542357
10660.0	3311047065.17488
10670.0	3416539821.5115004
10680.0	3406879522.4570255
10690.0	3513769789.5587635
10700.0	3539422191.0106554
10710.0	3451416923.199157
10720.0	3568471243.8029404
10730.0	3458224161.1697974
10740.0	3460884074.2731104
10750.0	3497957381.4835715
10760.0	3525661365.0260906
10770.0	3562681282.0069056
10780.0	3599695499.9790764
10790.0	3605443256.3366804
10800.0	3538250775.863533
10810.0	3483540365.267538
10820.0	3533921775.4030814
10830.0	3642630109.9793315
10840.0	3617553771.0090737
10850.0	3512961640.8230014
10860.0	3545992807.008445
10870.0	3611589473.905885
10880.0	3639026064.686787
10890.0	3551633163.066582
10900.0	3640812171.975305
10910.0	3518445681.703891
10920.0	3577928195.662483
10930.0	3607795860.2853446
10940.0	3603048301.8636355
10950.0	3585204930.43212
10960.0	3519907212.3617983
10970.0	3562150211.1683187
10980.0	3490492305.5666604
10990.0	3514434114.0368223
11000.0	3530952182.3872933
11010.0	3588131839.212052
11020.0	3461966593.1606054
11030.0	3386503971.5789423
11040.0	3300260533.8378696
11050.0	3242648898.9589033
11060.0	3305539227.573754
11070.0	3288444461.777123
11080.0	3314696166.2975745
11090.0	3354639200.7625666
11100.0	3342318016.857507
11110.0	3291319077.48323
11120.0	3373225551.4529085
11130.0	3312411496.5689135
11140.0	3407145857.983121
11150.0	3390256770.3493176
11160.0	3370578044.1812916
11170.0	3366173221.555209
11180.0	3390129361.298163
11190.0	3348911515.011875
11200.0	3337853975.1847086
11210.0	3357219078.7090816
11220.0	3374956145.0690594
11230.0	3421134352.497429
11240.0	3447924247.108131
11250.0	3359244434.564641
11260.0	3328915711.0018616
11270.0	3463074313.3129063
11280.0	3413546207.0397124
11290.0	3459294021.9072137
11300.0	3345252217.775256
11310.0	3392440406.4082894
11320.0	3432243132.534181
11330.0	3449784975.7321324
11340.0	3376227379.529179
11350.0	3342573024.276809
11360.0	3374872253.110046
11370.0	3327436181.192466
11380.0	2632780599.98564
11390.0	2854234672.018651
11400.0	2914099111.0958047
11410.0	2263680659.3766913
11420.0	3295249367.989541
11430.0	3319130469.278957
11440.0	3306255371.978756
11450.0	3401584580.5485187
11460.0	3392970041.266814
11470.0	3451890933.1856465
11480.0	3379601530.171766
11490.0	3458004388.364409
11500.0	3485392788.8586454
11510.0	3462342233.5909195
11520.0	3445478820.981663
11530.0	3447528181.904391
11540.0	3410130040.757607
11550.0	3434960853.71211
11560.0	3436459803.707364
11570.0	3425130696.7755976
11580.0	3445310534.678151
11590.0	3461528466.679941
11600.0	3323169321.227503
11610.0	3193583450.4283214
11620.0	3422862272.405021
11630.0	3474812404.600685
11640.0	3284278364.917008
11650.0	3459119667.5077553
11660.0	3391717985.68818
11670.0	3445425313.2376943
11680.0	3410475318.508479
11690.0	2755596534.437009
11700.0	3287926999.6366086
11710.0	3415734643.1950073
11720.0	3403004764.9091296
11730.0	3421948439.1141133
11740.0	3316465001.235585
11750.0	3337240961.2391324
11760.0	3297536454.0420885
11770.0	2844684626.482405
11780.0	2590034452.6905417
11790.0	3222971391.307754
11800.0	3311112187.1216197
11810.0	3322734065.814887
11820.0	3304806009.1049094
11830.0	3132857824.2836685
11840.0	3290000806.362456
11850.0	3305879858.4484415
11860.0	3339916074.950915
11870.0	3347500848.897368
11880.0	3307745517.402133
11890.0	2994116292.754766
11900.0	3281334417.0740275
11910.0	3330135011.76982
11920.0	3319325906.2831645
11930.0	3350346025.1212487
11940.0	3274116682.7470512
11950.0	3228714443.6488934
11960.0	3211779824.642757
11970.0	3242432732.158433
11980.0	2966047714.917208
11990.0	3263826404.0954113
12000.0	3253875606.647484
12010.0	3282863958.320136
12020.0	3278352595.352282
12030.0	3277301581.506648
12040.0	3313951356.6715183
12050.0	3283236636.915801
12060.0	3382034642.965454
12070.0	3276930684.1994596
12080.0	3304071240.2799497
12090.0	3243774107.143582
12100.0	3361719154.466601
12110.0	3270244302.9452105
12120.0	3306755053.3039546
12130.0	3288200633.3601527
12140.0	3363946052.355392
12150.0	3359226014.489755
12160.0	3328483041.5963273
12170.0	3332156767.089763
12180.0	3363182590.907385
12190.0	3345649034.9970536
12200.0	3322992602.2901793
12210.0	3314513116.6962867
12220.0	3333700001.5643373
12230.0	3338332757.846585
12240.0	3326206802.494247
12250.0	3351722931.3300934
12260.0	3355732790.146355
12270.0	3357212112.2947373
12280.0	3342975478.8101096
12290.0	3350972183.8737245
12300.0	3333949139.582683
12310.0	3343002821.0014687
12320.0	3284241070.045834
12330.0	3306747213.300839
12340.0	3336184902.463274
12350.0	3320550513.8491607
12360.0	3323128187.5024953
12370.0	3330385948.847946
12380.0	3330447529.884312
12390.0	3282354472.953292
12400.0	3306384583.674912
12410.0	3159489512.799151
12420.0	3152301042.49061
12430.0	3124720796.675537
12440.0	2910117875.0562534
12450.0	3248287018.311506
12460.0	3220159355.4138236
12470.0	3239315498.2728443
12480.0	3227504110.4421134
12490.0	3244923953.608358
12500.0	3215749535.5511603
12510.0	3255564344.2852354
12520.0	3058174743.3988
12530.0	2856826731.800005
12540.0	3244825754.184443
12550.0	3190922597.524093
12560.0	3214973954.5993543
12570.0	3195413503.5481734
12580.0	3208391467.079919
12590.0	3209653451.65747
12600.0	3183432841.868577
12610.0	3218823485.1394496
12620.0	3209545570.67592
12630.0	3225460633.725556
12640.0	3162751206.2058716
12650.0	3212410807.6517053
12660.0	3218740211.035727
12670.0	3215618279.181914
12680.0	2992892872.814533
12690.0	3212571641.019916
12700.0	3186226948.2973456
12710.0	3181707825.0760956
12720.0	3248441179.736582
12730.0	3236019498.1204195
12740.0	3176019252.776954
12750.0	3158144164.227463
12760.0	3233160102.3654656
12770.0	3216482510.3191175
12780.0	3215825057.3869276
12790.0	3234222411.8997583
12800.0	3218957196.286092
12810.0	3205037212.1456876
12820.0	3128241130.445268
12830.0	3023102430.2802253
12840.0	3165533335.948296
12850.0	3121264154.4603148
12860.0	3151466079.280091
12870.0	3202222489.885023
12880.0	3170178421.4932957
12890.0	3157553675.0784354
12900.0	3005238328.1310196
12910.0	3121398901.082823
12920.0	3173078783.8900514
12930.0	3155962731.7554145
12940.0	3205763876.0377164
12950.0	3142144328.057408
12960.0	3202796677.1355886
12970.0	3190190240.59713
12980.0	3149845024.8677497
12990.0	3165418443.2401595
13000.0	3189295745.329645
13010.0	3171288552.192489
13020.0	3174771211.4948683
13030.0	3187775344.8319325
13040.0	3174814397.0395274
13050.0	3181894098.3084474
13060.0	3178646275.830498
13070.0	3141630279.116071
13080.0	3135425289.4072146
13090.0	3120997434.578026
13100.0	3131059433.3561625
13110.0	3154339315.0709968
13120.0	3044429391.5177813
13130.0	2695604805.1293917
13140.0	3064954070.934912
13150.0	2864808923.551419
13160.0	3017813655.6277056
13170.0	3126362867.2488074
13180.0	3106922601.624975
13190.0	3142002903.883067
13200.0	3085640082.3890123
13210.0	3110182035.1602325
13220.0	3054882416.755634
13230.0	3105007465.799829
13240.0	3077364568.6360307
13250.0	3014605716.9887996
13260.0	3075396587.351262
13270.0	2967389672.9118347
13280.0	3027494068.839259
13290.0	3001284432.4357324
13300.0	2906960336.197193
13310.0	2911378422.7275224
13320.0	2581005065.0452332
13330.0	2769694695.166415
13340.0	2741030101.2398343
13350.0	2263526822.808172
13360.0	2475532838.489316
13370.0	2316167704.205674
13380.0	2497704600.8437424
13390.0	2456919648.126996
13400.0	2645103396.8219657
13410.0	2532874777.1113067
13420.0	2380345121.63398
13430.0	2277015584.9215364
13440.0	2574651064.8270655
13450.0	2349485271.77687
13460.0	2586976086.531368
13470.0	2328234235.311825
13480.0	2298224910.5351734
13490.0	2591177355.490427
13500.0	2403815244.4009914
13510.0	2350189383.210637
13520.0	2377769722.9788036
13530.0	2502036660.3094
13540.0	2291664707.6048064
13550.0	2313862062.81051
13560.0	2402772208.492993
13570.0	2418797042.295734
13580.0	2349773255.235058
13590.0	2433555924.154959
13600.0	2360905541.792301
13610.0	2392287633.325744
13620.0	2162590076.7933426
13630.0	2347899063.3642235
13640.0	2425518285.176464
13650.0	2303538853.518588
13660.0	2459487561.542948
13670.0	2389207215.367898
13680.0	2396568473.161874
13690.0	2339869019.5292983
13700.0	2390626774.1705923
13710.0	2320603105.349031
13720.0	2391754688.8749685
13730.0	2377881160.61335
13740.0	2374152342.1652575
13750.0	2427681853.480467
13760.0	2441463095.828412
13770.0	2404978795.9111986
13780.0	2448395254.305078
13790.0	2398058836.1014786
13800.0	2499180744.079096
13810.0	2390926101.2538414
13820.0	2468971739.0849967
13830.0	2295381880.1392827
13840.0	2446876046.469256
13850.0	2410168687.184795
13860.0	2361246008.905632
13870.0	2403675622.487365
13880.0	2300040840.052366
13890.0	2460437383.6735725
13900.0	2248616352.0664387
13910.0	2171186260.843022
13920.0	2259392216.0941367
13930.0	2195467325.016238
13940.0	2233153978.9179583
13950.0	2262297318.964602
13960.0	2251814475.415152
13970.0	2245599333.1974444
13980.0	2103947200.691249
13990.0	2238456553.8330398
14000.0	2148448625.4176316
14010.0	2114286492.785908
14020.0	2287874716.4080296
14030.0	2247125759.7729416
14040.0	2180808992.5659146
14050.0	2197350118.043076
14060.0	2356166868.5152125
14070.0	2125518029.1738653
14080.0	2159066276.246933
14090.0	2098808032.8213248
14100.0	2199145629.793736
14110.0	2090890341.9804616
14120.0	2025339328.5139537
14130.0	2195288899.735673
14140.0	2088498096.4157221
14150.0	2052612703.919871
14160.0	2156395039.0558715
14170.0	2010752405.2206755
14180.0	1956213144.8468227
14190.0	1987009023.1937242
14200.0	2148724785.708413
14210.0	2127393616.3739235
14220.0	2008674407.655456
14230.0	2087425576.7016265
14240.0	1955640899.1231327
14250.0	2045119714.720814
14260.0	1943796057.7460904
14270.0	2027636471.8691945
14280.0	2014839017.8478813
14290.0	1825555356.28623
14300.0	2183416091.6999564
14310.0	2106797608.8460577
14320.0	2015370244.8273826
14330.0	2096891317.3465838
14340.0	1872964546.3758523
14350.0	2110218343.4224923
14360.0	2065433355.5904126
14370.0	1991468847.5639842
14380.0	2092854435.1519732
14390.0	2071379139.393415
14400.0	2034562031.7532613
14410.0	1955324870.6106493
14420.0	2043579957.4668684
14430.0	2102259141.7415967
14440.0	2094094957.4976301
14450.0	1987585961.0456612
14460.0	2130311479.2846901
14470.0	1966527101.1402128
14480.0	2051643211.6639113
14490.0	2160903226.670638
14500.0	1985419924.4514933
14510.0	1943628408.5755296
14520.0	2215578816.3206496
14530.0	2076610539.2988362
14540.0	1988275537.9030182
14550.0	2205879507.322496
14560.0	2007216946.431599
14570.0	1961057005.6777508
14580.0	2103686518.1065247
14590.0	2108514674.964739
14600.0	2076401585.3587482
14610.0	2033885510.8470438
14620.0	2011007577.0663345
14630.0	1870872033.911888
14640.0	2080733364.2329295
14650.0	2011085540.6433778
14660.0	2096409358.936551
14670.0	2062708875.4431045
14680.0	1896828370.942446
14690.0	1906578929.6385171
14700.0	1948591263.959665
14710.0	2015510153.0968363
14720.0	2005850907.5331643
14730.0	2054098854.391153
14740.0	1950873426.1409678
14750.0	1962016668.6113555
14760.0	1962774329.0926735
14770.0	1987846173.096183
14780.0	1922435786.8291137
14790.0	2095095328.226391
14800.0	1889232770.6618345
14810.0	2012654412.6447291
14820.0	1892977382.920796
14830.0	2011202043.917923
14840.0	2065479575.0193024
14850.0	1969394274.2693582
14860.0	2003618479.2132308
14870.0	2037881101.5011826
14880.0	1953862386.7911074
14890.0	1957176405.1403425
14900.0	2000351939.180477
14910.0	2030573782.97991
14920.0	2024023581.864649
14930.0	1983102257.7942998
14940.0	1943164608.4159014
14950.0	2012973559.06917
14960.0	2000248899.1809566
14970.0	2058756809.599784
14980.0	2049718983.8874884
14990.0	2068706336.6267369
15000.0	1966714248.1784265
15010.0	1993199202.957788
15020.0	1884889611.7888
15030.0	2033748287.6887095
15040.0	1980954932.229743
15050.0	2021469635.578509
15060.0	2010390468.7620065
15070.0	2095712216.1610703
15080.0	1963319564.785223
15090.0	2071997151.83866
15100.0	1998195839.3855143
15110.0	2053137393.0534205
15120.0	2065117582.2737617
15130.0	1972528905.7190619
15140.0	2002099062.0530844
15150.0	2096072908.8779106
15160.0	2051805961.813421
15170.0	1768000170.168895
15180.0	2005504676.6021197
15190.0	2043077610.9377542
15200.0	2024765828.6960993
15210.0	2124928997.8164794
15220.0	2102698591.5331776
15230.0	2084395334.2932498
15240.0	2058034264.3876677
15250.0	1998348359.3286593
15260.0	1983605058.2499409
15270.0	2031095413.0898917
15280.0	2040305917.9590368
15290.0	2025151407.9408176
15300.0	2150727839.1747704
15310.0	2075906215.7091827
15320.0	1936883442.2769449
15330.0	1999921208.2240183
15340.0	2085952277.4908462
15350.0	2054728563.0379755
15360.0	2096895042.6675057
15370.0	2044843512.4053614
15380.0	2031231844.1812675
15390.0	2109310055.968561
15400.0	2004458530.667792
15410.0	1946252310.8200312
15420.0	2064774697.612466
15430.0	2009069979.5592024
15440.0	2017139703.4140608
15450.0	2076243934.7836432
15460.0	2136989214.4674044
15470.0	2030532495.5929828
15480.0	2018136866.4134424
15490.0	2075341053.5514476
15500.0	2091854819.4809208
15510.0	2010378625.079069
15520.0	2104179287.3971632
15530.0	2110893171.8851166
15540.0	2061705861.1360323
15550.0	2025478527.2906933
15560.0	2045491265.6735165
15570.0	2047701064.849333
15580.0	1993175568.496102
15590.0	2086577881.1271293
15600.0	2065420480.7754774
15610.0	2068767119.5722144
15620.0	2096209229.377011
15630.0	2093355803.9295373
15640.0	2123643236.984908
15650.0	2048356901.202917
15660.0	1977379978.3839195
15670.0	2131733879.6632798
15680.0	2163566836.9728947
15690.0	2094837118.3286984
15700.0	2059788489.080934
15710.0	2107455308.8200283
15720.0	2059799379.8390744
15730.0	2082624075.1818485
15740.0	2128182126.7807183
15750.0	2124737624.238303
15760.0	2075030892.2952428
15770.0	2109465377.3190868
15780.0	2076067070.8605032
15790.0	2132887937.05953
15800.0	2113892369.4119794
15810.0	2154624104.7392926
15820.0	2116657120.2278838
15830.0	2146403429.765132
15840.0	2089237522.3136508
15850.0	2093470948.2920218
15860.0	2192773517.2677875
15870.0	2147390742.0517998
15880.0	2156568331.472899
15890.0	2128459392.0980651
15900.0	2041371535.4317827
15910.0	2154191934.5443144
15920.0	2115831472.5674257
15930.0	2115629430.1404376
15940.0	2164607281.3592973
15950.0	2177925210.473094
15960.0	2186762151.056048
15970.0	2157606276.5850086
15980.0	2148087238.5044103
15990.0	2152568623.70526
16000.0	2175222412.4896016
16010.0	2168247365.89484
16020.0	2115135910.2641468
16030.0	2209809670.2223
16040.0	2121942747.408148
16050.0	2158390603.821931
16060.0	2120842777.0759482
16070.0	2131229742.9369447
16080.0	2160498214.6994395
16090.0	2177576353.804199
16100.0	2175048573.263601
16110.0	2138635710.2210848
16120.0	2168333946.5113473
16130.0	2172517593.789476
16140.0	2110269951.323882
16150.0	2115083181.9335897
16160.0	2004739355.3029168
16170.0	2190728555.2940335
16180.0	2201614877.823807
16190.0	2097536224.905801
16200.0	2009192286.4295714
16210.0	2050486984.306093
16220.0	2167064541.9103317
16230.0	2157570240.2452583
16240.0	2205675944.548669
16250.0	2144725227.2866588
16260.0	2119168647.6392622
16270.0	2185633653.1176414
16280.0	2192154758.6561112
16290.0	2191419323.875832
16300.0	2182134442.0482006
16310.0	2169831629.281912
16320.0	2165336544.4277625
16330.0	2202234100.944241
16340.0	2191560775.725998
16350.0	2167064971.2376494
16360.0	2162493572.6437078
16370.0	2160194162.4383345
16380.0	2197856426.443366
16390.0	2178006848.1016264
16400.0	2174606324.165511
16410.0	2177447091.9917436
16420.0	2181438535.3080926
16430.0	2183131619.270868
16440.0	2203463490.4301524
16450.0	2157117717.185264
16460.0	2178307657.754408
16470.0	2213130696.828782
16480.0	2186340436.1193314
16490.0	2198135106.9974513
16500.0	2201954868.3064575
16510.0	2180557407.868809
16520.0	2203000282.1419425
16530.0	2171517469.5017295
16540.0	2156404932.0012093
16550.0	2201712980.192079
16560.0	2241476283.506714
16570.0	2219327979.1549034
16580.0	2208518688.535512
16590.0	2170551809.4562697
16600.0	2188059378.5281305
16610.0	2155787597.663589
16620.0	2182040682.665976
16630.0	2217212857.9354577
16640.0	2205336978.880863
16650.0	2196788175.265377
16660.0	2177511968.6554136
16670.0	2164960811.871788
16680.0	2178084722.0247426
16690.0	2201279589.015806
16700.0	2188928794.368545
16710.0	2161753008.1952767
16720.0	2070991406.454431
16730.0	2138231180.741983
16740.0	2192983950.9742107
16750.0	2114393572.1173675
16760.0	2100741809.522
16770.0	2134297780.357262
16780.0	2193287816.738175
16790.0	2198742473.619889
16800.0	2180385249.5858755
16810.0	2184763680.271539
16820.0	2189389284.469319
16830.0	2191105264.844194
16840.0	2160050975.9076276
16850.0	2180379969.0080585
16860.0	2170344141.0742574
16870.0	2128715876.0483444
16880.0	2112795467.2932394
16890.0	2097664062.8323615
16900.0	2122790291.3922923
16910.0	2112453367.400336
16920.0	2105654204.588397
16930.0	2138826291.5306854
16940.0	2142116859.9666893
16950.0	2111458362.315969
16960.0	2097139198.323096
16970.0	2107137786.6015394
16980.0	2072071449.242331
16990.0	2085106931.1321077
17000.0	2065832293.4872096
17010.0	2077549137.6094987
17020.0	2099196373.8253877
17030.0	2080811466.7513459
17040.0	2023822513.0979905
17050.0	2029625890.6770418
17060.0	2061800026.5639303
17070.0	1998012628.1087503
17080.0	1980115424.3161345
17090.0	1976978507.065403
17100.0	2007192696.0563066
17110.0	1847051088.425187
17120.0	1933151310.784284
17130.0	1988859787.7509408
17140.0	1916884403.2800736
17150.0	1943074997.0693254
17160.0	1926023319.1858397
17170.0	1895996898.1630948
17180.0	1864311133.6740773
17190.0	1827039101.9931753
17200.0	1883948628.2071152
17210.0	1878165936.7020814
17220.0	1941003242.8949492
17230.0	1839695724.6754065
17240.0	1845024056.9228659
17250.0	1921346986.9917994
17260.0	1897297738.7062414
17270.0	1689494352.9591348
17280.0	1914766556.9517968
17290.0	1863823556.6993861
17300.0	1831154771.5015526
17310.0	1901463261.856843
17320.0	1716454066.2960854
17330.0	1842641724.229193
17340.0	1769640446.1893055
17350.0	1701362066.7298214
17360.0	1825972551.8417687
17370.0	1726818412.118211
17380.0	1791380702.873429
17390.0	1801923968.3741865
17400.0	1716970282.0305598
17410.0	1721637158.7303567
17420.0	1816429346.093943
17430.0	1689913726.0147889
17440.0	1708486762.6730418
17450.0	1696686193.2054374
17460.0	1739989216.4039352
17470.0	1666704514.817031
17480.0	1664312955.4603307
17490.0	1760563236.8166633
17500.0	1664244001.965537
17510.0	1606730138.4989653
17520.0	1659974260.3088324
17530.0	1744624957.1525507
17540.0	1607961690.3874142
17550.0	1650101052.8873024
17560.0	1497192117.2537794
17570.0	1606101881.1562576
17580.0	1586141158.4725757
17590.0	1538313570.1882803
17600.0	1705794599.4480286
17610.0	1519929681.9741538
17620.0	1571474552.896938
17630.0	1489433660.6321986
17640.0	1637780550.0262358
17650.0	1591483833.0688784
17660.0	1667757555.732604
17670.0	1540102462.072039
17680.0	1409505377.611043
17690.0	1461253360.793805
17700.0	1616079130.1248522
17710.0	1567670448.9630184
17720.0	1426978798.9321609
17730.0	1425264522.838947
17740.0	1581225850.7062852
17750.0	1434938438.8088274
17760.0	1461310679.2693086
17770.0	1435687127.1906807
17780.0	1439139155.7641711
17790.0	1501682062.4653132
17800.0	1418929737.1587832
17810.0	1401246006.2018006
17820.0	1428285311.0843337
17830.0	1380101223.725117
17840.0	1549409341.1922886
17850.0	1410473849.5671659
17860.0	1344238771.3224006
17870.0	1280504045.2615232
17880.0	1426206761.7765033
17890.0	1405769056.6954844
17900.0	1475337641.8856955
17910.0	1323423782.0837333
17920.0	1351348081.0915434
17930.0	1395682762.9217718
17940.0	1371019857.4785652
17950.0	1292175045.3467371
17960.0	1297144287.4206116
17970.0	1462023387.6742146
17980.0	1408299502.254386
17990.0	1367378112.1736314
18000.0	1281578810.4301796
18010.0	1246490879.1502829
18020.0	1305625089.8679478
18030.0	1272437330.9026139
18040.0	1391349175.9139879
18050.0	1328538624.0046723
18060.0	1230355425.469161
18070.0	1326854642.5504348
18080.0	1294166918.5724227
18090.0	1280355926.329821
18100.0	1380151246.3312905
18110.0	1138450706.19206
18120.0	1315934832.8766499
18130.0	1210832794.9105232
18140.0	1421977059.6112423
18150.0	1366256417.68534
18160.0	1316934120.8066401
18170.0	1280708462.6895661
18180.0	1260973098.209421
18190.0	1245019183.1310506
18200.0	1214214323.652533
18210.0	1273321043.1322608
18220.0	1103316885.7189224
18230.0	1334994998.0265305
18240.0	1465070462.9205244
18250.0	1244620127.592815
18260.0	1169577094.0297668
18270.0	1280866517.7930353
18280.0	1217600749.0824683
18290.0	1309116415.211629
18300.0	1306972351.3514915
18310.0	1218243902.2509034
18320.0	1253239905.5551548
18330.0	1181712407.0977952
18340.0	1310150504.9763966
18350.0	1213070250.3761723
18360.0	1204255128.085343
18370.0	1318898187.3410943
18380.0	1179854552.585787
18390.0	1240256729.865934
18400.0	1168226873.7306852
18410.0	1329533210.687757
18420.0	1141613300.6059897
18430.0	1171351516.3035731
18440.0	1123786310.3130443
18450.0	1151822849.9037933
18460.0	1145290361.7015564
18470.0	986709130.1781698
18480.0	1071246382.2141105
18490.0	1111851211.9199023
18500.0	1087598838.1947234
18510.0	1219791261.799872
18520.0	1238266793.606744
18530.0	1131428417.5605853
18540.0	1135381807.2972472
18550.0	1162031690.7444286
18560.0	1152925023.71454
18570.0	1002001225.5172279
18580.0	985873254.9157811
18590.0	1003646717.4078758
18600.0	1008996069.7290488
18610.0	1018813723.2403487
18620.0	1127621081.1661856
18630.0	1106884538.426073
18640.0	1122457308.726652
18650.0	1016093454.5989642
18660.0	1133554523.6270993
18670.0	1132865358.2892213
18680.0	1047401130.2673439
18690.0	1183717784.4821172
18700.0	1178880686.3334703
18710.0	1067063872.933398
18720.0	1146890023.4632528
18730.0	981778719.8172016
18740.0	1134564683.4675639
18750.0	1079967701.5114903
18760.0	1136624345.8253222
18770.0	1081622958.596137
18780.0	1100803866.6367486
18790.0	1008260993.2462554
18800.0	1121318124.1243834
18810.0	1110385871.4817827
18820.0	1134697266.6331713
18830.0	1227541810.648905
18840.0	1213547839.4942296
18850.0	1054524470.2884036
18860.0	1139920929.7078972
18870.0	1098952045.1573615
18880.0	1202508284.1468139
18890.0	1069267614.4610372
18900.0	1169420719.6614194
18910.0	1148017334.6285377
18920.0	964408318.4975009
18930.0	1042908497.4245849
18940.0	1108993065.2306592
18950.0	1120143367.1924162
18960.0	1097555188.281529
18970.0	1207957150.4112868
18980.0	1072452845.2721846
18990.0	1120183704.1450298
19000.0	1185624920.464979
19010.0	1113364846.2784204
19020.0	1201455768.714106
19030.0	1099058213.7145238
19040.0	1133720573.7828767
19050.0	1127514001.0357316
19060.0	1113711158.2067668
19070.0	1095262678.8545954
19080.0	1180614387.7461205
19090.0	1137286993.307127
19100.0	1133445345.6626441
19110.0	1025882093.8086438
19120.0	1106827597.5640554
19130.0	1164673481.3363013
19140.0	1161713270.7948325
19150.0	1191656879.4953933
19160.0	1076768222.5806124
19170.0	1061400175.1790477
19180.0	1100093716.1297178
19190.0	1180804239.9460626
19200.0	1127097084.2153435
19210.0	1055795984.8555813
19220.0	1119625870.6636078
19230.0	1134333744.9166093
19240.0	1053522226.7219135
19250.0	1129202357.5863876
19260.0	1094051515.2975173
19270.0	1047777155.2434326
19280.0	1218189265.097052
19290.0	1069416716.4261442
19300.0	1051116073.0637568
19310.0	875895792.745952
19320.0	981986266.775078
19330.0	1114470574.7392437
19340.0	1056213249.7495329
19350.0	1142773542.3292007
19360.0	1134765075.655022
19370.0	1104429969.6775086
19380.0	1092950161.4043558
19390.0	1029721274.5385079
19400.0	1041533198.9758595
19410.0	1065781606.0137668
19420.0	1096769597.7391653
19430.0	1060446977.9058297
19440.0	1060053143.4328316
19450.0	946364466.2926371
19460.0	806701173.6363943
19470.0	1064112408.6910561
19480.0	1018632314.5771141
19490.0	1015942033.7242041
19500.0	1098185608.2023323
19510.0	882424952.604814
19520.0	1054966687.6411626
19530.0	965940233.1026163
19540.0	1086757367.2638242
19550.0	1078266800.4177525
19560.0	994443945.8522494
19570.0	1054362245.1099405
19580.0	1113441101.3222015
19590.0	1226171301.8677483
19600.0	1029886730.14807
19610.0	978619179.7045779
19620.0	1080169427.1384435
19630.0	1095626200.9974582
19640.0	1038759570.0145296
19650.0	1000884697.7606554
19660.0	1089017344.8507106
19670.0	1099104345.8113844
19680.0	994822143.9086313
19690.0	1067063871.021921
19700.0	1135565540.273007
19710.0	1009955883.9494959
19720.0	1074109851.3444903
19730.0	1017166293.822724
19740.0	1027398419.7366383
19750.0	1054999609.85308
19760.0	871478933.17258
19770.0	956857322.4368582
19780.0	747862386.9264798
19790.0	923137592.1559927
19800.0	919092149.5657951
19810.0	1015840931.0278435
19820.0	961755656.5145179
19830.0	991461348.246975
19840.0	999393784.4921318
19850.0	991699023.0650065
19860.0	898813438.0958132
19870.0	855477287.8833023
19880.0	977996237.7120148
19890.0	1025172289.3122109
19900.0	934109369.3820981
19910.0	969642486.7411277
19920.0	868762306.9836582
19930.0	1004642703.9290253
19940.0	1003154025.966421
19950.0	965728268.3021855
19960.0	1033063063.0157626
19970.0	972285777.1899284
19980.0	937443931.1510904
19990.0	1002528387.6725062
20000.0	909193868.8061568
20010.0	986077101.3955898
20020.0	950044933.0472453
20030.0	1024456049.3440009
20040.0	988259674.206371
20050.0	993138566.082437
20060.0	964959999.3321725
20070.0	954345263.3589686
20080.0	1074633964.382657
20090.0	884459169.8821384
20100.0	972348733.5705278
20110.0	915145019.3885849
20120.0	979320241.1921556
20130.0	961777588.1929717
20140.0	986545983.3776729
20150.0	986599700.7616408
20160.0	932561929.9182436
20170.0	919975043.5090176
20180.0	1000628767.9588673
20190.0	956137251.7473409
20200.0	847868499.5501996
20210.0	1012102996.1981308
20220.0	961992709.5162841
20230.0	973239965.545094
20240.0	1032716323.338064
20250.0	968839897.9091612
20260.0	913901099.1763396
20270.0	910858670.733092
20280.0	969011784.7715988
20290.0	848901894.4659379
20300.0	1029638200.3045428
20310.0	890998952.1451844
20320.0	1040357087.2287639
20330.0	970641742.0469646
20340.0	970814143.6852304
20350.0	967053698.9796737
20360.0	845512141.3351055
20370.0	1011031426.3202306
20380.0	985830235.87858
20390.0	935696866.546957
20400.0	935480779.9882891
20410.0	903794992.3775324
20420.0	973520545.2249504
20430.0	1059050050.2389612
20440.0	874484279.8178532
20450.0	871438369.9760422
20460.0	937831907.4741865
20470.0	986086478.4742315
20480.0	984000179.8272163
20490.0	885727835.5422939
20500.0	914274232.475744
20510.0	1005168428.841
20520.0	943038449.8517826
20530.0	999978567.9632962
20540.0	891749067.5556267
20550.0	941372453.0526009
20560.0	919350497.9778088
20570.0	981766609.4013841
20580.0	992533590.3512049
20590.0	962910931.2780802
20600.0	983762596.4341303
20610.0	885102950.361493
20620.0	948912592.8026696
20630.0	953436183.6947176
20640.0	860885289.3094562
20650.0	929207600.6731927
20660.0	906650574.7435077
20670.0	1002885898.3776542
20680.0	948746193.6645329
20690.0	897715217.3221526
20700.0	1006446544.315538
20710.0	978413648.7451518
20720.0	896103971.2971599
20730.0	936774656.3462394
20740.0	903955584.2283443
20750.0	916852520.5107782
20760.0	969215244.6859283
20770.0	953565851.3731569
20780.0	955522027.2605721
20790.0	945710258.658891
20800.0	930982335.839246
20810.0	952642968.3608615
20820.0	950824793.4242108
20830.0	929281296.6919389
20840.0	941193872.0840639
20850.0	940823880.050359
20860.0	947180427.6414376
20870.0	905724389.6046448
20880.0	961817777.6054583
20890.0	931942600.419135
20900.0	906694857.6386702
20910.0	1007618169.3146204
20920.0	937846741.0125736
20930.0	998134817.836489
20940.0	911286293.1882589
20950.0	958203564.8489085
20960.0	928282743.8530618
20970.0	930139716.3163376
20980.0	954963654.7371002
20990.0	946324012.6503638
21000.0	939235014.6888931
21010.0	969922966.936088
21020.0	942152277.7021891
21030.0	940117629.8866969
21040.0	976282603.4169284
21050.0	919878022.2922695
21060.0	969210309.3138646
21070.0	969471288.2412887
21080.0	930923108.2394692
21090.0	923987606.3160199
21100.0	985186723.4828224
21110.0	980902998.0709068
21120.0	902043687.7612334
21130.0	948235848.7494233
21140.0	978118278.6662104
21150.0	962986127.6301386
21160.0	980951798.9809172
21170.0	905022664.4552647
21180.0	952049182.0467122
21190.0	942556083.8757336
21200.0	968994033.4038707
21210.0	963869745.6337445
21220.0	962363668.6623707
21230.0	961908203.7677794
21240.0	958313625.4429408
21250.0	1000576663.5807831
21260.0	945155827.7256913
21270.0	962823058.0371455
21280.0	920626367.5349432
21290.0	923628383.7131826
21300.0	960793740.6272987
21310.0	967505650.4304097
21320.0	967239683.3799282
21330.0	983057236.5611527
21340.0	948546052.0488125
21350.0	970400096.909133
21360.0	977567796.8552339
21370.0	962541438.4528862
21380.0	947699326.4497765
21390.0	966994684.1155355
21400.0	930855634.4615028
21410.0	951737486.8967367
21420.0	954729937.6649817
21430.0	963702253.3566071
21440.0	1011627146.2912575
21450.0	995215211.1808465
21460.0	981130266.7056414
21470.0	990384649.0740935
21480.0	960530736.3854324
21490.0	961693469.7487639
21500.0	920096315.2984205
21510.0	983264859.3716815
21520.0	960921576.2910758
21530.0	941846531.4123002
21540.0	971781605.5406283
21550.0	989316922.6240289
21560.0	959804510.6631167
21570.0	978457654.61181
21580.0	982037417.7716571
21590.0	980535059.9925812
21600.0	963283777.4711325
21610.0	996288140.4728502
21620.0	960799882.2426943
21630.0	955110615.3032483
21640.0	983269408.3466719
21650.0	993210918.814525
21660.0	958608458.373355
21670.0	976791251.6321901
21680.0	991549561.0324109
21690.0	1000742185.3041123
21700.0	983406363.8005989
21710.0	957639620.2629614
21720.0	967151051.3054537
21730.0	966127399.7596112
21740.0	973910874.0517355
21750.0	986032357.1848987
21760.0	943436583.0209241
21770.0	978439596.7775043
21780.0	961780926.8472605
21790.0	934612437.9758055
21800.0	974796195.0354358
21810.0	972036760.4555522
21820.0	970202259.3518934
21830.0	964203083.3236741
21840.0	963441747.0651251
21850.0	978519402.0266795
21860.0	970868569.4535944
21870.0	980298304.7764269
21880.0	968737411.11963
21890.0	978116914.0720376
21900.0	941871644.4537314
21910.0	987955892.0286813
21920.0	974262067.2072966
21930.0	947925481.4194214
21940.0	970818377.3725556
21950.0	985705200.7996689
21960.0	974481117.745176
21970.0	963837026.5399779
21980.0	988214823.8398176
21990.0	963501813.2548478
22000.0	979131679.8516997
22010.0	978687114.7261845
22020.0	965990784.6436933
22030.0	947140519.2323854
22040.0	952049377.8857996
22050.0	930216815.6194822
22060.0	798074893.3381408
22070.0	900477437.320126
22080.0	932847719.9237925
22090.0	824957430.8259714
22100.0	947467201.3376675
22110.0	943206840.4741507
22120.0	982359547.9751397
22130.0	963370746.2117053
22140.0	982249270.5445752
22150.0	972909390.6842996
22160.0	963299495.9311081
22170.0	957528847.2504683
22180.0	980293306.9030871
22190.0	956994594.8108293
22200.0	945659959.6189914
22210.0	948410060.2991564
22220.0	956890064.3828882
22230.0	973396097.4574499
22240.0	967013283.019252
22250.0	989973418.8388051
22260.0	984682020.7346599
22270.0	952887892.9924664
22280.0	946207380.520623
22290.0	938055247.0787537
22300.0	957192141.9086843
22310.0	982609331.434726
22320.0	962004396.1516099
22330.0	948603227.7530888
22340.0	964113298.6256245
22350.0	939188877.0910416
22360.0	942371109.8376361
22370.0	975827066.6337342
22380.0	965955962.4849402
22390.0	954804328.1560893
22400.0	974514249.8091223
22410.0	980233335.7038198
22420.0	951047803.5823903
22430.0	945770929.4628353
22440.0	952659811.7235273
22450.0	962032480.0317856
22460.0	973556066.6703801
22470.0	954516731.126253
22480.0	951198726.3973762
22490.0	978524895.1420665
22500.0	933602613.4601816
22510.0	976620299.1425952
22520.0	951136514.0040319
22530.0	960320406.9187056
22540.0	951546008.1079193
22550.0	937669210.6297827
22560.0	954305907.7843002
22570.0	969038015.0244704
22580.0	931951557.3138951
22590.0	947070097.4556402
22600.0	947192033.247889
22610.0	947461242.7413574
22620.0	941191965.9998531
22630.0	923830566.7318696
22640.0	938227379.6511414
22650.0	931866769.504258
22660.0	939974289.1926861
22670.0	945957046.3798902
22680.0	953940089.6417595
22690.0	946485396.3370934
22700.0	921648507.2781028
22710.0	943596476.7335566
22720.0	922596533.3642725
22730.0	946394303.1513276
22740.0	936636559.2204862
22750.0	944561099.336771
22760.0	940847540.6286285
22770.0	955039863.4758277
22780.0	946782799.8242872
22790.0	908956659.4908327
22800.0	924398981.5736518
22810.0	916947872.4511522
22820.0	945880144.764897
22830.0	921545301.8505564
22840.0	920320725.7950794
22850.0	926688089.7112606
22860.0	936174189.4837093
22870.0	939786131.1335166
22880.0	946491615.0116148
22890.0	920983930.0210955
22900.0	944640586.8673075
22910.0	939391329.4254354
22920.0	905994644.6932526
22930.0	900301170.0893883
22940.0	646995761.6302375
22950.0	754842893.5805436
22960.0	794377046.202163
22970.0	801628226.8798956
22980.0	809460546.3441607
22990.0	841880052.6083797
23000.0	868588581.592127
23010.0	791086264.1846303
23020.0	874500574.8726025
23030.0	838811617.9504428
23040.0	866656828.2514677
23050.0	839418566.4934229
23060.0	851424317.771656
23070.0	850521856.1013236
23080.0	844977264.3806344
23090.0	860892805.686343
23100.0	819458330.6619989
23110.0	827037392.3999366
23120.0	834517087.2633498
23130.0	880063772.0690696
23140.0	839924025.4172919
23150.0	795870277.7377814
23160.0	827915317.1700125
23170.0	875623051.3229239
23180.0	815412934.2367572
23190.0	863980548.6029183
23200.0	864562060.3762945
23210.0	807162318.8190303
23220.0	824669822.8030171
23230.0	628753488.8669959
23240.0	713886965.2849355
23250.0	738834363.7084323
23260.0	731749023.2445806
23270.0	768966025.9985961
23280.0	785217659.1534886
23290.0	776876482.517772
23300.0	754738727.3793491
23310.0	761195536.2342968
23320.0	783871319.0198841
23330.0	811518501.0333556
23340.0	761251824.9128941
23350.0	747518491.5078214
23360.0	751931467.474145
23370.0	752203716.153436
23380.0	746372837.1138744
23390.0	701264451.5514704
23400.0	750246210.2538295
23410.0	781482847.1854593
23420.0	803336729.833354
23430.0	803347715.666739
23440.0	738697355.2537261
23450.0	713035851.9862069
23460.0	832734008.5052309
23470.0	794650324.1622928
23480.0	790794550.2072011
23490.0	817426335.8583319
23500.0	770876647.5657288
23510.0	739231627.2924336
23520.0	726409613.4296093
23530.0	610980330.7816631
23540.0	637317644.5310676
23550.0	724708814.1826026
23560.0	680424191.6071578
23570.0	757684124.6934346
23580.0	716972220.35524
23590.0	663740526.2733988
23600.0	770406860.2884474
23610.0	697575441.3332474
23620.0	714255832.7389178
23630.0	707090066.5042334
23640.0	758800908.4487115
23650.0	754847562.5437621
23660.0	749399174.011397
23670.0	736719678.1728711
23680.0	699969724.0107367
23690.0	720899618.2429242
23700.0	757283239.7090037
23710.0	723913606.0368843
23720.0	768981352.3100706
23730.0	746786682.6264564
23740.0	725274348.083042
23750.0	748538649.1926144
23760.0	734620016.9686177
23770.0	704918867.8221693
23780.0	730785618.788904
23790.0	717237214.1254084
23800.0	752872459.877424
23810.0	685733357.6012572
23820.0	717472988.645305
23830.0	612642582.5930314
23840.0	607879491.8649716
23850.0	696773887.2413635
23860.0	646159325.3382127
23870.0	624988486.366734
23880.0	637141190.6077818
23890.0	654856613.3036474
23900.0	713669718.5025871
23910.0	699982773.9255952
23920.0	622818166.8501943
23930.0	643039562.6991225
23940.0	746463192.6670715
23950.0	645178873.7901604
23960.0	686212924.728087
23970.0	673996135.0525279
23980.0	637768273.4192264
23990.0	669848745.7885392
24000.0	665619561.1123887
24010.0	641204081.6190834
24020.0	659942746.5942287
24030.0	647234913.473391
24040.0	642853185.9715949
24050.0	653381255.9693192
24060.0	638403461.3439851
24070.0	625082720.7799029
24080.0	605256525.4796233
24090.0	617405977.4212356
24100.0	603732000.4692012
24110.0	639275021.0343951
24120.0	634551186.9544332
24130.0	623324140.6947014
24140.0	543558984.778274
24150.0	634900461.3309005
24160.0	604311709.17321
24170.0	563375664.1204481
24180.0	583613595.4593346
24190.0	666477881.0549368
24200.0	570007213.7173358
24210.0	635246940.8229231
24220.0	544786404.5940746
24230.0	603049824.9522349
24240.0	643267312.8634915
24250.0	587352284.4713788
24260.0	560561664.4088904
24270.0	578049526.7158449
24280.0	554920039.4978529
24290.0	613528403.8192613
24300.0	587831155.290901
24310.0	560750073.852582
24320.0	589899841.0035881
24330.0	597779040.1623638
24340.0	546462073.6142913
24350.0	559440232.9013698
24360.0	602337694.5204558
24370.0	485286734.0496849
24380.0	556724630.0455973
24390.0	622456128.981644
24400.0	558615603.0042659
24410.0	583175074.9128953
24420.0	547841529.7837319
24430.0	529542397.1871872
24440.0	511688943.7406573
24450.0	556226060.6997079
24460.0	561450814.0472021
24470.0	590813676.8113716
24480.0	481529655.927579
24490.0	533722625.9067747
24500.0	552581445.9280952
24510.0	572687383.0779928
24520.0	476328275.7597709
24530.0	498049194.2741024
24540.0	476098765.1977075
24550.0	488634977.0174889
24560.0	549732805.3659965
24570.0	557059048.876191
24580.0	554972413.1583492
24590.0	549147073.0932534
24600.0	513448554.2037985
24610.0	391486498.8580146
24620.0	538455633.2223997
24630.0	524245818.7201179
24640.0	568096342.4042625
24650.0	521893446.44157904
24660.0	512012987.7625348
24670.0	540358155.6159792
24680.0	427499921.55858433
24690.0	537537899.147577
24700.0	501048055.7898255
24710.0	500793940.04521215
24720.0	493721828.18729746
24730.0	506331954.0588007
24740.0	443722048.8263849
24750.0	448780994.10847723
24760.0	443394130.18238825
24770.0	545710694.2447981
24780.0	537637717.6565882
24790.0	431158582.33573735
24800.0	477779215.9338333
24810.0	468007722.3630221
24820.0	439070270.49550503
24830.0	461622360.0077027
24840.0	537144858.7740898
24850.0	543505315.9565822
24860.0	513369978.3497185
24870.0	432886006.2043
24880.0	443418446.84401345
24890.0	465790050.54873115
24900.0	438063024.9587743
24910.0	432715676.4828747
24920.0	458344955.020024
24930.0	479293756.88676494
24940.0	531399621.3047748
24950.0	484995436.37432635
24960.0	460831279.2892592
24970.0	502533652.9402377
24980.0	404263069.0240593
24990.0	463166785.0179579
