# Flux units: erg / (cm m2 s)
# Wavelength units: Angstrom
wave	flux
9000.0	374883588.94349223
9010.0	444747774.9053563
9020.0	367857607.5870676
9030.0	388528824.993348
9040.0	423272382.69557774
9050.0	470398153.83135194
9060.0	495585239.304977
9070.0	539270726.7272549
9080.0	588076819.5108845
9090.0	606715242.1533455
9100.0	631200345.7009349
9110.0	639116874.0283978
9120.0	687725649.8556676
9130.0	689865110.2065263
9140.0	743827918.8313842
9150.0	791612905.8191044
9160.0	811585042.9486443
9170.0	850031412.7318674
9180.0	841815562.679719
9190.0	910181813.1378669
9200.0	894530179.0187553
9210.0	572534995.3717202
9220.0	454484450.9722477
9230.0	347630430.088722
9240.0	337787475.68037593
9250.0	384354112.2768628
9260.0	428585002.14095044
9270.0	425898748.352112
9280.0	312008148.7190367
9290.0	299956712.09594995
9300.0	269823194.981432
9310.0	308051700.02092713
9320.0	297558637.5982562
9330.0	369576822.73199326
9340.0	350261216.0610065
9350.0	341413915.7703264
9360.0	366218522.1915787
9370.0	305421195.54444665
9380.0	383394945.8258108
9390.0	386653415.04103345
9400.0	430623888.9432627
9410.0	419461719.1469008
9420.0	411004208.3086219
9430.0	423153819.80257666
9440.0	381561804.9860878
9450.0	434595258.7642592
9460.0	451160298.3920261
9470.0	481639672.76230985
9480.0	488931519.20916635
9490.0	501907458.0760041
9500.0	472872874.71348923
9510.0	459302789.97748893
9520.0	451133703.7089994
9530.0	472023167.00198
9540.0	463501331.27743936
9550.0	444802850.19823766
9560.0	485934808.9746213
9570.0	439620104.52562976
9580.0	438780886.1070419
9590.0	402327885.70733964
9600.0	444714857.6414592
9610.0	408890541.0458366
9620.0	419016889.08232933
9630.0	450971402.29876584
9640.0	420514965.82171655
9650.0	458733465.1698874
9660.0	455773857.130141
9670.0	456154651.0208545
9680.0	499083372.7558805
9690.0	518922820.3286951
9700.0	550088606.3676491
9710.0	575804969.9061126
9720.0	515449481.2508501
9730.0	430710762.3940603
9740.0	440266616.1650075
9750.0	474062222.2376342
9760.0	517987068.304018
9770.0	552059826.5396477
9780.0	588525170.7389439
9790.0	599403931.969758
9800.0	648846484.2024627
9810.0	538464151.6089685
9820.0	546760716.7356373
9830.0	555857282.4531469
9840.0	595630450.9262124
9850.0	649839609.330292
9860.0	726069672.360334
9870.0	731784735.6702775
9880.0	771441364.4538488
9890.0	825621519.5494354
9900.0	649099132.6291914
9910.0	629844912.930866
9920.0	610755783.5713556
9930.0	693360807.3717065
9940.0	741432512.229977
9950.0	846522630.5562345
9960.0	815079912.6285118
9970.0	862081477.0806067
9980.0	865917560.844767
9990.0	761401780.5756468
10000.0	821150789.6886784
10010.0	827073741.4177439
10020.0	869370389.3002439
10030.0	874239504.175187
10040.0	744539764.8645526
10050.0	786155563.6856447
10060.0	776043854.2903585
10070.0	823516107.7305328
10080.0	889891741.4317441
10090.0	856757095.1060593
10100.0	926766715.8813437
10110.0	927840137.8529252
10120.0	971088902.5195833
10130.0	994859844.9295981
10140.0	973695648.5500458
10150.0	851540404.1852518
10160.0	868234238.2187784
10170.0	872020110.3738575
10180.0	931938655.1208954
10190.0	920946954.9849427
10200.0	928786037.0503947
10210.0	975293801.054155
10220.0	958462763.3412956
10230.0	972836635.4976318
10240.0	1032212579.5927052
10250.0	1017005948.9392676
10260.0	912007001.4497855
10270.0	897106418.2872773
10280.0	927233058.2165099
10290.0	946113362.656062
10300.0	975200589.1219298
10310.0	1034727942.7193452
10320.0	1059313454.0976857
10330.0	1019770165.3006892
10340.0	1095977623.1904116
10350.0	1003625382.8744433
10360.0	1120476042.8680491
10370.0	1124129699.8084898
10380.0	1067468981.8129904
10390.0	1098481034.5219865
10400.0	1110649475.5603852
10410.0	1177833422.4851503
10420.0	1119563106.5637534
10430.0	1053445667.58522
10440.0	1148599926.8828492
10450.0	1147401751.8118548
10460.0	1034813816.123441
10470.0	935887070.7872167
10480.0	749991217.9178838
10490.0	798438205.7528706
10500.0	792567070.3508487
10510.0	764672535.3657646
10520.0	760603899.9304179
10530.0	591717373.3660065
10540.0	669886282.1812803
10550.0	576162971.2257996
10560.0	584225922.9979433
10570.0	570901494.5031252
10580.0	554632240.0475636
10590.0	513712114.37585855
10600.0	588963654.4614433
10610.0	604477895.256573
10620.0	657098620.7333078
10630.0	694695745.5105802
10640.0	730975578.2527162
10650.0	729286046.1344007
10660.0	781049758.3178997
10670.0	777708508.3749025
10680.0	829898564.7289178
10690.0	892122786.7281524
10700.0	953185785.3645473
10710.0	935132840.3875129
10720.0	1009072165.5442177
10730.0	1019087864.5851096
10740.0	1054886638.0862421
10750.0	1066190167.0597589
10760.0	1081342144.792778
10770.0	1131687651.3033385
10780.0	1161462615.450635
10790.0	1160231047.9794793
10800.0	1181527115.3510118
10810.0	1186987200.9914641
10820.0	1230351856.7120435
10830.0	1284647195.9145336
10840.0	1317545215.0767932
10850.0	1287918230.8990471
10860.0	1242164639.509811
10870.0	1276870693.8682191
10880.0	1280687742.2845263
10890.0	1241112096.6124587
10900.0	1244289446.4024038
10910.0	1255075559.2234726
10920.0	1253750450.1591215
10930.0	1229665095.9921813
10940.0	1244009881.6634052
10950.0	1196027584.3756852
10960.0	1110118027.1385138
10970.0	1190389395.052083
10980.0	1171665585.2500691
10990.0	1156717810.781381
11000.0	1161215175.9628906
11010.0	1183308444.0989609
11020.0	1207727042.5963097
11030.0	1076001020.3067033
11040.0	839729414.6797373
11050.0	870039882.4233521
11060.0	867779092.663145
11070.0	930036130.9202123
11080.0	909656756.6214854
11090.0	995521907.0853658
11100.0	934745861.9495537
11110.0	851672536.9121618
11120.0	1039615593.1775959
11130.0	985700271.4366604
11140.0	1049699580.2691349
11150.0	1014228919.8394167
11160.0	995529187.3487135
11170.0	881026186.0722928
11180.0	1011701684.27174
11190.0	952347359.2596291
11200.0	906446495.863452
11210.0	1004875886.1465166
11220.0	1009798345.0908353
11230.0	1062993699.2302407
11240.0	1050129587.76469
11250.0	1092204589.1494725
11260.0	1074070148.0620818
11270.0	1132869770.212306
11280.0	1092541514.6718326
11290.0	1131892607.272802
11300.0	1048050068.4691426
11310.0	1078933193.6480517
11320.0	1072901148.646231
11330.0	1088982720.9430146
11340.0	969052919.3938335
11350.0	865271613.3475267
11360.0	1067626428.3035632
11370.0	1018879464.0897831
11380.0	988458048.4477339
11390.0	1026067270.4637872
11400.0	1087701411.3089705
11410.0	936287178.4362553
11420.0	1088680457.2549021
11430.0	1052258622.8013437
11440.0	940248604.5846356
11450.0	1059953336.848467
11460.0	1085476577.906955
11470.0	1129454808.0329702
11480.0	1076067432.6287224
11490.0	1174141048.654204
11500.0	1131493806.1400213
11510.0	1125746293.7816231
11520.0	1086446066.7415562
11530.0	1077014953.2855678
11540.0	1061389792.708989
11550.0	1141539177.15597
11560.0	1118907799.0687037
11570.0	1080454405.509458
11580.0	1096010011.4312317
11590.0	1170057529.8517754
11600.0	1057012588.5082387
11610.0	1095644962.9371495
11620.0	1092120286.6669178
11630.0	1188566102.2503643
11640.0	1091624281.9376547
11650.0	1181016675.295106
11660.0	1079418739.5091326
11670.0	1135434607.057754
11680.0	1113100661.583166
11690.0	916108818.7268566
11700.0	1043267691.7510225
11710.0	1055650854.9524001
11720.0	1043989128.6057189
11730.0	1088244775.7557533
11740.0	901243371.8125956
11750.0	947369229.1600609
11760.0	901652111.7741911
11770.0	839829950.7010967
11780.0	784145123.8275734
11790.0	886091083.9823601
11800.0	828237621.9172829
11810.0	910177700.2759448
11820.0	826465309.5412639
11830.0	842168064.0858186
11840.0	839391937.3313718
11850.0	801235188.3579099
11860.0	848078278.7708714
11870.0	896159651.5486706
11880.0	811959416.0633943
11890.0	808350696.4995446
11900.0	858056089.639087
11910.0	849116738.0921898
11920.0	863882959.5437963
11930.0	931716521.8078829
11940.0	873965653.3397403
11950.0	907739662.2738647
11960.0	931730976.0267321
11970.0	935122121.7320889
11980.0	921125195.8726128
11990.0	970921545.0006531
12000.0	963015483.0595648
12010.0	1011370286.828928
12020.0	1017010594.7350756
12030.0	993816463.4116449
12040.0	1053895730.1384753
12050.0	1062992003.2451959
12060.0	1129287809.3145726
12070.0	1053506881.5119007
12080.0	1079704707.8148515
12090.0	1089223468.0430183
12100.0	1179555315.9129837
12110.0	1117949987.4976208
12120.0	1123619838.8764734
12130.0	1111035333.0550275
12140.0	1214681534.1392708
12150.0	1222485692.3497436
12160.0	1201395951.3031173
12170.0	1183487155.0268602
12180.0	1253175964.839146
12190.0	1240370416.6964474
12200.0	1266767369.4650505
12210.0	1241787617.8493047
12220.0	1230628993.4997005
12230.0	1256246706.2489507
12240.0	1268187146.6091216
12250.0	1300473184.7969701
12260.0	1279779107.326568
12270.0	1309411684.6957452
12280.0	1292016550.6791751
12290.0	1338015485.902041
12300.0	1292291155.3752956
12310.0	1333301324.1851008
12320.0	1285762526.7004237
12330.0	1323362323.168859
12340.0	1325005563.480955
12350.0	1326685666.2251806
12360.0	1344487905.722467
12370.0	1338062128.4818335
12380.0	1360534231.3307004
12390.0	1338683339.1290233
12400.0	1367316167.4195719
12410.0	1191895619.3617857
12420.0	1179440102.5268183
12430.0	1201081488.8398216
12440.0	1153822361.0229213
12450.0	1274653110.7460706
12460.0	1234086040.1361566
12470.0	1278423827.9255366
12480.0	1244750193.707249
12490.0	1280816133.5714781
12500.0	1300503647.6295114
12510.0	1317592599.682239
12520.0	1299120067.1329203
12530.0	1248924038.9102442
12540.0	1323100420.1743166
12550.0	1252082739.4280994
12560.0	1265003906.690351
12570.0	1213022197.069746
12580.0	1230386485.2401774
12590.0	1234672520.347968
12600.0	1245785228.3537216
12610.0	1283478358.1843898
12620.0	1273729701.3468125
12630.0	1290418111.2396684
12640.0	1228046115.0750887
12650.0	1300964447.58989
12660.0	1282827128.8029735
12670.0	1315561165.9270716
12680.0	1297277918.6576638
12690.0	1331687531.3742745
12700.0	1250651136.5680468
12710.0	1267205546.4927416
12720.0	1311022391.5466728
12730.0	1296811885.7155235
12740.0	1298956009.5236022
12750.0	1281330250.9882946
12760.0	1321996219.4017248
12770.0	1343731179.0948763
12780.0	1340065170.2343516
12790.0	1328884598.1748765
12800.0	1315305210.4706655
12810.0	1346717628.721066
12820.0	1395789937.722979
12830.0	1280837331.0400064
12840.0	1322256738.209902
12850.0	1335862676.9323459
12860.0	1294733544.5295243
12870.0	1343243255.1842864
12880.0	1320791284.8028579
12890.0	1338824380.6736698
12900.0	1335586865.508219
12910.0	1341446868.984851
12920.0	1321630409.4711218
12930.0	1361127052.3616421
12940.0	1414469399.1699877
12950.0	1357451696.2963462
12960.0	1371260689.7036827
12970.0	1343674228.785449
12980.0	1371386010.3261695
12990.0	1351049945.7399662
13000.0	1365183104.742193
13010.0	1353321464.210927
13020.0	1380582734.1996245
13030.0	1360774501.6147764
13040.0	1382099376.1724005
13050.0	1377821618.3625898
13060.0	1388992088.333301
13070.0	1302744445.8361504
13080.0	1348070638.3547804
13090.0	1302315844.8687422
13100.0	1283556342.302965
13110.0	1350342313.6287477
13120.0	1315929777.1875372
13130.0	1288863738.029216
13140.0	1296258684.0919976
13150.0	1281998073.577779
13160.0	1281630637.808244
13170.0	1288693520.425841
13180.0	1251434273.4283066
13190.0	1268903319.9830883
13200.0	1271489138.342932
13210.0	1283587974.0249248
13220.0	1217780620.7635522
13230.0	1250182561.8317745
13240.0	1230246874.5495307
13250.0	1124486781.4589343
13260.0	1235504807.498728
13270.0	1130208814.8581526
13280.0	1138512225.4723284
13290.0	1136183332.3211608
13300.0	1059868185.2951714
13310.0	971005469.7329891
13320.0	850909727.4518172
13330.0	860140937.2625204
13340.0	830941255.0469149
13350.0	528284363.62853765
13360.0	690386327.0567768
13370.0	572618368.7587805
13380.0	705666466.258385
13390.0	633238204.4944559
13400.0	800601155.5385807
13410.0	659973665.7570869
13420.0	540250222.8922267
13430.0	489383362.7751837
13440.0	662224706.3735583
13450.0	564985884.7679993
13460.0	668343813.5877355
13470.0	546996486.1067574
13480.0	544738371.8690485
13490.0	726592128.3787537
13500.0	569841044.1413465
13510.0	527804604.14666253
13520.0	573018641.4423221
13530.0	567808306.1240098
13540.0	518374774.9422788
13550.0	527728931.9483986
13560.0	605399022.5898963
13570.0	543214458.5977517
13580.0	465363760.89002955
13590.0	515814256.14022595
13600.0	524874970.122091
13610.0	527578442.0979361
13620.0	420568517.0006063
13630.0	540416835.4037466
13640.0	512783289.38450474
13650.0	484207593.20097715
13660.0	540538487.7307612
13670.0	485651165.2985571
13680.0	476534298.44004583
13690.0	474583235.13274574
13700.0	472144423.0617755
13710.0	417161445.81164616
13720.0	459083494.77532494
13730.0	457970541.99488163
13740.0	396629502.17806786
13750.0	472381054.1868164
13760.0	480414028.9365606
13770.0	466337067.0470896
13780.0	523061687.37398547
13790.0	467105778.82584745
13800.0	509444332.2147149
13810.0	499252869.65510976
13820.0	549095932.6508507
13830.0	475455218.12375927
13840.0	510937770.98686904
13850.0	552025229.7780285
13860.0	495681068.5502217
13870.0	509159424.2728014
13880.0	486202538.81613564
13890.0	578906942.9469469
13900.0	456801714.7755527
13910.0	429904641.7176216
13920.0	475367015.23103935
13930.0	435553221.6160189
13940.0	454498874.3179088
13950.0	467115188.3773011
13960.0	506763088.12935835
13970.0	461709478.1769876
13980.0	410211599.6058088
13990.0	451217808.40379024
14000.0	427338574.9445757
14010.0	382439280.8823539
14020.0	493472870.38630944
14030.0	460719223.5992199
14040.0	425989033.91044223
14050.0	443419818.62812644
14060.0	468352680.5541223
14070.0	381516317.8254566
14080.0	418785185.00771993
14090.0	393397643.54280806
14100.0	394433994.5913859
14110.0	398731465.88722485
14120.0	385187444.52547204
14130.0	454668677.09214985
14140.0	409906442.8278586
14150.0	326695924.89426124
14160.0	410771264.81348974
14170.0	340887196.4247118
14180.0	334341717.1787327
14190.0	357763355.9989181
14200.0	427371309.18831533
14210.0	386014820.1923613
14220.0	344061782.4615245
14230.0	383613681.1087755
14240.0	370921566.70069396
14250.0	343845192.20160705
14260.0	332965627.2513805
14270.0	365879866.64002776
14280.0	355744900.5252816
14290.0	280263970.3599728
14300.0	436290465.3914159
14310.0	416315063.51991594
14320.0	325378974.30191904
14330.0	355989917.42839986
14340.0	314664766.9159396
14350.0	408440088.1750161
14360.0	369066510.3370208
14370.0	350417673.15729624
14380.0	388954018.0384573
14390.0	386994884.2174117
14400.0	391734465.4437739
14410.0	348041684.10055006
14420.0	368595430.14330804
14430.0	431922451.0108907
14440.0	406235189.74046135
14450.0	373307642.4481499
14460.0	401533452.1694919
14470.0	352015441.8967068
14480.0	392028203.586816
14490.0	477201765.85433215
14500.0	384397017.8894784
14510.0	365946158.7870474
14520.0	477475252.51058954
14530.0	416469499.0655436
14540.0	373726316.2322331
14550.0	502601422.0298525
14560.0	387709538.3712317
14570.0	418363875.058997
14580.0	431023912.27902883
14590.0	440072753.95555276
14600.0	432561455.4192785
14610.0	400925482.0609674
14620.0	417047908.49160844
14630.0	350568101.07826155
14640.0	443195372.32753813
14650.0	415595582.6111618
14660.0	447513644.1428192
14670.0	421105403.6308206
14680.0	367914768.3855839
14690.0	359515597.28975195
14700.0	379877512.779638
14710.0	410696557.5030872
14720.0	395740505.66894287
14730.0	427270044.70001096
14740.0	386148764.47444576
14750.0	387506250.31478536
14760.0	396228185.4273271
14770.0	408712371.54943556
14780.0	397331380.93385327
14790.0	487034444.0743764
14800.0	364367369.1341005
14810.0	431126227.0959297
14820.0	363589889.2257482
14830.0	414832177.5002112
14840.0	480244052.66821533
14850.0	393644179.6967326
14860.0	418567028.81381804
14870.0	466461490.44320714
14880.0	422196380.4785241
14890.0	435655478.233274
14900.0	402267253.8760358
14910.0	467977299.3818345
14920.0	422263867.157585
14930.0	419641227.2159176
14940.0	384840475.9829568
14950.0	453367358.47894907
14960.0	440564125.2201988
14970.0	462535457.64487445
14980.0	463285889.3950442
14990.0	481094571.0429876
15000.0	422330763.9786925
15010.0	444005238.34864235
15020.0	379594921.6965649
15030.0	526608709.3719888
15040.0	424810891.663509
15050.0	461289218.48633015
15060.0	448741158.18944067
15070.0	504277711.9010565
15080.0	427776622.6725866
15090.0	491246907.26980716
15100.0	458041803.71755916
15110.0	476291110.04876107
15120.0	508152797.413592
15130.0	438282505.4969982
15140.0	481116350.47146535
15150.0	543450756.0404667
15160.0	505028748.4602291
15170.0	469666184.79164
15180.0	492052569.7682301
15190.0	474148717.5011843
15200.0	475222152.4456358
15210.0	539846900.1930704
15220.0	520388151.2521885
15230.0	537831297.8573022
15240.0	507778862.8063686
15250.0	454116021.16896355
15260.0	469406458.2551839
15270.0	495014070.2584747
15280.0	517450885.43629
15290.0	531227064.91295284
15300.0	578607861.2783562
15310.0	512671734.6469888
15320.0	436242216.07112575
15330.0	495229273.54351777
15340.0	574275899.2034285
15350.0	522721735.2710589
15360.0	537205209.8028253
15370.0	496440403.70894545
15380.0	518598037.1904058
15390.0	569819452.3042611
15400.0	518349980.99863255
15410.0	494938069.4500568
15420.0	565446938.8081378
15430.0	536407802.6068514
15440.0	513570868.55366147
15450.0	558510719.3227112
15460.0	612167326.7365471
15470.0	545595817.4072008
15480.0	538272879.7165692
15490.0	568232157.8600953
15500.0	593593742.3079534
15510.0	526899855.9732098
15520.0	580390446.5752261
15530.0	605745679.3905723
15540.0	597469467.6234754
15550.0	569049085.258472
15560.0	575152535.9301546
15570.0	567894421.8384314
15580.0	514804948.96309304
15590.0	557511832.421642
15600.0	591928221.1447853
15610.0	598207435.0346253
15620.0	615033337.6079963
15630.0	624189463.0122327
15640.0	621464979.0151249
15650.0	577842733.2831818
15660.0	533505999.6616226
15670.0	647044516.3292437
15680.0	677562261.3902462
15690.0	629766699.1623753
15700.0	602609438.8821396
15710.0	633843982.4688647
15720.0	624947034.4868834
15730.0	629291348.0962348
15740.0	665538872.5500855
15750.0	657663361.6603165
15760.0	636331598.1521257
15770.0	661394507.5176831
15780.0	640241169.6135846
15790.0	650869723.8357439
15800.0	640256970.7928087
15810.0	664633091.1222486
15820.0	657751554.2730634
15830.0	693707435.7852015
15840.0	654999232.9803482
15850.0	653849431.7811102
15860.0	720342814.197332
15870.0	693449497.9836283
15880.0	693170365.9633232
15890.0	702521896.5324463
15900.0	642673125.4235351
15910.0	717472360.5029587
15920.0	681366252.3048265
15930.0	686951104.3791947
15940.0	723378373.7689674
15950.0	731280478.4444065
15960.0	735196103.4336666
15970.0	713868960.5337459
15980.0	711985746.7615999
15990.0	718602519.4079094
16000.0	736455026.5273126
16010.0	753853530.9895865
16020.0	689161421.9898947
16030.0	777806001.5071459
16040.0	725394350.8681223
16050.0	737355895.5850868
16060.0	729050359.010799
16070.0	749645357.1008576
16080.0	766212160.7799878
16090.0	756438482.3543582
16100.0	760044470.2520229
16110.0	732448005.2333208
16120.0	764210785.4811779
16130.0	769683432.3902924
16140.0	758269785.719663
16150.0	767687728.2919694
16160.0	774939073.2511612
16170.0	817941640.9626437
16180.0	814738700.8932432
16190.0	744716810.6808507
16200.0	772420956.4576272
16210.0	746920513.5364792
16220.0	816721046.8304806
16230.0	802281332.6092182
16240.0	816092045.9207996
16250.0	790483191.1833657
16260.0	775362988.7900435
16270.0	823277811.5426433
16280.0	822566563.5405809
16290.0	805059462.8973633
16300.0	816601417.8736236
16310.0	791712990.6794765
16320.0	802302630.340525
16330.0	831466272.2120614
16340.0	842158656.0699549
16350.0	806327911.4337804
16360.0	824156460.9881734
16370.0	834252381.2928429
16380.0	867761983.7941033
16390.0	839853060.9162066
16400.0	830905521.9638228
16410.0	840685531.0297332
16420.0	827555116.8094729
16430.0	836186702.3560729
16440.0	857976054.5449865
16450.0	851481181.0602214
16460.0	860220533.1943233
16470.0	862354708.3296814
16480.0	878212946.9945458
16490.0	867407254.6333712
16500.0	852408501.3428681
16510.0	843787691.8555683
16520.0	866063223.0855826
16530.0	856355998.7159581
16540.0	857281296.8068483
16550.0	864075105.2269378
16560.0	898895799.1643295
16570.0	899064753.7643943
16580.0	882650096.8947217
16590.0	864248676.3397897
16600.0	851422972.5820996
16610.0	854465627.489904
16620.0	852097884.0839077
16630.0	907721646.5486256
16640.0	902183072.851725
16650.0	906159033.2584165
16660.0	913820043.3036672
16670.0	875973886.7310327
16680.0	886197177.4548562
16690.0	892455300.5472834
16700.0	895962344.3962015
16710.0	918201254.6892434
16720.0	878026764.2504123
16730.0	894682365.1244632
16740.0	914250207.8162069
16750.0	930267998.7556056
16760.0	933634963.7980586
16770.0	888836757.2190576
16780.0	916401220.4923813
16790.0	932101310.1518743
16800.0	905704740.9791634
16810.0	936059396.0250593
16820.0	935610208.8950685
16830.0	914114574.6304357
16840.0	900771856.515388
16850.0	927815719.2086692
16860.0	915309620.8487037
16870.0	878831901.4043058
16880.0	889817370.6216426
16890.0	860982300.1519796
16900.0	914067473.6542896
16910.0	921326008.0302265
16920.0	853727699.3236966
16930.0	902151352.1916637
16940.0	891812546.8457288
16950.0	881580552.3163081
16960.0	877993141.9814099
16970.0	849124169.2789149
16980.0	837610609.3429997
16990.0	863853063.423462
17000.0	832882533.9119433
17010.0	854945705.8644645
17020.0	881522832.0870892
17030.0	862965703.443527
17040.0	806600116.6910677
17050.0	818006398.037967
17060.0	861143317.2998126
17070.0	812116882.584999
17080.0	780994296.5150653
17090.0	761958324.1852509
17100.0	841373861.0566974
17110.0	748860921.147386
17120.0	743082152.0407022
17130.0	800738192.0272547
17140.0	715781899.1951072
17150.0	753560375.9590178
17160.0	722907887.353266
17170.0	726083629.172267
17180.0	661416062.1041567
17190.0	651486730.0740646
17200.0	691682112.0832874
17210.0	693974099.8278615
17220.0	776908047.9266015
17230.0	679877204.2339056
17240.0	644191859.5553066
17250.0	737579332.1421279
17260.0	738163197.0557741
17270.0	567564532.9094414
17280.0	750070449.1333915
17290.0	687366041.3165603
17300.0	670078352.7836637
17310.0	735599647.8487419
17320.0	595415203.8069183
17330.0	698971356.3454547
17340.0	633910649.2063568
17350.0	571546462.8697362
17360.0	681014184.5179449
17370.0	598996600.6447071
17380.0	679143459.9670571
17390.0	673843985.3656838
17400.0	616542114.97609
17410.0	632506463.256866
17420.0	707859142.5203713
17430.0	599872989.7730498
17440.0	607021619.4660882
17450.0	612131599.7659792
17460.0	650444919.6780032
17470.0	580097419.7513791
17480.0	580854989.1337667
17490.0	651024160.7823862
17500.0	581721040.6332134
17510.0	564601217.7442647
17520.0	584240823.3541527
17530.0	680574732.8430293
17540.0	563606706.9764735
17550.0	611576844.3563102
17560.0	489007103.04241663
17570.0	561740292.5119226
17580.0	540708714.9928057
17590.0	537094222.9996555
17600.0	650331663.3417437
17610.0	504591513.87598413
17620.0	548283134.2839065
17630.0	479922594.53843296
17640.0	596878861.9935094
17650.0	582198120.8199267
17660.0	605490476.1797796
17670.0	536442823.51148504
17680.0	459690316.7481468
17690.0	493375497.6231914
17700.0	584848642.6869894
17710.0	550395787.9135687
17720.0	470145104.055108
17730.0	440815507.5227082
17740.0	542623879.4970162
17750.0	451417581.6386035
17760.0	489895217.0319085
17770.0	458497453.83075255
17780.0	481239826.9165038
17790.0	491654797.3418726
17800.0	438074546.03147036
17810.0	473717095.37544817
17820.0	467576661.76090103
17830.0	440284293.28396106
17840.0	556638043.5484109
17850.0	464186205.8205131
17860.0	428689965.8899589
17870.0	373695330.57598203
17880.0	468356815.1538751
17890.0	439841196.06714094
17900.0	476426353.2914399
17910.0	438999363.8353569
17920.0	405005964.17482376
17930.0	406138125.1085163
17940.0	445427401.35725516
17950.0	390893190.73978436
17960.0	412674223.12398005
17970.0	490482133.9005824
17980.0	435382882.3034447
17990.0	445698283.5975615
18000.0	352932913.1453296
18010.0	364828515.26481014
18020.0	384395174.71651167
18030.0	372366688.91325724
18040.0	437037409.4680351
18050.0	434729201.5051083
18060.0	356976036.2441646
18070.0	388687003.1277084
18080.0	392142763.87810737
18090.0	337668249.2862649
18100.0	416434639.4751476
18110.0	323714597.6213151
18120.0	415290092.9644748
18130.0	330380662.16735613
18140.0	452978844.8193254
18150.0	452602581.5470194
18160.0	420395547.0628286
18170.0	384860389.26255316
18180.0	369776188.6600616
18190.0	372377381.47372067
18200.0	355104642.1327943
18210.0	374151564.62226284
18220.0	300217827.37555635
18230.0	403621744.56024057
18240.0	468011968.5398972
18250.0	356150591.46861804
18260.0	322355305.56029916
18270.0	403926848.92813784
18280.0	359584570.74903286
18290.0	379756192.7369176
18300.0	395480998.1581648
18310.0	377857827.39538807
18320.0	377163916.19158036
18330.0	292701033.8421561
18340.0	380588556.8646988
18350.0	346130712.7518006
18360.0	371196594.6859358
18370.0	403745330.73045844
18380.0	334872316.1030286
18390.0	354927192.4711794
18400.0	320738429.6438813
18410.0	411048055.03994685
18420.0	304974934.81416726
18430.0	329881220.00335985
18440.0	332885370.5335893
18450.0	317439837.2096873
18460.0	322932890.6044963
18470.0	286356386.48833865
18480.0	289837222.1874137
18490.0	301169326.3306592
18500.0	277316982.8637889
18510.0	348417981.27784175
18520.0	392036540.054647
18530.0	321594028.5359452
18540.0	308950191.0024102
18550.0	334482796.8480096
18560.0	328983891.01210326
18570.0	267923372.03701568
18580.0	236900761.16887593
18590.0	251319902.59057805
18600.0	260285912.46918553
18610.0	251395627.10560405
18620.0	318466010.2286597
18630.0	288403331.8046348
18640.0	315492118.054395
18650.0	246518942.5321219
18660.0	338277693.4781479
18670.0	317554857.20292366
18680.0	274087255.30643505
18690.0	315079154.89336
18700.0	332254187.6481494
18710.0	307493912.3599829
18720.0	340645837.8690913
18730.0	257991989.20560664
18740.0	319190226.5604714
18750.0	302201534.70771104
18760.0	318326212.19034165
18770.0	299910711.2942725
18780.0	275238595.56969994
18790.0	258047952.99494
18800.0	295784816.1231763
18810.0	326226643.17709494
18820.0	340481866.2676722
18830.0	374986619.3363526
18840.0	380644379.6927042
18850.0	290486105.2605002
18860.0	339276321.7653617
18870.0	311591494.5984232
18880.0	380843343.6376628
18890.0	308389661.9048533
18900.0	358535669.28707236
18910.0	339082460.9517039
18920.0	244139356.27330187
18930.0	267300014.80118814
18940.0	313705447.2420357
18950.0	326190833.8390212
18960.0	303576309.2891219
18970.0	377470185.3958448
18980.0	288377236.27101994
18990.0	323131677.5508465
19000.0	402003380.37233204
19010.0	302769034.6002855
19020.0	384465640.8232446
19030.0	320364258.5654726
19040.0	317282363.5973847
19050.0	334386819.11603934
19060.0	347514579.13449
19070.0	327636159.7000445
19080.0	368782727.5377811
19090.0	342758093.0010332
19100.0	342412536.6120064
19110.0	270825720.49844474
19120.0	311508268.61263144
19130.0	358591193.47361
19140.0	382791593.8167497
19150.0	372935485.2431087
19160.0	304999544.77439433
19170.0	298993039.737323
19180.0	302987997.0761467
19190.0	370820703.6876306
19200.0	348232712.98888963
19210.0	323146415.65474164
19220.0	335775752.86588085
19230.0	355728113.5360773
19240.0	305805640.8110372
19250.0	360472784.8856025
19260.0	319981611.05778074
19270.0	276927992.3103352
19280.0	381431471.5425811
19290.0	328207950.40794134
19300.0	309056544.58957833
19310.0	271067319.8608296
19320.0	344110107.5045052
19330.0	333408689.2653859
19340.0	310921269.543493
19350.0	341613501.9455112
19360.0	359957790.60352516
19370.0	350770659.69741344
19380.0	336557793.9577268
19390.0	277867881.2307117
19400.0	314136325.6406298
19410.0	318751621.15663564
19420.0	356929832.52097005
19430.0	316809462.868964
19440.0	325677667.1998795
19450.0	328331258.3235188
19460.0	320374978.0541718
19470.0	355580976.44096684
19480.0	311354389.6513853
19490.0	313369321.6077748
19500.0	361163188.20245814
19510.0	356110518.77766293
19520.0	318021383.843258
19530.0	270986976.03788024
19540.0	346714208.04475474
19550.0	340405413.8030572
19560.0	261802408.6203398
19570.0	314041498.5517143
19580.0	348368944.9825533
19590.0	405584154.1083107
19600.0	322612218.28549093
19610.0	296527433.4247826
19620.0	332416341.9461341
19630.0	352868622.8064816
19640.0	327756493.1562606
19650.0	294378551.6997849
19660.0	325661620.67126185
19670.0	353356159.1119029
19680.0	281972030.78327864
19690.0	334581016.6346345
19700.0	369872529.3449619
19710.0	306479410.62949455
19720.0	362912767.5894375
19730.0	314244282.2374226
19740.0	313822731.7802417
19750.0	378969092.12983835
19760.0	238100046.4966755
19770.0	336465919.436716
19780.0	324559895.1520235
19790.0	361846992.70924735
19800.0	288285229.75031847
19810.0	320017716.8273903
19820.0	291032365.573469
19830.0	319470702.23692703
19840.0	320786187.0443392
19850.0	301351944.7952677
19860.0	297317708.69285876
19870.0	322685001.4270883
19880.0	286499568.96414673
19890.0	334469875.3735788
19900.0	275019675.9242135
19910.0	276617650.2674948
19920.0	286140639.9266938
19930.0	337633979.1918855
19940.0	351749564.4349775
19950.0	298747850.99255973
19960.0	320645716.5080804
19970.0	307874837.3198224
19980.0	279545870.8139103
19990.0	314201231.2845161
20000.0	271428367.1454646
20010.0	286096000.923032
20020.0	297791146.9520894
20030.0	310134781.1827984
20040.0	304179289.78777254
20050.0	302195345.40576077
20060.0	283739312.4067618
20070.0	291558882.25511
20080.0	384845688.7163925
20090.0	270441565.7648715
20100.0	306920440.0912717
20110.0	267847410.86024716
20120.0	329300997.06126904
20130.0	296395954.9946839
20140.0	323336840.2778702
20150.0	308273345.1293512
20160.0	280791512.0021847
20170.0	275916882.92265844
20180.0	317787458.8400622
20190.0	293952892.90708905
20200.0	252136081.37240693
20210.0	339776099.4993558
20220.0	297993296.3189128
20230.0	309065780.92887217
20240.0	350877423.23162216
20250.0	315367243.03874636
20260.0	291152940.3376344
20270.0	291312348.2948734
20280.0	323509931.72847325
20290.0	246429714.20197117
20300.0	350856046.8062946
20310.0	276894898.4084197
20320.0	352572860.21529853
20330.0	307621345.0377038
20340.0	300827932.8436051
20350.0	328758387.3750541
20360.0	249955989.51071566
20370.0	340034304.6876323
20380.0	331657883.5986469
20390.0	301919412.2450947
20400.0	275918037.6078565
20410.0	271249394.03724384
20420.0	325878339.4228995
20430.0	374926076.47850186
20440.0	269909288.0685293
20450.0	276103213.29627824
20460.0	321386839.48512524
20470.0	351125414.8260259
20480.0	337504747.292882
20490.0	271014989.5270303
20500.0	290277691.936349
20510.0	347187447.91020405
20520.0	296765848.73415315
20530.0	350715197.05902386
20540.0	280435045.7978353
20550.0	307483459.1559539
20560.0	301458759.55293894
20570.0	337207014.3358713
20580.0	348675371.06742066
20590.0	334922570.1668643
20600.0	353219677.4639136
20610.0	284703657.3978763
20620.0	318218743.95257485
20630.0	318750007.6396988
20640.0	270174647.71951056
20650.0	308678287.67382455
20660.0	308356613.69548696
20670.0	375633565.8629816
20680.0	318691762.02846414
20690.0	300877004.57087153
20700.0	369160957.88840544
20710.0	336640685.2729486
20720.0	300779350.5004035
20730.0	327110956.4417079
20740.0	311846592.301396
20750.0	323087304.80721647
20760.0	338261063.1823273
20770.0	333257366.20073646
20780.0	358254043.96389765
20790.0	327925655.6963482
20800.0	320796834.35954314
20810.0	340094804.138767
20820.0	333117687.7327319
20830.0	343891697.4202451
20840.0	330599510.2442317
20850.0	340258533.10614216
20860.0	347681668.07402164
20870.0	315015335.636079
20880.0	353449087.4396425
20890.0	336025280.26670235
20900.0	319802249.9466636
20910.0	387043341.2609512
20920.0	329690777.2019627
20930.0	377733341.6809074
20940.0	324616025.1033549
20950.0	358993755.9384815
20960.0	339734100.7235747
20970.0	330236717.64660203
20980.0	378913976.89495575
20990.0	350847648.11203533
21000.0	356081836.0103814
21010.0	377236962.8584866
21020.0	350201051.60620093
21030.0	351338279.8075175
21040.0	361894165.8234193
21050.0	344566238.25472695
21060.0	371445487.2670034
21070.0	362863781.49824965
21080.0	355630113.2724492
21090.0	337802562.22208256
21100.0	378735341.06143016
21110.0	388514568.61672664
21120.0	349565049.59835535
21130.0	366203948.7347282
21140.0	395213794.57642096
21150.0	379810056.50680584
21160.0	390837185.3585393
21170.0	365770460.9883036
21180.0	358980652.1084303
21190.0	362003614.7262984
21200.0	380796986.94903004
21210.0	383308517.7993544
21220.0	385843933.8722091
21230.0	385190971.90657353
21240.0	378293643.1943868
21250.0	412400927.3982936
21260.0	385789087.80667937
21270.0	382557248.1086007
21280.0	365528910.7996737
21290.0	358611454.9695456
21300.0	376772851.5465534
21310.0	390010840.4953195
21320.0	392681470.26751447
21330.0	404565704.9602859
21340.0	383508226.38065815
21350.0	400672872.21242213
21360.0	406524166.70995915
21370.0	400946883.1505521
21380.0	389094637.2405359
21390.0	394412672.0959595
21400.0	377416085.92799103
21410.0	382811933.22901857
21420.0	388846979.9094121
21430.0	388717917.39100826
21440.0	439615149.80404216
21450.0	431687217.13178647
21460.0	422367885.1732883
21470.0	416011198.34625655
21480.0	398127840.1421538
21490.0	404440054.54286575
21500.0	370522530.97230154
21510.0	411195310.36055833
21520.0	407011246.2830446
21530.0	381118220.3280595
21540.0	419722542.4989518
21550.0	420370983.3082671
21560.0	394325082.5249423
21570.0	416318776.4829579
21580.0	428474639.0361577
21590.0	411006055.14656335
21600.0	408109383.49883604
21610.0	440392301.30242336
21620.0	402748769.5379041
21630.0	404901824.2176631
21640.0	431766518.5923205
21650.0	431054257.09753627
21660.0	397800238.8905005
21670.0	413722108.44179773
21680.0	442005864.60369414
21690.0	454181329.74477184
21700.0	433719347.1042103
21710.0	403241585.8755062
21720.0	420016357.5685965
21730.0	409682376.33940095
21740.0	428783212.71106905
21750.0	445582013.4479719
21760.0	397204504.6318663
21770.0	430841770.4632335
21780.0	400630467.19361484
21790.0	409066135.50115997
21800.0	424825471.86964965
21810.0	434269142.94034636
21820.0	435401849.9384759
21830.0	414133952.47416365
21840.0	434335721.8178419
21850.0	426552328.9456455
21860.0	421362660.6431653
21870.0	436309357.84319466
21880.0	427640111.7229994
21890.0	442884991.00093067
21900.0	420157194.90566415
21910.0	452088845.2088982
21920.0	432166920.2590572
21930.0	402484246.35006845
21940.0	427822554.2108586
21950.0	452272765.6869083
21960.0	433214951.4629904
21970.0	431876382.7725218
21980.0	450949576.3460053
21990.0	430192358.09500945
22000.0	448615442.25204706
22010.0	451386593.64267063
22020.0	445106371.0462741
22030.0	423708883.85190433
22040.0	417517309.40218
22050.0	420108504.9099894
22060.0	451704221.89714366
22070.0	433537401.5080976
22080.0	428441715.25072664
22090.0	444509997.35309196
22100.0	451347029.7602781
22110.0	415505362.2525473
22120.0	466857957.11562943
22130.0	438102070.59340525
22140.0	465121831.8106854
22150.0	447139407.8961232
22160.0	444826012.70950985
22170.0	426424379.18177146
22180.0	454710178.4025416
22190.0	424973010.3203891
22200.0	406600869.0774724
22210.0	425163306.1987044
22220.0	451709318.88181823
22230.0	452063484.8355743
22240.0	450660095.86896336
22250.0	472961173.67889595
22260.0	470996445.908291
22270.0	429405189.9586001
22280.0	435734839.16850716
22290.0	413698536.87715864
22300.0	443890039.78691465
22310.0	473922968.96398944
22320.0	464897967.52834177
22330.0	436413602.01400304
22340.0	451871728.1113765
22350.0	423902926.0210826
22360.0	414173264.8008324
22370.0	464686636.74582
22380.0	457944255.03442484
22390.0	432776432.2678127
22400.0	475683897.95946944
22410.0	470980555.3274814
22420.0	448229098.38667715
22430.0	432760144.76287067
22440.0	439103317.8989095
22450.0	457924306.94606394
22460.0	478883535.0056469
22470.0	448113394.20430046
22480.0	450958601.52543926
22490.0	480157995.40031415
22500.0	424969218.7274177
22510.0	484296032.29387075
22520.0	444824391.6078239
22530.0	463767172.69847846
22540.0	440959388.24427
22550.0	427029474.69810295
22560.0	449859735.5605312
22570.0	468048594.802402
22580.0	428507699.0369763
22590.0	457740855.6019262
22600.0	439506493.5462487
22610.0	455413346.29250705
22620.0	448233375.6663627
22630.0	447223108.76351815
22640.0	442831315.9234967
22650.0	446548812.2567163
22660.0	459113751.81056297
22670.0	450919365.9660264
22680.0	469448844.6413631
22690.0	449020216.88413626
22700.0	423574143.12077105
22710.0	464331904.60131013
22720.0	431231282.93342763
22730.0	458825364.20942545
22740.0	446273348.55162114
22750.0	472029753.5071659
22760.0	442935806.27001256
22770.0	466008504.3067444
22780.0	459549147.368559
22790.0	417824284.1219836
22800.0	430426299.70990384
22810.0	443396654.8540378
22820.0	457811934.0473813
22830.0	445331337.9388685
22840.0	429384511.3529093
22850.0	457220349.0224915
22860.0	452059243.1611786
22870.0	450758732.9081706
22880.0	477316951.57461756
22890.0	420528014.9550093
22900.0	483935910.53511137
22910.0	466452269.81826717
22920.0	436811010.1065627
22930.0	436309137.73508155
22940.0	260947473.77172068
22950.0	336996032.5548883
22960.0	352664366.61245084
22970.0	382583791.2497904
22980.0	367949690.86551946
22990.0	409653967.8184404
23000.0	438024898.5408667
23010.0	339847294.49892104
23020.0	442996247.04878783
23030.0	395196595.03888017
23040.0	430667286.0290763
23050.0	381369491.2448143
23060.0	410637337.08020365
23070.0	416549840.91222584
23080.0	413337611.69331026
23090.0	431527949.18910503
23100.0	370030208.98747057
23110.0	378440159.7428616
23120.0	377731393.9746196
23130.0	423648380.1785729
23140.0	416801250.57622695
23150.0	353817993.75262994
23160.0	374420124.17163557
23170.0	414822443.9749633
23180.0	390106492.0475458
23190.0	431593017.87246305
23200.0	420077512.3129524
23210.0	374399565.87725276
23220.0	388810821.92998123
23230.0	255293495.62117028
23240.0	345354934.1920503
23250.0	350048498.06297356
23260.0	334241305.0538401
23270.0	363870150.03566784
23280.0	375907763.8116163
23290.0	374425131.19432247
23300.0	354084842.2283533
23310.0	332456968.90302885
23320.0	359710164.4341709
23330.0	387796136.1964188
23340.0	346689556.559322
23350.0	356552930.671715
23360.0	356730818.0224338
23370.0	351945349.30984294
23380.0	375183770.31450635
23390.0	337808927.90327936
23400.0	309861926.94839567
23410.0	371560475.2955575
23420.0	367908944.5487008
23430.0	392415618.5833802
23440.0	328577748.1802348
23450.0	296851277.8467718
23460.0	401158325.61038405
23470.0	381346555.15633035
23480.0	374209080.23949355
23490.0	365522190.1575768
23500.0	347778380.157859
23510.0	318429636.84230113
23520.0	287830956.2416691
23530.0	249406289.6478709
23540.0	265460125.02972683
23550.0	332493453.44870275
23560.0	295776294.1042921
23570.0	359807867.55954987
23580.0	337096359.67068917
23590.0	267206844.25383443
23600.0	369697012.8155073
23610.0	301925824.1280263
23620.0	312303850.2238171
23630.0	304680594.56360966
23640.0	332175648.6174507
23650.0	351747204.29357004
23660.0	345239932.58800757
23670.0	326755055.9142808
23680.0	304559830.73081446
23690.0	329961265.5181641
23700.0	372578525.5999921
23710.0	316549201.61905664
23720.0	347645952.4561061
23730.0	336495149.0762949
23740.0	327099038.55056816
23750.0	336313217.9173543
23760.0	322073539.72161174
23770.0	300639892.2039069
23780.0	327755956.0747731
23790.0	308504459.3546065
23800.0	334768497.32102513
23810.0	304485183.5108194
23820.0	309234340.0643575
23830.0	246276459.72581902
23840.0	246121871.29599637
23850.0	321788458.9291836
23860.0	275790217.29510164
23870.0	243483614.67704225
23880.0	275275877.45955753
23890.0	285276186.4627049
23900.0	328845809.1541455
23910.0	306642983.95400685
23920.0	252871172.79653427
23930.0	245200994.66066024
23940.0	359080693.7708912
23950.0	280433883.2284058
23960.0	307155675.3309041
23970.0	287764763.2411284
23980.0	270443546.64420956
23990.0	291376575.69777924
24000.0	290890563.9300044
24010.0	265155446.7633408
24020.0	281658007.28628266
24030.0	295477343.676659
24040.0	258147961.4576818
24050.0	279170583.3756241
24060.0	277362567.2716284
24070.0	248600316.11548856
24080.0	243232775.48410565
24090.0	249753162.87063494
24100.0	246558268.49716806
24110.0	263979579.35529253
24120.0	255474284.34185594
24130.0	258169368.66826373
24140.0	201336787.09353274
24150.0	275208057.79073244
24160.0	232684987.00167647
24170.0	230842852.35188767
24180.0	232404352.8858999
24190.0	272774805.00453883
24200.0	241325921.16850626
24210.0	268109774.52776238
24220.0	210311737.4752872
24230.0	260207123.48054293
24240.0	270094548.23416746
24250.0	234302118.99511883
24260.0	208210762.20135862
24270.0	242046285.46196812
24280.0	200612107.60352668
24290.0	244385599.76067638
24300.0	236709814.36870676
24310.0	206847568.3688734
24320.0	244685455.42827302
24330.0	236203272.81369627
24340.0	210276382.31812972
24350.0	220385468.0913027
24360.0	252781870.33819634
24370.0	172566428.0644707
24380.0	225856215.73604223
24390.0	254624811.52043158
24400.0	227990907.8344527
24410.0	254577754.4464362
24420.0	209670146.61720893
24430.0	192048827.21247643
24440.0	199894219.36961925
24450.0	224670355.29505664
24460.0	224010654.11965838
24470.0	252993069.14076662
24480.0	173033824.5569429
24490.0	211629155.68844876
24500.0	204045838.2791523
24510.0	248211467.50939587
24520.0	158671103.5328196
24530.0	193622686.7298993
24540.0	176776728.97276536
24550.0	180570059.689882
24560.0	231844336.11749974
24570.0	208938097.68545562
24580.0	211266280.67842177
24590.0	217183133.56196243
24600.0	219892347.1290604
24610.0	123314730.94386406
24620.0	225239614.3222538
24630.0	196976906.19507775
24640.0	224194906.4428613
24650.0	211556825.9309926
24660.0	193405541.26795733
24670.0	236335339.0255597
24680.0	157024061.81500015
24690.0	219695830.93947625
24700.0	196365591.8604829
24710.0	179453281.3734096
24720.0	178411659.24881446
24730.0	175672574.31687325
24740.0	173542635.25066087
24750.0	174174503.34128153
24760.0	150672232.85163003
24770.0	219756903.91055572
24780.0	210129623.291261
24790.0	138611416.7907551
24800.0	170492614.64981142
24810.0	177663694.24506557
24820.0	156440005.5990783
24830.0	171929898.6373566
24840.0	201388435.75698707
24850.0	222705959.8521977
24860.0	200488013.20567018
24870.0	152001024.0509823
24880.0	150848754.88640913
24890.0	182228890.98373914
24900.0	161853922.67272437
24910.0	160898983.31614918
24920.0	160738109.16855758
24930.0	171846154.63856006
24940.0	216196303.47249162
24950.0	178535934.98592326
24960.0	175663179.817807
24970.0	204896569.583327
24980.0	144273838.85097077
24990.0	161246049.52316368
