# Flux units: erg / (cm m2 s)
# Wavelength units: Angstrom
wave	flux
9000.0	894619770.2999372
9010.0	1057705636.5905228
9020.0	881554593.5511974
9030.0	922842153.3436112
9040.0	1010752833.5667682
9050.0	1092306625.9782875
9060.0	1165171425.403795
9070.0	1244658060.801097
9080.0	1353399782.9944842
9090.0	1339377459.3007803
9100.0	1415402364.433519
9110.0	1440635485.8142633
9120.0	1523464535.4533422
9130.0	1541420575.9625413
9140.0	1657839900.707371
9150.0	1733904294.2841651
9160.0	1786316149.5440946
9170.0	1844628969.9506652
9180.0	1855560034.0303864
9190.0	1971329012.7828574
9200.0	1936325353.3478193
9210.0	1329297509.0678895
9220.0	1120219133.1919947
9230.0	890564552.6190232
9240.0	847470987.0376474
9250.0	916176350.1498691
9260.0	1002761633.7510386
9270.0	1008987617.0897648
9280.0	804266064.1023095
9290.0	768874027.7932663
9300.0	703355163.3268074
9310.0	776002426.7200655
9320.0	743372167.3551215
9330.0	937601214.0908192
9340.0	883870755.9892931
9350.0	864961922.7361239
9360.0	904257075.1474148
9370.0	810787127.181871
9380.0	963445814.9939685
9390.0	979230544.0762526
9400.0	1124356765.0498574
9410.0	1092050048.1632497
9420.0	1033358732.3054045
9430.0	1100406609.896531
9440.0	1022972671.7484466
9450.0	1123525824.1775658
9460.0	1176213182.7137008
9470.0	1305030055.8572543
9480.0	1340376029.2256472
9490.0	1368272687.9309568
9500.0	1359015550.080165
9510.0	1319649784.0839446
9520.0	1374528163.4046197
9530.0	1451670771.8059726
9540.0	1481213280.2888815
9550.0	1517406940.7919168
9560.0	1560724601.7733068
9570.0	1581158011.1895645
9580.0	1612080380.26823
9590.0	1628536422.9511473
9600.0	1665846171.5034258
9610.0	1670155827.682729
9620.0	1725335362.030354
9630.0	1816340974.9431608
9640.0	1687164201.6892285
9650.0	1780483144.4613585
9660.0	1754324382.9874244
9670.0	1741720839.3431969
9680.0	1834203121.3768272
9690.0	1910634393.529433
9700.0	2007251106.1396742
9710.0	1951444063.6315827
9720.0	1725488730.3005013
9730.0	1404231561.3600898
9740.0	1331057001.713904
9750.0	1424725237.4218233
9760.0	1546362070.400203
9770.0	1573450202.6956332
9780.0	1675091741.3123765
9790.0	1614224120.4013848
9800.0	1771016245.4607239
9810.0	1440009658.6925676
9820.0	1400185848.8967812
9830.0	1379369656.9069924
9840.0	1490985004.3297696
9850.0	1564495704.3716192
9860.0	1707674756.76235
9870.0	1732701391.8278527
9880.0	1792518958.3261862
9890.0	1926517490.5984077
9900.0	1478436658.231762
9910.0	1438238963.2038887
9920.0	1411166755.521226
9930.0	1554901995.2861493
9940.0	1656838663.8393195
9950.0	1817898817.2603877
9960.0	1764634894.012128
9970.0	1869414998.055647
9980.0	1895734200.590091
9990.0	1690456997.1444306
10000.0	1755770061.730632
10010.0	1762149752.6029243
10020.0	1851420006.7887213
10030.0	1870587524.0303369
10040.0	1584184278.1219847
10050.0	1629053409.5856397
10060.0	1617181442.0083833
10070.0	1701397675.8051693
10080.0	1822127898.977282
10090.0	1742709209.219067
10100.0	1873118321.30943
10110.0	1896122339.2710476
10120.0	1958283107.3282373
10130.0	1982835821.8779252
10140.0	1990642061.2894673
10150.0	1680127454.4806318
10160.0	1717556971.9884129
10170.0	1741809834.0504339
10180.0	1856800083.6078174
10190.0	1814473860.5963774
10200.0	1848337191.342625
10210.0	1921108136.1952095
10220.0	1931381535.4958744
10230.0	1964983817.5003989
10240.0	2041369718.863498
10250.0	2041700919.565866
10260.0	1860609103.4722843
10270.0	1806606860.3762226
10280.0	1888987816.0051525
10290.0	1907686158.9120367
10300.0	1963953053.4103239
10310.0	2048792031.4108489
10320.0	2117987125.6132023
10330.0	2034053253.7049828
10340.0	2137401288.4055533
10350.0	1982545091.5594745
10360.0	2204059884.163429
10370.0	2218918980.884371
10380.0	2096296762.5235682
10390.0	2173779222.6881843
10400.0	2155781421.0678244
10410.0	2307789622.0624537
10420.0	2254985334.207146
10430.0	2142505406.616866
10440.0	2358971209.856139
10450.0	2334531293.6480093
10460.0	2377618024.7312994
10470.0	2278831383.532727
10480.0	2258129098.339926
10490.0	2349701763.999052
10500.0	2336936312.1166697
10510.0	2325063319.690734
10520.0	2292839589.8773804
10530.0	2290630246.1604958
10540.0	2391441379.026326
10550.0	2397482806.917979
10560.0	2338807753.6736045
10570.0	2318939051.724201
10580.0	2384043603.3479
10590.0	2313906882.2540936
10600.0	2441709107.797308
10610.0	2334953632.82515
10620.0	2456513637.736648
10630.0	2532958548.827475
10640.0	2521766917.357119
10650.0	2526951315.409518
10660.0	2449556928.946713
10670.0	2557203317.8184333
10680.0	2529055879.432811
10690.0	2552671171.9429364
10700.0	2623004124.301957
10710.0	2566351168.2174125
10720.0	2643074656.505123
10730.0	2609125604.4849243
10740.0	2640809094.4888444
10750.0	2668925099.0354743
10760.0	2636892893.5040574
10770.0	2672834560.505768
10780.0	2656155011.239084
10790.0	2669711475.0548325
10800.0	2600938149.889621
10810.0	2586912667.409071
10820.0	2667968037.2393155
10830.0	2760788303.7293005
10840.0	2762792535.529298
10850.0	2702569573.1936035
10860.0	2590502481.841776
10870.0	2677165385.3919854
10880.0	2596506855.212388
10890.0	2545669108.129363
10900.0	2568888146.6998796
10910.0	2574693034.9217873
10920.0	2527527573.5134306
10930.0	2529626344.158403
10940.0	2537246902.4539614
10950.0	2486308787.1171756
10960.0	2326124570.6426134
10970.0	2419712738.518125
10980.0	2352407607.394215
10990.0	2357074656.279335
11000.0	2371401121.6909604
11010.0	2388371575.5750856
11020.0	2412787488.2188797
11030.0	2183933313.342278
11040.0	1647114371.656594
11050.0	1660709575.2596345
11060.0	1664380927.7944338
11070.0	1774602895.7494462
11080.0	1759413864.8481646
11090.0	1909217879.9229913
11100.0	1827189439.448379
11110.0	1675064167.667928
11120.0	1995965387.5301232
11130.0	1910381006.2773063
11140.0	2023818848.0854692
11150.0	1969014560.743172
11160.0	1888612039.1510632
11170.0	1744717668.4155874
11180.0	1934259297.8996453
11190.0	1867617022.4674563
11200.0	1802003461.9917145
11210.0	1955273936.079859
11220.0	1947745236.2663
11230.0	2048238804.9834187
11240.0	2034323511.1029084
11250.0	2062579234.7871628
11260.0	2038866111.800765
11270.0	2140527800.7112975
11280.0	2091213192.1117802
11290.0	2143764168.7447433
11300.0	2000802700.377799
11310.0	2043306390.7399747
11320.0	2083019232.6167638
11330.0	2108286892.9874954
11340.0	1911592639.7062247
11350.0	1794477564.8986793
11360.0	2062962506.1289487
11370.0	2040913435.9071503
11380.0	1958181959.0998094
11390.0	2032283423.4618797
11400.0	2155144621.275344
11410.0	1966994478.537656
11420.0	2160317668.403733
11430.0	2067687553.402657
11440.0	1896593721.9370074
11450.0	2114377545.885631
11460.0	2145211455.697613
11470.0	2186691684.541798
11480.0	2117968154.759186
11490.0	2258380527.938559
11500.0	2223228061.69668
11510.0	2180994646.0931773
11520.0	2152470900.4926515
11530.0	2125536356.383137
11540.0	2117770916.6172245
11550.0	2234304275.314885
11560.0	2192071267.8099036
11570.0	2153469767.8022137
11580.0	2147486488.2199306
11590.0	2262564108.5805106
11600.0	2076611098.3498027
11610.0	2098889262.7708197
11620.0	2153205406.6276207
11630.0	2315866442.9071317
11640.0	2109829221.6786458
11650.0	2294125134.192267
11660.0	2139152254.1509035
11670.0	2220885392.018225
11680.0	2228870505.631451
11690.0	2007927525.4680507
11700.0	2194043182.589875
11710.0	2254510413.7961535
11720.0	2229195783.9854727
11730.0	2264934584.0580263
11740.0	2122642611.5598023
11750.0	2142847364.6432023
11760.0	2089141802.692597
11770.0	2120539392.6494136
11780.0	1933377263.3406942
11790.0	2148216136.6337914
11800.0	2147831589.24481
11810.0	2196765986.978396
11820.0	2143116698.1462982
11830.0	2158311253.5219946
11840.0	2134700012.9743197
11850.0	2181153400.2908297
11860.0	2197355349.9050536
11870.0	2220270533.6658535
11880.0	2185481469.0470457
11890.0	2006237798.5942378
11900.0	2137974940.6520226
11910.0	2170568975.915116
11920.0	2168087508.4562917
11930.0	2253931880.014475
11940.0	2153875249.3479276
11950.0	2159428285.215092
11960.0	2210189328.2881045
11970.0	2227984734.399461
11980.0	2108343094.9145691
11990.0	2183385212.0328875
12000.0	2228185508.15078
12010.0	2281700375.5707483
12020.0	2265977279.827622
12030.0	2189135029.6203833
12040.0	2292819905.544505
12050.0	2294730323.205506
12060.0	2394507372.08169
12070.0	2235102152.3789406
12080.0	2276527098.8351483
12090.0	2259325147.0488706
12100.0	2412455198.511935
12110.0	2319327353.0313315
12120.0	2309772000.9696946
12130.0	2258614617.614564
12140.0	2408365500.327662
12150.0	2429572416.959119
12160.0	2366587436.7520947
12170.0	2328398543.4090734
12180.0	2437332523.8353305
12190.0	2419328940.0350103
12200.0	2453586248.1089764
12210.0	2404605669.200628
12220.0	2377573117.4188957
12230.0	2409185379.0271716
12240.0	2406350953.823857
12250.0	2455320782.17385
12260.0	2428289718.4427085
12270.0	2451473991.5185127
12280.0	2432756392.106896
12290.0	2498410082.822291
12300.0	2417955542.2611995
12310.0	2469249769.198264
12320.0	2405606326.444397
12330.0	2457437508.3674145
12340.0	2450445299.8168516
12350.0	2455097801.490275
12360.0	2473674028.5182376
12370.0	2455662608.3549194
12380.0	2498052142.977601
12390.0	2457907423.4720635
12400.0	2487204129.7834344
12410.0	2188387575.4532022
12420.0	2162280618.9492497
12430.0	2168715455.990273
12440.0	2100314935.0164165
12450.0	2273643157.245097
12460.0	2221566663.6372385
12470.0	2285140329.273053
12480.0	2227952362.216228
12490.0	2284984076.889879
12500.0	2321385590.9772453
12510.0	2338498008.4285684
12520.0	2341693344.7083354
12530.0	2250259589.07337
12540.0	2355689052.353054
12550.0	2232923501.9713187
12560.0	2213124136.110309
12570.0	2125755630.721394
12580.0	2184959770.200099
12590.0	2186968974.0227027
12600.0	2193181509.8873296
12610.0	2239119139.654863
12620.0	2241991015.9631033
12630.0	2280799648.805438
12640.0	2199238748.143733
12650.0	2281576763.3028803
12660.0	2286812226.750013
12670.0	2297521013.9795055
12680.0	2274326778.5661254
12690.0	2342770045.995728
12700.0	2199108382.087698
12710.0	2234634768.063099
12720.0	2301863426.1443996
12730.0	2281892748.112693
12740.0	2264277994.035167
12750.0	2220303516.451633
12760.0	2316198303.4086304
12770.0	2345578944.106564
12780.0	2338572381.0163617
12790.0	2329461765.436211
12800.0	2333602177.011278
12810.0	2341289157.202343
12820.0	2395459991.6732836
12830.0	2202960789.814664
12840.0	2298817267.820276
12850.0	2318420352.1472554
12860.0	2293778481.265185
12870.0	2367226942.1902995
12880.0	2310844638.935265
12890.0	2355428543.152626
12900.0	2295653644.312439
12910.0	2339896333.6670756
12920.0	2341026550.7296376
12930.0	2393770949.8564377
12940.0	2443830738.672174
12950.0	2384692947.326682
12960.0	2411285023.2193007
12970.0	2393321881.469906
12980.0	2379010268.1094823
12990.0	2374840115.6675105
13000.0	2411428403.0858254
13010.0	2380004262.597797
13020.0	2407147990.084053
13030.0	2413854817.252892
13040.0	2425316775.918965
13050.0	2418775962.91606
13060.0	2439608512.163011
13070.0	2333145896.537915
13080.0	2360162201.007562
13090.0	2322070449.7645493
13100.0	2298818316.988776
13110.0	2390595914.7415543
13120.0	2332204239.483407
13130.0	2235821235.99154
13140.0	2301802992.3849134
13150.0	2255090580.0183315
13160.0	2291842752.4384274
13170.0	2320082921.3651032
13180.0	2254925012.829523
13190.0	2295241600.7251987
13200.0	2273867663.48096
13210.0	2323378150.5175
13220.0	2188185244.410489
13230.0	2281335423.33534
13240.0	2233814375.4905887
13250.0	2048517684.3296444
13260.0	2236513121.9068184
13270.0	2081894022.441852
13280.0	2088903849.3856528
13290.0	2090925412.9209418
13300.0	1979272168.1416037
13310.0	1836544021.4312422
13320.0	1547988503.8405893
13330.0	1617575349.7729104
13340.0	1583584238.1599967
13350.0	981473662.4160761
13360.0	1291744195.4661725
13370.0	1071101246.104054
13380.0	1321922500.800451
13390.0	1204050630.7695055
13400.0	1531745441.5617676
13410.0	1272882130.5382535
13420.0	1062671744.722477
13430.0	959981622.7222346
13440.0	1315582039.172424
13450.0	1095513006.5346546
13460.0	1307725524.9472291
13470.0	1072329153.0463861
13480.0	1052107812.1354169
13490.0	1410824596.3365524
13500.0	1108930925.0487688
13510.0	1036864748.2621006
13520.0	1107865064.4688652
13530.0	1144867588.082579
13540.0	975610515.1721522
13550.0	1008219243.2746042
13560.0	1160264636.1211553
13570.0	1074628514.8646286
13580.0	954429991.0001819
13590.0	1038203249.5148166
13600.0	1043070189.4893833
13610.0	1056033656.0618366
13620.0	809976487.8090508
13630.0	1053033351.8218054
13640.0	1046867466.6339439
13650.0	940809981.0559329
13660.0	1076700502.250089
13670.0	972161000.4142207
13680.0	978133228.3070631
13690.0	954466700.5396636
13700.0	950644946.9761328
13710.0	850232607.2626091
13720.0	942441431.8943398
13730.0	941696114.3725531
13740.0	863656001.7921307
13750.0	997387666.803302
13760.0	988712396.2555044
13770.0	968041616.8503001
13780.0	1066197172.9328101
13790.0	955478959.7328055
13800.0	1074272287.9316576
13810.0	1007545647.7110618
13820.0	1109800889.953376
13830.0	934511312.6036416
13840.0	1048252069.8654172
13850.0	1095982519.398912
13860.0	992659264.5350155
13870.0	1023331466.0533744
13880.0	953805637.8169762
13890.0	1146680021.511568
13900.0	905500725.3659433
13910.0	782423794.2908742
13920.0	867899281.4632492
13930.0	820344965.906515
13940.0	884616086.7438526
13950.0	908545762.7968746
13960.0	965070197.1186349
13970.0	906741257.8323598
13980.0	784251159.1097218
13990.0	884893489.7635115
14000.0	820073709.4603578
14010.0	750391323.1108608
14020.0	949687460.4006188
14030.0	912352845.637501
14040.0	820689401.5327356
14050.0	866550863.665235
14060.0	956161985.2921412
14070.0	768024205.2779843
14080.0	800223749.237336
14090.0	760367801.2651114
14100.0	791865892.4532174
14110.0	769017580.6053647
14120.0	748762654.3089405
14130.0	870439369.508477
14140.0	805674584.5531907
14150.0	683419268.9717536
14160.0	808984861.2564348
14170.0	685505442.3362062
14180.0	655262108.7839279
14190.0	671554991.1001034
14200.0	833154646.1401002
14210.0	777145602.5098293
14220.0	693465306.3439946
14230.0	761839753.4831798
14240.0	699520864.2244545
14250.0	688813863.9904689
14260.0	661339137.1458398
14270.0	716548186.0205766
14280.0	706522335.1948413
14290.0	557487437.9067867
14300.0	854624050.0550587
14310.0	812673265.1325619
14320.0	655515781.8720185
14330.0	729657253.6437349
14340.0	605125707.7600619
14350.0	806687777.1943367
14360.0	729211131.870043
14370.0	675735701.7708851
14380.0	766685677.6766207
14390.0	757971113.6718485
14400.0	752193393.113552
14410.0	676111319.9915477
14420.0	725305371.5759821
14430.0	821176027.6865869
14440.0	797930587.1943406
14450.0	715881690.4717575
14460.0	791911070.9653724
14470.0	671635599.7187605
14480.0	773500362.674031
14490.0	921087516.4923099
14500.0	726301068.8523333
14510.0	699110154.6714817
14520.0	921002161.6203583
14530.0	807340902.7922609
14540.0	720480806.3305602
14550.0	948452325.8560549
14560.0	738151963.6412369
14570.0	779912790.3931648
14580.0	832607842.032624
14590.0	842898580.1838926
14600.0	814985989.6188238
14610.0	725934018.9088302
14620.0	771611952.5918622
14630.0	659976489.4807621
14640.0	838677671.0843084
14650.0	752756800.5624543
14660.0	859253335.7494441
14670.0	789017408.3222606
14680.0	681904023.5254532
14690.0	678716855.9580594
14700.0	699272300.6188519
14710.0	772448731.073604
14720.0	746594692.053082
14730.0	807006066.60664
14740.0	713911820.8015208
14750.0	734109911.4971051
14760.0	732378830.639036
14770.0	759755841.7229743
14780.0	732572953.7190905
14790.0	904699599.5399858
14800.0	688947149.9262234
14810.0	792931725.9556347
14820.0	690323464.0090281
14830.0	782719463.8718228
14840.0	896811612.7450937
14850.0	753467223.8845228
14860.0	785855442.2773848
14870.0	851344428.943674
14880.0	766225654.2890049
14890.0	767957889.438779
14900.0	766390878.4070408
14910.0	845937042.7990754
14920.0	795654708.9944181
14930.0	781664208.7738823
14940.0	718570278.8351405
14950.0	837983200.7082143
14960.0	827217195.5117506
14970.0	867167905.7900195
14980.0	863946480.5960292
14990.0	892082590.1923639
15000.0	787562732.713579
15010.0	807276659.757986
15020.0	703367049.0841454
15030.0	936165299.168402
15040.0	800465548.7765543
15050.0	852762785.7968513
15060.0	819157865.8982353
15070.0	936597309.0694551
15080.0	794459339.9248536
15090.0	913065294.0867695
15100.0	851338922.3797848
15110.0	888125100.390552
15120.0	934672964.1420698
15130.0	796072142.2080362
15140.0	883461335.7668397
15150.0	964769439.5425398
15160.0	939563513.3796166
15170.0	861883776.1617036
15180.0	899431623.9765661
15190.0	879021529.0619555
15200.0	881526746.3251667
15210.0	996824210.4361079
15220.0	968058902.1958618
15230.0	984519394.7197328
15240.0	927000016.986582
15250.0	843525980.2176169
15260.0	860808977.3897748
15270.0	892336583.2606267
15280.0	925431738.2340137
15290.0	937144140.758231
15300.0	1068892711.0211592
15310.0	946701971.9345118
15320.0	807551968.5925739
15330.0	892344398.1052153
15340.0	1047865398.0249141
15350.0	952933685.6398507
15360.0	1001543031.4030092
15370.0	908746743.2391149
15380.0	897124005.8828113
15390.0	986223157.1088679
15400.0	910630169.3014749
15410.0	864300604.7414789
15420.0	1031046147.0534296
15430.0	917207322.7397314
15440.0	926829290.2720877
15450.0	1019850585.8040845
15460.0	1098449292.0763316
15470.0	956674232.5122356
15480.0	959325007.7278687
15490.0	1033545071.378117
15500.0	1075287287.0634015
15510.0	946408807.7954073
15520.0	1063617897.8943567
15530.0	1102823779.9062245
15540.0	1029843420.9845427
15550.0	1015048628.0774784
15560.0	1016541461.1953562
15570.0	1005089865.2607086
15580.0	909362078.967219
15590.0	1015988660.9044917
15600.0	1017518973.3191159
15610.0	1075457101.3527005
15620.0	1099630826.348732
15630.0	1117139354.9816773
15640.0	1133224755.9548593
15650.0	1034626521.7800716
15660.0	931271483.3555799
15670.0	1175241559.3532116
15680.0	1232598192.7634044
15690.0	1132450275.3936284
15700.0	1057647281.9395614
15710.0	1141259833.318339
15720.0	1107048351.125268
15730.0	1115807500.086496
15740.0	1203621367.646101
15750.0	1166728455.798289
15760.0	1098155838.6801033
15770.0	1169199630.701865
15780.0	1107093375.1490307
15790.0	1181031798.4889574
15800.0	1145049203.8942103
15810.0	1220708236.8783724
15820.0	1182961339.0183284
15830.0	1228094643.872049
15840.0	1163319178.1128037
15850.0	1148006158.8848038
15860.0	1328353389.525125
15870.0	1258731182.7698345
15880.0	1271242619.3613813
15890.0	1234078283.3122482
15900.0	1079715636.163615
15910.0	1303344833.975786
15920.0	1218855580.9244845
15930.0	1245633283.0651245
15940.0	1342545032.9044845
15950.0	1361379954.5150952
15960.0	1361536334.8125286
15970.0	1303132031.8887362
15980.0	1278713280.4659407
15990.0	1284667645.4790156
16000.0	1351194289.254377
16010.0	1360779464.0656033
16020.0	1232916368.686135
16030.0	1423039570.2250252
16040.0	1293316877.9489036
16050.0	1359146822.579637
16060.0	1314323459.13481
16070.0	1328881665.2443967
16080.0	1377728232.095739
16090.0	1413387666.8979814
16100.0	1418706085.2814314
16110.0	1353643678.511867
16120.0	1439760221.3720884
16130.0	1405246325.8455234
16140.0	1392463791.4030757
16150.0	1438339279.3664029
16160.0	1384904410.5868356
16170.0	1567949534.7404141
16180.0	1564103079.4114647
16190.0	1292644952.424381
16200.0	1351935951.8158028
16210.0	1293247629.5932906
16220.0	1441126946.5333064
16230.0	1388652808.6424487
16240.0	1527641356.3672829
16250.0	1381894954.622196
16260.0	1383305753.4360633
16270.0	1530709512.0208073
16280.0	1540059973.7815738
16290.0	1540124372.5212772
16300.0	1486640228.8791924
16310.0	1514712639.5456588
16320.0	1453966201.5062182
16330.0	1608258747.1976912
16340.0	1581812078.7219322
16350.0	1507800807.5219204
16360.0	1519836459.1878943
16370.0	1562661134.4577136
16380.0	1682460846.8282228
16390.0	1575000616.579238
16400.0	1494720100.4381855
16410.0	1547815506.5889194
16420.0	1585611112.4603376
16430.0	1600841268.9372702
16440.0	1606226095.3650014
16450.0	1529724147.649942
16460.0	1597651953.9659393
16470.0	1681749013.4401968
16480.0	1622382497.5693436
16490.0	1690454877.4175413
16500.0	1656788882.0320535
16510.0	1663808576.6730602
16520.0	1707609450.9635053
16530.0	1625031570.2121928
16540.0	1595279362.8312304
16550.0	1691996398.6620452
16560.0	1830619564.8026922
16570.0	1798169944.602725
16580.0	1748942112.9249225
16590.0	1629429912.5951383
16600.0	1699211279.4825892
16610.0	1623392314.0097167
16620.0	1597162643.5808613
16630.0	1748330977.900013
16640.0	1741385303.887114
16650.0	1714910268.2686837
16660.0	1709006538.7215009
16670.0	1670893420.4641511
16680.0	1726598212.0010302
16690.0	1725331700.3601987
16700.0	1742640982.6659625
16710.0	1744051343.6868923
16720.0	1623809816.6772623
16730.0	1680096504.2788122
16740.0	1845398365.4416006
16750.0	1778139950.7766433
16760.0	1750207909.2507606
16770.0	1720019427.3609552
16780.0	1864881007.2943087
16790.0	1867325888.4080908
16800.0	1794221154.4115093
16810.0	1864598955.391166
16820.0	1853633867.5145433
16830.0	1853430979.0961766
16840.0	1688761198.8847473
16850.0	1785376379.2437809
16860.0	1782800885.6285033
16870.0	1664556068.2462146
16880.0	1644579481.821565
16890.0	1592491428.2734938
16900.0	1705692399.0413249
16910.0	1674291300.21614
16920.0	1682738940.220181
16930.0	1781210080.557418
16940.0	1782828865.9238417
16950.0	1720749678.8297565
16960.0	1685099467.4820042
16970.0	1684018782.1763434
16980.0	1629374229.4265647
16990.0	1683473990.4910789
17000.0	1603260524.5109751
17010.0	1632842972.764142
17020.0	1709196415.5558097
17030.0	1668823181.439849
17040.0	1545724665.1872275
17050.0	1565223293.6130266
17060.0	1648697683.7218556
17070.0	1440405228.7086265
17080.0	1448718329.2236114
17090.0	1440776223.924886
17100.0	1520494122.9628565
17110.0	1223042548.2746325
17120.0	1347024480.9210625
17130.0	1537757833.5344548
17140.0	1351738850.5211828
17150.0	1456188734.4308326
17160.0	1386282314.175511
17170.0	1323610535.343103
17180.0	1206424225.8878078
17190.0	1185730262.315973
17200.0	1293012858.4758651
17210.0	1286439540.965213
17220.0	1448765741.9374132
17230.0	1224330897.530852
17240.0	1161330224.5647955
17250.0	1383524258.0280654
17260.0	1380820229.5673277
17270.0	1016438226.0887039
17280.0	1422906001.3159869
17290.0	1292330186.1720254
17300.0	1228256659.6796117
17310.0	1385950954.0686224
17320.0	1071243854.551224
17330.0	1251332454.5729647
17340.0	1123732585.1598256
17350.0	980744160.011763
17360.0	1263089923.5609305
17370.0	1116447522.6108062
17380.0	1233399095.1009219
17390.0	1207334196.5412676
17400.0	1127612278.728183
17410.0	1161894914.6249993
17420.0	1285946153.2466629
17430.0	1041479350.1063155
17440.0	1101890432.4658613
17450.0	1118526582.4494936
17460.0	1193048571.0455456
17470.0	1058943754.7074866
17480.0	1047736075.2992513
17490.0	1221898845.1708255
17500.0	1011407480.4566764
17510.0	989364045.6303285
17520.0	1047400341.3362534
17530.0	1201852230.3930175
17540.0	973805979.5095284
17550.0	1061868266.7418144
17560.0	822685678.6643522
17570.0	971701937.5842304
17580.0	948575338.8773528
17590.0	904202455.665361
17600.0	1096971030.710228
17610.0	864843494.997367
17620.0	930983138.7265444
17630.0	815316084.9711874
17640.0	1070223436.2523649
17650.0	1029849162.7697339
17660.0	1056972621.3245203
17670.0	917387447.9703146
17680.0	773644604.6832862
17690.0	829629388.872925
17700.0	1050852434.7511122
17710.0	957847538.6127969
17720.0	794221778.5555545
17730.0	726907349.1559595
17740.0	957435537.1402475
17750.0	762254044.1537384
17760.0	846518034.7354836
17770.0	760546333.7732931
17780.0	797946627.0537307
17790.0	823985492.6522107
17800.0	758631775.891631
17810.0	805154449.4274142
17820.0	771383458.6051527
17830.0	737365195.2512523
17840.0	941529635.0427805
17850.0	773400290.8603728
17860.0	708089987.595961
17870.0	593878071.9523696
17880.0	810288411.4630553
17890.0	726863198.9729214
17900.0	829660726.8138382
17910.0	709437149.797397
17920.0	672039166.0496652
17930.0	707641069.391594
17940.0	757798193.8152844
17950.0	626687667.1845416
17960.0	698291244.9807156
17970.0	837112718.6732074
17980.0	738778172.4218261
17990.0	734682872.4498341
18000.0	576022676.1048801
18010.0	590889071.2307653
18020.0	633771416.1576914
18030.0	582246289.6169416
18040.0	722152910.241299
18050.0	712859676.8363391
18060.0	592175520.3159038
18070.0	649957364.0525619
18080.0	663674936.7023638
18090.0	573443770.1977676
18100.0	694792693.9772934
18110.0	508633084.94045556
18120.0	674454592.9395281
18130.0	542129183.3055892
18140.0	753259602.126058
18150.0	752091432.478944
18160.0	693175594.373394
18170.0	640703025.8551043
18180.0	610191794.3225015
18190.0	617036361.2744869
18200.0	561975448.5165153
18210.0	613963787.76345
18220.0	478161640.21196765
18230.0	663645900.4858074
18240.0	805193683.6578013
18250.0	583027332.60872
18260.0	527849433.7730805
18270.0	665978732.3736914
18280.0	566474178.583894
18290.0	592961362.7605339
18300.0	641973445.1668454
18310.0	614877050.5340235
18320.0	615332315.5457896
18330.0	483620218.1566467
18340.0	632253408.1248916
18350.0	567314205.3661292
18360.0	592054835.7495867
18370.0	668903222.5207678
18380.0	538992271.3038328
18390.0	586572278.5242711
18400.0	511669467.2838338
18410.0	675375644.768102
18420.0	484307569.3908767
18430.0	529802903.16021025
18440.0	540672226.0825567
18450.0	511004660.31688505
18460.0	519731295.84763736
18470.0	459056842.16951185
18480.0	465517598.3155961
18490.0	485516879.017756
18500.0	449708500.3996839
18510.0	575188983.4166459
18520.0	623097477.0941943
18530.0	500179481.94015473
18540.0	493799989.3077555
18550.0	542670106.5389993
18560.0	522026380.3131352
18570.0	424402791.7170524
18580.0	364928391.8265138
18590.0	390834975.12348205
18600.0	409017766.99048036
18610.0	402245931.8110873
18620.0	496585774.01865685
18630.0	460075330.6136114
18640.0	503909685.1942278
18650.0	396941418.8170987
18660.0	539220110.6894565
18670.0	491785563.95883894
18680.0	436445588.7672679
18690.0	507519318.12896454
18700.0	530522696.7906443
18710.0	473186087.2500248
18720.0	555916440.4787132
18730.0	401180448.78968495
18740.0	510241767.47453636
18750.0	481879450.4012217
18760.0	511127683.9273369
18770.0	470530518.45888567
18780.0	452293352.459207
18790.0	401612516.0630242
18800.0	479909674.75632447
18810.0	522093150.04594064
18820.0	546559951.0469455
18830.0	611558930.6723613
18840.0	609260353.683201
18850.0	450880953.0031265
18860.0	531684096.3758141
18870.0	486245596.1945191
18880.0	602844815.0610473
18890.0	474370691.1998866
18900.0	572492382.4035897
18910.0	534513557.36681694
18920.0	368484966.4904328
18930.0	415924797.1350653
18940.0	488980911.9295543
18950.0	523757004.52899855
18960.0	481492379.1708356
18970.0	619273091.1218281
18980.0	461116255.8089216
18990.0	511626850.62097764
19000.0	633652775.4190553
19010.0	504420952.4548882
19020.0	603481985.5410901
19030.0	509016503.29824024
19040.0	509269833.99036443
19050.0	512367079.5228067
19060.0	547743767.1418864
19070.0	518277067.472357
19080.0	590377667.9373717
19090.0	522502000.8557258
19100.0	538418690.5141983
19110.0	421366033.27609205
19120.0	511857585.55613536
19130.0	572997254.5145761
19140.0	609624454.2610041
19150.0	598364516.6516359
19160.0	473267917.74831194
19170.0	470459422.9012403
19180.0	481314025.11235946
19190.0	573431849.3090041
19200.0	558267952.7335478
19210.0	487737742.57290727
19220.0	528431405.5188812
19230.0	571449881.608831
19240.0	483634000.5518445
19250.0	573259988.7519112
19260.0	507423558.68615377
19270.0	446741183.9218712
19280.0	619753880.9861127
19290.0	502392877.33855206
19300.0	482875649.1398238
19310.0	422800346.2889762
19320.0	533974399.96215695
19330.0	540244073.3014733
19340.0	491131142.6320822
19350.0	544460249.3168093
19360.0	567995771.77392
19370.0	562251136.3308582
19380.0	536373194.246558
19390.0	435893598.32529044
19400.0	478367592.9351092
19410.0	510941759.94155324
19420.0	552891638.0503901
19430.0	501922354.6191457
19440.0	520849581.9932708
19450.0	510416286.2552768
19460.0	491896784.90465176
19470.0	574225143.989108
19480.0	486815170.5581138
19490.0	493343454.02966464
19500.0	589980377.9702762
19510.0	537227045.9178636
19520.0	522544535.76256454
19530.0	417435688.8607213
19540.0	553186977.1175116
19550.0	543892731.0040753
19560.0	421434190.6916605
19570.0	501463109.66848344
19580.0	585650510.5980701
19590.0	675023584.4941357
19600.0	495007292.5561634
19610.0	451415485.3140319
19620.0	535621290.8777372
19630.0	556993754.4069142
19640.0	509701802.09417355
19650.0	452118214.97466123
19660.0	531669241.3780092
19670.0	563228061.1305193
19680.0	440950797.12783116
19690.0	535864953.26412153
19700.0	607573156.4170486
19710.0	480311479.29355145
19720.0	555891103.574291
19730.0	491585865.01240534
19740.0	491918702.3808435
19750.0	596778794.4847784
19760.0	369030713.0978464
19770.0	523638736.50250196
19780.0	499458988.31642765
19790.0	572013589.9693532
19800.0	452962275.6098252
19810.0	501886794.99865663
19820.0	455930610.1655792
19830.0	497202159.5530233
19840.0	503940803.58842623
19850.0	472692590.01657826
19860.0	452498440.5427631
19870.0	499839942.83853626
19880.0	453169492.19685113
19890.0	538322622.060766
19900.0	421254878.3545519
19910.0	437847874.0473817
19920.0	411147211.48256636
19930.0	531911267.92068934
19940.0	546541373.3116521
19950.0	469331140.44595736
19960.0	513583411.45712364
19970.0	474551921.78682315
19980.0	436900491.5016602
19990.0	491165077.8384574
20000.0	423446485.9423585
20010.0	447423425.6897837
20020.0	463259185.30742264
20030.0	490065810.11692286
20040.0	467141395.8997313
20050.0	481023201.0075858
20060.0	454103172.2696225
20070.0	451820489.5730743
20080.0	618572088.6940335
20090.0	412355671.2889143
20100.0	476984988.857582
20110.0	418775012.2009291
20120.0	509064862.88424313
20130.0	461062144.78358394
20140.0	506515051.9160641
20150.0	487690395.9014471
20160.0	435990259.90466064
20170.0	432074186.26978636
20180.0	486727902.6656954
20190.0	454413972.6424482
20200.0	374133264.10261464
20210.0	530503264.74809986
20220.0	460073763.7822396
20230.0	475090800.183171
20240.0	554306230.1428046
20250.0	493750028.64404535
20260.0	446460609.89352924
20270.0	437645213.46155083
20280.0	499048097.6163409
20290.0	372276189.53273404
20300.0	548236958.5556227
20310.0	426615610.95660645
20320.0	549826197.4550309
20330.0	480444126.33592916
20340.0	467359334.2173932
20350.0	509898354.45548105
20360.0	374280472.4361919
20370.0	528136475.0077817
20380.0	520208060.8213548
20390.0	461633270.01151866
20400.0	429291994.6613426
20410.0	411874158.80543065
20420.0	498308133.2554
20430.0	583429194.0027981
20440.0	412373226.90260994
20450.0	409625541.4142327
20460.0	484477774.91945064
20470.0	527557622.93683106
20480.0	515329509.65047914
20490.0	410660581.2485767
20500.0	442746030.2677073
20510.0	529538402.3701263
20520.0	453872500.00269014
20530.0	532460492.7669233
20540.0	423529643.86850166
20550.0	476258214.15638006
20560.0	452190584.63590235
20570.0	504697663.8617317
20580.0	529006557.0888337
20590.0	498207952.9263288
20600.0	536421428.1865271
20610.0	418816684.8447035
20620.0	489515944.3659821
20630.0	479771716.9027884
20640.0	405275687.56047416
20650.0	459051816.7909708
20660.0	446028968.0717745
20670.0	581038165.7505977
20680.0	480330833.17161924
20690.0	441287144.385134
20700.0	557548626.7394431
20710.0	509496420.7865578
20720.0	437360313.90140337
20730.0	484088723.5905957
20740.0	458410948.6520527
20750.0	466919604.24349076
20760.0	516615395.03395677
20770.0	495519700.2428442
20780.0	524885660.62723005
20790.0	483128566.81754345
20800.0	481980341.70719326
20810.0	509729451.9410038
20820.0	493620407.9767578
20830.0	500926011.53618807
20840.0	491657753.3875967
20850.0	499410695.43207246
20860.0	513534700.6973949
20870.0	457368867.052367
20880.0	527146978.3416932
20890.0	495100696.75518644
20900.0	468334434.62852836
20910.0	576083404.8531271
20920.0	488667201.2680539
20930.0	565849214.9274212
20940.0	469614038.64191043
20950.0	536819807.62906754
20960.0	496294190.6172893
20970.0	484189351.188628
20980.0	560634790.2976401
20990.0	512264269.02122957
21000.0	516085753.96056753
21010.0	552378025.6985247
21020.0	516010767.5427205
21030.0	512709711.3538863
21040.0	541035314.504795
21050.0	497599876.5586294
21060.0	549945529.4764222
21070.0	536374166.2257788
21080.0	514062596.6599038
21090.0	488434141.3880504
21100.0	557215714.2319884
21110.0	566742305.8881884
21120.0	495823273.0526538
21130.0	528860934.03713053
21140.0	567646896.0803616
21150.0	554072110.4171859
21160.0	570656374.3309236
21170.0	518546840.9883259
21180.0	524528425.480115
21190.0	520995968.5822852
21200.0	556694661.9015882
21210.0	551993820.1810958
21220.0	561032864.294031
21230.0	554745964.1913762
21240.0	548446409.1859963
21250.0	611278386.2312953
21260.0	550419151.8750169
21270.0	554395638.8696907
21280.0	531787568.5928875
21290.0	512007797.8073283
21300.0	551932666.4042423
21310.0	569480238.3160129
21320.0	573526706.7036935
21330.0	582699150.7588601
21340.0	552780013.7089944
21350.0	574616876.3606385
21360.0	587136900.714741
21370.0	574378765.4779476
21380.0	559525753.4643524
21390.0	577288203.8382454
21400.0	542251214.8663422
21410.0	559067616.6630007
21420.0	569843091.618722
21430.0	567678321.4051706
21440.0	644515946.0204884
21450.0	626452115.9307973
21460.0	603067216.5507356
21470.0	615383177.1703252
21480.0	573890924.8725646
21490.0	587037316.8245397
21500.0	531291731.2682757
21510.0	602046634.6741806
21520.0	590712557.603504
21530.0	551109896.1999158
21540.0	599085899.1288463
21550.0	619765078.5818111
21560.0	571578012.8862673
21570.0	607204668.8377682
21580.0	622853684.6347195
21590.0	600731955.8611238
21600.0	599629977.9991226
21610.0	647920999.9077145
21620.0	580531763.7239298
21630.0	587779381.3446058
21640.0	635668536.9236284
21650.0	635990884.5075915
21660.0	582085985.086142
21670.0	606425878.1425653
21680.0	647476468.1157124
21690.0	666271781.18155
21700.0	633799667.6797184
21710.0	590007452.4515768
21720.0	609985776.859651
21730.0	602230682.663586
21740.0	629061189.6389358
21750.0	649369020.3430398
21760.0	576349649.2193382
21770.0	632628640.0017039
21780.0	591207772.0413615
21790.0	590873556.4302092
21800.0	624517855.8570763
21810.0	630510113.6706461
21820.0	632548508.7049694
21830.0	609339033.5432016
21840.0	623904540.4409877
21850.0	629228739.8948486
21860.0	625091690.3004733
21870.0	647718877.86534
21880.0	630272952.7668487
21890.0	648840074.7602311
21900.0	606293694.8198144
21910.0	675867706.8761615
21920.0	642401106.2699823
21930.0	592984166.8219483
21940.0	633871882.8511966
21950.0	676648061.2327327
21960.0	648602120.8201765
21970.0	639912039.8343642
21980.0	677024189.6087469
21990.0	630022227.8221534
22000.0	668437602.9880891
22010.0	678902761.2562281
22020.0	664302648.8997759
22030.0	622001926.0150952
22040.0	627817586.1109644
22050.0	624215024.8278333
22060.0	651768445.401251
22070.0	643692146.281935
22080.0	644705354.3300973
22090.0	652115293.480578
22100.0	666548310.4434892
22110.0	621107239.057038
22120.0	707190886.486187
22130.0	654844775.123482
22140.0	707117002.236017
22150.0	675796904.2259738
22160.0	674778176.552206
22170.0	646751248.0793387
22180.0	696012047.7261224
22190.0	645354926.324909
22200.0	617158024.3573915
22210.0	637066169.1336931
22220.0	679695607.2486186
22230.0	690681280.2298898
22240.0	691433183.8672712
22250.0	731625398.7667665
22260.0	719005101.4960304
22270.0	646181703.4907447
22280.0	651409349.0597245
22290.0	619440477.6548476
22300.0	668120347.378885
22310.0	731336964.1154976
22320.0	702809171.3425286
22330.0	661389019.6684115
22340.0	685314840.9772385
22350.0	642456045.8131269
22360.0	638173251.2159083
22370.0	718110865.1704272
22380.0	695484708.8216293
22390.0	667394160.4828305
22400.0	725634330.1696646
22410.0	738256809.5432736
22420.0	693516437.6799769
22430.0	662990741.5900767
22440.0	680665889.6619514
22450.0	711680208.9343917
22460.0	735964778.681727
22470.0	692521542.1074259
22480.0	693734984.9291229
22490.0	750667899.0224589
22500.0	657838730.3780521
22510.0	756442991.4105448
22520.0	689308496.1197417
22530.0	725243930.7797772
22540.0	692596187.3300121
22550.0	655970463.7156423
22560.0	702232001.3960369
22570.0	737780893.3721467
22580.0	660269300.4764304
22590.0	704013768.0961833
22600.0	686589014.5514345
22610.0	701139078.6205926
22620.0	689740610.6418368
22630.0	672807056.7959814
22640.0	687135705.8378654
22650.0	695673784.1702516
22660.0	702189106.4519646
22670.0	704833003.6865791
22680.0	732285662.9226778
22690.0	706959368.7114166
22700.0	652152185.7383881
22710.0	719131800.6044252
22720.0	667386352.551148
22730.0	718887176.4195198
22740.0	690894476.7457006
22750.0	735393919.7249744
22760.0	698196998.2180643
22770.0	737072224.3546388
22780.0	720313250.9976908
22790.0	644217939.132182
22800.0	677661726.8318791
22810.0	679212713.4958738
22820.0	726398031.9325234
22830.0	695060584.818142
22840.0	676248232.3251351
22850.0	710864233.0709944
22860.0	715524103.6314464
22870.0	718789154.7513857
22880.0	749167108.5422406
22890.0	658514237.5759689
22900.0	761570238.0358144
22910.0	738947275.2101264
22920.0	685745491.3291606
22930.0	678494636.3522196
22940.0	359542569.0297836
22950.0	473734555.3913699
22960.0	516485413.1030714
22970.0	553618794.170295
22980.0	536408868.86971366
22990.0	614253489.340526
23000.0	668694925.0343857
23010.0	508102150.93685097
23020.0	680140268.7953601
23030.0	592076061.0577854
23040.0	661045480.7214004
23050.0	572021138.9900091
23060.0	621991614.161234
23070.0	636236553.979572
23080.0	625717606.768969
23090.0	659769187.367745
23100.0	549349412.7588192
23110.0	570331545.2399862
23120.0	579163879.9958906
23130.0	638727262.9711303
23140.0	633968492.8869951
23150.0	525656519.0381833
23160.0	564719448.612027
23170.0	638046565.9546137
23180.0	575639604.8964592
23190.0	668201983.7108994
23200.0	649534583.586755
23210.0	546457187.4611719
23220.0	584777067.8086617
23230.0	349370787.5282327
23240.0	482091356.13928264
23250.0	498490514.8653799
23260.0	474605800.91348046
23270.0	526628745.8546992
23280.0	559388696.1840202
23290.0	531330207.87707907
23300.0	510791131.14807725
23310.0	484098047.93494296
23320.0	537202981.758376
23330.0	578360049.4652199
23340.0	512169517.6289334
23350.0	523623183.006655
23360.0	523191428.71600425
23370.0	501145552.13034236
23380.0	551298968.4460652
23390.0	489477324.40364844
23400.0	462439843.1390721
23410.0	558963618.0364364
23420.0	558744862.8553395
23430.0	583253017.0676433
23440.0	481553534.8402881
23450.0	420194477.5692694
23460.0	602068871.6518074
23470.0	569808878.8602446
23480.0	551585499.1780535
23490.0	543935964.8962398
23500.0	511394735.0172664
23510.0	477252793.2632316
23520.0	420449441.2913537
23530.0	336796040.30046123
23540.0	358825038.6874994
23550.0	476372672.8300247
23560.0	403153575.7834204
23570.0	520634132.37504345
23580.0	468602005.6855324
23590.0	375394390.28424805
23600.0	542258439.7791088
23610.0	429493733.70902854
23620.0	452650765.51285267
23630.0	434636464.28372544
23640.0	492953393.3508341
23650.0	508898095.99572366
23660.0	524512682.54259187
23670.0	476168585.14027566
23680.0	438961874.3488981
23690.0	478238271.45457363
23700.0	554049715.055539
23710.0	461002956.64391375
23720.0	522158094.9972079
23730.0	491598995.3412401
23740.0	462624847.2486486
23750.0	486076142.24601036
23760.0	476756979.5301543
23770.0	433750592.77403116
23780.0	469022876.4565764
23790.0	442954157.50418115
23800.0	487614384.2108746
23810.0	434961819.13076
23820.0	448514648.73553616
23830.0	332628667.150568
23840.0	322644268.8224856
23850.0	451224727.8784131
23860.0	396607485.7641843
23870.0	332076151.6278343
23880.0	383921707.69626117
23890.0	391817853.76442766
23900.0	462062857.341587
23910.0	422280365.9760808
23920.0	346469782.93073285
23930.0	339828789.6912461
23940.0	528267728.05739474
23950.0	395220458.57667845
23960.0	433951374.66353494
23970.0	417228365.8964236
23980.0	378055583.01620775
23990.0	398840218.0806452
24000.0	406834060.94025
24010.0	374399988.9934804
24020.0	391294121.59528506
24030.0	414563520.8230557
24040.0	360675695.58270776
24050.0	389211443.71261597
24060.0	389772418.05829656
24070.0	343127909.10219556
24080.0	332255006.5845036
24090.0	344866709.6851505
24100.0	339337174.8300649
24110.0	367863814.8579942
24120.0	358102148.0755923
24130.0	366405754.7431916
24140.0	273956644.86593854
24150.0	368690425.3654016
24160.0	317171747.64001656
24170.0	301043423.4176457
24180.0	320901238.31617
24190.0	385276703.6660526
24200.0	333083144.55969924
24210.0	376489276.26742727
24220.0	284470930.0954885
24230.0	360513900.2172168
24240.0	387821652.38346726
24250.0	322428208.5336259
24260.0	293042622.14178467
24270.0	343276386.8268595
24280.0	284592398.52905595
24290.0	339547522.09328777
24300.0	335787915.86727494
24310.0	284673980.06241095
24320.0	340560973.54853195
24330.0	330234092.1946088
24340.0	290128649.3965136
24350.0	298343522.317626
24360.0	352216821.16353625
24370.0	229268044.91971114
24380.0	305090211.08153033
24390.0	363253592.18283796
24400.0	313862635.07838917
24410.0	343403822.45424956
24420.0	289116427.24037987
24430.0	261974155.7208343
24440.0	265572096.93623576
24450.0	309082633.9949348
24460.0	306224828.22023106
24470.0	340522154.19579977
24480.0	223765301.71525672
24490.0	285053978.4803559
24500.0	283552653.4512057
24510.0	343323660.4449517
24520.0	213700854.43907142
24530.0	258606770.97116837
24540.0	234713054.40410173
24550.0	244235561.58052415
24560.0	308644486.6255739
24570.0	289518326.5732171
24580.0	290642365.6613361
24590.0	290306514.642088
24600.0	297663337.31160575
24610.0	168913309.51474306
24620.0	313630717.73705506
24630.0	274473792.95295894
24640.0	314687122.34042907
24650.0	287159900.12782294
24660.0	261263766.23951322
24670.0	326576979.3599201
24680.0	206790843.27197245
24690.0	294670876.82058257
24700.0	258193588.46510243
24710.0	241075222.47901598
24720.0	242060060.7162711
24730.0	236777636.08638507
24740.0	223272993.57438993
24750.0	227666479.72072524
24760.0	200987154.44743165
24770.0	302828468.59413344
24780.0	290140003.8302842
24790.0	183712153.9686737
24800.0	236506942.7398554
24810.0	236869207.88162005
24820.0	211461878.12234795
24830.0	231455749.73279682
24840.0	279517297.7453991
24850.0	272454958.48820025
24860.0	240967903.95636958
24870.0	193221831.38350055
24880.0	192966415.7980942
24890.0	219156730.03910586
24900.0	198736215.32289463
24910.0	193715307.79165295
24920.0	210307007.40236697
24930.0	212315156.23239625
24940.0	264160779.38426435
24950.0	224873462.0401803
24960.0	213221208.04033464
24970.0	241580959.6910728
24980.0	183098355.53952697
24990.0	213501282.81619594
