# Flux units: erg / (cm m2 s)
# Wavelength units: Angstrom
wave	flux
9000.0	3142346.2615825697
9010.0	3158028.6333478093
9020.0	3352924.921471665
9030.0	3271233.830586567
9040.0	3769175.5805511847
9050.0	3676468.6941744597
9060.0	3575239.605309038
9070.0	3688527.033833467
9080.0	3572819.5458502914
9090.0	3741950.7270735484
9100.0	3725592.1452107583
9110.0	3600059.2717091218
9120.0	3938417.194285642
9130.0	3213906.483033433
9140.0	3626107.96978724
9150.0	3396473.3665488996
9160.0	3313075.525695004
9170.0	3393689.3175118505
9180.0	3407142.277933576
9190.0	3495276.4531651363
9200.0	3648676.273208769
9210.0	3790431.344144854
9220.0	3693957.540210738
9230.0	3858785.1658091205
9240.0	3358275.663626456
9250.0	3472093.3425806407
9260.0	3062629.9429969527
9270.0	2521254.705591746
9280.0	1310266.6359743979
9290.0	1664226.6466643608
9300.0	1572651.5152115773
9310.0	2237772.8605864756
9320.0	1953581.9899336197
9330.0	1743210.1538996182
9340.0	1820249.0585525017
9350.0	1895781.1562486242
9360.0	1664135.3644714796
9370.0	1899536.2110336546
9380.0	1761190.6318174547
9390.0	1877803.0415594787
9400.0	2350797.798532715
9410.0	2002089.9593680748
9420.0	2102814.335511943
9430.0	2366783.693040577
9440.0	2607912.115318871
9450.0	2639827.0153136454
9460.0	2295910.598259485
9470.0	2966296.6415096475
9480.0	2272907.8663607603
9490.0	2872768.172023967
9500.0	2117383.412499256
9510.0	2516190.5783659727
9520.0	2170363.1340022827
9530.0	2964052.247127324
9540.0	2702308.6352882986
9550.0	2725919.4160078717
9560.0	2289746.7472347813
9570.0	2233246.7828055765
9580.0	2412402.191577844
9590.0	2439907.970357691
9600.0	2301021.735892996
9610.0	2433060.1046708
9620.0	2625763.571053944
9630.0	2889508.4304749975
9640.0	2158267.3367752214
9650.0	2901527.0336238877
9660.0	2833739.947919729
9670.0	2319032.019031977
9680.0	3170141.0013849894
9690.0	2915619.1297373255
9700.0	3078436.412463836
9710.0	2906788.211860876
9720.0	2984283.453264636
9730.0	2889356.1961936145
9740.0	2736860.214361408
9750.0	3458950.421513439
9760.0	2723265.7601270406
9770.0	3375634.4815271506
9780.0	3306150.6270234925
9790.0	3319574.701417976
9800.0	3362063.0846198816
9810.0	3491965.775538386
9820.0	3154152.327362389
9830.0	3360182.2862533964
9840.0	3714663.4993507415
9850.0	3429608.2143995874
9860.0	3726404.9392638556
9870.0	3958195.9042910966
9880.0	4044659.728493978
9890.0	4372770.162976604
9900.0	3857599.9756033476
9910.0	4311275.414121069
9920.0	4086220.0306345862
9930.0	4251792.792579449
9940.0	4212725.391928175
9950.0	4852078.0545825325
9960.0	4505411.10243352
9970.0	4550169.966197453
9980.0	4803530.698537672
9990.0	4374028.811258081
10000.0	4653435.504030292
10010.0	4597119.4924624935
10020.0	4568377.352435939
10030.0	4789898.204874012
10040.0	4701643.052399434
10050.0	5459989.34073613
10060.0	4905906.011496065
10070.0	5452761.315593779
10080.0	5190937.722213003
10090.0	5440201.312082359
10100.0	5985703.2233499605
10110.0	5558137.678722211
10120.0	5832912.98877353
10130.0	6251328.970657179
10140.0	6074907.067193998
10150.0	6300681.600077352
10160.0	6574698.139682306
10170.0	6389606.256240263
10180.0	6649087.513857608
10190.0	6769701.221904484
10200.0	6780948.855890931
10210.0	7166971.781237599
10220.0	6989633.868052743
10230.0	7086908.297422177
10240.0	7550750.467512022
10250.0	7309555.100853366
10260.0	7114328.943269035
10270.0	7262719.654484969
10280.0	7494954.529983353
10290.0	7562209.829066452
10300.0	7774540.213719523
10310.0	7944185.905733007
10320.0	7951071.570915701
10330.0	7903038.70944728
10340.0	8197543.359381175
10350.0	8158527.407231005
10360.0	8305073.041401129
10370.0	8578484.850798791
10380.0	8538820.350349566
10390.0	8343813.036346802
10400.0	8600553.88150836
10410.0	8950014.970800577
10420.0	8581321.922263734
10430.0	8479283.101525258
10440.0	8752983.425494673
10450.0	8866400.377521388
10460.0	8718694.850397248
10470.0	8345150.100821627
10480.0	8110632.2394942
10490.0	8253606.444256051
10500.0	8389894.973045554
10510.0	8212087.523586082
10520.0	8288916.473827025
10530.0	7974100.968650197
10540.0	8283510.288186119
10550.0	8138272.410680828
10560.0	8151070.533619591
10570.0	8246797.634869125
10580.0	7996453.288555769
10590.0	8120404.035532002
10600.0	8070655.508455446
10610.0	8380192.672916606
10620.0	8543267.67263151
10630.0	8345992.0371767115
10640.0	8801057.26391452
10650.0	8396386.568877865
10660.0	8819415.377726268
10670.0	8795009.245100796
10680.0	8684349.118884036
10690.0	8808635.05225794
10700.0	9294278.2187464
10710.0	8949394.92441915
10720.0	9163960.315942943
10730.0	9506531.186096167
10740.0	9692339.246046105
10750.0	9224940.815429414
10760.0	9845493.079875965
10770.0	9316862.136820488
10780.0	9654079.645595642
10790.0	10075521.269494727
10800.0	9824657.25317284
10810.0	9777265.79200608
10820.0	9825798.755323133
10830.0	10468259.538879402
10840.0	9899263.647881333
10850.0	9963615.994252713
10860.0	9380386.397061039
10870.0	8847211.03719545
10880.0	9575691.382857854
10890.0	8942597.953155164
10900.0	7667038.489555604
10910.0	7958648.284236627
10920.0	7285230.35133342
10930.0	5982005.811554469
10940.0	6446686.639068713
10950.0	5390907.772320963
10960.0	5053703.209105795
10970.0	6347954.917904145
10980.0	5749000.766560996
10990.0	5533301.935720078
11000.0	5243314.610427223
11010.0	5268494.913540449
11020.0	5666151.4793309085
11030.0	4455177.071141613
11040.0	5297364.8228159025
11050.0	6118296.712726931
11060.0	4705387.89740451
11070.0	5626433.013281723
11080.0	4799794.066847408
11090.0	5629075.377437836
11100.0	4658620.496475149
11110.0	4604831.543521931
11120.0	5140993.447431419
11130.0	4255402.92727882
11140.0	4216627.836313436
11150.0	4371447.033574583
11160.0	4911345.944811526
11170.0	2568717.2847583843
11180.0	4587372.536296514
11190.0	4251256.476578556
11200.0	2973940.5035461755
11210.0	4569427.825807114
11220.0	4027066.293334357
11230.0	3950876.123249287
11240.0	4098808.289152775
11250.0	4835757.16207077
11260.0	4369640.082744932
11270.0	5399047.779562163
11280.0	4504899.495227616
11290.0	5058797.0695825545
11300.0	3993216.9154566275
11310.0	4446116.512401669
11320.0	4657578.69241844
11330.0	3829724.8531965744
11340.0	2848259.3734162445
11350.0	1934339.4862843526
11360.0	4415149.411015053
11370.0	2957816.36483848
11380.0	4493409.636295346
11390.0	4862265.713219672
11400.0	4607832.137000815
11410.0	5030296.943756331
11420.0	4648152.00042724
11430.0	3651241.58785471
11440.0	2761018.2554845545
11450.0	4792667.908914801
11460.0	4448242.79162231
11470.0	5069205.646461992
11480.0	4485869.937637827
11490.0	5432316.396179818
11500.0	4574951.208704097
11510.0	5131867.559810607
11520.0	4881160.735075938
11530.0	4537563.096506653
11540.0	3374333.6716398546
11550.0	5469988.583222261
11560.0	4432428.654774346
11570.0	3351423.615652595
11580.0	4304132.337039393
11590.0	5571228.576484451
11600.0	4455835.857381335
11610.0	5457685.570162973
11620.0	4442130.868929754
11630.0	5317123.850930065
11640.0	4431339.567801695
11650.0	4768389.213652797
11660.0	4085096.138512965
11670.0	4366350.404991448
11680.0	4867176.780466186
11690.0	3964502.1966422442
11700.0	4778790.988806741
11710.0	5148393.775343711
11720.0	5758739.893271159
11730.0	5832906.864368284
11740.0	4176513.0488299737
11750.0	4934784.02015445
11760.0	4173259.800815188
11770.0	5104805.66327518
11780.0	4134660.7767453343
11790.0	6259731.616012762
11800.0	5232893.704431945
11810.0	6007391.321345066
11820.0	5212932.181073598
11830.0	5824391.014564822
11840.0	5397953.090350257
11850.0	6207204.370405499
11860.0	5461903.570599757
11870.0	6125356.420888993
11880.0	5959975.7225523945
11890.0	5763326.351312229
11900.0	6413641.555574515
11910.0	6573525.431576271
11920.0	6702898.954910844
11930.0	7579308.022506297
11940.0	7202668.73401625
11950.0	7047016.229140625
11960.0	7012197.833382329
11970.0	7804377.48695555
11980.0	7961768.823298152
11990.0	7141530.9666558355
12000.0	8070963.41576327
12010.0	8422052.885931952
12020.0	7990278.259184345
12030.0	7908016.767045757
12040.0	8060893.066839679
12050.0	8636632.523919621
12060.0	9914529.798201859
12070.0	7650792.344490153
12080.0	8505881.404746119
12090.0	8783445.331515105
12100.0	9782621.996721858
12110.0	8703569.691093473
12120.0	8792269.405657254
12130.0	9263100.083943825
12140.0	9811394.973787788
12150.0	9116666.895496385
12160.0	10067493.61152225
12170.0	9636916.537572825
12180.0	10393566.902632073
12190.0	10160877.11246168
12200.0	10149775.22996614
12210.0	9961432.38782224
12220.0	10223947.595005231
12230.0	10477500.918535657
12240.0	10256299.101183923
12250.0	10324267.805993168
12260.0	11062103.849662615
12270.0	11249291.999313353
12280.0	11100126.421318078
12290.0	11115492.09455717
12300.0	11162472.496098131
12310.0	11746995.230529724
12320.0	11648521.428143797
12330.0	11131179.902174566
12340.0	11563976.218402553
12350.0	12231405.941582618
12360.0	12105032.701617768
12370.0	11486185.220446743
12380.0	12493854.77402267
12390.0	12677191.799459415
12400.0	12743386.594775517
12410.0	11897257.191530034
12420.0	12276707.140510458
12430.0	12647582.203841187
12440.0	12151203.601202017
12450.0	13709542.21462537
12460.0	12954124.667493332
12470.0	13755712.93461326
12480.0	12812520.152706794
12490.0	13327718.898809895
12500.0	13787234.84446722
12510.0	13476767.949963788
12520.0	13277443.159163259
12530.0	12951449.127419148
12540.0	12886620.54264448
12550.0	13156693.975932512
12560.0	14859679.07345392
12570.0	14050973.509281227
12580.0	13174499.687459845
12590.0	13549260.680977266
12600.0	13603145.831963457
12610.0	13982381.539663795
12620.0	13937749.841512952
12630.0	13857877.637372328
12640.0	12859973.501788858
12650.0	14374846.943599489
12660.0	13100318.43846597
12670.0	13405013.29630908
12680.0	13956512.52260029
12690.0	13727365.890646653
12700.0	13966522.78681337
12710.0	13586263.158929223
12720.0	13293497.40077988
12730.0	12873860.006722901
12740.0	12677757.0853535
12750.0	14287181.41491855
12760.0	13230045.776045643
12770.0	13755228.289529627
12780.0	13847037.0636099
12790.0	13175137.112431908
12800.0	12017943.543518338
12810.0	13441568.726988519
12820.0	14991094.213144965
12830.0	11881234.033305045
12840.0	13483656.588650256
12850.0	13334778.191239234
12860.0	13029946.830767943
12870.0	12195877.079791358
12880.0	12264487.45127422
12890.0	11797534.498496227
12900.0	13842378.694647484
12910.0	13028110.067304963
12920.0	9902213.509851122
12930.0	12801928.478049869
12940.0	14499701.655977082
12950.0	11346283.881902618
12960.0	11715973.57381332
12970.0	11022765.58357333
12980.0	13738680.636354957
12990.0	13259608.959329983
13000.0	12014673.56048691
13010.0	10595522.9984523
13020.0	11674902.698999252
13030.0	12080054.145887796
13040.0	11873906.588558841
13050.0	12525913.240887327
13060.0	12567597.513500916
13070.0	10496842.897018893
13080.0	13305487.988844624
13090.0	11766372.880124956
13100.0	10949642.829204116
13110.0	11550238.606932214
13120.0	12128806.007004041
13130.0	12063492.989890723
13140.0	11169316.065669876
13150.0	10567561.527169218
13160.0	11034581.731851809
13170.0	10306381.290339526
13180.0	11387783.199925527
13190.0	9475450.335236272
13200.0	11236181.057441939
13210.0	10577592.38669602
13220.0	10315292.961743128
13230.0	9611324.797230538
13240.0	10064311.601362891
13250.0	8896908.584604738
13260.0	10516837.2183525
13270.0	9356735.012625657
13280.0	9584070.292332094
13290.0	8180675.848030538
13300.0	7238090.349589518
13310.0	5179242.1425975
13320.0	6112177.946204124
13330.0	4756095.725802168
13340.0	4574581.065279297
13350.0	2543756.7849058476
13360.0	3743439.851188105
13370.0	2560638.997623262
13380.0	3468278.764290518
13390.0	3386323.6579391547
13400.0	4648076.334473786
13410.0	3712673.907160921
13420.0	2784328.075277652
13430.0	2155432.8245354323
13440.0	2686656.0891608493
13450.0	2358305.345248091
13460.0	3253441.5512313205
13470.0	1711051.9778263532
13480.0	1737374.441431913
13490.0	2932840.6476672147
13500.0	2412597.2267499967
13510.0	1476354.0144638706
13520.0	1827008.805366002
13530.0	1907825.2583192764
13540.0	1198661.4469287514
13550.0	1039854.471622846
13560.0	2438267.216160287
13570.0	1505707.807879227
13580.0	1145201.339937015
13590.0	1135261.7760516221
13600.0	1858889.2775505602
13610.0	1435362.0513674042
13620.0	885984.1871000656
13630.0	2247117.004226807
13640.0	1826444.14570468
13650.0	1244439.9865943035
13660.0	2479710.1421798365
13670.0	1795363.0852319016
13680.0	1915497.7569328344
13690.0	1743854.6886239478
13700.0	1629243.0579395355
13710.0	1303997.930009597
13720.0	1031751.7479262068
13730.0	1346282.4453942394
13740.0	963595.669814635
13750.0	1509536.3661812562
13760.0	1730076.5356847453
13770.0	1281810.468989088
13780.0	2034234.3161795607
13790.0	1377477.820608066
13800.0	1729591.376681549
13810.0	1551343.2232720018
13820.0	2718737.057881564
13830.0	1074745.9556716122
13840.0	2091077.3599997251
13850.0	1868258.644986785
13860.0	1781021.1524614217
13870.0	2230800.0884302687
13880.0	1564971.6874363031
13890.0	2503317.127955389
13900.0	2058707.3952624446
13910.0	1825639.772818047
13920.0	1825912.5644054739
13930.0	2245814.503965923
13940.0	1596092.2991999798
13950.0	1681164.4837090494
13960.0	2148378.0486354623
13970.0	1992898.8541911005
13980.0	1408252.348315921
13990.0	1585994.4449824176
14000.0	2230150.411364558
14010.0	917567.8230161397
14020.0	2754103.043309397
14030.0	1964451.9498369135
14040.0	1476288.579045338
14050.0	1432376.1916366986
14060.0	1898380.0517067574
14070.0	959284.011246334
14080.0	1325910.7497255756
14090.0	1428768.4081020723
14100.0	1065089.3471215745
14110.0	1716159.6851813467
14120.0	1197153.3364482336
14130.0	2368597.838315231
14140.0	1499891.8423646858
14150.0	1209787.3706148248
14160.0	1552659.0369267208
14170.0	1328995.5083392584
14180.0	1025578.3012883661
14190.0	1116122.2298995703
14200.0	1837711.1393507286
14210.0	1394668.1818687855
14220.0	1031562.8472782497
14230.0	1171405.9843851952
14240.0	1315801.9589656107
14250.0	1166663.5638793246
14260.0	744822.3545475459
14270.0	1530141.5451740457
14280.0	1035151.5446097688
14290.0	765059.8129411609
14300.0	2139131.5087271403
14310.0	2099745.5281971255
14320.0	858710.2199291218
14330.0	992141.8655706106
14340.0	715177.378464464
14350.0	1740046.0688113447
14360.0	1567153.4444597696
14370.0	1151398.6154502337
14380.0	1806778.9491448072
14390.0	1698580.104533335
14400.0	1678575.9150046285
14410.0	1644097.5882273526
14420.0	1364116.1725824652
14430.0	2270634.40763111
14440.0	1778454.4452369648
14450.0	1012431.7231513221
14460.0	1244326.516722968
14470.0	1215560.608318647
14480.0	2489054.0589594943
14490.0	3147848.210471851
14500.0	1673627.1419864297
14510.0	1620897.9268699049
14520.0	3182513.7404699274
14530.0	2619915.0476015466
14540.0	1768088.6908434124
14550.0	4105617.341169296
14560.0	1946122.5531852145
14570.0	3018791.7805194794
14580.0	2728596.515464038
14590.0	3103072.6040698052
14600.0	3226382.0159767233
14610.0	2162429.2438124116
14620.0	2777665.659460258
14630.0	1895009.3439041178
14640.0	3594697.3762182323
14650.0	3355122.3723922884
14660.0	3621343.7887791186
14670.0	2759342.4939533
14680.0	2821242.6112019178
14690.0	1927946.2264288059
14700.0	2666738.002741956
14710.0	3216259.4340050337
14720.0	2553582.3940516026
14730.0	3751713.8520423933
14740.0	2951127.8885017727
14750.0	2442806.927025592
14760.0	2646864.087201244
14770.0	2920986.5173899415
14780.0	3807486.9128014897
14790.0	4071382.9432533225
14800.0	2462735.1126902387
14810.0	4542373.937523094
14820.0	2542631.3269685763
14830.0	2868116.05053545
14840.0	4575563.367655538
14850.0	2687333.4572479064
14860.0	3097432.423172631
14870.0	4798006.940269849
14880.0	3626404.796874143
14890.0	4304532.925662196
14900.0	2842232.147950339
14910.0	5344372.969449634
14920.0	3332526.062785553
14930.0	3668444.8460477516
14940.0	2333808.350738331
14950.0	4731386.072490423
14960.0	4260300.099455302
14970.0	4662107.283651595
14980.0	4709870.025466308
14990.0	5243724.778383029
15000.0	3916185.601971606
15010.0	4697422.480413411
15020.0	2719552.8626018176
15030.0	6353242.81932557
15040.0	3123583.2889788505
15050.0	4389598.639280085
15060.0	4483005.057045064
15070.0	5617751.545527934
15080.0	3999837.2224960052
15090.0	5629114.934431857
15100.0	5221072.242224353
15110.0	4352413.445354177
15120.0	6781376.123588091
15130.0	4564146.759150913
15140.0	5253106.178860868
15150.0	7345544.798009831
15160.0	6642383.877003196
15170.0	5543736.2607488455
15180.0	5470176.260581592
15190.0	4812724.193844499
15200.0	5545642.228016159
15210.0	7522338.833405409
15220.0	5522716.606633071
15230.0	7840206.235175354
15240.0	6965091.373141106
15250.0	4997492.874151635
15260.0	6100184.784912146
15270.0	5979613.546496443
15280.0	7581241.195323086
15290.0	8410227.996371781
15300.0	7209339.577143868
15310.0	6375672.011397105
15320.0	5587422.643487266
15330.0	6710794.732714201
15340.0	9681603.251556894
15350.0	7600322.947371702
15360.0	7702499.832695288
15370.0	6575941.702030865
15380.0	7703377.117640231
15390.0	9053193.204537338
15400.0	8676784.610859765
15410.0	8273945.330102434
15420.0	8787311.213642437
15430.0	8785844.446631765
15440.0	7459268.345313975
15450.0	9987645.558627581
15460.0	10494155.262826363
15470.0	9652264.390084421
15480.0	10311941.04486531
15490.0	9567240.984731592
15500.0	10306859.540455393
15510.0	8639221.915257247
15520.0	9066841.168109126
15530.0	11701737.162529219
15540.0	11834938.432230886
15550.0	10600926.887281464
15560.0	9839007.543944981
15570.0	10017467.12634896
15580.0	7911561.59363802
15590.0	8302393.109964176
15600.0	10471123.500530628
15610.0	10292289.849127986
15620.0	11806820.891757077
15630.0	10944567.302237473
15640.0	10624055.599490568
15650.0	9908238.944366198
15660.0	10788977.92687294
15670.0	12790799.262114326
15680.0	13438775.11820884
15690.0	11865690.859412653
15700.0	12359536.411966385
15710.0	12819958.149038961
15720.0	12128047.25904078
15730.0	11917404.76380463
15740.0	14380216.45456435
15750.0	13999719.87389634
15760.0	13891025.183048213
15770.0	13489293.387565525
15780.0	12364986.323310552
15790.0	11421681.638619076
15800.0	12959747.810181819
15810.0	11879159.20709188
15820.0	13737063.909273904
15830.0	13816620.220106842
15840.0	13599541.757310621
15850.0	13833393.75228948
15860.0	14648487.44811435
15870.0	14270992.52361016
15880.0	14621749.228040455
15890.0	14856327.94079483
15900.0	14463086.947880795
15910.0	15363878.68582102
15920.0	14077120.74498505
15930.0	14881125.229099704
15940.0	16355749.412313577
15950.0	15482581.060090078
15960.0	15501475.388465071
15970.0	15190860.98106323
15980.0	15228414.372978285
15990.0	15227786.677869776
16000.0	16305147.86082744
16010.0	16804359.893750023
16020.0	14942983.94452562
16030.0	16356321.398186281
16040.0	15476029.114839414
16050.0	15880099.870074559
16060.0	16395678.422963383
16070.0	16387023.230982956
16080.0	16969521.2135045
16090.0	16534113.156994594
16100.0	16825759.554327793
16110.0	16685458.36020172
16120.0	16635510.317319369
16130.0	16640182.519282095
16140.0	17110038.371002793
16150.0	17037377.79117277
16160.0	17125520.802038267
16170.0	17856646.453790527
16180.0	17832505.761537053
16190.0	16932992.58048699
16200.0	17433912.911672376
16210.0	16256150.158896703
16220.0	18730884.248244222
16230.0	18872672.416015778
16240.0	17952578.318943515
16250.0	17460603.615674254
16260.0	17738753.54619052
16270.0	18841796.492656987
16280.0	18890053.167348403
16290.0	17771249.64207147
16300.0	18110601.153936587
16310.0	17016436.969466113
16320.0	17733902.862912726
16330.0	18603735.205489345
16340.0	18585184.14946346
16350.0	18222433.069015194
16360.0	18754552.80166345
16370.0	17658563.525809284
16380.0	19393865.64705273
16390.0	18913140.167917836
16400.0	18462888.339268632
16410.0	19184837.24530269
16420.0	17971908.777184606
16430.0	17961071.87564398
16440.0	19423070.572028846
16450.0	18400290.93060962
16460.0	19370515.439949255
16470.0	18003775.654537436
16480.0	19128678.43078163
16490.0	18925496.017848674
16500.0	17837658.529417813
16510.0	18873979.891070664
16520.0	19449142.203173526
16530.0	18109369.876920585
16540.0	19390174.78182068
16550.0	18232503.39701184
16560.0	17083800.135918412
16570.0	19323182.892601024
16580.0	18642055.84824008
16590.0	18988876.28499588
16600.0	17719953.67989554
16610.0	18964445.11435033
16620.0	16082959.895441983
16630.0	18358371.52806845
16640.0	18247727.37534076
16650.0	18816824.192338094
16660.0	19262988.67997878
16670.0	18597327.81723223
16680.0	19452235.87233095
16690.0	17304969.05185078
16700.0	19692782.461611003
16710.0	19576876.491839457
16720.0	18225883.32184318
16730.0	18079396.284251098
16740.0	19004512.31545066
16750.0	18568159.19659981
16760.0	19695687.267553646
16770.0	18525333.13540446
16780.0	18409978.439702682
16790.0	19791722.781301852
16800.0	18825467.797958374
16810.0	20811867.193376202
16820.0	20810193.630198415
16830.0	17379948.451659907
16840.0	18967418.926013716
16850.0	20496278.619977243
16860.0	19909410.042170387
16870.0	18639033.304805275
16880.0	19052515.462713964
16890.0	17946633.374051172
16900.0	19728563.81011386
16910.0	19130321.62229375
16920.0	17313848.382135205
16930.0	19692606.927914593
16940.0	17317510.86291014
16950.0	19796814.044118766
16960.0	20015097.013177346
16970.0	15418790.349558705
16980.0	18067787.132511545
16990.0	19033948.189548254
17000.0	16786001.03798235
17010.0	17971363.667687856
17020.0	19019686.351846337
17030.0	19698515.374157205
17040.0	17294928.546924412
17050.0	17669100.16431133
17060.0	18961952.93671254
17070.0	17225731.679811526
17080.0	16621147.077388436
17090.0	16002898.137821207
17100.0	19273623.070928033
17110.0	15569036.187235603
17120.0	15788758.428401394
17130.0	17106015.31373336
17140.0	14915248.543443823
17150.0	16229675.620515265
17160.0	14807713.655897042
17170.0	15319580.991046835
17180.0	13501125.972827243
17190.0	12436403.20186742
17200.0	14105305.794185301
17210.0	13253685.519106729
17220.0	17049810.43078402
17230.0	13507572.70430857
17240.0	12437690.193586934
17250.0	13320290.096468791
17260.0	15893908.091174455
17270.0	11258063.071868125
17280.0	14308748.331941215
17290.0	12386315.564716281
17300.0	13934705.037847087
17310.0	14361753.015535703
17320.0	10020647.618704882
17330.0	14565688.6335478
17340.0	12511968.641423976
17350.0	12479245.160037242
17360.0	12800925.376987008
17370.0	9057668.879145656
17380.0	13207251.371127196
17390.0	13866064.30313279
17400.0	11874741.127589189
17410.0	10839082.723117474
17420.0	13353663.834389698
17430.0	11402406.936919315
17440.0	11671302.75939285
17450.0	11085082.151356727
17460.0	12940617.596624961
17470.0	8682174.17590797
17480.0	11123058.580301171
17490.0	10811599.72088982
17500.0	10946852.012646817
17510.0	8450103.517899793
17520.0	11230563.021516202
17530.0	14159027.32435157
17540.0	10600008.77083457
17550.0	11726622.469434379
17560.0	8656656.071182655
17570.0	10245826.065076549
17580.0	8464231.404997233
17590.0	11141798.362640912
17600.0	15593351.198581228
17610.0	8167712.401598409
17620.0	10300074.592847079
17630.0	7053057.55374313
17640.0	12735978.913219662
17650.0	11546637.377529006
17660.0	10363404.288700927
17670.0	9443193.691037461
17680.0	5682604.50098015
17690.0	8657313.010436555
17700.0	8820426.135111876
17710.0	9409145.973072326
17720.0	9072663.753697647
17730.0	6738599.8805717835
17740.0	8876146.477998577
17750.0	6925993.190888704
17760.0	7048085.196910748
17770.0	7364771.862598321
17780.0	8800473.892066589
17790.0	8739213.752519695
17800.0	7782179.434831916
17810.0	6953448.100795449
17820.0	8921360.967716677
17830.0	6466466.392232318
17840.0	9579116.853547005
17850.0	5480992.522763669
17860.0	5233022.396672333
17870.0	4528162.128070076
17880.0	7187727.031027636
17890.0	7846848.293845065
17900.0	7499944.300734897
17910.0	4511674.90229351
17920.0	5484998.429980829
17930.0	5628527.996304797
17940.0	5531317.170366043
17950.0	6880450.951781205
17960.0	5995934.925569233
17970.0	7434596.063790387
17980.0	6299141.1989905415
17990.0	9607441.36635998
18000.0	3857185.0490022763
18010.0	3306607.1420148336
18020.0	4152938.6392547595
18030.0	5590942.867741566
18040.0	7244887.625917141
18050.0	6052870.287486672
18060.0	2524742.6850875663
18070.0	3751419.1284382185
18080.0	5081080.934786828
18090.0	3272756.468799678
18100.0	6352732.781922429
18110.0	2732608.259982656
18120.0	5057450.661658865
18130.0	4492541.33122216
18140.0	8592767.579407986
18150.0	7232193.449186811
18160.0	4939829.631030572
18170.0	5666429.079700703
18180.0	4756121.006708968
18190.0	4606153.646268991
18200.0	3644383.3338398035
18210.0	3333465.7082247916
18220.0	2302159.2126879003
18230.0	4874445.194480612
18240.0	8408338.939445104
18250.0	4676728.744985836
18260.0	3980953.560378126
18270.0	5556219.56932261
18280.0	4204505.5084948195
18290.0	5497878.014350771
18300.0	5978496.541940282
18310.0	4889602.127085552
18320.0	6384684.771543336
18330.0	2455472.1584300366
18340.0	5280806.303045928
18350.0	3155107.2437184816
18360.0	3959552.1961997827
18370.0	5554289.23923057
18380.0	4099248.459985848
18390.0	4401110.368744162
18400.0	2957587.9914425155
18410.0	6935247.712526427
18420.0	1863570.012608282
18430.0	4790887.1048126025
18440.0	4035625.6142691392
18450.0	5163233.631975897
18460.0	2766960.7240658985
18470.0	2078094.9170405206
18480.0	3102997.942425361
18490.0	4418597.504824908
18500.0	2694649.168221876
18510.0	4075262.0134149203
18520.0	5741945.958031607
18530.0	3902825.4290090627
18540.0	2948175.945893336
18550.0	5509927.311670586
18560.0	3868604.8990878174
18570.0	3056350.373816336
18580.0	1908476.174882661
18590.0	3142745.931721025
18600.0	2098082.9348738925
18610.0	1679840.3822643037
18620.0	5043502.470928264
18630.0	3087698.6772362473
18640.0	2318530.6795645496
18650.0	1440906.3710918648
18660.0	5705985.853618735
18670.0	3793204.054489469
18680.0	1386418.7127059975
18690.0	3895244.640748347
18700.0	3408297.2154237116
18710.0	2842353.8739595558
18720.0	4992326.290035637
18730.0	2065652.509502394
18740.0	3201523.2520993403
18750.0	3877976.5046746247
18760.0	3779208.858703538
18770.0	2573172.556234438
18780.0	2916835.1080680788
18790.0	3437712.2649055603
18800.0	5087126.603719357
18810.0	3250130.554055873
18820.0	5563866.500704548
18830.0	6118404.425430268
18840.0	5392523.296209981
18850.0	2763610.8248953708
18860.0	5706715.683957441
18870.0	5353603.541572319
18880.0	7444181.713359113
18890.0	5404915.904758408
18900.0	4809649.903949691
18910.0	5926086.745678191
18920.0	2716074.9108867077
18930.0	3978823.063771836
18940.0	4954295.677827208
18950.0	6105264.168868788
18960.0	4614967.42214616
18970.0	7084569.972038462
18980.0	3125919.8003816023
18990.0	5490781.809204101
19000.0	7366723.457237962
19010.0	3940357.3804579587
19020.0	7637934.474303521
19030.0	5193360.178572743
19040.0	4969969.559361591
19050.0	5351293.9771417035
19060.0	4667897.781258027
19070.0	4605765.1560160555
19080.0	8165485.27310902
19090.0	6955240.288467554
19100.0	7413899.389977177
19110.0	3167669.508076367
19120.0	4336528.959966791
19130.0	6880119.512097236
19140.0	5034820.121447538
19150.0	7413127.574233817
19160.0	5126101.86972413
19170.0	5103873.219527103
19180.0	5873724.277641276
19190.0	9637070.558182962
19200.0	4159459.3522405187
19210.0	3841324.1489749313
19220.0	6049592.890134055
19230.0	7332546.147984022
19240.0	2798183.9810284455
19250.0	6075717.623530534
19260.0	6434380.195995569
19270.0	3751289.0397445676
19280.0	6583289.213169715
19290.0	5223595.660896751
19300.0	5782426.558489036
19310.0	2991242.3212286723
19320.0	5966036.736658873
19330.0	4261490.792391744
19340.0	3335732.9454494836
19350.0	4751127.369523853
19360.0	4056628.4364125826
19370.0	4556171.13768732
19380.0	5308868.500676296
19390.0	3183376.8596224436
19400.0	3321038.1947516
19410.0	1781111.0431787549
19420.0	5073813.787230649
19430.0	5885335.817628462
19440.0	3886321.1067180834
19450.0	3521836.1717962828
19460.0	4855409.600548989
19470.0	5948991.097612376
19480.0	3025713.9602348157
19490.0	2946967.0788974334
19500.0	5288387.6813616725
19510.0	7478804.206287761
19520.0	4557537.387411401
19530.0	2092001.8652324101
19540.0	4008828.5574893695
19550.0	4082740.528351614
19560.0	3211760.9817324937
19570.0	3790679.2113902196
19580.0	4333069.373774305
19590.0	6493235.67419948
19600.0	5195528.065714635
19610.0	4061365.1476342357
19620.0	4558324.675502094
19630.0	4681633.602676977
19640.0	5402452.3320127595
19650.0	4254054.16599573
19660.0	3770347.7688801973
19670.0	5624717.270013623
19680.0	2572572.924216495
19690.0	4492731.9668491185
19700.0	6187117.099517242
19710.0	4210743.067735003
19720.0	7648936.654910464
19730.0	4736266.260931915
19740.0	4045705.132415356
19750.0	5950190.492215344
19760.0	2667480.8937767176
19770.0	6831380.153804908
19780.0	5215555.239546353
19790.0	6373101.164373358
19800.0	3508302.010021885
19810.0	5523926.833908077
19820.0	4330835.381878197
19830.0	4857432.1681463085
19840.0	5320527.447774678
19850.0	5305482.096279512
19860.0	5923616.273489821
19870.0	6513048.275774856
19880.0	3290464.703927849
19890.0	5823884.732820379
19900.0	3337343.8588800156
19910.0	5437448.601338196
19920.0	5089309.610781803
19930.0	7192441.851098756
19940.0	7643060.002787142
19950.0	4768338.106915639
19960.0	5672202.804171403
19970.0	5510653.472756904
19980.0	4020813.143861908
19990.0	6713213.828322557
20000.0	4444668.242384826
20010.0	5287284.791397001
20020.0	5470747.485196868
20030.0	5553927.340154823
20040.0	6417736.278223136
20050.0	5407414.708251568
20060.0	3976872.450600984
20070.0	4999473.481897375
20080.0	9475821.081410436
20090.0	4753000.700160467
20100.0	6498907.509039575
20110.0	5391236.863745495
20120.0	7160196.956370142
20130.0	6151180.320350443
20140.0	7061722.297672016
20150.0	6843172.147137923
20160.0	5153061.978737404
20170.0	4855690.137806342
20180.0	7019695.571464259
20190.0	5716185.941240278
20200.0	5119573.092465638
20210.0	6725400.131656331
20220.0	7134699.635066133
20230.0	6840689.7369193155
20240.0	8369160.929941444
20250.0	7331676.407307013
20260.0	6190163.599607419
20270.0	7312958.887138603
20280.0	6857915.491708986
20290.0	5023369.309777805
20300.0	9195999.058921289
20310.0	5405143.32411032
20320.0	9627567.829044102
20330.0	6947760.637644514
20340.0	6971532.769997066
20350.0	9277519.642084302
20360.0	6572849.466733886
20370.0	11135773.640704758
20380.0	9089171.798139084
20390.0	8573638.826251483
20400.0	5902155.138934427
20410.0	6564808.34109586
20420.0	10527943.57567061
20430.0	11407935.153883595
20440.0	7062759.0001692865
20450.0	7790935.564266798
20460.0	9786286.280222429
20470.0	11299579.7157473
20480.0	12051146.93393318
20490.0	7728405.110030883
20500.0	8956389.382327134
20510.0	12232451.73029624
20520.0	6881524.126643552
20530.0	9863078.638260672
20540.0	7683097.148646739
20550.0	9586912.248764765
20560.0	9123091.0597319
20570.0	11724201.742222197
20580.0	12184982.25852612
20590.0	11892156.86229133
20600.0	12427753.983049143
20610.0	9076164.108584719
20620.0	9842992.547222612
20630.0	10926598.806770744
20640.0	7689374.748250262
20650.0	11493984.916408587
20660.0	11310886.947109519
20670.0	12777050.932979839
20680.0	11240454.376168493
20690.0	10690767.671000477
20700.0	12110922.54352536
20710.0	11101592.244917596
20720.0	10395786.535133686
20730.0	11704707.42879412
20740.0	12736902.410942473
20750.0	11929021.161092944
20760.0	11939478.908196868
20770.0	12076966.023343178
20780.0	13284478.045516405
20790.0	12912312.139868759
20800.0	11793089.8345196
20810.0	11940282.05487088
20820.0	12726965.520047853
20830.0	12359966.467364507
20840.0	12107463.434754241
20850.0	12267407.10797217
20860.0	13345578.025679808
20870.0	11152545.27252415
20880.0	13687698.139660759
20890.0	12646846.959478078
20900.0	12123864.503004767
20910.0	15068987.679611932
20920.0	11614588.610610662
20930.0	14402657.512013074
20940.0	12862255.171864556
20950.0	12290864.151329318
20960.0	14424584.789103284
20970.0	12192484.570955077
20980.0	14519043.109637978
20990.0	13017049.968706353
21000.0	14597791.437925084
21010.0	14941101.425755335
21020.0	12985169.370565016
21030.0	14160435.80817413
21040.0	13027138.743215805
21050.0	14334925.812581727
21060.0	14744753.218022205
21070.0	15018247.390703836
21080.0	15015043.297165986
21090.0	13473327.035206221
21100.0	13355495.683362573
21110.0	16401573.248840803
21120.0	13910554.835794935
21130.0	14824027.5032752
21140.0	16447982.097821716
21150.0	15174551.993749784
21160.0	14496310.410805665
21170.0	15142858.978235433
21180.0	12641336.867651869
21190.0	14208254.50120461
21200.0	13947301.60295817
21210.0	16276933.701996587
21220.0	15701438.222804079
21230.0	16377995.163064849
21240.0	14374246.954699736
21250.0	15805065.486383192
21260.0	17014004.303237762
21270.0	15644144.348463835
21280.0	14965524.29215618
21290.0	14935801.345017232
21300.0	14087282.390463436
21310.0	14776618.339896502
21320.0	16156364.986626642
21330.0	16302073.340192452
21340.0	16467637.368419943
21350.0	17211005.861698307
21360.0	15507292.763048869
21370.0	16318958.467276545
21380.0	16426966.612969266
21390.0	15509922.22161259
21400.0	15574382.915565036
21410.0	14933294.26311896
21420.0	14130987.832542362
21430.0	15214699.393484585
21440.0	17677639.114805795
21450.0	16830808.464046225
21460.0	17343490.95939087
21470.0	15900643.2942054
21480.0	16820760.02798403
21490.0	16371224.081935208
21500.0	15876949.275505325
21510.0	14679752.788135126
21520.0	15194629.382318992
21530.0	15770621.673250014
21540.0	16551206.203494908
21550.0	15774455.341903323
21560.0	14800520.483300945
21570.0	17170479.398982275
21580.0	16877563.90461052
21590.0	15442352.451559538
21600.0	16173283.30171899
21610.0	16201498.400008783
21620.0	16839479.70632331
21630.0	15790841.189969538
21640.0	16414965.482658945
21650.0	16353834.679328555
21660.0	14788709.444217384
21670.0	15045455.221965933
21680.0	17732139.29071707
21690.0	16680858.944799434
21700.0	16755410.39759278
21710.0	16174635.848991422
21720.0	17340739.812613215
21730.0	14999115.54058058
21740.0	15780014.14615893
21750.0	17285383.913409427
21760.0	14655446.69557052
21770.0	16920378.203378614
21780.0	14798139.735525098
21790.0	14559695.714064877
21800.0	15784596.164479664
21810.0	17026618.846203856
21820.0	17294288.83968783
21830.0	15937731.348316344
21840.0	16861257.530397855
21850.0	14624900.782066396
21860.0	15150772.092673747
21870.0	15379926.874635763
21880.0	15358532.252947737
21890.0	16536091.522499613
21900.0	16418031.797222862
21910.0	16210563.74160315
21920.0	16239710.813626977
21930.0	15342883.29300502
21940.0	16374812.438581977
21950.0	15204958.971004896
21960.0	15478031.906404244
21970.0	14341345.423388306
21980.0	15369311.98175537
21990.0	14953135.577824024
22000.0	15839171.06301934
22010.0	16064824.960363341
22020.0	15982802.377237076
22030.0	15852400.692080176
22040.0	13845168.678523136
22050.0	14122276.59553435
22060.0	17114500.346958287
22070.0	14484379.37942098
22080.0	14922414.65507646
22090.0	16105286.05940784
22100.0	16174372.443161247
22110.0	14572185.392181598
22120.0	17031325.383381974
22130.0	15841563.639641374
22140.0	16173758.123701036
22150.0	14846763.638601974
22160.0	15207843.934572266
22170.0	15225535.009247517
22180.0	15231879.1704806
22190.0	14441262.03232858
22200.0	12261334.69323671
22210.0	14859937.481176266
22220.0	15998076.304235576
22230.0	14814057.43780155
22240.0	13391935.294605393
22250.0	15751612.150509898
22260.0	16349650.70474638
22270.0	13585083.97012981
22280.0	14270141.205205023
22290.0	14870126.342772283
22300.0	14999227.577389657
22310.0	16155832.312055752
22320.0	16702723.483930182
22330.0	15076633.529413395
22340.0	16248403.882338036
22350.0	13962168.083055044
22360.0	12832879.380088381
22370.0	15914244.769024849
22380.0	16466609.247547666
22390.0	14036113.05596639
22400.0	16510871.106508084
22410.0	15945328.243039679
22420.0	14921164.844063371
22430.0	13900327.004269022
22440.0	13827607.222490715
22450.0	15156165.203285579
22460.0	17285551.121581562
22470.0	12903492.786261804
22480.0	14612856.435236454
22490.0	15655339.604885748
22500.0	13656853.058426797
22510.0	17404188.721695837
22520.0	15570696.88733279
22530.0	15573760.499471812
22540.0	14108377.366964992
22550.0	13585919.155659096
22560.0	14462763.636726003
22570.0	15090116.940258106
22580.0	13308015.420667352
22590.0	15916699.632557975
22600.0	14573418.49775276
22610.0	15351179.854876457
22620.0	15628790.115592303
22630.0	15117435.613981927
22640.0	14304296.582320528
22650.0	13868415.778048359
22660.0	14063557.04482295
22670.0	14459185.779065888
22680.0	14539556.648785988
22690.0	13578677.037251653
22700.0	12870181.509883104
22710.0	15202221.353885638
22720.0	13105128.34750857
22730.0	15008650.506501134
22740.0	15838767.163260499
22750.0	15593972.068772657
22760.0	13725354.893607609
22770.0	15156487.866651367
22780.0	15765848.72755155
22790.0	13895788.030111533
22800.0	12393135.857105637
22810.0	13235415.13852826
22820.0	14765726.570155859
22830.0	14054907.21130402
22840.0	13164639.035553243
22850.0	15385800.930776352
22860.0	14800198.576243503
22870.0	13656582.97631345
22880.0	16489980.058051707
22890.0	13508264.912049178
22900.0	15633689.807567066
22910.0	14088734.379167538
22920.0	13273963.03036971
22930.0	15324010.54338874
22940.0	6228393.824442534
22950.0	8425323.257591082
22960.0	8478833.946454842
22970.0	10188621.935972087
22980.0	9274710.079441106
22990.0	11243342.527637098
23000.0	12315755.16834913
23010.0	7688643.343979995
23020.0	12742404.283061698
23030.0	10685968.214469573
23040.0	12286565.919942105
23050.0	9987329.821474852
23060.0	10738464.773840804
23070.0	11158280.97164544
23080.0	10571837.884659389
23090.0	11666949.986878557
23100.0	8159209.084274368
23110.0	9802404.109642334
23120.0	9278287.539595995
23130.0	12429526.721751442
23140.0	9629678.510619929
23150.0	8795881.515287964
23160.0	9949392.03014607
23170.0	10901979.249114634
23180.0	8483488.873849014
23190.0	10360257.802754268
23200.0	11360586.831397107
23210.0	10359334.223448377
23220.0	9691970.059558485
23230.0	5560058.80706921
23240.0	7670040.03742734
23250.0	8643312.745357076
23260.0	11425793.632387461
23270.0	8995044.384989537
23280.0	9326515.339727636
23290.0	10234254.288420517
23300.0	8597872.722161952
23310.0	9903361.161867188
23320.0	8796524.843181733
23330.0	12374277.371770767
23340.0	9396133.91114199
23350.0	9999376.150412697
23360.0	9252881.617077578
23370.0	9711933.644241795
23380.0	11493033.948836781
23390.0	8355064.044307105
23400.0	7694670.392383263
23410.0	8897916.079118932
23420.0	10948887.186313344
23430.0	10428470.907927686
23440.0	10953216.807750698
23450.0	7102585.6088580545
23460.0	11798635.26095392
23470.0	10603964.520958105
23480.0	10875409.426464282
23490.0	11187891.934410555
23500.0	9742208.527399534
23510.0	8527060.274752071
23520.0	7437677.848097051
23530.0	6959731.9310249435
23540.0	6438375.018541282
23550.0	11966535.719709262
23560.0	7878167.485304348
23570.0	10462700.27538544
23580.0	7782343.973344722
23590.0	6283920.872818629
23600.0	10659237.287130129
23610.0	7267474.483445918
23620.0	8708554.410770234
23630.0	7404474.075151084
23640.0	8031089.73255065
23650.0	8869513.424588768
23660.0	8915166.282561274
23670.0	8678241.54853972
23680.0	6750830.470962092
23690.0	9434130.511529058
23700.0	9478847.042873327
23710.0	7183623.765141964
23720.0	9852086.183509314
23730.0	7497426.485627468
23740.0	10546321.550082887
23750.0	9073211.942539468
23760.0	7325719.236396959
23770.0	8186041.864149331
23780.0	6797339.797857318
23790.0	8531240.599396737
23800.0	10390004.067505192
23810.0	6392288.384438839
23820.0	9734531.495492052
23830.0	6455869.3987860475
23840.0	5059940.0474466365
23850.0	10929460.963183431
23860.0	6438672.540677471
23870.0	5924517.566607999
23880.0	7821004.137584342
23890.0	7644020.21074883
23900.0	11542719.081542281
23910.0	9168848.068659307
23920.0	4501822.908110199
23930.0	7640441.915293163
23940.0	10832089.904092394
23950.0	6707773.8666204335
23960.0	9221704.41617564
23970.0	7805409.510167157
23980.0	5853122.197959652
23990.0	9613123.372883154
24000.0	9544876.238158302
24010.0	6276837.374408502
24020.0	7991192.154508345
24030.0	8481346.318226943
24040.0	6301305.894164781
24050.0	9453986.042962862
24060.0	9336062.549860494
24070.0	6993010.741166576
24080.0	6173094.1138023995
24090.0	7279307.145375167
24100.0	6273204.924293973
24110.0	7902674.668410806
24120.0	6762496.812805713
24130.0	7170328.341333601
24140.0	4983594.784655982
24150.0	9198013.418223465
24160.0	5948917.167013006
24170.0	7134056.101615266
24180.0	7109291.0377962915
24190.0	5840166.087176167
24200.0	6403880.367719848
24210.0	8125558.544788752
24220.0	6070800.443452895
24230.0	7346992.754836107
24240.0	7331388.2322539855
24250.0	5779883.1575056715
24260.0	5907907.807936456
24270.0	6560356.955146536
24280.0	5442315.556094564
24290.0	8692395.623437658
24300.0	6524471.798737337
24310.0	4139920.8499657493
24320.0	8206910.575228472
24330.0	5754809.604693116
24340.0	5092715.817689478
24350.0	5442683.32912534
24360.0	6530824.708024194
24370.0	3741602.5337449997
24380.0	6683417.918344988
24390.0	7934992.78872736
24400.0	6808333.179349925
24410.0	6806183.953933217
24420.0	6200777.188330911
24430.0	5144744.845981016
24440.0	4647706.3738183575
24450.0	5768609.370173982
24460.0	4670380.641614366
24470.0	5569091.889660036
24480.0	2820388.4405848025
24490.0	6452225.07666445
24500.0	5108634.915844934
24510.0	6078219.355909993
24520.0	4037711.912078377
24530.0	4015635.3280261196
24540.0	2838118.7683493467
24550.0	5290707.801632798
24560.0	6203976.8421276985
24570.0	5935918.018732376
24580.0	6675086.769010264
24590.0	6022140.316164056
24600.0	6408628.23327214
24610.0	2308720.651976338
24620.0	6608564.617224225
24630.0	3890508.639876894
24640.0	6909545.127402629
24650.0	7855877.423676535
24660.0	4226589.525853305
24670.0	5197315.562589164
24680.0	2323247.0456490032
24690.0	5555950.880444773
24700.0	5633532.338556389
24710.0	4245033.295839404
24720.0	4127086.823032351
24730.0	3882853.5463510184
24740.0	3917597.2835689536
24750.0	2573835.641263394
24760.0	3044817.1106033456
24770.0	6943603.206321885
24780.0	4395438.007321497
24790.0	1207918.7208363796
24800.0	4601513.679843773
24810.0	4849003.0412763
24820.0	2725653.991417087
24830.0	2267343.473727631
24840.0	4089622.822257285
24850.0	6654737.451856999
24860.0	4238535.884516782
24870.0	3134876.0187547193
24880.0	2872556.2261210093
24890.0	2295870.281710362
24900.0	1937814.277467245
24910.0	2047218.9512838838
24920.0	4554920.451996798
24930.0	2966149.5765314847
24940.0	6720505.684746788
24950.0	3957915.7505545956
24960.0	3425090.4425292527
24970.0	2777281.7813298786
24980.0	1540814.5956359808
24990.0	2975288.371333682
