# Flux units: erg / (cm m2 s)
# Wavelength units: Angstrom
wave	flux
9000.0	1088817291.9381585
9010.0	1218034584.2953336
9020.0	1073686948.2362673
9030.0	1110835723.697528
9040.0	1182224813.8529155
9050.0	1255451339.4372246
9060.0	1301484547.0946875
9070.0	1374675201.343285
9080.0	1454945101.5679936
9090.0	1458552647.5771148
9100.0	1510550927.0546474
9110.0	1528075983.0240827
9120.0	1606894897.1181989
9130.0	1621188004.3408086
9140.0	1686263987.720436
9150.0	1754037160.7417228
9160.0	1788203113.3156765
9170.0	1834539713.0530603
9180.0	1825756054.5621326
9190.0	1917498098.963244
9200.0	1899813754.8596408
9210.0	1482024577.75738
9220.0	1335255082.8430505
9230.0	1150658575.9274855
9240.0	1125357901.7085977
9250.0	1185292597.7128124
9260.0	1251996385.4648721
9270.0	1268192464.1133099
9280.0	1066783678.7288591
9290.0	1032297845.8608829
9300.0	969250485.7404299
9310.0	1042918766.4369918
9320.0	1020576559.478143
9330.0	1153107577.7430267
9340.0	1131158981.3156393
9350.0	1105284490.243219
9360.0	1150726458.9020562
9370.0	1043286268.7724589
9380.0	1192427195.361388
9390.0	1196312124.3804817
9400.0	1280837175.6170707
9410.0	1266478580.5102537
9420.0	1234981945.9255106
9430.0	1273671750.8752577
9440.0	1198744064.7406726
9450.0	1282772980.7335377
9460.0	1320383065.920712
9470.0	1389335706.9245799
9480.0	1407394015.259377
9490.0	1440613779.3512459
9500.0	1406794950.6585524
9510.0	1373365010.271281
9520.0	1383823486.8579445
9530.0	1431351806.224863
9540.0	1426368085.8111198
9550.0	1414205134.7477298
9560.0	1473606661.4479773
9570.0	1432667456.9194193
9580.0	1433724969.176525
9590.0	1398906421.5158179
9600.0	1444283115.8848886
9610.0	1410927729.326051
9620.0	1438702855.8181105
9630.0	1490934954.6496363
9640.0	1405830608.1906238
9650.0	1474383261.9102685
9660.0	1485610227.9426522
9670.0	1477166575.5422153
9680.0	1519669359.6314394
9690.0	1567540314.0061226
9700.0	1634814441.0560958
9710.0	1622972553.3292606
9720.0	1504767071.153234
9730.0	1341510673.2072082
9740.0	1330303231.3961911
9750.0	1371752319.3425171
9760.0	1468863371.7204528
9770.0	1496361447.4364905
9780.0	1570805012.9796026
9790.0	1532229030.8874867
9800.0	1648966059.6562183
9810.0	1448176783.9320066
9820.0	1460687354.9255068
9830.0	1444183391.572825
9840.0	1509247485.2258296
9850.0	1582096001.99819
9860.0	1692127428.2718568
9870.0	1694288827.9936228
9880.0	1754767293.9210026
9890.0	1827587754.7718995
9900.0	1535027450.3868194
9910.0	1472701405.0305672
9920.0	1439914148.2520783
9930.0	1570286583.0351744
9940.0	1644661845.5471494
9950.0	1777676024.8625486
9960.0	1736906081.4848242
9970.0	1807076329.6249022
9980.0	1802409626.9964848
9990.0	1655677006.968426
10000.0	1742430761.5019011
10010.0	1740769933.2049007
10020.0	1805346540.1039152
10030.0	1811385252.403989
10040.0	1637891942.9140985
10050.0	1672763923.3186643
10060.0	1643922260.1464858
10070.0	1714957197.7197478
10080.0	1814542932.777505
10090.0	1763584635.875155
10100.0	1854978606.8571837
10110.0	1852116167.6198049
10120.0	1896190773.8048317
10130.0	1938510936.9942138
10140.0	1902117454.383505
10150.0	1753527711.8415244
10160.0	1769849186.573867
10170.0	1780653493.2936358
10180.0	1864677383.1857357
10190.0	1832409940.8084116
10200.0	1859714389.7807138
10210.0	1914174696.8622289
10220.0	1878242869.0692918
10230.0	1925572153.8426356
10240.0	1997573558.1453724
10250.0	1967907846.7508981
10260.0	1822737540.7640254
10270.0	1798733974.3718386
10280.0	1843295988.9074543
10290.0	1856152525.089102
10300.0	1903275155.467046
10310.0	1988490457.3123765
10320.0	2011788490.2512217
10330.0	1948063674.2857914
10340.0	2031419330.5223658
10350.0	1894560834.4847496
10360.0	2082273940.2307968
10370.0	2077084913.329779
10380.0	2006581396.4013002
10390.0	2056133089.058371
10400.0	2031208197.515611
10410.0	2144317070.2781076
10420.0	2074432179.9910164
10430.0	1999832248.888377
10440.0	2141204939.94209
10450.0	2132545211.392934
10460.0	2057733335.4772096
10470.0	1968295130.6896322
10480.0	1825797616.9066613
10490.0	1887981210.4418452
10500.0	1866883933.4066718
10510.0	1842759750.3622236
10520.0	1819655431.203523
10530.0	1665400462.7140489
10540.0	1778108277.204955
10550.0	1686502226.2649345
10560.0	1678139663.9837592
10570.0	1633064060.971595
10580.0	1653340330.034433
10590.0	1576773520.364034
10600.0	1688632811.5493562
10610.0	1670286268.4194207
10620.0	1747255686.5430284
10630.0	1802793191.3383098
10640.0	1833750092.3329341
10650.0	1828589773.8200932
10660.0	1836542422.313971
10670.0	1886367288.8224227
10680.0	1902095905.319875
10690.0	1978739934.0859718
10700.0	2032234977.226098
10710.0	2007775465.348278
10720.0	2076785676.852985
10730.0	2070602477.0684948
10740.0	2097791121.7755718
10750.0	2111106553.6359746
10760.0	2127120467.813822
10770.0	2173393266.279849
10780.0	2189781999.7288723
10790.0	2196700260.9670606
10800.0	2188173489.421979
10810.0	2174473435.3480864
10820.0	2229498556.3049726
10830.0	2290765702.0519476
10840.0	2303916047.493654
10850.0	2261916075.4345026
10860.0	2223639902.2500467
10870.0	2269654517.0556183
10880.0	2262681982.42108
10890.0	2215563224.7886953
10900.0	2240331278.3114486
10910.0	2225738556.686112
10920.0	2226444452.9315033
10930.0	2223530610.7784066
10940.0	2229584135.8242908
10950.0	2194212465.233301
10960.0	2102517255.0888991
10970.0	2171920255.4862313
10980.0	2136546463.7587206
10990.0	2128920278.7492435
11000.0	2137501515.2942626
11010.0	2160141602.24981
11020.0	2165321054.7212434
11030.0	2007453772.2054012
11040.0	1730393295.312251
11050.0	1741805117.2163165
11060.0	1749891303.5069432
11070.0	1808720079.175363
11080.0	1803638841.7335649
11090.0	1897479748.3104086
11100.0	1840954438.7393749
11110.0	1732889700.260099
11120.0	1943959041.7761862
11130.0	1886557393.0702713
11140.0	1958198843.6999063
11150.0	1930543862.8253763
11160.0	1899204333.2933846
11170.0	1802306862.8834214
11180.0	1921697755.3671613
11190.0	1862621932.102503
11200.0	1820211162.701757
11210.0	1912897970.5396552
11220.0	1923757416.4765012
11230.0	1984190636.7176404
11240.0	1978120606.7682068
11250.0	1987756511.0175748
11260.0	1977073911.700853
11270.0	2049177509.0489926
11280.0	2012106370.0161076
11290.0	2053745698.0750782
11300.0	1954601286.0289896
11310.0	1992659127.9490528
11320.0	1993690678.6399472
11330.0	2020302468.1384246
11340.0	1885060797.0100539
11350.0	1808107136.9579751
11360.0	1984380494.1329398
11370.0	1961737765.732693
11380.0	1827002056.5977256
11390.0	1920948392.628022
11400.0	1998428549.425335
11410.0	1734967231.0902953
11420.0	2029564933.59008
11430.0	1975342172.3118904
11440.0	1870223620.950588
11450.0	1999381746.3447607
11460.0	2016053748.8925102
11470.0	2060950300.5759966
11480.0	2004410632.342954
11490.0	2101482453.7145894
11500.0	2072589415.2604933
11510.0	2055717445.3060877
11520.0	2023493986.101593
11530.0	2010039873.0463145
11540.0	1999460791.5441632
11550.0	2069802995.916899
11560.0	2047768482.7683568
11570.0	2028030414.3914373
11580.0	2030437735.003813
11590.0	2092585974.1662555
11600.0	1970348486.476089
11610.0	1980413522.9634438
11620.0	2017574739.8452172
11630.0	2125895416.760664
11640.0	1998506096.5713747
11650.0	2111644050.9682276
11660.0	2005517588.0756636
11670.0	2069307340.050988
11680.0	2052023006.3085115
11690.0	1830462786.0025418
11700.0	2005112979.6053846
11710.0	2032504912.3618186
11720.0	2005920463.412083
11730.0	2041437244.8849738
11740.0	1892579404.6925523
11750.0	1924726758.5712383
11760.0	1880197883.0320501
11770.0	1825812522.4414597
11780.0	1705780638.587375
11790.0	1876996885.265083
11800.0	1844757379.9072924
11810.0	1904088147.4107158
11820.0	1832519846.2007232
11830.0	1833906405.732923
11840.0	1835067970.364101
11850.0	1817215089.3085806
11860.0	1863313206.401332
11870.0	1888768132.3356273
11880.0	1828236660.2949579
11890.0	1748027891.48871
11900.0	1839226533.4673555
11910.0	1843507249.199825
11920.0	1853133224.15097
11930.0	1915600169.7525551
11940.0	1836446825.5404818
11950.0	1862200809.2839315
11960.0	1889561661.5674596
11970.0	1898990348.9813895
11980.0	1826858887.6455572
11990.0	1902771703.958335
12000.0	1909048006.808808
12010.0	1951386160.7515023
12020.0	1952859508.7756777
12030.0	1921753937.9433508
12040.0	1984530608.4191906
12050.0	1984551918.6849973
12060.0	2056381047.358826
12070.0	1967587268.8614848
12080.0	1992941252.3220148
12090.0	1985525883.3984485
12100.0	2086545545.2940469
12110.0	2019044751.9873228
12120.0	2023714277.6325846
12130.0	1999385927.1691256
12140.0	2101751972.4163287
12150.0	2113737152.9378576
12160.0	2079100022.0035374
12170.0	2064309108.0437114
12180.0	2126913329.9897757
12190.0	2117135385.2092757
12200.0	2134307008.7555149
12210.0	2106728577.7771106
12220.0	2098622162.1205218
12230.0	2119810152.7679818
12240.0	2124395979.5212724
12250.0	2156065287.030966
12260.0	2137016856.0282876
12270.0	2156572621.9619017
12280.0	2140329345.0001848
12290.0	2181513762.3818445
12300.0	2136383273.0531921
12310.0	2168290172.2520847
12320.0	2118380474.8848176
12330.0	2157350087.0210495
12340.0	2158235160.7203426
12350.0	2156520820.5504823
12360.0	2171522104.592361
12370.0	2163124424.7139235
12380.0	2182926005.561991
12390.0	2156656831.2501826
12400.0	2181271091.928916
12410.0	1999468848.7974527
12420.0	1990268733.3866975
12430.0	2007421099.0515852
12440.0	1940770541.7056282
12450.0	2075325329.112235
12460.0	2037877301.8258133
12470.0	2075195327.3173158
12480.0	2046399569.7039413
12490.0	2077134845.0546508
12500.0	2091561211.6499412
12510.0	2111008073.7081726
12520.0	2088813373.5143082
12530.0	2012132810.2759516
12540.0	2113686923.7582786
12550.0	2041111528.751728
12560.0	2046333623.0692716
12570.0	1997498017.589833
12580.0	2020110294.5478392
12590.0	2023221871.8256729
12600.0	2025961368.6020615
12610.0	2058785247.0773857
12620.0	2054769103.2592745
12630.0	2073199661.358796
12640.0	2016420198.2647135
12650.0	2076777828.8345122
12660.0	2072059889.5348613
12670.0	2089670188.874244
12680.0	2047720420.448616
12690.0	2111112810.7733712
12700.0	2029974921.6559906
12710.0	2043814337.4383337
12720.0	2092625796.678905
12730.0	2081723286.8331738
12740.0	2068464263.873995
12750.0	2043386058.299111
12760.0	2099897776.2241392
12770.0	2111081884.6051638
12780.0	2110229198.3589163
12790.0	2105388692.735906
12800.0	2099641667.1279619
12810.0	2111502151.6238778
12820.0	2135311820.1765492
12830.0	2026282169.4442255
12840.0	2086273876.440382
12850.0	2092180837.5130346
12860.0	2066489232.953454
12870.0	2116878306.0657704
12880.0	2088280719.196504
12890.0	2104168075.6370869
12900.0	2068767319.1740193
12910.0	2094545518.6110623
12920.0	2101736029.9624174
12930.0	2121629317.5537932
12940.0	2163102157.2883916
12950.0	2117652496.482786
12960.0	2139526005.289323
12970.0	2121596831.884133
12980.0	2118003322.6272511
12990.0	2110263432.677245
13000.0	2133922241.9907465
13010.0	2120565271.2406592
13020.0	2137979852.6620898
13030.0	2130084005.7792645
13040.0	2140276147.5645607
13050.0	2134468068.401239
13060.0	2144516796.6336977
13070.0	2073845406.372458
13080.0	2096490276.7857533
13090.0	2061837750.3881142
13100.0	2052780662.2020004
13110.0	2111272845.7785711
13120.0	2071878780.766887
13130.0	1983376442.3318057
13140.0	2052564912.7517412
13150.0	2007956499.945274
13160.0	2040626416.459303
13170.0	2060408732.5557952
13180.0	2015396408.5714118
13190.0	2045947657.6149693
13200.0	2028447841.885914
13210.0	2053279364.7775266
13220.0	1975766033.6168962
13230.0	2026905517.899428
13240.0	1995491814.247696
13250.0	1882233099.2728014
13260.0	1994751681.6527119
13270.0	1883203884.1183615
13280.0	1901849739.374293
13290.0	1903769897.4326863
13300.0	1825178603.1520417
13310.0	1741739341.4578333
13320.0	1531062166.488002
13330.0	1587298995.6092122
13340.0	1550725755.267385
13350.0	1105191496.6580732
13360.0	1336174124.58004
13370.0	1176588943.3344507
13380.0	1366098871.562487
13390.0	1278062268.3444455
13400.0	1500386697.8375406
13410.0	1334108030.622667
13420.0	1161985360.180595
13430.0	1083581563.2380455
13440.0	1353295373.4586573
13450.0	1183116298.3880932
13460.0	1353934586.7199268
13470.0	1167569556.2145061
13480.0	1148173368.6321895
13490.0	1411596163.5578873
13500.0	1202163955.1343262
13510.0	1143631299.6576838
13520.0	1204813421.8159087
13530.0	1231833815.7401862
13540.0	1114502201.2102323
13550.0	1129329020.686114
13560.0	1230110323.3638496
13570.0	1180715771.9937787
13580.0	1082664207.4945436
13590.0	1160531881.0760381
13600.0	1143649493.4582658
13610.0	1154038728.357034
13620.0	972657174.3347385
13630.0	1155098404.1075492
13640.0	1154097030.916998
13650.0	1077594085.9867268
13660.0	1182576769.667642
13670.0	1114288750.6602354
13680.0	1103065347.0670245
13690.0	1081752696.5178838
13700.0	1097064363.4818745
13710.0	1015883744.680634
13720.0	1085386642.2126882
13730.0	1079355400.4052439
13740.0	1019258568.6333978
13750.0	1113595538.4751387
13760.0	1130540412.2348032
13770.0	1100287310.850011
13780.0	1167669116.4791365
13790.0	1092380290.7024765
13800.0	1178863595.278722
13810.0	1123214677.2236588
13820.0	1198207463.3860457
13830.0	1069984095.3489158
13840.0	1159353082.691916
13850.0	1190536028.4501412
13860.0	1113287389.3854938
13870.0	1152733816.4564364
13880.0	1083131138.4441562
13890.0	1233636981.2982707
13900.0	1032977241.1120533
13910.0	966917635.8604393
13920.0	1045035434.3376276
13930.0	988165232.8699946
13940.0	1027976344.7992358
13950.0	1050251600.8065479
13960.0	1082678384.2014942
13970.0	1039194789.9312207
13980.0	941783173.1035655
13990.0	1030464791.649798
14000.0	978848812.8526443
14010.0	918349708.0404613
14020.0	1074373263.0401623
14030.0	1034735445.4320065
14040.0	980042332.8171903
14050.0	1012547792.5923264
14060.0	1085008204.2862372
14070.0	926834729.9646232
14080.0	971588904.4487634
14090.0	919183509.218272
14100.0	956205046.3429102
14110.0	922936233.3981214
14120.0	901595387.5916663
14130.0	1016390786.9084662
14140.0	943357990.6626952
14150.0	843501905.0652423
14160.0	960718746.5173028
14170.0	844531663.3336695
14180.0	819663842.0834223
14190.0	854817067.392491
14200.0	973166935.6624837
14210.0	930195350.0390841
14220.0	847537832.9271452
14230.0	916031618.2144283
14240.0	862879454.9981651
14250.0	859023998.1096928
14260.0	834536162.1409764
14270.0	881843601.8794354
14280.0	868604166.6397257
14290.0	732587097.3744454
14300.0	996819826.4054465
14310.0	949558951.0311832
14320.0	831826466.7362258
14330.0	890549112.4686437
14340.0	780404908.3256719
14350.0	943742117.8108397
14360.0	889895882.7273965
14370.0	852370593.7111547
14380.0	918995551.6891801
14390.0	907646816.9267186
14400.0	908751264.1164656
14410.0	836377811.01438
14420.0	885565254.5074756
14430.0	965964406.390623
14440.0	936563258.9745073
14450.0	883132906.6167771
14460.0	945626514.6318141
14470.0	845851146.2057799
14480.0	905353484.5701947
14490.0	1028850622.0262702
14500.0	883669592.8840612
14510.0	852775735.0116112
14520.0	1043668064.619932
14530.0	940915071.150716
14540.0	874783279.7508314
14550.0	1060906661.6581248
14560.0	892067189.8530271
14570.0	911359999.6659741
14580.0	964382896.3206348
14590.0	972284865.3862491
14600.0	954266056.615603
14610.0	905016340.8960845
14620.0	916475182.8049214
14630.0	821624750.8404862
14640.0	966360100.4471666
14650.0	914050540.1206981
14660.0	977822840.5185654
14670.0	940160113.0646826
14680.0	835485091.4324802
14690.0	837462753.9306531
14700.0	859942686.370862
14710.0	914206534.7073582
14720.0	899420529.7851526
14730.0	942044157.6962122
14740.0	867096008.3450912
14750.0	880891215.8841968
14760.0	886991006.7442108
14770.0	907292773.7018106
14780.0	875197061.5802002
14790.0	1014949285.2968687
14800.0	832565011.7591256
14810.0	927643549.6238737
14820.0	836866641.4634128
14830.0	917477060.9238153
14840.0	993764216.9955955
14850.0	888055663.9361533
14860.0	915615692.4848311
14870.0	965085065.4113346
14880.0	909376348.3198366
14890.0	913021376.2013752
14900.0	902791195.9469628
14910.0	966735762.5444572
14920.0	927879358.9045427
14930.0	912202113.5222723
14940.0	868867216.819522
14950.0	954477714.7145689
14960.0	938514015.9956616
14970.0	977311866.3905959
14980.0	969574273.8012049
14990.0	994990175.761021
15000.0	915602240.6763668
15010.0	934155528.3282808
15020.0	850234923.9253635
15030.0	1039543433.5958275
15040.0	929165051.0401667
15050.0	970629496.1353296
15060.0	945524586.628239
15070.0	1024898990.942401
15080.0	918135997.9356396
15090.0	1003580488.2808822
15100.0	954754837.3874353
15110.0	984479053.4683939
15120.0	1013252087.25342
15130.0	925266116.0706946
15140.0	974083309.7509054
15150.0	1052364307.5362087
15160.0	1011766817.0240834
15170.0	950145907.014136
15180.0	985305372.2317743
15190.0	983323427.2466688
15200.0	978626472.1109705
15210.0	1061078543.7755805
15220.0	1041463484.4269333
15230.0	1046742649.470729
15240.0	1012024199.995537
15250.0	951328774.2655098
15260.0	956358436.7139019
15270.0	990866851.7796142
15280.0	1012945930.5148724
15290.0	1017970345.0327383
15300.0	1109618090.5396917
15310.0	1023699164.3800037
15320.0	912493363.3285815
15330.0	986654698.1732099
15340.0	1090700883.3692756
15350.0	1025362968.856434
15360.0	1051940435.8543189
15370.0	997366234.8195956
15380.0	1008667669.1720421
15390.0	1077503448.5994897
15400.0	1002110528.9933833
15410.0	962715333.6125911
15420.0	1063715497.964611
15430.0	1015924890.9708142
15440.0	1002865403.3898854
15450.0	1060845351.9638833
15460.0	1123041514.5101905
15470.0	1032702518.3697913
15480.0	1020836176.2971025
15490.0	1070419916.322942
15500.0	1095689422.1651864
15510.0	1011491998.3769709
15520.0	1090635822.0228858
15530.0	1107908254.0962634
15540.0	1081924140.3638453
15550.0	1057319671.1170214
15560.0	1063079359.4447203
15570.0	1057970739.5122249
15580.0	997107540.144415
15590.0	1065460437.9285129
15600.0	1078697578.5051715
15610.0	1091863296.9804525
15620.0	1111419931.5378327
15630.0	1120932198.8973641
15640.0	1129586475.13434
15650.0	1066180148.1466478
15660.0	1000230865.001082
15670.0	1148557790.491171
15680.0	1185235364.6144905
15690.0	1125118129.6334083
15700.0	1086567568.0680885
15710.0	1129803770.964315
15720.0	1113774856.5187206
15730.0	1117174599.1317894
15740.0	1162131654.0290265
15750.0	1156954003.4623744
15760.0	1115324522.0731652
15770.0	1156922126.137479
15780.0	1120410750.6563575
15790.0	1155643029.837239
15800.0	1135837579.8668551
15810.0	1173366532.1068184
15820.0	1150691654.0895982
15830.0	1188366311.1010025
15840.0	1141583879.9027147
15850.0	1136934054.4631279
15860.0	1227352303.5851858
15870.0	1189952787.565971
15880.0	1193007021.3981917
15890.0	1187975223.2459202
15900.0	1106050298.7531998
15910.0	1209233799.3605673
15920.0	1169922935.985644
15930.0	1172964458.8209019
15940.0	1217857965.3532891
15950.0	1230737111.403554
15960.0	1235687097.4648898
15970.0	1209087957.9590938
15980.0	1204893945.0801222
15990.0	1210349114.9285216
16000.0	1230664731.0348608
16010.0	1241413531.8117886
16020.0	1172886219.1909425
16030.0	1275237875.5987508
16040.0	1204727928.3109524
16050.0	1228402809.797094
16060.0	1206263379.5907948
16070.0	1225154749.5208054
16080.0	1247081063.4183972
16090.0	1248336577.3429332
16100.0	1249920981.574619
16110.0	1216214259.662384
16120.0	1251775684.312465
16130.0	1257079373.1639955
16140.0	1240634419.6384363
16150.0	1255199486.9944944
16160.0	1247403672.2947452
16170.0	1312638993.4645424
16180.0	1306216280.083058
16190.0	1209927795.4305918
16200.0	1239849184.17769
16210.0	1212745908.3147237
16220.0	1287684164.4412858
16230.0	1267786890.9671738
16240.0	1304983878.7160535
16250.0	1258238058.1653402
16260.0	1238850938.6972299
16270.0	1301256449.0390248
16280.0	1299882376.5564785
16290.0	1292532859.8475375
16300.0	1293200295.8583996
16310.0	1275248655.6784165
16320.0	1273597499.4357007
16330.0	1317116843.7869565
16340.0	1318548501.1900804
16350.0	1282912221.849008
16360.0	1292026420.7721312
16370.0	1307526682.0862067
16380.0	1345360459.5524914
16390.0	1317411141.8441572
16400.0	1308202924.789489
16410.0	1313404629.2889714
16420.0	1310114445.2427003
16430.0	1315552759.414336
16440.0	1335393207.846882
16450.0	1313326389.8015125
16460.0	1330573088.9407194
16470.0	1349758263.8048837
16480.0	1344618780.1725905
16490.0	1349100414.8934722
16500.0	1339012317.9736433
16510.0	1322301723.2335308
16520.0	1347607773.014386
16530.0	1330063108.4147224
16540.0	1320221450.3942165
16550.0	1350897908.423614
16560.0	1396608329.7587557
16570.0	1383927981.183385
16580.0	1367288854.9358137
16590.0	1332017178.9279
16600.0	1337281511.5583236
16610.0	1321393606.24323
16620.0	1336855293.7702453
16630.0	1393286715.5183995
16640.0	1385922359.8038163
16650.0	1381366796.204426
16660.0	1375177419.193657
16670.0	1344997001.6420112
16680.0	1360463656.834387
16690.0	1376501856.9286742
16700.0	1370265996.0379314
16710.0	1376173616.5946083
16720.0	1336641357.4404168
16730.0	1361341637.2687743
16740.0	1397038139.0648217
16750.0	1394497108.0257168
16760.0	1388554589.9534853
16770.0	1356469742.287606
16780.0	1398391522.184049
16790.0	1408320100.2854493
16800.0	1381014367.1378064
16810.0	1403128726.6719916
16820.0	1404111590.6492991
16830.0	1398835262.9285178
16840.0	1366004719.3380332
16850.0	1395698102.4596593
16860.0	1384901045.0023046
16870.0	1340761304.8189683
16880.0	1337069405.924936
16890.0	1311657390.039574
16900.0	1361443496.0423565
16910.0	1360210341.5317967
16920.0	1318001213.9474523
16930.0	1366213837.8034728
16940.0	1363083710.6862411
16950.0	1338314892.0494068
16960.0	1329616362.2584274
16970.0	1323089213.4957623
16980.0	1294912169.9544575
16990.0	1319460025.2245152
17000.0	1289783430.0811613
17010.0	1310562006.2587726
17020.0	1338366255.9057584
17030.0	1315844678.1931167
17040.0	1255912747.9458897
17050.0	1263526714.3486073
17060.0	1306273954.3987114
17070.0	1242749271.5221133
17080.0	1221136770.2687793
17090.0	1206347921.7714772
17100.0	1266697164.6496124
17110.0	1151278709.670472
17120.0	1180677647.3257928
17130.0	1244539997.831738
17140.0	1149644297.4145088
17150.0	1192406096.7622552
17160.0	1161852865.6390996
17170.0	1148483917.5128605
17180.0	1089211517.0197086
17190.0	1071115651.8468031
17200.0	1121670672.4092083
17210.0	1122580443.652265
17220.0	1206251558.652736
17230.0	1097602253.6285613
17240.0	1069562992.1142507
17250.0	1173394434.5487971
17260.0	1161436048.5455954
17270.0	961730515.1217208
17280.0	1183374394.7473207
17290.0	1117905601.6364362
17300.0	1088000912.3419065
17310.0	1171036144.7240648
17320.0	996616241.2539673
17330.0	1113974259.6257565
17340.0	1038672738.4022619
17350.0	966996683.6914136
17360.0	1097368449.355989
17370.0	1005043829.8837215
17380.0	1082138435.048089
17390.0	1083320969.5786946
17400.0	1013696269.5556148
17410.0	1035933912.5158087
17420.0	1119776777.7316577
17430.0	982665000.3542159
17440.0	1002337917.4061979
17450.0	1008053764.7461346
17460.0	1044247831.1236143
17470.0	978917010.8371109
17480.0	964787695.5161238
17490.0	1059701797.1467993
17500.0	965908199.3403828
17510.0	940875781.3264878
17520.0	969417572.5046544
17530.0	1065745780.9349928
17540.0	937707024.1956089
17550.0	987145179.5592343
17560.0	840794311.7311265
17570.0	934223054.043042
17580.0	917078507.5590478
17590.0	891225393.5615219
17600.0	1023125846.0088593
17610.0	868095398.919728
17620.0	914476852.6456946
17630.0	837258698.3240783
17640.0	970501020.1991946
17650.0	948493074.9260502
17660.0	992171582.0533357
17670.0	893657875.9979722
17680.0	798028619.1447008
17690.0	837611052.1507766
17700.0	963875887.0622649
17710.0	915840818.6062263
17720.0	806284854.4886216
17730.0	784609794.7214388
17740.0	911269393.7387807
17750.0	793113502.4950945
17760.0	837246699.7733114
17770.0	796405876.4328724
17780.0	822971859.9030141
17790.0	844862766.664737
17800.0	774200513.7014164
17810.0	808454313.5254256
17820.0	799898132.8176059
17830.0	771143013.9506266
17840.0	910392798.6705616
17850.0	803398474.3506712
17860.0	748990543.798706
17870.0	684955866.6642805
17880.0	816302234.154118
17890.0	771655224.9101028
17900.0	831652736.3863803
17910.0	764348463.3644251
17920.0	727479682.6701118
17930.0	750500498.1149133
17940.0	773622901.6140049
17950.0	700789081.4571782
17960.0	719491590.325098
17970.0	836420830.0194011
17980.0	775410204.1086521
17990.0	768784630.9469488
18000.0	664204949.7824309
18010.0	670597823.3707757
18020.0	707819168.3439889
18030.0	674626432.7863824
18040.0	768811062.7152073
18050.0	751654536.7171695
18060.0	657944338.7099814
18070.0	710665155.1136382
18080.0	708142009.6500015
18090.0	655255876.1568773
18100.0	747290966.3463978
18110.0	598814621.5743984
18120.0	734769047.3458406
18130.0	621293189.959342
18140.0	789922280.6108686
18150.0	774461819.7169929
18160.0	738769644.2169496
18170.0	692728404.084632
18180.0	677218095.6749576
18190.0	678092933.7588018
18200.0	646314643.1505146
18210.0	687035202.6096792
18220.0	573579775.6105417
18230.0	728399597.9059442
18240.0	816857778.6917931
18250.0	660797793.8908314
18260.0	601431460.7007694
18270.0	710106024.998618
18280.0	656136991.4426483
18290.0	691492528.8330277
18300.0	704411871.5885167
18310.0	666360181.9184468
18320.0	678610817.4356866
18330.0	588387515.5301877
18340.0	700515097.0374341
18350.0	640609724.1454335
18360.0	666145608.1130587
18370.0	721019614.4535681
18380.0	616625608.0121431
18390.0	658769887.1713507
18400.0	605011616.6935809
18410.0	727670588.0450516
18420.0	586124227.3025897
18430.0	614274032.5503074
18440.0	609423743.1725435
18450.0	599209499.6432554
18460.0	610072650.2484152
18470.0	551874735.0483944
18480.0	561188896.1566485
18490.0	574930041.1737334
18500.0	544131670.6600212
18510.0	650765475.3464099
18520.0	687497774.3251318
18530.0	597119432.1115233
18540.0	591132732.1797028
18550.0	616260432.9725839
18560.0	609790487.693636
18570.0	511818816.1207716
18580.0	479343261.3928756
18590.0	498651837.53153837
18600.0	507040267.8359066
18610.0	503589375.85354984
18620.0	588052593.7487549
18630.0	559721805.2105323
18640.0	595917483.1864356
18650.0	495714911.8223138
18660.0	608394118.283284
18670.0	587961328.2367351
18680.0	531256647.59633005
18690.0	603828271.0154556
18700.0	620259500.8763586
18710.0	563614673.9594036
18720.0	615256481.257237
18730.0	496783901.455105
18740.0	601978384.4910382
18750.0	561298305.1726674
18760.0	597234424.1254169
18770.0	566099626.9918541
18780.0	546533964.595376
18790.0	500566310.38996845
18800.0	570889189.1969893
18810.0	599683557.4062716
18820.0	610631677.5013517
18830.0	672105226.6073878
18840.0	670916340.7133479
18850.0	545982568.6961386
18860.0	613896987.6037719
18870.0	577965606.1649704
18880.0	663761377.2129518
18890.0	566297863.7238674
18900.0	640074480.2524691
18910.0	616430172.0954907
18920.0	479864930.58063096
18930.0	521570942.365405
18940.0	580508278.1436795
18950.0	598783732.5150936
18960.0	570386311.7615404
18970.0	667019461.805256
18980.0	552636273.4133542
18990.0	592434209.8618068
19000.0	678241763.3057152
19010.0	576677793.6036868
19020.0	667195301.0997074
19030.0	584343884.3174552
19040.0	594036247.6124839
19050.0	601871739.1572146
19060.0	611307963.9883592
19070.0	591000508.8101498
19080.0	652428953.808531
19090.0	612656916.8050601
19100.0	612433061.2141105
19110.0	521759212.4301918
19120.0	579897954.2084371
19130.0	633619343.0412546
19140.0	657329381.6642071
19150.0	656210169.3613622
19160.0	561740564.4718204
19170.0	553762235.4751831
19180.0	570247749.6547214
19190.0	645742092.4388613
19200.0	619366013.6241909
19210.0	571877366.0032215
19220.0	606654986.7937214
19230.0	624541401.6061364
19240.0	559862740.3056039
19250.0	630161956.8671371
19260.0	583257467.9344573
19270.0	531159373.4819724
19280.0	675479497.3563995
19290.0	584441693.2972358
19300.0	565195118.0425974
19310.0	511040221.0640039
19320.0	602330663.7857003
19330.0	613105593.6887275
19340.0	570080560.7356
19350.0	619531344.4502357
19360.0	632237163.4324777
19370.0	614748013.4544877
19380.0	598541574.9700667
19390.0	530435446.7771942
19400.0	569860469.5598365
19410.0	584825693.9056727
19420.0	620542293.8562847
19430.0	575764669.6533713
19440.0	590498038.8508345
19450.0	578426998.5524004
19460.0	555738669.7237349
19470.0	629865279.4395154
19480.0	566664245.7704489
19490.0	563647824.1072578
19500.0	635064880.8353764
19510.0	598914986.7392367
19520.0	591533559.996847
19530.0	514190256.06002444
19540.0	611879257.8143088
19550.0	605302532.1550897
19560.0	507117252.26542103
19570.0	567942479.7883582
19580.0	623514654.1433755
19590.0	701563961.7631716
19600.0	571084701.0064772
19610.0	533653979.94000703
19620.0	597279723.2836202
19630.0	616644158.1037561
19640.0	575562185.363254
19650.0	538817704.0946071
19660.0	593577881.3473396
19670.0	618645035.7204907
19680.0	526692449.68787247
19690.0	600730761.7474244
19700.0	643226273.9634322
19710.0	554434668.5440927
19720.0	616391858.8651199
19730.0	564452178.7979767
19740.0	566526159.5885425
19750.0	634830720.3574717
19760.0	460220918.1152532
19770.0	586202583.2415103
19780.0	549259667.4888014
19790.0	617761249.3867618
19800.0	525288661.76429796
19810.0	575654103.9648969
19820.0	530964190.729187
19830.0	563358022.3323663
19840.0	566043747.5082057
19850.0	549765767.8309189
19860.0	529237691.7789251
19870.0	565334397.0335958
19880.0	537957536.1364881
19890.0	588050863.2113643
19900.0	511038754.43972886
19910.0	516843363.7230328
19920.0	508371926.63356864
19930.0	582456237.0079396
19940.0	600609152.0681434
19950.0	539225342.5856549
19960.0	575709299.8196867
19970.0	549917220.7007005
19980.0	511299740.9669703
19990.0	559728637.1753273
20000.0	491123478.15042627
20010.0	524333175.52218646
20020.0	526273966.61007684
20030.0	559535300.2593865
20040.0	540655090.7231063
20050.0	544436926.3295717
20060.0	524650008.26423675
20070.0	524577358.6369091
20080.0	633976795.5254625
20090.0	488201652.96058786
20100.0	540629997.9590377
20110.0	491204136.6923508
20120.0	561210221.2950058
20130.0	529159740.6451553
20140.0	562048355.2852786
20150.0	544883909.2296171
20160.0	508995607.8059066
20170.0	497408197.8016535
20180.0	558422976.1337067
20190.0	525996627.35172635
20200.0	458406438.20225936
20210.0	580247343.2146316
20220.0	528765336.68774426
20230.0	545918961.9082803
20240.0	593815164.0112817
20250.0	546607483.9723858
20260.0	514028516.03559893
20270.0	508479296.7379944
20280.0	554563831.0365536
20290.0	453347354.12231797
20300.0	594740373.115033
20310.0	495482596.2614196
20320.0	596378198.7272571
20330.0	542061761.7916256
20340.0	536700386.4135714
20350.0	556517563.4330559
20360.0	453480359.8600802
20370.0	573156264.4104426
20380.0	564298205.3729539
20390.0	523982781.28946847
20400.0	503365552.4665223
20410.0	488967879.7405467
20420.0	551272043.6183052
20430.0	618878751.2149402
20440.0	480164265.3106341
20450.0	484257353.70761496
20460.0	540774285.2980459
20470.0	576873510.2571672
20480.0	563966719.555322
20490.0	484962500.11145437
20500.0	508525187.8038936
20510.0	578009062.2090828
20520.0	526406465.2317197
20530.0	584045725.6270313
20540.0	493194299.2133124
20550.0	530638068.81857544
20560.0	519450091.2789188
20570.0	563978648.3115652
20580.0	575651186.4256239
20590.0	556495518.0562533
20600.0	578143010.9343207
20610.0	494633184.3655241
20620.0	541949630.8789157
20630.0	540162530.7161978
20640.0	477224278.2709559
20650.0	522598948.92829853
20660.0	517802567.97299826
20670.0	601082496.7568469
20680.0	537714693.0882603
20690.0	509137079.24726677
20700.0	596194989.6456647
20710.0	563394775.4184002
20720.0	509187209.68427324
20730.0	541730945.3259149
20740.0	516594414.36609423
20750.0	531976224.8553636
20760.0	560389241.6920613
20770.0	549809723.2064788
20780.0	569484228.604326
20790.0	543173709.5697652
20800.0	534848502.05086976
20810.0	557730117.5977691
20820.0	548974097.1265627
20830.0	552249189.1460048
20840.0	545470739.7225835
20850.0	553646997.1670988
20860.0	559670736.0790043
20870.0	523605323.9586694
20880.0	567914903.7010301
20890.0	546353761.4758451
20900.0	525635806.3622905
20910.0	609243796.6803064
20920.0	542571688.5535518
20930.0	597492908.7084394
20940.0	529896412.59007984
20950.0	573564878.3593051
20960.0	547202896.058849
20970.0	541656753.7895839
20980.0	589710949.9662629
20990.0	560163110.4561818
21000.0	563124619.368776
21010.0	588137889.8591831
21020.0	559844728.714622
21030.0	559402455.4070286
21040.0	580692403.0246638
21050.0	547622997.0563651
21060.0	583795004.7075051
21070.0	575441478.6832445
21080.0	559549028.0535794
21090.0	544748560.1600088
21100.0	596208330.677953
21110.0	597423019.2991809
21120.0	545724665.6222755
21130.0	572054043.380709
21140.0	601386940.6493876
21150.0	587434026.485307
21160.0	602211011.0741938
21170.0	560963929.3749343
21180.0	569722740.1623218
21190.0	566723367.8345368
21200.0	590840770.3771746
21210.0	588100911.7316474
21220.0	591531615.0635511
21230.0	589434825.2514927
21240.0	585029335.0420891
21250.0	624750382.5602002
21260.0	585137405.0260866
21270.0	589067193.3259501
21280.0	562409417.0895267
21290.0	558900118.3964484
21300.0	583866149.9954776
21310.0	596683442.4030012
21320.0	597734119.4095591
21330.0	609714605.7116613
21340.0	583489722.0733681
21350.0	603410081.5511645
21360.0	610072034.3548819
21370.0	601286064.7440654
21380.0	586919978.7676516
21390.0	600858688.2066891
21400.0	573992970.9726058
21410.0	587310477.1766099
21420.0	593154222.4625608
21430.0	595130144.6050891
21440.0	646115239.7942388
21450.0	634747959.9594009
21460.0	621573397.4638143
21470.0	622584337.3482497
21480.0	598922791.668111
21490.0	603818147.6097717
21500.0	565129687.8200066
21510.0	617399190.6868498
21520.0	607508820.0896838
21530.0	580803643.1749353
21540.0	616829862.418573
21550.0	627187238.4974456
21560.0	597190734.6692593
21570.0	617662230.9167259
21580.0	628478292.6744394
21590.0	615153039.3272191
21600.0	609815905.9986815
21610.0	643059385.1305796
21620.0	601338687.3046999
21630.0	602928648.5957029
21640.0	632318179.69316
21650.0	635408024.7963467
21660.0	600658352.457587
21670.0	617698925.050355
21680.0	640956485.9209926
21690.0	652370390.8968165
21700.0	632858291.2542204
21710.0	602657669.651719
21720.0	617045436.9772035
21730.0	611667193.0631745
21740.0	628495110.3830078
21750.0	641279685.0108036
21760.0	593692399.3517082
21770.0	630108844.9122294
21780.0	604353679.3685591
21790.0	605624895.6675403
21800.0	625568130.6269419
21810.0	628547348.3443514
21820.0	629541449.1118927
21830.0	614540235.0968524
21840.0	625655837.7224625
21850.0	627853092.5179095
21860.0	622703149.3121073
21870.0	636998278.4677491
21880.0	625628311.2121223
21890.0	638729645.1103654
21900.0	612107453.3185755
21910.0	650910152.1861587
21920.0	631374727.7371708
21930.0	599631509.8162483
21940.0	627032121.9777505
21950.0	650427892.1587294
21960.0	632624482.8910221
21970.0	626726793.4979795
21980.0	650678356.4504254
21990.0	625628178.5346885
22000.0	645594147.1895032
22010.0	650908316.542085
22020.0	638888698.3743904
22030.0	616666495.8080308
22040.0	619987202.7694056
22050.0	617505348.5421814
22060.0	627385532.4452782
22070.0	629048011.5110358
22080.0	627383807.9642876
22090.0	625395496.0812835
22100.0	643802225.1942939
22110.0	612430132.3166256
22120.0	660969098.483031
22130.0	633794574.4037573
22140.0	660722833.1557126
22150.0	644158067.9880301
22160.0	639541080.1392955
22170.0	624108829.1623095
22180.0	653157870.6170895
22190.0	623620764.3002332
22200.0	607299060.4159
22210.0	619439393.570787
22220.0	642702498.9002768
22230.0	648636642.3964187
22240.0	651894035.2150917
22250.0	670639394.14625
22260.0	666679974.310859
22270.0	627693558.0517676
22280.0	632084207.7542627
22290.0	610760297.8034285
22300.0	637872497.870026
22310.0	669375997.7549566
22320.0	656279055.622694
22330.0	628953175.568987
22340.0	645733337.5143689
22350.0	618666001.1311907
22360.0	614361109.3262262
22370.0	660078069.1673468
22380.0	649771562.9791707
22390.0	632083287.6460003
22400.0	669202749.7033987
22410.0	668267769.2580532
22420.0	639151595.4169289
22430.0	625480411.060759
22440.0	635476160.7673573
22450.0	652939058.1009939
22460.0	668394434.2106746
22470.0	642141840.5923514
22480.0	643701140.4771913
22490.0	673689301.6600198
22500.0	618854329.6749953
22510.0	675363537.7650517
22520.0	637787557.3317556
22530.0	655653078.3931131
22540.0	639348799.4102346
22550.0	621574931.8599057
22560.0	643777089.4859495
22570.0	662837172.0975186
22580.0	620749548.0136002
22590.0	644449170.2719901
22600.0	634852526.7729678
22610.0	646207451.308854
22620.0	639015313.5402015
22630.0	633743950.264861
22640.0	635793592.9135312
22650.0	637532051.5365542
22660.0	650641938.970184
22670.0	643742804.6089575
22680.0	658317239.1515486
22690.0	643212005.0316726
22700.0	615091057.0094032
22710.0	651633691.4756565
22720.0	619490858.3955073
22730.0	649945988.4781647
22740.0	635521493.1942863
22750.0	657153227.8349856
22760.0	637557459.9682591
22770.0	659647894.1198984
22780.0	650039905.9630497
22790.0	607575878.8588337
22800.0	624189737.7631379
22810.0	627922004.3810734
22820.0	653119917.5502398
22830.0	635889549.112999
22840.0	620812539.7170737
22850.0	640822117.2586255
22860.0	643105400.9117457
22870.0	645681849.058163
22880.0	662004237.978182
22890.0	615197401.2318008
22900.0	667602476.446645
22910.0	654981391.9568762
22920.0	622402788.8046994
22930.0	622051365.1474648
22940.0	414442846.61800784
22950.0	505447874.1103871
22960.0	530827871.24032205
22970.0	554948452.8144578
22980.0	542409046.4716612
22990.0	584088802.016637
23000.0	615440780.4321132
23010.0	515488349.3066213
23020.0	617897275.4189378
23030.0	570720918.204015
23040.0	605942886.265457
23050.0	561470551.9844948
23060.0	588289614.1183373
23070.0	590499417.2225759
23080.0	589020476.3015805
23090.0	606240326.9534855
23100.0	547657704.1213423
23110.0	555059261.0760726
23120.0	558813934.2966409
23130.0	603756664.067984
23140.0	588881501.0521092
23150.0	524588463.3090893
23160.0	551820859.6493487
23170.0	598008181.411887
23180.0	558630490.1229876
23190.0	607429053.8326713
23200.0	597408801.7543541
23210.0	542679624.5941523
23220.0	560671666.338174
23230.0	406255612.41502154
23240.0	503804211.95696783
23250.0	508496162.3284719
23260.0	492225307.8292932
23270.0	532444533.66826975
23280.0	544323257.0537964
23290.0	538159230.2464073
23300.0	516370035.32081
23310.0	498234238.7668588
23320.0	528905920.944679
23330.0	559007942.5947591
23340.0	512254129.48711824
23350.0	520005509.7641529
23360.0	522814228.41400236
23370.0	513675341.3298186
23380.0	541818693.9923253
23390.0	497079637.3943353
23400.0	484275516.1546861
23410.0	540003808.6731727
23420.0	539829575.59148
23430.0	559623037.0070982
23440.0	489726936.1698762
23450.0	456753427.54607487
23460.0	575252054.1539614
23470.0	549821227.1962444
23480.0	542446237.2963442
23490.0	540905544.2754078
23500.0	513086472.23525596
23510.0	485308750.559722
23520.0	454254518.8740103
23530.0	392253700.420485
23540.0	410671237.8554208
23550.0	491958387.36962855
23560.0	447616550.2846071
23570.0	522959373.82577455
23580.0	493631156.70715886
23590.0	422555775.2170764
23600.0	534318307.65700644
23610.0	456229546.87386197
23620.0	472747870.87997705
23630.0	463389096.1042537
23640.0	502306314.47563696
23650.0	517922854.1785301
23660.0	507704071.73622024
23670.0	488838935.3898692
23680.0	460859200.3300308
23690.0	483127223.32176673
23700.0	531383189.3167867
23710.0	476207200.14420456
23720.0	514342238.3710038
23730.0	502277422.84764063
23740.0	482236717.15540946
23750.0	500956457.0372104
23760.0	484537932.3051563
23770.0	460422273.46521664
23780.0	488207484.9473828
23790.0	467217991.45506
23800.0	498737542.7253043
23810.0	453596738.0954598
23820.0	468774509.8943899
23830.0	386767661.6462521
23840.0	383390947.06988466
23850.0	471674373.84667957
23860.0	421862388.5630421
23870.0	387249146.80018026
23880.0	416604460.8032186
23890.0	428472435.03795505
23900.0	478174587.9544877
23910.0	457267076.249184
23920.0	392871699.44526505
23930.0	392841712.9210758
23940.0	515584014.02434367
23950.0	423935492.3627833
23960.0	454840644.757567
23970.0	435081245.6756472
23980.0	416112021.1389601
23990.0	437477488.2063313
24000.0	437628005.9769196
24010.0	411335614.0023367
24020.0	427979445.34429145
24030.0	433168106.44629353
24040.0	404078876.8629885
24050.0	421437705.2425613
24060.0	418219283.6568356
24070.0	387532787.69515955
24080.0	376497671.36407274
24090.0	388552677.99594724
24100.0	384424328.621711
24110.0	405791831.4635754
24120.0	398236305.30649716
24130.0	401517035.7662676
24140.0	329569489.72489446
24150.0	412985483.22556
24160.0	371105226.39109963
24170.0	360125191.89290076
24180.0	368058314.94040245
24190.0	424227131.9999398
24200.0	369746438.52342194
24210.0	409638002.3013984
24220.0	339916748.99015546
24230.0	397293661.76088727
24240.0	414858139.13104975
24250.0	370735984.207707
24260.0	343820859.8441344
24270.0	376571414.6611573
24280.0	330239838.3445689
24290.0	383348126.5949671
24300.0	370233111.09971356
24310.0	340960086.0657502
24320.0	377070635.39611787
24330.0	378078215.07803625
24340.0	339179415.9326688
24350.0	346763280.4614809
24360.0	389823047.8576456
24370.0	289776553.8142376
24380.0	354303309.5261342
24390.0	396507200.84210515
24400.0	356395971.9274558
24410.0	385314641.0868883
24420.0	337356052.22984016
24430.0	317879265.35215676
24440.0	319982964.2859385
24450.0	352847868.5576561
24460.0	354349705.62807554
24470.0	385752756.1968618
24480.0	290278895.99435073
24490.0	336017142.15142626
24500.0	336094375.2702547
24510.0	374418668.2833985
24520.0	273748226.2298617
24530.0	312492454.3429932
24540.0	292324535.7581899
24550.0	295436163.15405107
24560.0	356226973.8696734
24570.0	337525011.5265469
24580.0	339077442.67670184
24590.0	343207168.0248873
24600.0	335402049.8230823
24610.0	215034999.40541744
24620.0	348033578.0594228
24630.0	318845952.1326826
24640.0	354267078.3661754
24650.0	327997845.39737415
24660.0	314861026.47549844
24670.0	362688106.93174297
24680.0	260815023.71091583
24690.0	339396437.94247013
24700.0	311981367.00013703
24710.0	298190210.4108769
24720.0	294777888.70828164
24730.0	295883183.2817055
24740.0	279130157.331849
24750.0	281565928.67325586
24760.0	256875952.7885977
24770.0	342006415.91464573
24780.0	336180406.55857533
24790.0	245874123.15210763
24800.0	283840030.0422667
24810.0	287118492.44522554
24820.0	262573518.2068621
24830.0	279873787.5496452
24840.0	328645913.47325265
24850.0	345731053.96757805
24860.0	322935240.3555789
24870.0	258581997.64477542
24880.0	255966853.19597664
24890.0	291676320.1531362
24900.0	265806492.27629596
24910.0	264683479.12595537
24920.0	267741896.5995124
24930.0	287815853.48857737
24940.0	338431283.11803734
24950.0	294150171.73958236
24960.0	286201790.14446175
24970.0	323957297.0610412
24980.0	241767555.81198466
24990.0	275823260.1907681
