# Flux units: erg / (cm m2 s)
# Wavelength units: Angstrom
wave	flux
9000.0	2.1668528128318456e+16
9010.0	2.3525863551237464e+16
9020.0	2.2353562841110908e+16
9030.0	2.155724298723781e+16
9040.0	2.3935473502905684e+16
9050.0	2.4921503083791484e+16
9060.0	2.239337736145749e+16
9070.0	2.470851939957549e+16
9080.0	2.5742401826714736e+16
9090.0	2.6030110634394932e+16
9100.0	2.8344063052625532e+16
9110.0	2.8063008838856468e+16
9120.0	3.1217510741328184e+16
9130.0	3.050318909036122e+16
9140.0	2.8846766813187456e+16
9150.0	3.1800616227614676e+16
9160.0	3.379681234313706e+16
9170.0	3.567210860092288e+16
9180.0	3.1864954224130324e+16
9190.0	3.662143442785494e+16
9200.0	3.569858810970715e+16
9210.0	3.0222978277683096e+16
9220.0	2.9281460516063188e+16
9230.0	2.7601716043408584e+16
9240.0	2.759441803080426e+16
9250.0	2.7183024225827404e+16
9260.0	2.8297785288817004e+16
9270.0	2.8311556303957684e+16
9280.0	2.4816203655254036e+16
9290.0	2.558419662571706e+16
9300.0	2.3791196874605468e+16
9310.0	2.6403017600610052e+16
9320.0	2.5918837286142532e+16
9330.0	2.7123609559612708e+16
9340.0	2.7518800401880736e+16
9350.0	2.643931512362259e+16
9360.0	2.8361946710368116e+16
9370.0	2.7697688286145164e+16
9380.0	2.9507201727648064e+16
9390.0	2.976676571316435e+16
9400.0	2.8993213216101064e+16
9410.0	3.102374921021864e+16
9420.0	3.0980324736017076e+16
9430.0	3.204627054854186e+16
9440.0	3.0721126120974944e+16
9450.0	3.274106007657864e+16
9460.0	3.2497644524271668e+16
9470.0	3.3087695671067776e+16
9480.0	3.432426193281237e+16
9490.0	3.636591602766299e+16
9500.0	3.427494182968851e+16
9510.0	3.4957161217389516e+16
9520.0	3.4063369814798884e+16
9530.0	3.688989812124472e+16
9540.0	3.4594305599106016e+16
9550.0	3.327060898199257e+16
9560.0	3.5081912034141576e+16
9570.0	3.36776764538059e+16
9580.0	3.5909939702424516e+16
9590.0	3.4606479552153044e+16
9600.0	3.271542147711256e+16
9610.0	3.374656770729178e+16
9620.0	3.4257861562869388e+16
9630.0	3.5615741378814424e+16
9640.0	2.9835977963707692e+16
9650.0	3.288084481398628e+16
9660.0	3.656598316651492e+16
9670.0	3.5678027397870616e+16
9680.0	3.34589587921982e+16
9690.0	3.672535895346079e+16
9700.0	3.951362805685953e+16
9710.0	3.5351448682639348e+16
9720.0	3.7262040766007944e+16
9730.0	3.313898238244795e+16
9740.0	3.4752044592570736e+16
9750.0	3.5698295218038904e+16
9760.0	3.7334109312855976e+16
9770.0	3.803368430388367e+16
9780.0	3.92408926461887e+16
9790.0	3.584349927045499e+16
9800.0	4.2054105588824984e+16
9810.0	4.022436806639552e+16
9820.0	4.005631232665276e+16
9830.0	4.019290922936812e+16
9840.0	3.970606082590522e+16
9850.0	4.185271633847575e+16
9860.0	4.565618079168267e+16
9870.0	4.3543888813390984e+16
9880.0	4.78325417756234e+16
9890.0	4.831084772824157e+16
9900.0	2.967768070803225e+16
9910.0	2.129752964477155e+16
9920.0	2.0842531441953148e+16
9930.0	2.3104231530972236e+16
9940.0	2.6743820608742908e+16
9950.0	2.8899727866031304e+16
9960.0	2.7900372273300892e+16
9970.0	3.0950630151951776e+16
9980.0	2.591207635707568e+16
9990.0	2.365493534577521e+16
10000.0	2.7009074343403504e+16
10010.0	2.6542230072814172e+16
10020.0	2.741582204957415e+16
10030.0	2.8865230122168612e+16
10040.0	2.6850396479439204e+16
10050.0	2.790471949256969e+16
10060.0	2.3744386829693172e+16
10070.0	2.762633290430047e+16
10080.0	3.1068826634094092e+16
10090.0	2.924055490952927e+16
10100.0	3.411568015140508e+16
10110.0	2.9315523355386172e+16
10120.0	3.100026530717034e+16
10130.0	3.51187874792023e+16
10140.0	2.789628055797024e+16
10150.0	3.3031822306778936e+16
10160.0	2.9606285058647852e+16
10170.0	3.04259765962009e+16
10180.0	3.516650307091978e+16
10190.0	3.1181323781919996e+16
10200.0	3.1089137893672532e+16
10210.0	3.736114075964349e+16
10220.0	2.982675444698536e+16
10230.0	3.4307015935384652e+16
10240.0	4.192784608224982e+16
10250.0	3.5023521504042544e+16
10260.0	2.7705706149531348e+16
10270.0	2.963191725171653e+16
10280.0	2.850603346337841e+16
10290.0	3.004794493373379e+16
10300.0	3.1755831613211236e+16
10310.0	3.680274788402959e+16
10320.0	3.3891193566567504e+16
10330.0	3.2915409501385868e+16
10340.0	3.4108697231666948e+16
10350.0	3.3534230115654216e+16
10360.0	3.937767767512155e+16
10370.0	3.9019271307023304e+16
10380.0	3.896694879147187e+16
10390.0	3.62334475842503e+16
10400.0	3.689515244453162e+16
10410.0	4.77579168794157e+16
10420.0	3.640615525556208e+16
10430.0	3.259033146311398e+16
10440.0	4.200566477213163e+16
10450.0	4.3423230719962024e+16
10460.0	4.523015982343393e+16
10470.0	3.209206354181258e+16
10480.0	3.4304625313611772e+16
10490.0	4.033228281701518e+16
10500.0	3.82767012690405e+16
10510.0	3.5318954087897296e+16
10520.0	3.20383460329012e+16
10530.0	3.574917812381086e+16
10540.0	3.784527997711602e+16
10550.0	3.654201615927578e+16
10560.0	3.233850596031992e+16
10570.0	3.127006525080139e+16
10580.0	3.665484568230335e+16
10590.0	3.325133123361745e+16
10600.0	3.637231145556814e+16
10610.0	3.3775219598742216e+16
10620.0	3.610762651841809e+16
10630.0	3.867314225011916e+16
10640.0	3.946201316915629e+16
10650.0	3.800873663354888e+16
10660.0	3.728235765465908e+16
10670.0	3.678882973073756e+16
10680.0	3.94400737457611e+16
10690.0	4.116906369049755e+16
10700.0	4.2795025919655384e+16
10710.0	3.920024379837962e+16
10720.0	4.7429759842270376e+16
10730.0	4.4229979112167e+16
10740.0	4.233042943210848e+16
10750.0	4.942684955186423e+16
10760.0	4.4235119049817896e+16
10770.0	4.749122777517253e+16
10780.0	5.468990274987559e+16
10790.0	5.106987282110864e+16
10800.0	4.828184362110794e+16
10810.0	4.494242629255805e+16
10820.0	4.750554477224659e+16
10830.0	5.70476084488085e+16
10840.0	6.485487333694493e+16
10850.0	4.523880073552054e+16
10860.0	4.850599459587236e+16
10870.0	5.351711230686228e+16
10880.0	5.8770312822653736e+16
10890.0	5.26534091699947e+16
10900.0	6.144400859656226e+16
10910.0	4.998437051815273e+16
10920.0	5.355519213573928e+16
10930.0	5.6917615151065544e+16
10940.0	5.774200194402825e+16
10950.0	5.614480832859263e+16
10960.0	5.333724344442572e+16
10970.0	5.546118539410984e+16
10980.0	4.887820061511912e+16
10990.0	5.458146880351819e+16
11000.0	5.37950973233516e+16
11010.0	5.775870661104159e+16
11020.0	5.299696859096157e+16
11030.0	4.958357831934831e+16
11040.0	4.6956549374204616e+16
11050.0	4.34313363045612e+16
11060.0	4.606410447759775e+16
11070.0	4.5679383639127416e+16
11080.0	4.580956902374736e+16
11090.0	4.856296973806582e+16
11100.0	4.7371476828384824e+16
11110.0	4.4982466369890584e+16
11120.0	5.0162895815256664e+16
11130.0	4.615794626710253e+16
11140.0	4.9490943902737496e+16
11150.0	5.02500795797695e+16
11160.0	5.120116737294823e+16
11170.0	4.907029801259897e+16
11180.0	5.113578880835448e+16
11190.0	5.06616959896302e+16
11200.0	4.909768070377873e+16
11210.0	4.923880762685237e+16
11220.0	4.8608623218791624e+16
11230.0	5.453735965423214e+16
11240.0	5.556235428583479e+16
11250.0	5.3361169888364216e+16
11260.0	5.813818075774604e+16
11270.0	5.892611811835872e+16
11280.0	5.2857359189577304e+16
11290.0	5.6952441427591784e+16
11300.0	5.014674628127693e+16
11310.0	5.577547289726892e+16
11320.0	5.5017254380189704e+16
11330.0	5.611537220677666e+16
11340.0	4.988036712940128e+16
11350.0	4.3539961249737944e+16
11360.0	4.878031124883141e+16
11370.0	4.516618710605739e+16
11380.0	3.4523710420750264e+16
11390.0	3.5708806130357036e+16
11400.0	3.569520791910532e+16
11410.0	2.9338036012753e+16
11420.0	4.4564178027569096e+16
11430.0	4.959282495696891e+16
11440.0	4.955069568958705e+16
11450.0	5.36989251719467e+16
11460.0	5.456241215267914e+16
11470.0	5.834813203566134e+16
11480.0	5.581872249202809e+16
11490.0	6.421564410394151e+16
11500.0	6.3262327387753064e+16
11510.0	6.2005440259275144e+16
11520.0	6.162789214636632e+16
11530.0	5.979284560960677e+16
11540.0	5.6194300929961016e+16
11550.0	6.037281729961442e+16
11560.0	5.900268683840151e+16
11570.0	5.895622071108202e+16
11580.0	6.156140485986889e+16
11590.0	6.16914993531114e+16
11600.0	5.643255691882445e+16
11610.0	5.310462258750141e+16
11620.0	5.8479586462707896e+16
11630.0	6.2173101754881384e+16
11640.0	5.378318811791879e+16
11650.0	5.8684145397552e+16
11660.0	5.1843115121011336e+16
11670.0	5.255825159428108e+16
11680.0	4.2981746655780344e+16
11690.0	2.4474808759736444e+16
11700.0	3.2709524346675492e+16
11710.0	4.655987552658551e+16
11720.0	4.9779820884814456e+16
11730.0	5.157130774973464e+16
11740.0	4.53204043258401e+16
11750.0	4.458551876520652e+16
11760.0	3.742593145019818e+16
11770.0	2.608046341130037e+16
11780.0	2.2522157900112052e+16
11790.0	3.723623380627155e+16
11800.0	4.311690053060154e+16
11810.0	4.66255739903074e+16
11820.0	4.693662335678746e+16
11830.0	4.870450892511023e+16
11840.0	4.873475523662616e+16
11850.0	5.0217714775062024e+16
11860.0	5.381301634049156e+16
11870.0	5.603213944038169e+16
11880.0	5.3176046827868616e+16
11890.0	4.7680090024385496e+16
11900.0	5.569801390402474e+16
11910.0	5.670488879261809e+16
11920.0	5.629505219466129e+16
11930.0	5.996092013552572e+16
11940.0	5.243070003175393e+16
11950.0	5.3078475921261304e+16
11960.0	5.33117668602721e+16
11970.0	5.1266538291282984e+16
11980.0	4.589839349945133e+16
11990.0	5.194747000112063e+16
12000.0	5.0678047449797976e+16
12010.0	5.2321832774906536e+16
12020.0	5.251410704686088e+16
12030.0	5.4655172718021304e+16
12040.0	5.7266293018020776e+16
12050.0	5.5311082809499896e+16
12060.0	6.540158790270818e+16
12070.0	5.639439791031543e+16
12080.0	6.0291867725245304e+16
12090.0	5.631812535921547e+16
12100.0	6.304445481388917e+16
12110.0	5.367129730950861e+16
12120.0	5.831151919892136e+16
12130.0	5.876117089684432e+16
12140.0	6.586057228634397e+16
12150.0	6.453188757731977e+16
12160.0	6.292670585238017e+16
12170.0	6.539470228980005e+16
12180.0	6.6894453396026904e+16
12190.0	6.457266428527388e+16
12200.0	6.116167474868004e+16
12210.0	6.150215723840623e+16
12220.0	6.265583775504392e+16
12230.0	6.387316374865375e+16
12240.0	6.4492525701307464e+16
12250.0	6.728315633274799e+16
12260.0	6.86686363115642e+16
12270.0	6.849631792817898e+16
12280.0	6.91071354110926e+16
12290.0	6.789836049623032e+16
12300.0	6.6722694061906104e+16
12310.0	6.902932660792542e+16
12320.0	6.548060890377853e+16
12330.0	6.5055939099762264e+16
12340.0	6.761793043058504e+16
12350.0	6.482730967145596e+16
12360.0	6.629086050954835e+16
12370.0	6.806506850324383e+16
12380.0	6.716659450384752e+16
12390.0	6.240847562692881e+16
12400.0	6.166358000071257e+16
12410.0	5.242637807717531e+16
12420.0	5.054708122301073e+16
12430.0	4.18493642820666e+16
12440.0	3.770389724419468e+16
12450.0	5.684865892976379e+16
12460.0	5.908394569659294e+16
12470.0	6.2271494078566376e+16
12480.0	5.986412652386623e+16
12490.0	6.151243398146403e+16
12500.0	5.7063642924713496e+16
12510.0	5.4880285643959384e+16
12520.0	3.79195700721723e+16
12530.0	3.518566454343569e+16
12540.0	5.463441772998363e+16
12550.0	5.6314253788962056e+16
12560.0	6.1881892636242584e+16
12570.0	6.302880170437469e+16
12580.0	6.30908923619642e+16
12590.0	6.377024185706193e+16
12600.0	6.381408440652533e+16
12610.0	6.665695642102162e+16
12620.0	6.428244118138677e+16
12630.0	6.5288711947948584e+16
12640.0	6.060502318715485e+16
12650.0	6.397688290529345e+16
12660.0	6.638355278847114e+16
12670.0	6.92542564275717e+16
12680.0	6.925444511343886e+16
12690.0	6.994549765972265e+16
12700.0	6.514593043083519e+16
12710.0	6.471866741893365e+16
12720.0	7.216842999022554e+16
12730.0	7.0755830744486376e+16
12740.0	6.5096703873634136e+16
12750.0	6.41860727062035e+16
12760.0	7.022107962173433e+16
12770.0	6.830579858764859e+16
12780.0	6.787041878100654e+16
12790.0	7.036130398732892e+16
12800.0	6.8523447895402104e+16
12810.0	6.8411819165835064e+16
12820.0	7.008169083503874e+16
12830.0	6.717611437755756e+16
12840.0	6.7826910216508504e+16
12850.0	6.9151660494936296e+16
12860.0	6.181873403073223e+16
12870.0	6.7792305445793624e+16
12880.0	6.696298704229631e+16
12890.0	6.316792185242709e+16
12900.0	6.2933668535198184e+16
12910.0	6.2723983164725144e+16
12920.0	6.603248341170933e+16
12930.0	6.429650875663847e+16
12940.0	7.055509156790125e+16
12950.0	6.2168410295067496e+16
12960.0	6.802858076251448e+16
12970.0	6.7993014199652664e+16
12980.0	6.920752058959178e+16
12990.0	6.660894411379621e+16
13000.0	6.7703981462104184e+16
13010.0	6.704081173248674e+16
13020.0	6.986148401657622e+16
13030.0	7.0082244556802e+16
13040.0	7.174518426890242e+16
13050.0	7.062936166128413e+16
13060.0	6.969803628405446e+16
13070.0	6.595159885492512e+16
13080.0	6.800087857642499e+16
13090.0	6.6060263598400936e+16
13100.0	6.791360948111095e+16
13110.0	7.125355077166516e+16
13120.0	6.697168057860705e+16
13130.0	6.390655778522944e+16
13140.0	6.58348138653779e+16
13150.0	6.6537189480696584e+16
13160.0	6.8145705928078296e+16
13170.0	6.895122893488353e+16
13180.0	6.716660115047976e+16
13190.0	7.039151172306994e+16
13200.0	6.54110890300524e+16
13210.0	6.620533147243041e+16
13220.0	6.3216735137931736e+16
13230.0	6.611052578717962e+16
13240.0	6.381996713162041e+16
13250.0	6.0787376891557464e+16
13260.0	6.373700254364505e+16
13270.0	5.650262812304884e+16
13280.0	6.215837403192711e+16
13290.0	6.078449641323028e+16
13300.0	5.578458714779994e+16
13310.0	5.233317983599671e+16
13320.0	3.905046632929996e+16
13330.0	4.473023359098318e+16
13340.0	4.430342104043644e+16
13350.0	2.8176964251034508e+16
13360.0	3.028102249608469e+16
13370.0	2.4605537767181016e+16
13380.0	2.6879979865151052e+16
13390.0	2.863737367392746e+16
13400.0	3.325959759974952e+16
13410.0	3.321317418447376e+16
13420.0	2.5695108465276384e+16
13430.0	2.414149623733576e+16
13440.0	3.1481269318348988e+16
13450.0	2.458469342255022e+16
13460.0	3.1758119642599236e+16
13470.0	2.4723339400566588e+16
13480.0	1.932585789510901e+16
13490.0	2.998411796883854e+16
13500.0	2.6750275314872548e+16
13510.0	2.415546417709936e+16
13520.0	2.329035634645914e+16
13530.0	2.9150923611941924e+16
13540.0	1.9834720736863372e+16
13550.0	2.051152423348357e+16
13560.0	2.490718127881104e+16
13570.0	2.4435307972650668e+16
13580.0	2.4023607109509224e+16
13590.0	2.6208586980823536e+16
13600.0	2.607644152899593e+16
13610.0	2.554444999000704e+16
13620.0	1.7882923800019882e+16
13630.0	3.0668164621721284e+16
13640.0	3.0527706240862124e+16
13650.0	2.3872080303507548e+16
13660.0	3.2663478000034852e+16
13670.0	2.911978533431675e+16
13680.0	2.8630723431100324e+16
13690.0	2.6086153844646416e+16
13700.0	2.8140843009438116e+16
13710.0	2.6635480606770292e+16
13720.0	2.8757700950143828e+16
13730.0	2.809263233042885e+16
13740.0	2.754631706914949e+16
13750.0	3.090619234074152e+16
13760.0	3.1907348783763116e+16
13770.0	2.985717917037381e+16
13780.0	3.364890250449186e+16
13790.0	3.041443732401693e+16
13800.0	3.5277648132158252e+16
13810.0	2.7918095884145428e+16
13820.0	3.3357001564251584e+16
13830.0	2.188889584720473e+16
13840.0	3.3853707931665544e+16
13850.0	2.9087004602193784e+16
13860.0	2.7153176393535948e+16
13870.0	3.430526318624747e+16
13880.0	2.5259754382647896e+16
13890.0	3.443568000200595e+16
13900.0	2.9231144614471252e+16
13910.0	2.5152613111167828e+16
13920.0	2.6606860828729584e+16
13930.0	2.7411403534264784e+16
13940.0	2.7246502453118868e+16
13950.0	2.580541894415429e+16
13960.0	2.5057479999696556e+16
13970.0	2.7122123466081236e+16
13980.0	2.325500951159282e+16
13990.0	2.8034273994601924e+16
14000.0	2.477235107134332e+16
14010.0	2.082834132740842e+16
14020.0	3.0722895857664596e+16
14030.0	2.855164077359221e+16
14040.0	2.53002729672193e+16
14050.0	2.420253458783725e+16
14060.0	3.4761122946599452e+16
14070.0	2.3715178714521624e+16
14080.0	2.476991037843916e+16
14090.0	2.336152241970814e+16
14100.0	2.4963589981884692e+16
14110.0	2.57116079191186e+16
14120.0	2.0074477258317784e+16
14130.0	2.8690921155043016e+16
14140.0	2.2033108428181084e+16
14150.0	2.3326410989222212e+16
14160.0	2.924983064228873e+16
14170.0	2.3930535793577076e+16
14180.0	2.0610768013935532e+16
14190.0	2.02616901967494e+16
14200.0	2.6280500061517924e+16
14210.0	2.6350699735430956e+16
14220.0	2.393661422657767e+16
14230.0	2.2646179879630544e+16
14240.0	1.9694814581031424e+16
14250.0	2.4720507429817764e+16
14260.0	2.1572860649873148e+16
14270.0	2.5459122728551316e+16
14280.0	2.3031311548690856e+16
14290.0	1.7379652299972712e+16
14300.0	3.0198258575411264e+16
14310.0	2.8530186948019132e+16
14320.0	2.2220545332273896e+16
14330.0	2.62649385915154e+16
14340.0	1.6905995848109366e+16
14350.0	2.8156945206177944e+16
14360.0	2.77875157803046e+16
14370.0	2.4667323185924204e+16
14380.0	2.687095580060784e+16
14390.0	2.57410245461147e+16
14400.0	2.3994574683700036e+16
14410.0	2.339533199055852e+16
14420.0	2.5302908474627456e+16
14430.0	2.9741340137550696e+16
14440.0	2.7998209219545132e+16
14450.0	2.041682393063475e+16
14460.0	2.7821376188149136e+16
14470.0	2.3787668606838732e+16
14480.0	2.907718566530117e+16
14490.0	3.111934899057629e+16
14500.0	2.4362872377654336e+16
14510.0	2.1641519627628036e+16
14520.0	3.516672187392896e+16
14530.0	3.189612008094435e+16
14540.0	2.548021509106916e+16
14550.0	3.348964297256586e+16
14560.0	2.589462813933189e+16
14570.0	2.3896898678152124e+16
14580.0	3.202706723112718e+16
14590.0	3.4001058234896036e+16
14600.0	3.2662464800097908e+16
14610.0	3.142026681963285e+16
14620.0	2.7084370711103144e+16
14630.0	2.2502747475913604e+16
14640.0	3.2235582059745484e+16
14650.0	3.098330985206686e+16
14660.0	3.3246137927899056e+16
14670.0	3.364189940495554e+16
14680.0	2.6331307100905896e+16
14690.0	2.522651016486762e+16
14700.0	2.8955573715720948e+16
14710.0	3.0562519930871116e+16
14720.0	3.1899546412921416e+16
14730.0	3.4233260278252664e+16
14740.0	2.8523717481025816e+16
14750.0	2.8471121889331176e+16
14760.0	3.0109747848594148e+16
14770.0	3.0983713856085452e+16
14780.0	3.208073140779231e+16
14790.0	3.5771143570228684e+16
14800.0	2.7476551989239936e+16
14810.0	3.2791397744105816e+16
14820.0	2.7194464823898852e+16
14830.0	3.1795599123007544e+16
14840.0	3.4996695818032196e+16
14850.0	3.1629309054425384e+16
14860.0	3.1932219663311732e+16
14870.0	3.3816909469239012e+16
14880.0	3.0782368173114296e+16
14890.0	3.1699713902596784e+16
14900.0	3.0361419216551548e+16
14910.0	3.5307054810768136e+16
14920.0	3.289479983641293e+16
14930.0	3.4044136975539492e+16
14940.0	3.0533481324438852e+16
14950.0	3.226711418780503e+16
14960.0	3.2501227008459012e+16
14970.0	3.387506453090206e+16
14980.0	3.4631684877692292e+16
14990.0	3.571344826848315e+16
15000.0	3.43354785418519e+16
15010.0	3.43652994522789e+16
15020.0	2.8972477731931984e+16
15030.0	3.776674255641838e+16
15040.0	3.3938374491059852e+16
15050.0	3.637350446153074e+16
15060.0	3.5348638990254264e+16
15070.0	3.6721613689472504e+16
15080.0	3.3679953035920108e+16
15090.0	3.680040346573086e+16
15100.0	3.511352289163762e+16
15110.0	3.464386250978896e+16
15120.0	3.79835261762741e+16
15130.0	3.420516228435311e+16
15140.0	3.5405344663547524e+16
15150.0	4.072923951850318e+16
15160.0	3.688150359024726e+16
15170.0	3.347921791876969e+16
15180.0	3.5005273498334228e+16
15190.0	3.701195187068673e+16
15200.0	3.724942265455054e+16
15210.0	4.010337613794848e+16
15220.0	3.819409953329212e+16
15230.0	3.937885355514876e+16
15240.0	3.986646439659855e+16
15250.0	3.647260225018574e+16
15260.0	3.7239462491368936e+16
15270.0	3.832821898840858e+16
15280.0	3.878211908561388e+16
15290.0	3.945416000391037e+16
15300.0	4.122558333359319e+16
15310.0	4.012095293883225e+16
15320.0	3.5894053343329892e+16
15330.0	3.826660520326656e+16
15340.0	4.300316606896961e+16
15350.0	3.990267213425819e+16
15360.0	4.140267723019713e+16
15370.0	3.978586899244646e+16
15380.0	3.993814031081188e+16
15390.0	4.368843639656779e+16
15400.0	4.019523846531572e+16
15410.0	3.941455193136157e+16
15420.0	4.191691932919696e+16
15430.0	4.112779044799778e+16
15440.0	3.921523320907418e+16
15450.0	4.285246000726447e+16
15460.0	4.510783445556713e+16
15470.0	4.159481287241525e+16
15480.0	4.121150555839829e+16
15490.0	4.249656972538835e+16
15500.0	4.347926337656593e+16
15510.0	4.1205838454914776e+16
15520.0	4.373037262214746e+16
15530.0	4.4166241280566776e+16
15540.0	4.423287272077386e+16
15550.0	4.367992102940133e+16
15560.0	4.267237686819034e+16
15570.0	4.295615892932514e+16
15580.0	4.103754271475384e+16
15590.0	4.332483281879535e+16
15600.0	4.357045936917982e+16
15610.0	4.348758509415467e+16
15620.0	4.487838864212437e+16
15630.0	4.464320625008343e+16
15640.0	4.493099356848996e+16
15650.0	4.300623509935246e+16
15660.0	4.2059005718512024e+16
15670.0	4.651476892361281e+16
15680.0	4.7534137483306264e+16
15690.0	4.4748002821993e+16
15700.0	4.483520914460935e+16
15710.0	4.580435776289886e+16
15720.0	4.567733244673943e+16
15730.0	4.579123801297401e+16
15740.0	4.700356935940919e+16
15750.0	4.688763403665457e+16
15760.0	4.6284037871517144e+16
15770.0	4.6659424836450504e+16
15780.0	4.584910587805006e+16
15790.0	4.607769505806316e+16
15800.0	4.64557907628412e+16
15810.0	4.6530985232230584e+16
15820.0	4.652313327859123e+16
15830.0	4.803130536977377e+16
15840.0	4.648119705659493e+16
15850.0	4.659534083176558e+16
15860.0	4.86346063032643e+16
15870.0	4.757919655078283e+16
15880.0	4.828049244993354e+16
15890.0	4.8438370422171896e+16
15900.0	4.680837328360353e+16
15910.0	4.871323765688774e+16
15920.0	4.793259903424357e+16
15930.0	4.774595338857605e+16
15940.0	4.876221293736762e+16
15950.0	4.900438263864381e+16
15960.0	4.930161782580137e+16
15970.0	4.878079581355627e+16
15980.0	4.832724309261688e+16
15990.0	4.842740048057382e+16
16000.0	4.921461343550226e+16
16010.0	4.949147008250522e+16
16020.0	4.757830934904327e+16
16030.0	5.033652865108304e+16
16040.0	4.888180819906992e+16
16050.0	4.879078891977961e+16
16060.0	4.896068316332356e+16
16070.0	4.973912722507245e+16
16080.0	5.006501312934612e+16
16090.0	4.969083274510998e+16
16100.0	4.961260756257388e+16
16110.0	4.887530113570883e+16
16120.0	4.965468708892196e+16
16130.0	4.999234957035159e+16
16140.0	4.964631177214416e+16
16150.0	4.965377377041213e+16
16160.0	4.9681834000091976e+16
16170.0	5.095022491692376e+16
16180.0	5.101975923277994e+16
16190.0	4.892797948700662e+16
16200.0	4.964149772552462e+16
16210.0	4.90110919781176e+16
16220.0	5.057906159365063e+16
16230.0	5.065573189307521e+16
16240.0	5.1003363659981816e+16
16250.0	5.0236795187773384e+16
16260.0	4.99200694505144e+16
16270.0	5.069295302081994e+16
16280.0	5.089744684390995e+16
16290.0	5.023951665171322e+16
16300.0	5.067507125975876e+16
16310.0	4.985562977432651e+16
16320.0	5.0160721589194696e+16
16330.0	5.0800234218431704e+16
16340.0	5.085710837350442e+16
16350.0	5.028024301489938e+16
16360.0	5.0740159052355016e+16
16370.0	5.066442975006476e+16
16380.0	5.1380874824764424e+16
16390.0	5.08620457268642e+16
16400.0	5.0546940350533336e+16
16410.0	5.0794502321399064e+16
16420.0	4.994684098349675e+16
16430.0	5.033466250312675e+16
16440.0	5.10320528979557e+16
16450.0	5.116654592869576e+16
16460.0	5.1022209929643336e+16
16470.0	5.080503518005714e+16
16480.0	5.137401927898241e+16
16490.0	5.0678815635025704e+16
16500.0	5.037172050276024e+16
16510.0	5.022845609627416e+16
16520.0	5.091070985893369e+16
16530.0	5.0377712530162104e+16
16540.0	5.076681489691822e+16
16550.0	5.05232646566217e+16
16560.0	5.1136949558780504e+16
16570.0	5.1088896477036504e+16
16580.0	5.077438964044403e+16
16590.0	5.023498021160924e+16
16600.0	4.981184293780493e+16
16610.0	5.020545497005704e+16
16620.0	4.947293202749327e+16
16630.0	5.0946816663298824e+16
16640.0	5.09051783696752e+16
16650.0	5.0739995558652376e+16
16660.0	5.1138225362840696e+16
16670.0	5.022101976486213e+16
16680.0	5.00789945360691e+16
16690.0	4.983750397702119e+16
16700.0	5.034929235488925e+16
16710.0	5.046745095006587e+16
16720.0	4.964468734181078e+16
16730.0	4.992831432402148e+16
16740.0	5.017725959941247e+16
16750.0	5.049462146323326e+16
16760.0	5.107494561443252e+16
16770.0	4.965185313731746e+16
16780.0	5.013772002612195e+16
16790.0	5.052567055367993e+16
16800.0	4.991002904428664e+16
16810.0	5.0436755731623064e+16
16820.0	5.04494912059228e+16
16830.0	4.985537962162665e+16
16840.0	4.943647543989618e+16
16850.0	5.015634492874336e+16
16860.0	4.976720594358246e+16
16870.0	4.859944346664382e+16
16880.0	4.886021567888372e+16
16890.0	4.8321408203485944e+16
16900.0	4.9530954091812376e+16
16910.0	4.96579113898223e+16
16920.0	4.741678375082031e+16
16930.0	4.8723539609615576e+16
16940.0	4.815739768259021e+16
16950.0	4.810729161130896e+16
16960.0	4.798671238759335e+16
16970.0	4.642946069649419e+16
16980.0	4.669258677494305e+16
16990.0	4.692835461450351e+16
17000.0	4.6204241205425e+16
17010.0	4.634856550699101e+16
17020.0	4.783892212959094e+16
17030.0	4.71979132362954e+16
17040.0	4.5115149918192984e+16
17050.0	4.5632485933956024e+16
17060.0	4.694762085946781e+16
17070.0	4.554027748761795e+16
17080.0	4.354313052686197e+16
17090.0	4.379086857758673e+16
17100.0	4.696284941356312e+16
17110.0	4.276245715087927e+16
17120.0	4.260516576734398e+16
17130.0	4.332637622528247e+16
17140.0	4.214572213016466e+16
17150.0	4.217249981059717e+16
17160.0	4.165678460295884e+16
17170.0	4.0958219329919e+16
17180.0	4.003950238637746e+16
17190.0	3.812994405049873e+16
17200.0	4.063394985545952e+16
17210.0	4.075707402956543e+16
17220.0	4.235971092528912e+16
17230.0	3.86344619317806e+16
17240.0	3.958347171607388e+16
17250.0	4.102086551045975e+16
17260.0	4.048011665863516e+16
17270.0	3.412854357047745e+16
17280.0	3.891210141752464e+16
17290.0	3.8278807593139896e+16
17300.0	3.847205526735515e+16
17310.0	3.998924237138017e+16
17320.0	3.3072007289925428e+16
17330.0	3.8184345207402696e+16
17340.0	3.7579402746767816e+16
17350.0	3.527255512507002e+16
17360.0	3.672003896871137e+16
17370.0	3.3035397148285956e+16
17380.0	3.67206326720664e+16
17390.0	3.718141656910109e+16
17400.0	3.3089068124684804e+16
17410.0	3.08953651631349e+16
17420.0	3.669504113214452e+16
17430.0	3.4849774147535544e+16
17440.0	3.3780907196826948e+16
17450.0	3.2082426151419884e+16
17460.0	3.3698673840321264e+16
17470.0	2.9692435231130948e+16
17480.0	3.2027575824813188e+16
17490.0	3.4980007947697732e+16
17500.0	3.3047344894271468e+16
17510.0	2.81411379088898e+16
17520.0	3.1963498468839556e+16
17530.0	3.4820038881774096e+16
17540.0	2.8457651408387092e+16
17550.0	3.157028180099897e+16
17560.0	2.565455655012126e+16
17570.0	2.9875023430122908e+16
17580.0	2.6894066168560604e+16
17590.0	2.840321484744972e+16
17600.0	3.554649093975041e+16
17610.0	2.6389898585441172e+16
17620.0	2.895157247226445e+16
17630.0	2.4408210930177236e+16
17640.0	3.206373635043209e+16
17650.0	2.9082379335669056e+16
17660.0	3.3532505971203012e+16
17670.0	2.5704511381026524e+16
17680.0	2.067927481767705e+16
17690.0	2.4833316125284516e+16
17700.0	2.9457408362471452e+16
17710.0	2.8278383781340036e+16
17720.0	2.541644583990845e+16
17730.0	2.2575424654623396e+16
17740.0	3.0480268610107664e+16
17750.0	2.4247938594224404e+16
17760.0	2.2335376540611976e+16
17770.0	2.459565210051493e+16
17780.0	2.5303090862554696e+16
17790.0	2.6012500815823164e+16
17800.0	2.6025985232015828e+16
17810.0	2.099916677193955e+16
17820.0	2.445498751973972e+16
17830.0	2.3195751705374012e+16
17840.0	2.6757351426600716e+16
17850.0	2.0633884554914508e+16
17860.0	1.889000338791196e+16
17870.0	1.8411359086359004e+16
17880.0	2.344125748429023e+16
17890.0	2.5421844425046096e+16
17900.0	2.7746998041688972e+16
17910.0	1.880772433112693e+16
17920.0	2.0328048739828584e+16
17930.0	2.3358356084803584e+16
17940.0	2.0281487721796296e+16
17950.0	2.2845196044773584e+16
17960.0	1.9406248817898052e+16
17970.0	2.324154819208641e+16
17980.0	2.4749386147374956e+16
17990.0	2.666018388271138e+16
18000.0	1.7960388093422938e+16
18010.0	1.548374844214733e+16
18020.0	1.8181595871037976e+16
18030.0	1.984750157252208e+16
18040.0	2.6420904340427644e+16
18050.0	2.1363216098032896e+16
18060.0	1.4390923975262608e+16
18070.0	1.9934946800170764e+16
18080.0	2.091053183868323e+16
18090.0	2.0712493859114748e+16
18100.0	2.5090963497824764e+16
18110.0	1.3697317892424298e+16
18120.0	1.9515098345698412e+16
18130.0	1.7711266658183368e+16
18140.0	2.850736032479097e+16
18150.0	2.2847518106692944e+16
18160.0	1.8099865761903044e+16
18170.0	1.9163763989700308e+16
18180.0	2.1044812955345784e+16
18190.0	1.9454973050016456e+16
18200.0	1.8195722814421828e+16
18210.0	1.8180286603222444e+16
18220.0	1.3025084309156214e+16
18230.0	2.2084536452953676e+16
18240.0	2.8846165645796904e+16
18250.0	2.300768938704568e+16
18260.0	1.790436018916652e+16
18270.0	1.9157702325444108e+16
18280.0	1.8454783555982764e+16
18290.0	2.2945086391712948e+16
18300.0	2.185948547412911e+16
18310.0	1.7117199897393532e+16
18320.0	2.1026778394502708e+16
18330.0	1.8449353837972612e+16
18340.0	2.3744643716578908e+16
18350.0	1.7679256738097112e+16
18360.0	1.8267079152334e+16
18370.0	2.199715698091311e+16
18380.0	1.7751664749131002e+16
18390.0	2.017006163638091e+16
18400.0	1.738504716654275e+16
18410.0	2.5178290545337536e+16
18420.0	1.5687135903007024e+16
18430.0	1.9285649615250496e+16
18440.0	1.6219773605503036e+16
18450.0	2.0304250601893204e+16
18460.0	1.7691927990985156e+16
18470.0	1.5717616524953042e+16
18480.0	1.5966046370377692e+16
18490.0	1.7622272131063942e+16
18500.0	1.424871154832977e+16
18510.0	2.0072985864948324e+16
18520.0	2.2274539420225644e+16
18530.0	1.7063030549828446e+16
18540.0	1.4723813905986194e+16
18550.0	1.8775936214487348e+16
18560.0	1.840134114168978e+16
18570.0	1.3355076017116644e+16
18580.0	1.2499052848417398e+16
18590.0	1.6417168408241926e+16
18600.0	1.276997845748644e+16
18610.0	1.1891673294067812e+16
18620.0	1.9070315206263804e+16
18630.0	1.6490470413190444e+16
18640.0	1.5593823559432816e+16
18650.0	1.1749547259673856e+16
18660.0	1.854280416890551e+16
18670.0	1.7181665174032376e+16
18680.0	1.1026226977871854e+16
18690.0	2.1684036138738828e+16
18700.0	1.8244460349760724e+16
18710.0	1.4644898702567924e+16
18720.0	1.933548268461192e+16
18730.0	1.2460134371870184e+16
18740.0	1.8495624872693212e+16
18750.0	1.8633633244756148e+16
18760.0	1.9848813119443864e+16
18770.0	1.438651496568508e+16
18780.0	1.924147015121571e+16
18790.0	1.7368421601627698e+16
18800.0	2.1752576496229944e+16
18810.0	1.5718105966660936e+16
18820.0	1.95492958793253e+16
18830.0	2.4299346555638884e+16
18840.0	2.2239943945900284e+16
18850.0	1.3960170509591204e+16
18860.0	2.138777129683675e+16
18870.0	2.017167725877915e+16
18880.0	2.3476063069628796e+16
18890.0	1.75089569436152e+16
18900.0	2.031016419347597e+16
18910.0	2.1394474188440496e+16
18920.0	1.4840031185817398e+16
18930.0	2.0408462792311228e+16
18940.0	2.0194037362126916e+16
18950.0	2.2546404778686376e+16
18960.0	2.09651348744789e+16
18970.0	2.405401228111815e+16
18980.0	1.9132681322950188e+16
18990.0	2.1173266932610316e+16
19000.0	2.290235409353132e+16
19010.0	1.895018140847775e+16
19020.0	2.3940266965166264e+16
19030.0	2.084367165778378e+16
19040.0	2.169176515298922e+16
19050.0	2.1198624823847856e+16
19060.0	1.778607192540559e+16
19070.0	1.8487986116818428e+16
19080.0	2.5692698981388076e+16
19090.0	2.4381928284873504e+16
19100.0	2.2572689622584396e+16
19110.0	1.7620720726089584e+16
19120.0	2.009150391990474e+16
19130.0	2.3136376390590052e+16
19140.0	1.9095156009776464e+16
19150.0	2.47937882965139e+16
19160.0	1.9566816299087984e+16
19170.0	1.961117362126487e+16
19180.0	2.3720731668305916e+16
19190.0	2.7222699293465084e+16
19200.0	1.7628767152918062e+16
19210.0	1.4949829576175676e+16
19220.0	2.2691237257091132e+16
19230.0	2.283452797262975e+16
19240.0	1.620052383045537e+16
19250.0	2.1539599342262504e+16
19260.0	2.1929591399985708e+16
19270.0	1.7093051367141196e+16
19280.0	2.581169731187347e+16
19290.0	1.7265669375283254e+16
19300.0	2.0710914049651052e+16
19310.0	1.7411695193069248e+16
19320.0	1.9687567880444784e+16
19330.0	2.1123398180402164e+16
19340.0	1.7110420950019146e+16
19350.0	2.1810081577001244e+16
19360.0	1.8302165281394496e+16
19370.0	1.9837635298655428e+16
19380.0	2.0038066859236296e+16
19390.0	1.5333011999609416e+16
19400.0	1.3861443249517478e+16
19410.0	1.3552180975891958e+16
19420.0	1.856365758077607e+16
19430.0	2.0295882374695292e+16
19440.0	2.0025519474170736e+16
19450.0	1.5759809962848948e+16
19460.0	1.8087141840444972e+16
19470.0	2.0657468524254304e+16
19480.0	1.5306973748893324e+16
19490.0	1.5620348481731776e+16
19500.0	1.9975145488705064e+16
19510.0	2.173327474277924e+16
19520.0	2.1177630321259556e+16
19530.0	1.3793918041916206e+16
19540.0	1.8763302803159404e+16
19550.0	1.5967187836790042e+16
19560.0	1.45879255592935e+16
19570.0	1.8969954247453284e+16
19580.0	1.7403312580690882e+16
19590.0	2.425023916179256e+16
19600.0	1.6330207678249484e+16
19610.0	1.388004514364977e+16
19620.0	1.7452945532564146e+16
19630.0	1.92337806731344e+16
19640.0	1.8093712627073336e+16
19650.0	1.5970117815704256e+16
19660.0	1.989285413984214e+16
19670.0	2.056512244224675e+16
19680.0	1.5271524438539418e+16
19690.0	1.794082174651098e+16
19700.0	2.1994051199732464e+16
19710.0	1.5367002138146504e+16
19720.0	1.9733236012533456e+16
19730.0	1.7848296137800826e+16
19740.0	1.6689687962741598e+16
19750.0	1.735431459884603e+16
19760.0	1.2396703612324698e+16
19770.0	1.8999835131290972e+16
19780.0	1.8925758143972876e+16
19790.0	1.9531999305354196e+16
19800.0	1.462444986904883e+16
19810.0	1.9851611933789736e+16
19820.0	1.5569614205811746e+16
19830.0	1.7276713838546144e+16
19840.0	1.7805616759388464e+16
19850.0	1.930408228117403e+16
19860.0	1.8580446171843012e+16
19870.0	2.1946532367270388e+16
19880.0	1.7986357419380702e+16
19890.0	1.8019297502160028e+16
19900.0	1.3310394668598608e+16
19910.0	1.754835839755891e+16
19920.0	1.552063189035205e+16
19930.0	1.8725081684767732e+16
19940.0	2.155818322333242e+16
19950.0	1.7178229459365956e+16
19960.0	1.9698095551941828e+16
19970.0	1.968748451239633e+16
19980.0	1.6016479839043036e+16
19990.0	1.970348281428316e+16
20000.0	1.51286222996059e+16
20010.0	1.914526533327843e+16
20020.0	1.820829887880951e+16
20030.0	2.017894988752171e+16
20040.0	2.0951686842762012e+16
20050.0	2.1329094910580996e+16
20060.0	1.87780147928312e+16
20070.0	1.7622484508920038e+16
20080.0	2.279925335560345e+16
20090.0	1.4465155738974184e+16
20100.0	1.772394197365684e+16
20110.0	1.7761014770324446e+16
20120.0	2.0230815562444736e+16
20130.0	2.0657484282666668e+16
20140.0	2.1195011322309876e+16
20150.0	2.141703251076871e+16
20160.0	1.8097305984028716e+16
20170.0	1.7771700971789734e+16
20180.0	2.1818585120753956e+16
20190.0	1.986586261391041e+16
20200.0	1.5437003929963826e+16
20210.0	2.1887524632749044e+16
20220.0	2.252845184603753e+16
20230.0	2.0920391412953596e+16
20240.0	2.349512663390978e+16
20250.0	2.137916059071344e+16
20260.0	1.7925860627653742e+16
20270.0	2.0012684891649908e+16
20280.0	2.105704641241663e+16
20290.0	1.7461571944714098e+16
20300.0	2.2679910158824188e+16
20310.0	1.7899401639954408e+16
20320.0	2.3876631512177784e+16
20330.0	2.2047132961598464e+16
20340.0	2.162606490267627e+16
20350.0	2.2413602314286836e+16
20360.0	1.8389716746860276e+16
20370.0	2.4416463412889956e+16
20380.0	2.2528315940049784e+16
20390.0	2.1666781506548884e+16
20400.0	2.0858663943550812e+16
20410.0	2.0113679214256816e+16
20420.0	2.383813185764345e+16
20430.0	2.5384818864518636e+16
20440.0	1.969422578550955e+16
20450.0	2.0439842623229384e+16
20460.0	2.1428114204535896e+16
20470.0	2.3731139164206936e+16
20480.0	2.4315949211663668e+16
20490.0	2.082305157458539e+16
20500.0	2.165007497825061e+16
20510.0	2.540432768911173e+16
20520.0	2.1820212611613376e+16
20530.0	2.2742895417263324e+16
20540.0	2.1528843557526764e+16
20550.0	2.2688023105180564e+16
20560.0	2.186171560783448e+16
20570.0	2.5010086250619864e+16
20580.0	2.52941670013124e+16
20590.0	2.4116531923675e+16
20600.0	2.4864970146881052e+16
20610.0	2.1875915940156704e+16
20620.0	2.323597686434752e+16
20630.0	2.3771220288628184e+16
20640.0	2.027697626972201e+16
20650.0	2.4285738751699684e+16
20660.0	2.3527601369667336e+16
20670.0	2.5114686966204296e+16
20680.0	2.4701846026526452e+16
20690.0	2.3130884213192884e+16
20700.0	2.597031767205542e+16
20710.0	2.442600453996489e+16
20720.0	2.2844567652218604e+16
20730.0	2.3993224904200684e+16
20740.0	2.388364004714e+16
20750.0	2.3461682230857776e+16
20760.0	2.4688361798117212e+16
20770.0	2.45748258746995e+16
20780.0	2.5203842148054748e+16
20790.0	2.4834600241552924e+16
20800.0	2.4383405538911616e+16
20810.0	2.489527090520915e+16
20820.0	2.491703565351782e+16
20830.0	2.364976176875945e+16
20840.0	2.4600813759091396e+16
20850.0	2.5176148794475012e+16
20860.0	2.5546140175027116e+16
20870.0	2.3107938128708384e+16
20880.0	2.5660815079919428e+16
20890.0	2.5049579830004556e+16
20900.0	2.4199545019834684e+16
20910.0	2.651890710294246e+16
20920.0	2.5148970417583124e+16
20930.0	2.618622201348684e+16
20940.0	2.3975425879064416e+16
20950.0	2.543323096689059e+16
20960.0	2.5620075476883284e+16
20970.0	2.502849623747599e+16
20980.0	2.5369474753395588e+16
20990.0	2.4996116075043596e+16
21000.0	2.5416914698859816e+16
21010.0	2.576620039502561e+16
21020.0	2.552638850068197e+16
21030.0	2.5468366504120044e+16
21040.0	2.5602960220076224e+16
21050.0	2.4759941647940812e+16
21060.0	2.597284089833471e+16
21070.0	2.5984885286455824e+16
21080.0	2.5398076741762644e+16
21090.0	2.5185784793375556e+16
21100.0	2.594298043087147e+16
21110.0	2.6314672212787396e+16
21120.0	2.462964811931614e+16
21130.0	2.5886124850961716e+16
21140.0	2.651660988538989e+16
21150.0	2.6082299296011724e+16
21160.0	2.6115164860535932e+16
21170.0	2.467082706192797e+16
21180.0	2.5365171815046356e+16
21190.0	2.558878579670629e+16
21200.0	2.5906836267198668e+16
21210.0	2.6043891093055984e+16
21220.0	2.5841738669857772e+16
21230.0	2.6001434635468956e+16
21240.0	2.5748031534575028e+16
21250.0	2.6350174092413816e+16
21260.0	2.6086892018523976e+16
21270.0	2.6031134202929508e+16
21280.0	2.524989360109626e+16
21290.0	2.5235429473073e+16
21300.0	2.539852939945071e+16
21310.0	2.587343956641994e+16
21320.0	2.5799082041330124e+16
21330.0	2.6191533269281296e+16
21340.0	2.58608946099569e+16
21350.0	2.619509221733187e+16
21360.0	2.607156099225628e+16
21370.0	2.5643499337850976e+16
21380.0	2.5783016071496244e+16
21390.0	2.5848883837023156e+16
21400.0	2.535747103227888e+16
21410.0	2.542398637760437e+16
21420.0	2.536145236673743e+16
21430.0	2.558439329050684e+16
21440.0	2.6499123211145936e+16
21450.0	2.6400153949356172e+16
21460.0	2.624775889262596e+16
21470.0	2.595767883302085e+16
21480.0	2.5814688583273868e+16
21490.0	2.5682644886271388e+16
21500.0	2.514528720344886e+16
21510.0	2.581151816683247e+16
21520.0	2.561441192452279e+16
21530.0	2.5377051265944828e+16
21540.0	2.59260757054562e+16
21550.0	2.5850678252727972e+16
21560.0	2.5389598577652264e+16
21570.0	2.5785401077787144e+16
21580.0	2.60262518369177e+16
21590.0	2.5586007611320396e+16
21600.0	2.553574831881522e+16
21610.0	2.583522009553139e+16
21620.0	2.556728507832646e+16
21630.0	2.5428642061513348e+16
21640.0	2.582604945761642e+16
21650.0	2.5704711147412844e+16
21660.0	2.5212152136485124e+16
21670.0	2.5383277242337908e+16
21680.0	2.5908896830059852e+16
21690.0	2.5983237070268748e+16
21700.0	2.5676880522038212e+16
21710.0	2.519836761117285e+16
21720.0	2.5514845978324884e+16
21730.0	2.512508644264084e+16
21740.0	2.529232052912739e+16
21750.0	2.574902518156287e+16
21760.0	2.4763934077705404e+16
21770.0	2.538989450831312e+16
21780.0	2.4902765334686324e+16
21790.0	2.486773000755432e+16
21800.0	2.520425888127714e+16
21810.0	2.544338417339483e+16
21820.0	2.5358908342768016e+16
21830.0	2.505110510175715e+16
21840.0	2.5289517496973536e+16
21850.0	2.5115236812094404e+16
21860.0	2.471941027533093e+16
21870.0	2.4887263771768536e+16
21880.0	2.4949201546811988e+16
21890.0	2.526045348868202e+16
21900.0	2.492348118768921e+16
21910.0	2.526405319500616e+16
21920.0	2.4998920346269388e+16
21930.0	2.442979586991024e+16
21940.0	2.483686392776994e+16
21950.0	2.50360221855992e+16
21960.0	2.445849337508288e+16
21970.0	2.454252209561433e+16
21980.0	2.4734726723446268e+16
21990.0	2.4673664005800744e+16
22000.0	2.470209266358217e+16
22010.0	2.4471878498425896e+16
22020.0	2.4356843557202096e+16
22030.0	2.4160724959751656e+16
22040.0	2.4041888296611404e+16
22050.0	2.411969724976547e+16
22060.0	2.455827643814042e+16
22070.0	2.4099240778075708e+16
22080.0	2.4046846182890356e+16
22090.0	2.4407989208280732e+16
22100.0	2.4455393021391172e+16
22110.0	2.37484067964772e+16
22120.0	2.463362048847508e+16
22130.0	2.4262733446619972e+16
22140.0	2.4431603377290144e+16
22150.0	2.4292614185343936e+16
22160.0	2.432124572470256e+16
22170.0	2.406166017750387e+16
22180.0	2.431160647837922e+16
22190.0	2.3701719015902212e+16
22200.0	2.3103611356141164e+16
22210.0	2.3233377230477284e+16
22220.0	2.3904287829125044e+16
22230.0	2.4127065225692396e+16
22240.0	2.416217664881907e+16
22250.0	2.4397028956874028e+16
22260.0	2.4277861227357556e+16
22270.0	2.345698942538321e+16
22280.0	2.352581172672491e+16
22290.0	2.3730419288489396e+16
22300.0	2.3730410635955736e+16
22310.0	2.3931744716403896e+16
22320.0	2.41876212482873e+16
22330.0	2.326323763748262e+16
22340.0	2.3880160521947444e+16
22350.0	2.3011782686870668e+16
22360.0	2.2891315065749908e+16
22370.0	2.3853240512488148e+16
22380.0	2.3711822715568736e+16
22390.0	2.2902695724659176e+16
22400.0	2.3989595258747524e+16
22410.0	2.3862128583755772e+16
22420.0	2.2901349235210612e+16
22430.0	2.276408818949162e+16
22440.0	2.2870906861323904e+16
22450.0	2.326039993692674e+16
22460.0	2.388713637297413e+16
22470.0	2.2535081748758428e+16
22480.0	2.3154475799647704e+16
22490.0	2.3602980595030796e+16
22500.0	2.2023759516317344e+16
22510.0	2.375499347849613e+16
22520.0	2.2884160344420764e+16
22530.0	2.313902335548699e+16
22540.0	2.278687919618645e+16
22550.0	2.2664063415757144e+16
22560.0	2.2826737968509624e+16
22570.0	2.325648569567149e+16
22580.0	2.2549152234691144e+16
22590.0	2.3154691296749508e+16
22600.0	2.2950422487137884e+16
22610.0	2.3030720158980156e+16
22620.0	2.2992834315117932e+16
22630.0	2.256203553268145e+16
22640.0	2.239912766709372e+16
22650.0	2.161472703417772e+16
22660.0	2.2615614989562596e+16
22670.0	2.26566207766941e+16
22680.0	2.2548769790670196e+16
22690.0	2.2247498486978556e+16
22700.0	2.1870903658711212e+16
22710.0	2.2344399899427956e+16
22720.0	2.1602378537399536e+16
22730.0	2.239833075559717e+16
22740.0	2.284457222427803e+16
22750.0	2.231394819058814e+16
22760.0	2.2266821121712204e+16
22770.0	2.2888047967672856e+16
22780.0	2.273243735797113e+16
22790.0	2.173512529934313e+16
22800.0	2.106547335831217e+16
22810.0	2.1074084489712436e+16
22820.0	2.2686222451273492e+16
22830.0	2.237088917048687e+16
22840.0	2.147657228258066e+16
22850.0	2.1937816743415624e+16
22860.0	2.2332526214529096e+16
22870.0	2.1881700393736204e+16
22880.0	2.275623402605313e+16
22890.0	2.2062105145978684e+16
22900.0	2.195311328648639e+16
22910.0	2.1616251229427304e+16
22920.0	2.0670161846807492e+16
22930.0	2.085478540251073e+16
22940.0	1.3327660913685424e+16
22950.0	1.5347425936570332e+16
22960.0	1.6154742416779466e+16
22970.0	1.6300540503496434e+16
22980.0	1.6144608236926236e+16
22990.0	1.6992946230466096e+16
23000.0	1.757348541027938e+16
23010.0	1.5029493106223406e+16
23020.0	1.768635357504327e+16
23030.0	1.7236599148131754e+16
23040.0	1.780927315446833e+16
23050.0	1.702143425230082e+16
23060.0	1.6862151259806218e+16
23070.0	1.7176803599552494e+16
23080.0	1.6573429706289364e+16
23090.0	1.7276660381515964e+16
23100.0	1.5616505045167206e+16
23110.0	1.6646541104237062e+16
23120.0	1.7055599718375852e+16
23130.0	1.9461270297463948e+16
23140.0	1.6583258933517812e+16
23150.0	1.5319122118081374e+16
23160.0	1.6999289986023038e+16
23170.0	1.915015317290783e+16
23180.0	1.5856274828194016e+16
23190.0	1.6780889971670422e+16
23200.0	1.924037339120944e+16
23210.0	1.7013069975430334e+16
23220.0	1.6247461670447882e+16
23230.0	1.4560851222138494e+16
23240.0	1.404015066019994e+16
23250.0	1.4937955677648698e+16
23260.0	1.7207316684567326e+16
23270.0	1.5112685396241172e+16
23280.0	1.5543240472689072e+16
23290.0	1.610976368697686e+16
23300.0	1.4549342725896378e+16
23310.0	1.6603657577078942e+16
23320.0	1.5956145001904924e+16
23330.0	1.7760869220877302e+16
23340.0	1.5652903152926176e+16
23350.0	1.670302547831156e+16
23360.0	1.5687439229059836e+16
23370.0	1.5494947077512184e+16
23380.0	1.7403360494062166e+16
23390.0	1.5384271223042128e+16
23400.0	1.6115031391516276e+16
23410.0	1.562427219926857e+16
23420.0	1.7819855495432694e+16
23430.0	1.6289242287424758e+16
23440.0	1.653775890125842e+16
23450.0	1.3702141194979718e+16
23460.0	1.849234213813172e+16
23470.0	1.7457570714244506e+16
23480.0	1.7487510942898188e+16
23490.0	1.9158153237534716e+16
23500.0	1.6579671573967428e+16
23510.0	1.6244668896699994e+16
23520.0	1.5896893019243538e+16
23530.0	1.5031960017860066e+16
23540.0	1.4203540024213334e+16
23550.0	1.8321982259904256e+16
23560.0	1.466715950899909e+16
23570.0	1.7169771549867094e+16
23580.0	1.474299801092204e+16
23590.0	1.3905034466361246e+16
23600.0	1.7442970783517506e+16
23610.0	1.4404843431176212e+16
23620.0	1.680542941747259e+16
23630.0	1.4137671584739818e+16
23640.0	1.6793479300266554e+16
23650.0	1.6410577950510246e+16
23660.0	1.5927010202038618e+16
23670.0	1.5964470250155406e+16
23680.0	1.442399648838061e+16
23690.0	1.59199230597216e+16
23700.0	1.5926546535138318e+16
23710.0	1.4044932039479372e+16
23720.0	1.7912405217258492e+16
23730.0	1.467276760685492e+16
23740.0	1.67558602709486e+16
23750.0	1.7253423363933856e+16
23760.0	1.495245213630602e+16
23770.0	1.6469527580292102e+16
23780.0	1.4465185543831416e+16
23790.0	1.5859389897985234e+16
23800.0	1.7952043487120932e+16
23810.0	1.2973999815352536e+16
23820.0	1.7760581108155314e+16
23830.0	1.4742376233832732e+16
23840.0	1.2240976585798486e+16
23850.0	1.7562445392048728e+16
23860.0	1.3480517269421666e+16
23870.0	1.4096054789767176e+16
23880.0	1.3610216787994042e+16
23890.0	1.4277721679848598e+16
23900.0	1.765726029142717e+16
23910.0	1.6650528447191994e+16
23920.0	1.2463783389632746e+16
23930.0	1.5381563809710632e+16
23940.0	1.7851543932921522e+16
23950.0	1.2871011482849426e+16
23960.0	1.6295753572810938e+16
23970.0	1.562202445572985e+16
23980.0	1.3261606220052454e+16
23990.0	1.7233047722099624e+16
24000.0	1.6004616380224884e+16
24010.0	1.3131194035874754e+16
24020.0	1.6160566800529938e+16
24030.0	1.4563710627602442e+16
24040.0	1.3282084740774272e+16
24050.0	1.600152754491874e+16
24060.0	1.5793372815616978e+16
24070.0	1.427184014120753e+16
24080.0	1.2121840858391988e+16
24090.0	1.4486953790594168e+16
24100.0	1.3774798304112906e+16
24110.0	1.4584056809999884e+16
24120.0	1.5235619122713766e+16
24130.0	1.3976166547434672e+16
24140.0	1.0652141643850076e+16
24150.0	1.6578567138444374e+16
24160.0	1.416444455497766e+16
24170.0	1.2288373811659222e+16
24180.0	1.4401787920837928e+16
24190.0	1.3093672744488984e+16
24200.0	1.1376139410832468e+16
24210.0	1.6521625749654296e+16
24220.0	1.186454764677041e+16
24230.0	1.2761898288984872e+16
24240.0	1.445520431514405e+16
24250.0	1.3423140503249162e+16
24260.0	1.2941599924179636e+16
24270.0	1.152264721521693e+16
24280.0	1.2262216077121252e+16
24290.0	1.4935436899253492e+16
24300.0	1.3115479270443774e+16
24310.0	1.134542510690433e+16
24320.0	1.3755084906607136e+16
24330.0	1.3664707191469766e+16
24340.0	1.0927140056203582e+16
24350.0	1.1624863791038662e+16
24360.0	1.2738730676310502e+16
24370.0	8218639312675792.0
24380.0	1.2773685519521384e+16
24390.0	1.5016849905841412e+16
24400.0	1.2752498359499708e+16
24410.0	1.1809774296276588e+16
24420.0	1.192622217414121e+16
24430.0	1.1725154008224226e+16
24440.0	9340415837300600.0
24450.0	1.2464603818683844e+16
24460.0	1.1759698034954008e+16
24470.0	1.1612527002370106e+16
24480.0	7834556115008270.0
24490.0	1.176542477169808e+16
24500.0	1.3790441792973906e+16
24510.0	1.223073217303073e+16
24520.0	8691257862021284.0
24530.0	7967554085767224.0
24540.0	7284430843530787.0
24550.0	1.0075749317567418e+16
24560.0	1.1999099972558758e+16
24570.0	1.3777359236882476e+16
24580.0	1.3882977815134254e+16
24590.0	1.2117399442678114e+16
24600.0	9576730039527290.0
24610.0	5995352720353435.0
24620.0	1.119770575515301e+16
24630.0	1.0627630057005708e+16
24640.0	1.3892385331764828e+16
24650.0	1.2584889463495704e+16
24660.0	1.0391515177727102e+16
24670.0	9657497415761190.0
24680.0	6138951778295611.0
24690.0	1.0538185925886138e+16
24700.0	9653585262442874.0
24710.0	9691263983900472.0
24720.0	9685788797361742.0
24730.0	8978949432490319.0
24740.0	6968176662946182.0
24750.0	6625710965423683.0
24760.0	7814542669233905.0
24770.0	1.2153388627403832e+16
24780.0	9995510985886306.0
24790.0	6634669662898099.0
24800.0	1.1369304058854224e+16
24810.0	9189123756166428.0
24820.0	6380206864928172.0
24830.0	7150974603266420.0
24840.0	1.157151614869978e+16
24850.0	1.291189747875665e+16
24860.0	1.136025165531495e+16
24870.0	7724342926889110.0
24880.0	7131529855683097.0
24890.0	6194628231416187.0
24900.0	5022326091549811.0
24910.0	5648912905223859.0
24920.0	1.0414033466340324e+16
24930.0	8713714432769315.0
24940.0	1.3009111018930234e+16
24950.0	9861114592588612.0
24960.0	7770587193510251.0
24970.0	7322404234219847.0
24980.0	4516468775109243.0
24990.0	8940483722262057.0
