# Flux units: erg / (cm m2 s)
# Wavelength units: Angstrom
wave	flux
9000.0	147006007.3639157
9010.0	160659572.7707397
9020.0	148422766.85753146
9030.0	147517532.20801744
9040.0	162328287.82013118
9050.0	172930074.8002618
9060.0	158523563.05399805
9070.0	176476677.96554098
9080.0	188660981.03542978
9090.0	190264423.81566757
9100.0	208701176.23439485
9110.0	209157043.9720172
9120.0	233333472.07347894
9130.0	230077553.05901942
9140.0	221337155.31531557
9150.0	245119273.60538116
9160.0	260337928.63124424
9170.0	277107541.69491404
9180.0	247769976.06841555
9190.0	288149700.71599793
9200.0	281185980.07324564
9210.0	220359408.21132824
9220.0	204460252.3293507
9230.0	182449913.67056897
9240.0	179158603.0532244
9250.0	179890406.29973516
9260.0	192033287.0620581
9270.0	191671255.98207876
9280.0	164346900.558362
9290.0	166606672.48670155
9300.0	155444764.73948658
9310.0	172168160.60291067
9320.0	168459735.29452676
9330.0	181599701.08124927
9340.0	183212632.01249745
9350.0	178056651.09109604
9360.0	189830505.68235856
9370.0	180953967.04444006
9380.0	198785725.85272843
9390.0	200506935.96612534
9400.0	200267376.9356017
9410.0	211057105.50528958
9420.0	210332928.6514875
9430.0	218465428.01672202
9440.0	207593077.17760268
9450.0	224554751.73101142
9460.0	224507661.42002034
9470.0	231431883.018068
9480.0	239733301.0209532
9490.0	253759433.38569388
9500.0	239877312.39908144
9510.0	241995706.06442282
9520.0	235357129.9841296
9530.0	253271955.9727019
9540.0	239630687.93781784
9550.0	229014329.0532909
9560.0	246637109.47801274
9570.0	233160867.35450482
9580.0	244149697.0093856
9590.0	232448076.1033021
9600.0	224548485.67189568
9610.0	229099082.3282105
9620.0	232444983.13244572
9630.0	245474675.65755007
9640.0	209672216.6924205
9650.0	229638970.1235001
9660.0	253544116.0277797
9670.0	248531851.68131348
9680.0	239506142.91116205
9690.0	258514459.11629194
9700.0	282587362.9729535
9710.0	257169528.18843243
9720.0	265902158.2664089
9730.0	230038021.07830837
9740.0	238841970.20828417
9750.0	247471303.75718656
9760.0	263767583.11154044
9770.0	269679759.52075875
9780.0	284204650.13946974
9790.0	259561618.94675273
9800.0	307828834.3978121
9810.0	285727136.38650984
9820.0	283963763.9124899
9830.0	283768321.7547547
9840.0	288336513.0487017
9850.0	306025278.4541388
9860.0	338919035.99316573
9870.0	327792744.1762987
9880.0	356226154.26934654
9890.0	371048693.16586405
9900.0	241773277.3382233
9910.0	169809606.5798426
9920.0	163424024.60296077
9930.0	191191705.51631457
9940.0	226937522.2717779
9950.0	253859230.51156464
9960.0	244643176.3069132
9970.0	268977278.6096701
9980.0	229874865.28863624
9990.0	198891433.5521033
10000.0	234189842.12929612
10010.0	227441168.37636864
10020.0	238394499.27152607
10030.0	251100334.23290512
10040.0	224719565.8970974
10050.0	236813077.88371053
10060.0	198687170.47113815
10070.0	238074449.4045411
10080.0	274163840.5429633
10090.0	251441808.47509593
10100.0	296593716.3314375
10110.0	259722356.67002684
10120.0	277706608.9401049
10130.0	321964050.3346912
10140.0	249182181.40060377
10150.0	291284316.00985295
10160.0	264716158.952099
10170.0	273289873.6552293
10180.0	315310123.9285244
10190.0	282129403.9687932
10200.0	288906747.3674141
10210.0	340365452.1925918
10220.0	273619801.40206015
10230.0	313482278.8474281
10240.0	378589389.0107325
10250.0	319510838.0859649
10260.0	242344446.41321194
10270.0	260441098.25231802
10280.0	251264199.20336074
10290.0	267980877.86893523
10300.0	291411585.50168806
10310.0	343054830.92778045
10320.0	316792097.28409517
10330.0	293562832.87060404
10340.0	317733514.6768172
10350.0	295338241.97792053
10360.0	370413023.965729
10370.0	360908173.27919745
10380.0	354363894.52299285
10390.0	344396253.33722806
10400.0	340906532.3119115
10410.0	433460269.92764103
10420.0	340461802.6258495
10430.0	303672557.19587296
10440.0	395746490.04791
10450.0	408555117.5222991
10460.0	406821984.76390225
10470.0	287689051.42453074
10480.0	299572084.5854063
10490.0	342946857.1721066
10500.0	328921882.03018934
10510.0	303468780.22394615
10520.0	283365368.4409727
10530.0	284973135.6738887
10540.0	317100162.4610613
10550.0	297105724.270251
10560.0	265888409.1871626
10570.0	260398548.76644304
10580.0	289817642.4542022
10590.0	260175678.79654157
10600.0	297793955.0499534
10610.0	280617786.2347697
10620.0	306274863.1106468
10630.0	324082532.5277814
10640.0	328822295.7519164
10650.0	318931915.2470808
10660.0	322776733.3427232
10670.0	320649198.33510625
10680.0	344769660.2595901
10690.0	364025253.14713615
10700.0	390337534.50628775
10710.0	352910478.1186503
10720.0	422709692.48870367
10730.0	405456388.6308759
10740.0	395390810.89569855
10750.0	445877983.25602144
10760.0	414126262.0912909
10770.0	446784007.8824267
10780.0	502801000.3307858
10790.0	481664768.6446494
10800.0	463261695.18046576
10810.0	439997122.7767433
10820.0	458364723.1930329
10830.0	536325645.62593186
10840.0	598638443.0278841
10850.0	449862354.8552141
10860.0	474786557.8166085
10870.0	517373860.45232654
10880.0	555165566.8139163
10890.0	500709545.68262583
10900.0	568833426.4876494
10910.0	485974290.8728727
10920.0	523273573.81131977
10930.0	536895491.8074727
10940.0	544182957.9960656
10950.0	529457955.8922526
10960.0	501756309.3865334
10970.0	526183391.04244953
10980.0	476338204.44800866
10990.0	516608557.5722799
11000.0	507936202.05027163
11010.0	548285420.6305938
11020.0	498843610.8029329
11030.0	463698876.9206807
11040.0	416593994.2395462
11050.0	394658207.0620687
11060.0	409431185.15152854
11070.0	415306171.52393216
11080.0	416489599.9231644
11090.0	444132650.86665195
11100.0	429369218.888889
11110.0	406164498.847314
11120.0	470763615.7644563
11130.0	430364236.58756834
11140.0	471420405.0615375
11150.0	469874027.7378688
11160.0	473493147.500116
11170.0	442422100.7178351
11180.0	477088630.44485974
11190.0	467105395.15427786
11200.0	451183414.69495195
11210.0	465274189.8359303
11220.0	460754376.4065855
11230.0	511542819.1055213
11240.0	516775859.1334591
11250.0	507487724.23121023
11260.0	541149971.7688166
11270.0	558158674.1305155
11280.0	509527803.13851655
11290.0	548870856.793183
11300.0	483657586.15985227
11310.0	517986294.1862133
11320.0	526342464.2642484
11330.0	538171829.8486128
11340.0	479206624.62078977
11350.0	419572746.68416524
11360.0	484260828.6990793
11370.0	452347076.7108014
11380.0	336818769.54313153
11390.0	360033768.0365168
11400.0	367272118.9646478
11410.0	280254604.9519729
11420.0	460215465.1156207
11430.0	494959618.1635209
11440.0	478191762.48579836
11450.0	529426015.33401865
11460.0	535999271.641662
11470.0	571974986.5158584
11480.0	543203112.8644481
11490.0	624627648.9752214
11500.0	610009552.2312621
11510.0	602023836.3507352
11520.0	594371443.5349543
11530.0	576013929.1657635
11540.0	551205595.1956741
11550.0	595976362.3409591
11560.0	580441084.9775815
11570.0	579419139.3784041
11580.0	598365146.8155965
11590.0	612585092.5494635
11600.0	551069718.0837839
11610.0	526128664.8014643
11620.0	580000260.6386057
11630.0	627163129.826116
11640.0	538335312.579468
11650.0	599254166.1998037
11660.0	536023351.57130367
11670.0	556300332.0776277
11680.0	472047833.3904851
11690.0	254328196.7358064
11700.0	346888973.87939906
11710.0	499609384.2943476
11720.0	520194975.10262513
11730.0	540969182.0350444
11740.0	460773649.2466225
11750.0	463108978.5087023
11760.0	392150645.3350294
11770.0	261182207.00096068
11780.0	230460573.23227203
11790.0	388894673.80921245
11800.0	437905717.3192865
11810.0	471831836.54919183
11820.0	460716546.2857812
11830.0	473404711.96860486
11840.0	471984906.5289315
11850.0	479940083.2800061
11860.0	515285426.753472
11870.0	540141186.8508728
11880.0	507033624.0068871
11890.0	457452452.6927186
11900.0	529124546.7784947
11910.0	536620253.1678983
11920.0	538633803.0817698
11930.0	576792359.2517742
11940.0	508107571.41798186
11950.0	523682560.20878506
11960.0	529797038.5587657
11970.0	514191924.2957414
11980.0	461505413.4461122
11990.0	521121978.9866396
12000.0	510205441.2634895
12010.0	532366735.99127185
12020.0	538110529.6358337
12030.0	550608085.2109687
12040.0	580048133.9713576
12050.0	569208191.2633133
12060.0	663010480.9466676
12070.0	577637645.086132
12080.0	611066056.1780127
12090.0	580285846.8389748
12100.0	650552478.2303095
12110.0	558809219.7495589
12120.0	607425652.0527271
12130.0	604130108.3213052
12140.0	685449530.9994144
12150.0	672378865.4827262
12160.0	657754220.3977395
12170.0	673680853.3112382
12180.0	698167540.458074
12190.0	680498152.956
12200.0	648532990.7371273
12210.0	651416602.5758086
12220.0	668019157.082395
12230.0	679826124.3296663
12240.0	685596300.9602147
12250.0	710260531.6278803
12260.0	723074308.9792309
12270.0	729424429.4593201
12280.0	730591618.0463166
12290.0	726569502.4741621
12300.0	711977746.5871801
12310.0	740976844.0131874
12320.0	702809812.3596481
12330.0	704166449.3024532
12340.0	733289785.9361961
12350.0	706585795.9497329
12360.0	721628398.0026895
12370.0	740131263.0280637
12380.0	732124434.5737815
12390.0	686753760.1725341
12400.0	693025357.923252
12410.0	579914999.1826931
12420.0	563063324.3575119
12430.0	475874315.445859
12440.0	418373220.32102764
12450.0	647970414.4120306
12460.0	651466090.5256041
12470.0	688265442.788051
12480.0	664509991.8885487
12490.0	684190366.2633103
12500.0	645139178.5647341
12510.0	641618680.1335056
12520.0	433697410.9194844
12530.0	403393641.4174623
12540.0	644087323.6737822
12550.0	635880916.7034912
12560.0	690267059.2328868
12570.0	688794556.2455229
12580.0	692519710.162105
12590.0	699329645.1326089
12600.0	695554208.6525519
12610.0	726161294.1492103
12620.0	707015563.1729645
12630.0	722014242.210538
12640.0	668239649.8022479
12650.0	708953674.9991729
12660.0	732837393.8853917
12670.0	761920277.558957
12680.0	747386143.9568331
12690.0	766348866.1765583
12700.0	718926909.0807593
12710.0	712671273.0389628
12720.0	790401726.8580403
12730.0	775853884.0191047
12740.0	727470996.3933393
12750.0	716088243.6946436
12760.0	776826568.3505011
12770.0	764141386.7967459
12780.0	761724598.2478099
12790.0	782486732.6667616
12800.0	763758320.5806099
12810.0	771600217.0109489
12820.0	785843660.567201
12830.0	741500272.4360577
12840.0	761928427.8273014
12850.0	766120497.6862476
12860.0	704608677.2854198
12870.0	766052210.5558922
12880.0	756822185.5583712
12890.0	721322575.2357999
12900.0	701678451.8166866
12910.0	715346696.4806095
12920.0	755232343.2450205
12930.0	733823957.3861929
12940.0	812149229.5317719
12950.0	715545837.9073902
12960.0	779365038.9872044
12970.0	773667046.6811805
12980.0	788162715.5691323
12990.0	762616391.4568869
13000.0	780239193.9504145
13010.0	767550312.6191176
13020.0	801504049.3610837
13030.0	802729876.1374956
13040.0	819182818.5343562
13050.0	809257540.5843344
13060.0	805650804.5463316
13070.0	751678862.708658
13080.0	785200712.5956867
13090.0	760385463.1063697
13100.0	774161587.2801154
13110.0	816878312.3032616
13120.0	757542924.3140794
13130.0	700310071.1610986
13140.0	759941425.1407999
13150.0	743265594.6008577
13160.0	763319566.830069
13170.0	787789064.803614
13180.0	761671367.9108509
13190.0	802973298.7875369
13200.0	753551945.3341181
13210.0	767597151.8269128
13220.0	718814053.8266813
13230.0	757172238.3542588
13240.0	729677586.8528452
13250.0	681361190.2050818
13260.0	735810703.8706051
13270.0	646392832.9473478
13280.0	703257169.3814635
13290.0	692389740.5302055
13300.0	624807225.865208
13310.0	585325081.5174056
13320.0	446175243.70830476
13330.0	487893510.15973675
13340.0	486759677.7228823
13350.0	295333717.4693592
13360.0	341462750.4413644
13370.0	283249075.3380623
13380.0	314548854.5228579
13390.0	329918254.3573107
13400.0	399692558.9478032
13410.0	373279864.4869078
13420.0	294010875.56752837
13430.0	270223265.5793156
13440.0	357199514.64598954
13450.0	286401609.2894668
13460.0	359350779.3596016
13470.0	285598409.77480376
13480.0	244884961.33676246
13490.0	357188981.47851455
13500.0	307282295.4893787
13510.0	283575882.0607557
13520.0	277051942.0936006
13530.0	329814063.0276313
13540.0	236231734.32852727
13550.0	245707330.0554643
13560.0	298259725.6249795
13570.0	289439545.25094235
13580.0	271974933.31668764
13590.0	295498450.48933727
13600.0	300655321.90876853
13610.0	295092187.6281943
13620.0	215682789.92598414
13630.0	337061338.37495816
13640.0	330546085.1836885
13650.0	270035876.8443682
13660.0	350014202.62942886
13670.0	311576966.8976311
13680.0	313674622.0922649
13690.0	287919853.3375126
13700.0	301406577.59786266
13710.0	282072546.11855125
13720.0	306740506.68850964
13730.0	303093475.7334941
13740.0	286900196.8290436
13750.0	323866112.79791623
13760.0	333157375.5254892
13770.0	315578313.90290403
13780.0	355814781.8643699
13790.0	320478445.77073336
13800.0	372203882.3267889
13810.0	318228052.6988859
13820.0	367945907.31329
13830.0	261043503.9872301
13840.0	361874873.43497074
13850.0	336650539.77151495
13860.0	309932845.9213335
13870.0	367314889.85248935
13880.0	294659533.1337205
13890.0	385290982.3079565
13900.0	317905328.23718214
13910.0	277938274.32677513
13920.0	303692734.70356053
13930.0	303650183.55376875
13940.0	302189530.6805304
13950.0	294241780.0878297
13960.0	296134802.0846529
13970.0	303532218.33062
13980.0	261539824.17404744
13990.0	301777161.5071697
14000.0	279208448.92978466
14010.0	243352948.04506555
14020.0	336501321.2561982
14030.0	310258946.33572286
14040.0	278093157.11432654
14050.0	276509841.73654824
14060.0	364110130.71794707
14070.0	260275265.21906564
14080.0	270508262.383158
14090.0	264490280.8889262
14100.0	272415426.906288
14110.0	275734747.36114633
14120.0	231879888.91956127
14130.0	317273772.0560991
14140.0	259085443.07057962
14150.0	252651338.265221
14160.0	308117861.3034839
14170.0	256079085.43764347
14180.0	226073544.01118475
14190.0	233300436.2729002
14200.0	289580945.49835736
14210.0	282144957.52258366
14220.0	252361093.26414722
14230.0	260550662.36298773
14240.0	229535236.7050282
14250.0	259113840.86446774
14260.0	234456300.15749806
14270.0	269788691.8882402
14280.0	249135627.84835324
14290.0	196308499.17541102
14300.0	317766073.85523635
14310.0	304457681.3708953
14320.0	239908120.6645798
14330.0	273792927.88643396
14340.0	203164800.3312611
14350.0	305608177.90429676
14360.0	287707355.62478536
14370.0	260326147.55291772
14380.0	291041374.69855493
14390.0	281965060.8343362
14400.0	266294827.2422746
14410.0	251104823.37391517
14420.0	270526779.6059609
14430.0	312124232.593966
14440.0	302206856.4226557
14450.0	235310678.55509186
14460.0	294852926.7066991
14470.0	252247657.2548198
14480.0	303157314.5670102
14490.0	337875191.38482547
14500.0	265172462.26513427
14510.0	245361635.3764461
14520.0	371280446.9489558
14530.0	332056106.52870476
14540.0	268314902.73270518
14550.0	365036293.6960698
14560.0	282018620.833627
14570.0	276881772.2829952
14580.0	335672905.5757837
14590.0	350399118.8974844
14600.0	340115973.6407418
14610.0	324508531.9826214
14620.0	295129139.1693773
14630.0	249376144.73817545
14640.0	340575247.0482494
14650.0	324654696.31425893
14660.0	354077093.69069993
14670.0	347266829.487926
14680.0	277750719.0023045
14690.0	269779864.4573632
14700.0	304527194.10481656
14710.0	325670854.712943
14720.0	327100317.6434435
14730.0	351443897.7822371
14740.0	297323853.5942012
14750.0	299222883.4009845
14760.0	312553941.36970866
14770.0	325518985.38935155
14780.0	331533521.20857984
14790.0	381832672.8213054
14800.0	284596511.6159994
14810.0	347891622.6717454
14820.0	287555632.7157253
14830.0	329748929.7511607
14840.0	375105257.8903827
14850.0	329248032.9283435
14860.0	332689349.23304796
14870.0	366971140.21991134
14880.0	325088054.3227009
14890.0	333665144.4245196
14900.0	319463418.52118033
14910.0	374648432.91327935
14920.0	342693493.85902375
14930.0	350236714.07065624
14940.0	312299704.93129927
14950.0	342365724.2724907
14960.0	345704744.060991
14970.0	358733817.0157069
14980.0	369662949.1451904
14990.0	378668146.29171664
15000.0	349366916.94101024
15010.0	361925021.0084198
15020.0	297550551.74237764
15030.0	410906745.4252111
15040.0	352153956.45169055
15050.0	381878377.92069024
15060.0	367559318.1213943
15070.0	398248237.4757948
15080.0	347163820.7343341
15090.0	395466220.50984406
15100.0	369348464.8387648
15110.0	370936004.2307797
15120.0	409230022.4109886
15130.0	356401269.72431153
15140.0	379975270.22863084
15150.0	444605262.1129249
15160.0	402279880.2587697
15170.0	343527926.046851
15180.0	376132583.9550693
15190.0	391003007.2850014
15200.0	394874826.30205584
15210.0	437103742.313683
15220.0	414223420.8039699
15230.0	427888231.6860167
15240.0	426476909.40654135
15250.0	382142164.8642771
15260.0	392727357.5871408
15270.0	411517158.04137677
15280.0	417255308.9618447
15290.0	425014789.4596979
15300.0	456261576.1689624
15310.0	431036671.08554864
15320.0	374357422.0314164
15330.0	408801929.1249405
15340.0	472981466.6300131
15350.0	430700528.0895633
15360.0	449236373.7789426
15370.0	426170758.17736477
15380.0	431987386.3816394
15390.0	483336722.2130777
15400.0	432984599.894629
15410.0	421244385.2291833
15420.0	465154977.78105396
15430.0	449920488.697446
15440.0	424515067.22689366
15450.0	470511783.6533948
15460.0	509668709.0678793
15470.0	451626936.89242715
15480.0	449003866.49900824
15490.0	468632317.49866766
15500.0	487379981.72144383
15510.0	451771139.4777642
15520.0	489884699.5375961
15530.0	495462414.980181
15540.0	499209388.6230408
15550.0	485574095.8900817
15560.0	476040713.275082
15570.0	478640000.64931417
15580.0	446745063.6275041
15590.0	481299434.7899134
15600.0	487907385.1204874
15610.0	488251643.0353631
15620.0	509460079.6366844
15630.0	508523327.77623993
15640.0	510375653.64521694
15650.0	480193787.6454253
15660.0	465249581.36592484
15670.0	537283548.2231468
15680.0	556182072.2328746
15690.0	510867230.761845
15700.0	508456060.53990906
15710.0	524604085.5198054
15720.0	525180952.6137398
15730.0	526483193.2927098
15740.0	545631804.2707112
15750.0	546000989.7788626
15760.0	536944782.061007
15770.0	541991819.7337497
15780.0	530613830.9835267
15790.0	534286400.6368132
15800.0	539199771.2105563
15810.0	545060204.4745373
15820.0	541356511.1688807
15830.0	569079644.5565333
15840.0	540447338.8134357
15850.0	542680385.7413566
15860.0	584223966.2131152
15870.0	563927739.221304
15880.0	575281844.1729969
15890.0	579787123.808573
15900.0	549073690.3951173
15910.0	586191779.6776354
15920.0	570062553.1221373
15930.0	567485031.6727866
15940.0	590254512.9104043
15950.0	594123464.2966677
15960.0	598117448.6309845
15970.0	589222454.3646051
15980.0	579390066.8238974
15990.0	584921443.1106535
16000.0	600465326.3480254
16010.0	608001483.618047
16020.0	571713136.5256597
16030.0	624670155.7642057
16040.0	595887288.9660755
16050.0	595544451.0540855
16060.0	600759409.8102994
16070.0	617606522.6384104
16080.0	623342362.8533489
16090.0	615808550.820427
16100.0	614945029.8422558
16110.0	600570277.7229623
16120.0	614816460.9641126
16130.0	625349465.2986226
16140.0	618979404.2366538
16150.0	621270674.3928404
16160.0	620134052.1458007
16170.0	648967441.4879946
16180.0	651748594.2283025
16190.0	609839035.2743665
16200.0	623283290.3248783
16210.0	611773911.6951224
16220.0	645985986.0017408
16230.0	647098105.1548927
16240.0	654341552.7401822
16250.0	638794076.2650884
16260.0	632848236.8937329
16270.0	651554391.9058412
16280.0	657039815.3795948
16290.0	643401724.1396317
16300.0	652813597.7476434
16310.0	636847757.0257435
16320.0	645256410.0820944
16330.0	657396517.1663935
16340.0	662602401.5982212
16350.0	646355050.9245158
16360.0	660248449.8607094
16370.0	661048313.352544
16380.0	679259954.5293261
16390.0	664900876.0255105
16400.0	660450070.0100931
16410.0	664388918.6109573
16420.0	650357055.2480252
16430.0	657407770.9584787
16440.0	674021351.2711495
16450.0	677595241.9152008
16460.0	675891990.6548777
16470.0	673275547.5700059
16480.0	686532666.0850809
16490.0	671924306.1592895
16500.0	665029843.6964092
16510.0	663250431.6559348
16520.0	678077746.8755281
16530.0	669110545.7734865
16540.0	677111626.6070241
16550.0	671836634.759244
16560.0	690274468.5289143
16570.0	689839264.6273515
16580.0	683369444.6370741
16590.0	672350840.2153909
16600.0	662041405.6459898
16610.0	672349183.3356556
16620.0	658917969.3030751
16630.0	693063579.5331361
16640.0	690669627.2544852
16650.0	691565537.745717
16660.0	702137176.2566887
16670.0	679838911.0666183
16680.0	680082417.490102
16690.0	677748799.263369
16700.0	686112959.917075
16710.0	696189362.0354812
16720.0	674951325.5517349
16730.0	681150981.9287058
16740.0	688380123.3706074
16750.0	695745329.96314
16760.0	708405143.5671706
16770.0	676300811.3072928
16780.0	690237996.138766
16790.0	699407481.7804074
16800.0	684841348.4402915
16810.0	700467035.1122228
16820.0	700880489.0369151
16830.0	687686954.5008855
16840.0	682370519.2121807
16850.0	697807777.4838648
16860.0	690897590.4961238
16870.0	665468075.0931342
16880.0	674246649.7395452
16890.0	660611673.2642134
16900.0	689137627.6464049
16910.0	695504328.4043992
16920.0	638585618.329551
16930.0	668689709.4345518
16940.0	660643441.7406065
16950.0	658563448.4569343
16960.0	651598776.2292749
16970.0	628487980.8269756
16980.0	628070445.3848326
16990.0	637026187.2969525
17000.0	619569795.8361832
17010.0	628171569.7253164
17020.0	658991163.3934846
17030.0	645949510.1548029
17040.0	595175452.2697141
17050.0	609007089.313309
17060.0	644213945.2852408
17070.0	611872518.7221694
17080.0	569979613.2153862
17090.0	572138189.1271247
17100.0	641653207.6404294
17110.0	556781068.7578871
17120.0	549178527.0352994
17130.0	574513223.3920647
17140.0	538819237.7704102
17150.0	544678528.6897608
17160.0	533380324.1902185
17170.0	528833675.5815289
17180.0	501995624.63294846
17190.0	465052507.1554487
17200.0	522700509.19232595
17210.0	522787628.8422096
17220.0	561643344.7465907
17230.0	482922505.7778854
17240.0	500284162.9491239
17250.0	538043881.3685173
17260.0	528267817.98873496
17270.0	406751008.3205533
17280.0	510456820.6963101
17290.0	484438072.2866275
17300.0	484559522.95609945
17310.0	528503199.95087075
17320.0	397512321.06032956
17330.0	498355012.1962767
17340.0	468001417.37583804
17350.0	429414444.1385294
17360.0	472493347.80282253
17370.0	401940414.7329342
17380.0	464981217.9572323
17390.0	474707833.3047758
17400.0	419920747.70892805
17410.0	390384131.2910251
17420.0	474771107.12971437
17430.0	436751676.8174347
17440.0	411127955.4673753
17450.0	389986541.7090816
17460.0	427003743.65034336
17470.0	364428338.04945827
17480.0	393591008.10076255
17490.0	450541541.1608244
17500.0	408291535.3899008
17510.0	345481519.1772586
17520.0	396284274.1222861
17530.0	446530182.63610727
17540.0	358449978.3723174
17550.0	395759270.7649273
17560.0	309963339.34906816
17570.0	362134570.65781784
17580.0	337220026.6126888
17590.0	342120317.7255244
17600.0	449632005.3517635
17610.0	318188668.878445
17620.0	361321674.3337373
17630.0	294937445.2029152
17640.0	403863730.9294306
17650.0	360711166.3704418
17660.0	422318556.2626724
17670.0	329727719.88746476
17680.0	254959794.6114493
17690.0	300000591.14688236
17700.0	373194874.9872082
17710.0	353409385.6899434
17720.0	306587845.0141503
17730.0	272489673.49473363
17740.0	377755372.412701
17750.0	294555053.30563205
17760.0	282004468.2345143
17770.0	302722165.90828836
17780.0	305585108.94390535
17790.0	328577432.69167626
17800.0	320319788.5371819
17810.0	270661381.8878318
17820.0	302327951.1618253
17830.0	284755786.8142555
17840.0	344457709.8250035
17850.0	257959677.38983268
17860.0	243403503.97600833
17870.0	228175902.33842948
17880.0	289294197.9552474
17890.0	305132358.2356807
17900.0	333826789.2330459
17910.0	238994398.0930354
17920.0	255785236.09835118
17930.0	280478751.8308842
17940.0	258828318.23011756
17950.0	271147227.2449085
17960.0	249678430.7040916
17970.0	301471486.5234965
17980.0	299708087.1788104
17990.0	316964177.52593565
18000.0	226892235.27849758
18010.0	208390836.43597573
18020.0	229475292.28494725
18030.0	249834566.67524168
18040.0	314613300.1244238
18050.0	268254668.88289943
18060.0	195889260.53634033
18070.0	247027330.55051005
18080.0	256921967.22022778
18090.0	248657864.9098526
18100.0	299160059.30455387
18110.0	182822004.40771776
18120.0	247162208.7620527
18130.0	224089726.64794502
18140.0	334354813.209461
18150.0	287815492.9857179
18160.0	238739762.71181822
18170.0	250129408.1281894
18180.0	250935568.64141718
18190.0	236644360.21710327
18200.0	231722774.1696859
18210.0	233822396.34880003
18220.0	176102975.42709178
18230.0	271210014.520657
18240.0	344220295.4060606
18250.0	257990209.2057154
18260.0	223951627.27201456
18270.0	243518419.03447488
18280.0	226766667.5715112
18290.0	275323098.6007474
18300.0	275461620.48182523
18310.0	222167121.1539643
18320.0	259480623.68679795
18330.0	217760588.56052294
18340.0	279017235.45704764
18350.0	221793891.75576845
18360.0	228121825.8721255
18370.0	277169023.8996907
18380.0	220074993.8382566
18390.0	242432047.19769984
18400.0	217151657.68414822
18410.0	299514004.1595873
18420.0	198169338.39607897
18430.0	227244655.05690852
18440.0	201417334.13007852
18450.0	236966142.38854218
18460.0	212970257.64575332
18470.0	194151648.8453959
18480.0	197636889.14615262
18490.0	215195060.44172302
18500.0	182590342.02144325
18510.0	242443408.8866542
18520.0	271492537.97493774
18530.0	213396813.9813905
18540.0	191955440.6966561
18550.0	235479569.77414933
18560.0	221041366.63472193
18570.0	174205446.67710575
18580.0	161349761.74524143
18590.0	190043060.78159937
18600.0	166091281.4520898
18610.0	162622795.4758988
18620.0	225339991.810002
18630.0	200370064.9698212
18640.0	198368405.13246974
18650.0	158603163.55749327
18660.0	224837150.06870425
18670.0	214780845.92635468
18680.0	161030503.89505416
18690.0	251061849.89758915
18700.0	229140393.5508291
18710.0	194404478.37413412
18720.0	238156812.81659776
18730.0	166825958.38352662
18740.0	229371914.9941691
18750.0	221457922.58680686
18760.0	235656280.30579308
18770.0	188349853.01355726
18780.0	219682678.2805857
18790.0	199137998.7579411
18800.0	242799942.03692597
18810.0	202298728.13276342
18820.0	232848478.42204806
18830.0	280144128.98870254
18840.0	270313047.75416243
18850.0	180906500.37858143
18860.0	252291912.39238107
18870.0	233504278.72247067
18880.0	278098206.6745616
18890.0	213982054.73689115
18900.0	247862310.9262032
18910.0	250007578.91639522
18920.0	177649440.81743264
18930.0	224071098.7222873
18940.0	234106428.41805786
18950.0	256965376.2408739
18960.0	239226737.003919
18970.0	282041159.9438339
18980.0	218197027.61374763
18990.0	246804623.9453843
19000.0	283234787.0157049
19010.0	228177981.9609442
19020.0	283265213.5452958
19030.0	249492042.67503908
19040.0	249530684.3072176
19050.0	254960090.95127806
19060.0	223710545.29931566
19070.0	226499275.95230055
19080.0	295207712.220102
19090.0	274176617.40183216
19100.0	263226115.92444924
19110.0	206763702.8250487
19120.0	238836303.85394037
19130.0	276942027.6092444
19140.0	246999930.02569705
19150.0	289645194.6750625
19160.0	234651676.92408
19170.0	227790428.00387868
19180.0	260224116.08262497
19190.0	314185286.29333377
19200.0	229000126.87195837
19210.0	200515022.2854829
19220.0	260164521.135242
19230.0	269656584.7027755
19240.0	206891093.44718766
19250.0	257065918.56622285
19260.0	258172354.74532652
19270.0	212191756.20495513
19280.0	312714506.1118077
19290.0	222071333.46998227
19300.0	247368128.3869427
19310.0	203322044.93344912
19320.0	234601188.87743044
19330.0	255211113.44022775
19340.0	218293569.8185785
19350.0	263778434.2257158
19360.0	235496666.84872878
19370.0	243058277.1213429
19380.0	245491437.64124262
19390.0	194476094.49862424
19400.0	187477038.0887124
19410.0	184496368.20485714
19420.0	233838115.23726693
19430.0	242448080.6523092
19440.0	242474694.8264182
19450.0	201942300.5100871
19460.0	209059935.73445758
19470.0	253790219.9953385
19480.0	201308193.33701897
19490.0	202906866.5264834
19500.0	252507674.62898806
19510.0	243971795.1728013
19520.0	247554613.88942453
19530.0	172882317.25191936
19540.0	234486497.29219988
19550.0	211238800.0808862
19560.0	188794018.39465824
19570.0	229784756.08707932
19580.0	229645393.8533635
19590.0	297658090.04103464
19600.0	206146806.6225867
19610.0	181320000.0598057
19620.0	223064934.7372569
19630.0	236415235.30428222
19640.0	226934934.0160372
19650.0	196239507.11864445
19660.0	240173929.34130728
19670.0	243720319.07334647
19680.0	190899343.7737869
19690.0	221412803.36338598
19700.0	267718863.0330237
19710.0	195929632.25827804
19720.0	248813904.90265536
19730.0	219492261.96966782
19740.0	208662054.7214248
19750.0	221983264.87713787
19760.0	159590893.22488397
19770.0	227740129.88011485
19780.0	209195206.94770008
19790.0	231850089.52227148
19800.0	181949384.32327053
19810.0	232695318.04336038
19820.0	195392722.22327322
19830.0	211639124.40860796
19840.0	215151189.1792562
19850.0	225863593.0371547
19860.0	213209309.23583233
19870.0	239191184.93597117
19880.0	211215840.00516728
19890.0	221561747.52413505
19900.0	172784089.43615222
19910.0	208925033.38533002
19920.0	188174801.125009
19930.0	227994543.05561116
19940.0	259711782.73809242
19950.0	206248563.48189628
19960.0	230973207.3658079
19970.0	227518845.14560995
19980.0	192105215.45029214
19990.0	231055641.05655393
20000.0	185008471.4252756
20010.0	220514402.73951077
20020.0	212337784.46636805
20030.0	236540361.35124555
20040.0	237203772.5389998
20050.0	238238255.84515527
20060.0	215099276.92467436
20070.0	207929369.83748558
20080.0	268153305.42106077
20090.0	176979501.68890643
20100.0	215465631.03930733
20110.0	204675459.76268247
20120.0	232033722.43718496
20130.0	233051691.87213784
20140.0	244750657.2471855
20150.0	247018954.32576475
20160.0	207689073.20891875
20170.0	204933069.27889705
20180.0	249384275.29367197
20190.0	223838006.19723243
20200.0	182526672.16602343
20210.0	255258761.11281595
20220.0	250054925.8750978
20230.0	236459496.4406139
20240.0	269454710.1310918
20250.0	245479479.08218828
20260.0	208145707.1451554
20270.0	222830754.53326535
20280.0	242203131.9857623
20290.0	196261739.31816465
20300.0	264141967.67695692
20310.0	206597691.82406518
20320.0	277198489.3752712
20330.0	245476792.3987146
20340.0	243085697.886046
20350.0	254504148.9279231
20360.0	205413472.57652506
20370.0	281362748.1495377
20380.0	258191769.44451803
20390.0	245856638.37148067
20400.0	234317303.8159978
20410.0	224438832.6405639
20420.0	269276553.86350346
20430.0	299897611.09673655
20440.0	215440440.34978786
20450.0	222840763.85944495
20460.0	245017947.49482134
20470.0	271526743.27447116
20480.0	278253661.56237227
20490.0	229250574.69074377
20500.0	242390221.08408153
20510.0	291850415.72444564
20520.0	243567929.8863508
20530.0	264156688.51670957
20540.0	237941329.1499704
20550.0	256067603.78468606
20560.0	245606619.22020507
20570.0	286066505.20042735
20580.0	290663039.9694393
20590.0	277673432.4429624
20600.0	285088461.9576683
20610.0	241626526.55820268
20620.0	262389779.40527928
20630.0	270539747.0626542
20640.0	225427806.43502265
20650.0	271203316.55339044
20660.0	263749236.24844983
20670.0	295138851.94821
20680.0	281534895.4846875
20690.0	256332546.61032572
20700.0	306922843.75145817
20710.0	282323789.87234116
20720.0	253241427.71185872
20730.0	272318451.93172663
20740.0	269555501.1988817
20750.0	265946729.69706622
20760.0	287860023.4339688
20770.0	283080792.6082896
20780.0	292603080.58803177
20790.0	284196571.03943014
20800.0	279009350.4371248
20810.0	285057758.6792589
20820.0	288766322.24099755
20830.0	271969906.8914512
20840.0	281720910.2394944
20850.0	287424148.36327153
20860.0	297100457.88761824
20870.0	260820193.30157387
20880.0	300238364.6550074
20890.0	289521956.4383321
20900.0	274797244.18597126
20910.0	319670185.41471064
20920.0	290065006.20859414
20930.0	316894476.1964843
20940.0	275825460.4983375
20950.0	298557456.34480256
20960.0	296562601.805806
20970.0	288520314.24323356
20980.0	299508433.4931367
20990.0	296469879.6961287
21000.0	297633686.4118064
21010.0	313281080.6073634
21020.0	300302430.47988987
21030.0	299731601.07316107
21040.0	305261124.22091454
21050.0	292553445.7483706
21060.0	311452921.68714553
21070.0	315642180.19910616
21080.0	299315510.32770693
21090.0	293875229.6495052
21100.0	317790577.9475613
21110.0	324401209.6922487
21120.0	287547952.7576967
21130.0	313060906.9897468
21140.0	329437177.2683378
21150.0	318021574.6137897
21160.0	321318412.17967266
21170.0	289998759.73493505
21180.0	305340967.18549365
21190.0	305819254.7462879
21200.0	320607380.8306382
21210.0	322607572.24523354
21220.0	316369728.30956554
21230.0	321694759.4412099
21240.0	314855600.951053
21250.0	334686734.67312175
21260.0	320656455.91929036
21270.0	324263629.3516333
21280.0	305432217.27989066
21290.0	303614033.42124796
21300.0	314745107.12264466
21310.0	323838356.666458
21320.0	322487328.3071289
21330.0	332502431.0837082
21340.0	322495978.7225304
21350.0	333415445.13593256
21360.0	332792562.8888321
21370.0	322996419.2288757
21380.0	324667335.4654352
21390.0	325860101.512721
21400.0	314681574.7294847
21410.0	314730772.6255392
21420.0	316389959.2359059
21430.0	321080923.20799804
21440.0	348625798.63016504
21450.0	344579195.08432907
21460.0	341383248.59446
21470.0	335684854.2613202
21480.0	329006504.2548564
21490.0	327014264.04020745
21500.0	308998133.90374017
21510.0	331805021.3969848
21520.0	324881806.9166187
21530.0	318162727.53738844
21540.0	335719537.3483238
21550.0	335411567.4408997
21560.0	323570023.920754
21570.0	333378084.2027982
21580.0	341345237.5539434
21590.0	330531909.5703584
21600.0	327900150.87587637
21610.0	340034431.12213653
21620.0	327664653.10759
21630.0	323672349.9130401
21640.0	339062516.72096276
21650.0	336254530.9931843
21660.0	322829672.04931223
21670.0	329717941.20416933
21680.0	342943645.4400642
21690.0	347993669.8317369
21700.0	338503878.592325
21710.0	323453298.7244374
21720.0	333353916.80677843
21730.0	325078129.5673121
21740.0	329565457.58238703
21750.0	343207908.16372335
21760.0	315584357.18974084
21770.0	333138566.8829496
21780.0	320614685.2158121
21790.0	321934205.0507553
21800.0	331014322.07269514
21810.0	336752198.23178077
21820.0	334916033.88773286
21830.0	325304052.31025714
21840.0	333521834.91370666
21850.0	330415564.73594576
21860.0	320816422.3429373
21870.0	327852225.8323047
21880.0	328448668.359511
21890.0	337204702.0919616
21900.0	327977019.58698076
21910.0	339453695.71255064
21920.0	331800195.4102294
21930.0	315259206.51308566
21940.0	327107649.90399766
21950.0	336449863.2963015
21960.0	323351360.675625
21970.0	325412445.21413845
21980.0	331754772.8310257
21990.0	328631354.17770815
22000.0	331149417.64004916
22010.0	327573170.76270694
22020.0	325904220.09168905
22030.0	318634581.4050302
22040.0	313609846.5419777
22050.0	318525322.92690706
22060.0	325354449.9239098
22070.0	318484651.2212133
22080.0	317334388.15198743
22090.0	324343053.46730566
22100.0	329273469.07026464
22110.0	310429194.6417756
22120.0	335763752.00094706
22130.0	323095245.0536445
22140.0	330705361.9192362
22150.0	324791485.68097913
22160.0	325695264.25642294
22170.0	317963061.20929426
22180.0	328150551.8050503
22190.0	313195427.71567875
22200.0	299281835.29264665
22210.0	305825690.11251175
22220.0	321278756.1383211
22230.0	325326723.73679835
22240.0	326801079.8518095
22250.0	334630804.55050725
22260.0	330591899.0360929
22270.0	310316121.60996217
22280.0	313407330.660965
22290.0	309887173.3045071
22300.0	317731480.4999879
22310.0	327616541.700292
22320.0	330219124.9808795
22330.0	305124719.69295144
22340.0	324427742.9662168
22350.0	299345562.3552318
22360.0	298485974.7108396
22370.0	324610339.0916443
22380.0	320332919.9358505
22390.0	302288889.06648314
22400.0	331315226.14965016
22410.0	327996518.35646343
22420.0	306647534.4241319
22430.0	303397989.7573565
22440.0	305431470.81691116
22450.0	313786133.3599019
22460.0	331740841.4230271
22470.0	302927886.8928139
22480.0	309305646.0910976
22490.0	326389265.4282777
22500.0	288303661.5776031
22510.0	328485802.16470236
22520.0	308911881.40306026
22530.0	313700885.2789909
22540.0	304624662.252539
22550.0	300942731.7854944
22560.0	308003268.3282793
22570.0	319961917.38790756
22580.0	299482049.36835384
22590.0	314715948.1332718
22600.0	309330410.5181222
22610.0	314073518.912366
22620.0	310516416.27168196
22630.0	302064028.56209934
22640.0	299062140.7563296
22650.0	289259563.35583746
22660.0	306001034.118825
22670.0	307306252.476174
22680.0	309518365.0701983
22690.0	301795493.33078307
22700.0	291029645.7733461
22710.0	303500207.3643954
22720.0	288125657.58408993
22730.0	303385825.1671351
22740.0	309922995.05901796
22750.0	305643269.0996319
22760.0	301840898.781984
22770.0	315457850.4880937
22780.0	311630301.1667077
22790.0	284727209.6499601
22800.0	279892742.14053714
22810.0	284054636.798291
22820.0	311376544.3479714
22830.0	303640388.48521584
22840.0	288183393.0618778
22850.0	300675395.7264529
22860.0	303674965.8574769
22870.0	298239506.2001755
22880.0	317138976.41598195
22890.0	297182034.6362914
22900.0	303117843.2161761
22910.0	298162978.3253614
22920.0	276332954.57192045
22930.0	279488705.3211905
22940.0	158160783.38502616
22950.0	194977044.22502694
22960.0	208515222.34266096
22970.0	217141372.77740973
22980.0	215221231.10521123
22990.0	231306005.8702507
23000.0	244372233.8658721
23010.0	201725339.41637033
23020.0	245794997.643742
23030.0	233622714.0839759
23040.0	250318181.51138726
23050.0	231489138.6631184
23060.0	234378742.6250935
23070.0	239025133.56524232
23080.0	230968896.25498456
23090.0	243702173.17632693
23100.0	212158098.7103475
23110.0	229265023.54679367
23120.0	230384131.3279221
23130.0	266325356.55869097
23140.0	229490571.3528827
23150.0	209338798.06678003
23160.0	236221788.19661307
23170.0	259115420.5453286
23180.0	220137851.2750648
23190.0	240421956.85545823
23200.0	261519293.7638525
23210.0	230302688.09247458
23220.0	226450000.26958266
23230.0	171117262.22972852
23240.0	182724998.84360895
23250.0	200031362.070691
23260.0	217343189.77794963
23270.0	207093329.03910732
23280.0	207147468.73659685
23290.0	215603345.0319312
23300.0	197635237.11841354
23310.0	214893938.63949695
23320.0	217810172.4642383
23330.0	237111955.74187437
23340.0	208667306.9505717
23350.0	222479159.16845948
23360.0	211509776.6402245
23370.0	209112059.60763666
23380.0	230269024.90787953
23390.0	204844073.96273986
23400.0	205106546.39848825
23410.0	209142131.16417938
23420.0	236394031.91968873
23430.0	221920299.8279031
23440.0	209379522.02241158
23450.0	178792846.8578815
23460.0	248138995.57951987
23470.0	232366898.35384724
23480.0	233298872.27113143
23490.0	254425097.17305514
23500.0	217968549.32901412
23510.0	204603019.0738244
23520.0	203558863.16272828
23530.0	178450909.88113317
23540.0	175731398.09639442
23550.0	225419503.12208083
23560.0	185950255.35535675
23570.0	217556547.21161845
23580.0	196070515.11742452
23590.0	168548941.65617344
23600.0	222016723.03497854
23610.0	188716672.21542677
23620.0	205209786.92093217
23630.0	185378589.64033604
23640.0	213463473.05076006
23650.0	214201433.59743813
23660.0	206024078.57187554
23670.0	200586126.98754507
23680.0	186663045.8763106
23690.0	201256217.0974919
23700.0	208999471.65721583
23710.0	185893912.0020687
23720.0	230233904.9977332
23730.0	198571444.0331851
23740.0	210615732.16211355
23750.0	218013800.9674913
23760.0	196865466.6283224
23770.0	203192031.00241753
23780.0	193100868.86690408
23790.0	196760683.65731198
23800.0	229263024.07970303
23810.0	175443741.4415451
23820.0	217567257.79501626
23830.0	177009309.41688684
23840.0	160126897.1468701
23850.0	217603046.2880391
23860.0	170539615.77531886
23870.0	171049424.24206978
23880.0	169659031.45239517
23890.0	184923475.03718323
23900.0	227585483.68829516
23910.0	211497028.5215493
23920.0	158993087.0116726
23930.0	185959364.41978472
23940.0	229674921.85753292
23950.0	168932219.0200846
23960.0	203766591.26515082
23970.0	194263845.11829838
23980.0	171153992.0576389
23990.0	205089010.84083188
24000.0	198426232.10703462
24010.0	165738154.81397605
24020.0	193554964.82918254
24030.0	182163147.8722399
24040.0	174198408.5566365
24050.0	195933404.4429634
24060.0	191053489.8370866
24070.0	177629960.55481902
24080.0	153857093.3758569
24090.0	175263280.85721564
24100.0	167632698.7637685
24110.0	180330030.53008997
24120.0	180945737.19722247
24130.0	171989728.08862582
24140.0	136964828.28514776
24150.0	203389437.73896536
24160.0	171599815.44884318
24170.0	150955602.47426316
24180.0	167124119.11765593
24190.0	171824895.70890316
24200.0	147599974.72050503
24210.0	195818746.90278205
24220.0	142744426.97633356
24230.0	163527970.99969015
24240.0	179622340.75120232
24250.0	161825587.14991823
24260.0	152302846.6951905
24270.0	147799988.293954
24280.0	148196089.61935553
24290.0	182181064.55540025
24300.0	162255641.44166252
24310.0	140125217.42774218
24320.0	166180963.7281532
24330.0	164134265.30599725
24340.0	139049615.13250536
24350.0	145539890.61703742
24360.0	160745480.86033034
24370.0	109400640.73754606
24380.0	153751261.62539086
24390.0	180244826.87870842
24400.0	154582729.9623067
24410.0	152350286.33686087
24420.0	148098477.878828
24430.0	141773406.27948046
24440.0	122340874.42982063
24450.0	153056024.9359637
24460.0	148822099.7895654
24470.0	150968993.08332333
24480.0	102842875.01677234
24490.0	145399773.752066
24500.0	160724133.86790958
24510.0	156329379.24255022
24520.0	112548208.9338027
24530.0	111806688.62171283
24540.0	102055479.66676217
24550.0	126346401.95712449
24560.0	149204696.29185376
24570.0	164169840.40170854
24580.0	162807736.86976057
24590.0	150280402.07232875
24600.0	128945928.35435839
24610.0	81819060.06669228
24620.0	144416357.9503612
24630.0	133234322.44259334
24640.0	164488136.81305653
24650.0	150950123.22081757
24660.0	133035857.91419879
24670.0	133350274.71365277
24680.0	86965458.85064162
24690.0	141107177.76893753
24700.0	124784404.92864725
24710.0	123005134.72703919
24720.0	125073557.61275227
24730.0	120263257.02019492
24740.0	98577504.39359285
24750.0	94457697.72952284
24760.0	101491732.61137085
24770.0	154691473.93172267
24780.0	137126127.87275696
24790.0	88546461.3038431
24800.0	134429163.16839164
24810.0	118961909.3009548
24820.0	93282751.74134922
24830.0	102132328.35711128
24840.0	143789621.82104105
24850.0	159674180.19305348
24860.0	137989212.42811924
24870.0	101809840.7017587
24880.0	99254701.67041074
24890.0	94944862.84923829
24900.0	81166547.82510817
24910.0	86721290.09416343
24920.0	126659074.8925304
24930.0	112244253.90251848
24940.0	157488786.52929562
24950.0	125666947.92040205
24960.0	105908141.43086374
24970.0	107858408.15425284
24980.0	74288834.71118104
24990.0	116356017.9274589
