# Flux units: erg / (cm m2 s)
# Wavelength units: Angstrom
wave	flux
9000.0	3420233955.698783
9010.0	3606535360.270315
9020.0	3457827592.3933954
9030.0	3472758451.977319
9040.0	3610852690.202983
9050.0	3684225383.383039
9060.0	3631813572.8422346
9070.0	3754373110.8501844
9080.0	3828055906.2756453
9090.0	3700941468.1564417
9100.0	3844902852.1959
9110.0	3859193058.9090405
9120.0	4001734065.9086432
9130.0	4009764093.6617794
9140.0	4002923150.0901723
9150.0	4077778895.654157
9160.0	4119447019.5696
9170.0	4166456939.1181183
9180.0	4098346834.8477073
9190.0	4221645759.72743
9200.0	4197064908.1808896
9210.0	3978242237.401706
9220.0	3926710361.8997083
9230.0	3822818745.5252185
9240.0	3819506432.247262
9250.0	3803802708.9847293
9260.0	3857206307.91898
9270.0	3869385233.0760202
9280.0	3720115469.1948586
9290.0	3639152358.7688036
9300.0	3589747804.65778
9310.0	3710263754.176152
9320.0	3663705956.9844537
9330.0	3744073521.0178094
9340.0	3759230204.6397414
9350.0	3685647039.152524
9360.0	3733820112.6262937
9370.0	3688352298.582548
9380.0	3789978492.8737574
9390.0	3791409879.859125
9400.0	3806746612.0338836
9410.0	3837993187.128351
9420.0	3804671105.7806516
9430.0	3867175370.1354537
9440.0	3798457225.3103814
9450.0	3791425202.58196
9460.0	3868492184.381548
9470.0	3910432442.3538747
9480.0	3954262826.671424
9490.0	4007564779.7139854
9500.0	3970541974.7392516
9510.0	3952438742.4497333
9520.0	3956101522.108969
9530.0	4011408409.6419706
9540.0	3967630375.921696
9550.0	3848990155.6669264
9560.0	4016972703.263579
9570.0	3998525731.9813294
9580.0	3982340236.3279815
9590.0	4036969489.8314586
9600.0	3825675274.044788
9610.0	4000942026.7323546
9620.0	4047475217.838823
9630.0	4079478763.6240554
9640.0	3639668616.1786695
9650.0	3840130226.7155113
9660.0	4059647026.452278
9670.0	3986362257.815197
9680.0	3757559609.2896867
9690.0	3942129275.929404
9700.0	4135363091.9116893
9710.0	3820473123.400678
9720.0	3929063103.6465263
9730.0	3699870313.984931
9740.0	3821750810.538848
9750.0	3716364524.4217987
9760.0	3956954029.2783184
9770.0	3836628076.3237114
9780.0	3997097357.2999763
9790.0	3586331307.613428
9800.0	4046353903.927129
9810.0	3923763922.432536
9820.0	3930578449.4346156
9830.0	3878033821.7801723
9840.0	3909243399.022629
9850.0	3977199330.561264
9860.0	4056667084.992352
9870.0	4017933982.94129
9880.0	4095140606.4492793
9890.0	4132610492.5514984
9900.0	3735349954.208478
9910.0	3385218369.850404
9920.0	3313748893.8806405
9930.0	3539686867.2959743
9940.0	3662400757.2893343
9950.0	3824999001.9951835
9960.0	3759106444.4503508
9970.0	3843340092.5194106
9980.0	3777832577.6690435
9990.0	3542441061.905676
10000.0	3773938130.938776
10010.0	3709656396.8743095
10020.0	3809693704.84277
10030.0	3850196332.351723
10040.0	3685724712.4201126
10050.0	3682959550.554987
10060.0	3507696069.2166615
10070.0	3695862512.912784
10080.0	3856667205.8125176
10090.0	3765917282.123237
10100.0	3891687252.1717415
10110.0	3810156632.548547
10120.0	3848503351.717671
10130.0	3973172582.925263
10140.0	3751212839.7484136
10150.0	3826241646.3153725
10160.0	3767373615.326077
10170.0	3772423451.8680353
10180.0	3917790023.827092
10190.0	3794705385.2123284
10200.0	3877290055.0934653
10210.0	3929827729.397899
10220.0	3750323701.1147995
10230.0	3917887547.221622
10240.0	4039531822.8373437
10250.0	3913558220.52533
10260.0	3647075998.5585527
10270.0	3684394288.825817
10280.0	3688898376.9842825
10290.0	3682547812.6478457
10300.0	3763864724.411611
10310.0	3962184548.5750446
10320.0	3918081807.2767224
10330.0	3774822104.996314
10340.0	3833196231.2375765
10350.0	3448021196.928011
10360.0	4011298450.387967
10370.0	3958341041.719879
10380.0	3883117117.3709326
10390.0	3963977265.9858623
10400.0	3747352484.1439457
10410.0	4064308873.272893
10420.0	3885071212.108345
10430.0	3808211633.4481425
10440.0	4036267993.061675
10450.0	4034029876.173318
10460.0	4080840549.548951
10470.0	3832161349.5247617
10480.0	3903133024.3678827
10490.0	4017080857.0356297
10500.0	3880831122.8870482
10510.0	3931692824.19076
10520.0	3863317621.885928
10530.0	3945693115.896396
10540.0	3958343267.8391857
10550.0	4008105373.1193533
10560.0	3885261460.5651946
10570.0	3830808626.43348
10580.0	3993257291.041941
10590.0	3806311020.5527987
10600.0	3975590687.122501
10610.0	3857403236.603914
10620.0	3959003093.6062236
10630.0	4011254514.198294
10640.0	3993518446.4299364
10650.0	3959470017.591514
10660.0	3803474131.6617537
10670.0	3915743746.8437557
10680.0	3898979791.703116
10690.0	4003913361.2935457
10700.0	4026473995.591296
10710.0	3941660534.918701
10720.0	4049463802.6681013
10730.0	3931813147.108163
10740.0	3938034820.2807755
10750.0	3970054970.609853
10760.0	4004435184.3540463
10770.0	4036161607.3652368
10780.0	4062383833.845707
10790.0	4071380425.151729
10800.0	4002862868.5164766
10810.0	3942827748.586566
10820.0	4000123828.6289816
10830.0	4100121566.8876724
10840.0	4060347132.1795473
10850.0	3979171140.5846276
10860.0	4011470988.9654837
10870.0	4069734405.831802
10880.0	4092459680.8183026
10890.0	4010606551.712591
10900.0	4093470765.291688
10910.0	3976579129.4181495
10920.0	4027475193.582824
10930.0	4063528178.089425
10940.0	4058131621.454609
10950.0	4042547350.551114
10960.0	3978991075.7360635
10970.0	4016925308.979096
10980.0	3950624723.701787
10990.0	3969499794.4897876
11000.0	3988477900.95059
11010.0	4039694882.4018373
11020.0	3921919428.9873223
11030.0	3852115509.9375467
11040.0	3773575532.9868765
11050.0	3715402337.2815814
11060.0	3777231579.3803964
11070.0	3756422615.2364707
11080.0	3781845888.27512
11090.0	3817583576.732243
11100.0	3805880674.1755486
11110.0	3760507140.4176226
11120.0	3825055966.7596116
11130.0	3773409743.945499
11140.0	3861053673.094699
11150.0	3845515085.2102284
11160.0	3821272654.607492
11170.0	3824910254.532977
11180.0	3844722720.322823
11190.0	3803678673.5399885
11200.0	3789678873.8493743
11210.0	3810048010.165969
11220.0	3827115418.360001
11230.0	3866340575.9032936
11240.0	3894994493.811086
11250.0	3792202876.5890646
11260.0	3731837797.8349037
11270.0	3902029343.150416
11280.0	3856207720.8220487
11290.0	3897090392.871091
11300.0	3786236111.7077513
11310.0	3836357276.086288
11320.0	3873127245.1157784
11330.0	3887553865.8241763
11340.0	3817105315.1312957
11350.0	3796954919.8179913
11360.0	3821245789.7077155
11370.0	3784685356.7055063
11380.0	3066643353.946811
11390.0	3319253234.713817
11400.0	3392949306.2897778
11410.0	2673104637.1806793
11420.0	3757916841.2716436
11430.0	3755913302.9273367
11440.0	3741798446.0404067
11450.0	3837108982.8597865
11460.0	3826150170.567721
11470.0	3879711222.6724744
11480.0	3806306029.8131876
11490.0	3872405130.0692916
11500.0	3907234184.14697
11510.0	3884404939.7835374
11520.0	3870007961.1286483
11530.0	3872555408.778107
11540.0	3836401090.242667
11550.0	3855815844.490748
11560.0	3858398537.9593964
11570.0	3846537400.50641
11580.0	3864300847.3244085
11590.0	3878717251.680049
11600.0	3738403154.603303
11610.0	3597033557.6587896
11620.0	3842613086.944784
11630.0	3887415189.876046
11640.0	3694032892.3057404
11650.0	3872299099.9831314
11660.0	3812590187.146205
11670.0	3859385873.2239923
11680.0	3831767794.598508
11690.0	3239888007.5401654
11700.0	3749971649.0960283
11710.0	3833555077.0047417
11720.0	3819444978.1657925
11730.0	3836277010.05251
11740.0	3743193616.7029133
11750.0	3762040604.643664
11760.0	3733259986.4879603
11770.0	3347832678.7912455
11780.0	3076119763.0960107
11790.0	3644785735.3870907
11800.0	3734090640.5176134
11810.0	3744877702.282496
11820.0	3728798898.679214
11830.0	3519966135.26719
11840.0	3710772406.548821
11850.0	3726331428.1443796
11860.0	3755419963.573809
11870.0	3760268352.6573057
11880.0	3723897834.0658665
11890.0	3387522530.6022882
11900.0	3688305999.8674603
11910.0	3741389303.2996416
11920.0	3729427875.7580695
11930.0	3756442380.523342
11940.0	3687665321.2051506
11950.0	3633231310.780098
11960.0	3605190427.663163
11970.0	3652515039.5204163
11980.0	3355353299.758021
11990.0	3672686138.5845
12000.0	3665278611.795485
12010.0	3690769036.6391926
12020.0	3684075041.271842
12030.0	3680145523.6677246
12040.0	3714141598.2671337
12050.0	3684461381.0118666
12060.0	3772167687.7451105
12070.0	3675297708.796654
12080.0	3697499240.8673873
12090.0	3626085544.19293
12100.0	3751434686.059767
12110.0	3670698474.1042333
12120.0	3700355710.2213345
12130.0	3683192607.0528827
12140.0	3748319221.4189754
12150.0	3744493323.7243495
12160.0	3715153561.7802825
12170.0	3716193406.53169
12180.0	3744953049.9325747
12190.0	3727906010.586182
12200.0	3709412072.005375
12210.0	3699902037.8472586
12220.0	3716419030.7610626
12230.0	3719355124.430741
12240.0	3706163125.443355
12250.0	3728479501.720659
12260.0	3731890019.262856
12270.0	3731514689.165207
12280.0	3717987547.756904
12290.0	3724556765.372786
12300.0	3708692669.4492164
12310.0	3713388217.0405035
12320.0	3656201560.794688
12330.0	3681084292.4196043
12340.0	3706803512.9719815
12350.0	3693755064.2420363
12360.0	3693848000.0933313
12370.0	3698004839.940852
12380.0	3700148017.822481
12390.0	3655712355.7037516
12400.0	3677064949.173633
12410.0	3544682630.9809957
12420.0	3538280490.3555837
12430.0	3526061208.279098
12440.0	3321767145.1574597
12450.0	3621536109.2522955
12460.0	3595075335.410419
12470.0	3609472436.7167406
12480.0	3598920907.889652
12490.0	3613738330.0748916
12500.0	3588302210.581037
12510.0	3624739780.1013966
12520.0	3472614299.4752007
12530.0	3264207327.1574717
12540.0	3609364332.8746753
12550.0	3562801305.6545553
12560.0	3580376949.0360866
12570.0	3562167395.862283
12580.0	3574589358.6921854
12590.0	3574934553.1769223
12600.0	3546258611.1653953
12610.0	3580091291.2814503
12620.0	3572995487.582966
12630.0	3586573709.7645345
12640.0	3528540956.1355743
12650.0	3573225043.0320063
12660.0	3578304086.0894237
12670.0	3569450216.472501
12680.0	3335816529.1920047
12690.0	3570939885.446905
12700.0	3546070003.2540627
12710.0	3540911707.2484403
12720.0	3600175260.1449294
12730.0	3588821863.661677
12740.0	3527697713.756374
12750.0	3513027447.075614
12760.0	3583426955.8942437
12770.0	3567618419.401056
12780.0	3566315186.449
12790.0	3582824159.6880593
12800.0	3568652024.5652676
12810.0	3551368822.1527314
12820.0	3460555151.880575
12830.0	3348321062.241051
12840.0	3511230377.3424997
12850.0	3462737210.225316
12860.0	3504981516.5090165
12870.0	3548809725.1456285
12880.0	3515060704.8343267
12890.0	3507357295.4239964
12900.0	3343243762.132006
12910.0	3461389772.3260508
12920.0	3514587873.413702
12930.0	3503092912.5077252
12940.0	3542272860.860096
12950.0	3488394431.797589
12960.0	3543819649.832845
12970.0	3531801468.8128543
12980.0	3484165344.7024784
12990.0	3507020205.6262226
13000.0	3528314279.4170775
13010.0	3510051679.502492
13020.0	3508816548.0652695
13030.0	3524188907.184202
13040.0	3501236461.7304235
13050.0	3517401064.4943266
13060.0	3512438436.973393
13070.0	3480999392.504701
13080.0	3468192388.313011
13090.0	3459025697.632247
13100.0	3467419482.6580935
13110.0	3485760444.9293013
13120.0	3373517580.397866
13130.0	2993847687.266071
13140.0	3387858140.2277765
13150.0	3173487570.288613
13160.0	3343615461.725145
13170.0	3457868750.7155213
13180.0	3441835610.9183273
13190.0	3472998091.6434307
13200.0	3418265027.4357996
13210.0	3443013299.984549
13220.0	3390253828.123125
13230.0	3438127083.766221
13240.0	3413376351.015381
13250.0	3353323221.384807
13260.0	3408088461.64375
13270.0	3307814243.578576
13280.0	3362634734.6582136
13290.0	3333622591.158502
13300.0	3241595997.7650194
13310.0	3256407568.177981
13320.0	2908015622.2595515
13330.0	3122099324.5591774
13340.0	3092860117.6714973
13350.0	2621999923.6121197
13360.0	2833883884.841109
13370.0	2675434448.3242674
13380.0	2860023581.4511456
13390.0	2815601411.6879845
13400.0	2995677446.735742
13410.0	2885439922.7106256
13420.0	2741065834.9410143
13430.0	2640040713.2431684
13440.0	2934102372.607019
13450.0	2704136811.352153
13460.0	2948334729.7594633
13470.0	2686174256.0569654
13480.0	2658810857.109649
13490.0	2944774406.2340407
13500.0	2761467100.4139905
13510.0	2712555794.8326426
13520.0	2735844782.7298055
13530.0	2864109397.1083775
13540.0	2657084397.0371675
13550.0	2676596942.991667
13560.0	2760986543.2878895
13570.0	2779095389.352855
13580.0	2716788927.1527243
13590.0	2795518270.130042
13600.0	2716749244.070694
13610.0	2750039540.223822
13620.0	2522809994.4308004
13630.0	2692675512.66658
13640.0	2784519720.3281035
13650.0	2660280252.2974315
13660.0	2816263359.204395
13670.0	2751750703.137382
13680.0	2758158740.9256587
13690.0	2699458589.1488714
13700.0	2752237859.3342314
13710.0	2685783232.482782
13720.0	2753817145.981454
13730.0	2739436213.599698
13740.0	2740142071.4288235
13750.0	2786700666.867183
13760.0	2799820839.8411603
13770.0	2764913002.3664117
13780.0	2801960908.6482534
13790.0	2754306401.739974
13800.0	2852785150.2128377
13810.0	2745719410.540124
13820.0	2819844002.903088
13830.0	2652594066.823911
13840.0	2798345366.282193
13850.0	2752354993.852983
13860.0	2712078433.1870556
13870.0	2744503548.7182975
13880.0	2650053069.980158
13890.0	2802173306.1564846
13900.0	2592628355.634948
13910.0	2499606703.5381126
13920.0	2582253665.8122053
13930.0	2524447034.9999576
13940.0	2567290847.0659018
13950.0	2601832076.7956896
13960.0	2589661246.578834
13970.0	2584315096.186184
13980.0	2433450322.773917
13990.0	2583883573.5775623
14000.0	2486421123.7639785
14010.0	2451851601.932476
14020.0	2622325373.7202563
14030.0	2590427167.0946455
14040.0	2516372942.8585453
14050.0	2538766142.345878
14060.0	2690967561.01148
14070.0	2470082079.3824444
14080.0	2500197101.953578
14090.0	2429597760.823415
14100.0	2546425253.520381
14110.0	2423753521.1215034
14120.0	2360729713.1024184
14130.0	2521771783.986814
14140.0	2422779796.211485
14150.0	2394151740.4543533
14160.0	2487789468.45729
14170.0	2346990909.407573
14180.0	2292497967.266859
14190.0	2315071844.4002714
14200.0	2484529651.004092
14210.0	2464314974.654767
14220.0	2343847285.0666943
14230.0	2419508446.7803326
14240.0	2282558230.0171595
14250.0	2380693949.1344314
14260.0	2252758483.7155848
14270.0	2343476007.245853
14280.0	2343506644.047258
14290.0	2153751548.596302
14300.0	2516964976.7325053
14310.0	2435632714.9132547
14320.0	2354426330.30686
14330.0	2434745357.9211044
14340.0	2192098469.8358974
14350.0	2438094776.0597954
14360.0	2392842677.3601933
14370.0	2317727599.1771383
14380.0	2421417099.711162
14390.0	2402458904.269912
14400.0	2355278644.506738
14410.0	2281360079.8638463
14420.0	2374383665.140288
14430.0	2424932329.894012
14440.0	2421535909.2389145
14450.0	2313090110.0284667
14460.0	2459903798.8635664
14470.0	2288974711.8146687
14480.0	2376654804.147891
14490.0	2482187310.020788
14500.0	2307474996.490108
14510.0	2265545865.297927
14520.0	2530450180.9196506
14530.0	2395431057.905493
14540.0	2311497620.187649
14550.0	2526226933.431025
14560.0	2320238504.193951
14570.0	2271894594.384666
14580.0	2422404670.5284834
14590.0	2426674537.816482
14600.0	2387355921.611857
14610.0	2327310528.218361
14620.0	2318176881.87586
14630.0	2170424129.35582
14640.0	2393906092.7213707
14650.0	2309941855.1721168
14660.0	2406932679.379577
14670.0	2364873395.9977446
14680.0	2201166189.7262545
14690.0	2216720249.1589646
14700.0	2245008684.051448
14710.0	2319319755.7582645
14720.0	2312742429.392792
14730.0	2364816062.3098893
14740.0	2256440985.090002
14750.0	2272457697.0426483
14760.0	2264712758.5718946
14770.0	2282551716.6309404
14780.0	2211993813.7422676
14790.0	2399044814.2538347
14800.0	2187767671.128068
14810.0	2312944825.619142
14820.0	2196998383.4493885
14830.0	2314520292.271067
14840.0	2368721456.4975524
14850.0	2271309882.3675027
14860.0	2306085055.3294816
14870.0	2338512399.7740426
14880.0	2237077667.7676287
14890.0	2245552101.121525
14900.0	2308632722.5417547
14910.0	2322146883.8767204
14920.0	2330444908.9485292
14930.0	2282948092.957989
14940.0	2248336965.968547
14950.0	2316990833.6946626
14960.0	2301491511.878958
14970.0	2363987005.578383
14980.0	2351913489.407161
14990.0	2370630687.4842424
15000.0	2270455079.2627134
15010.0	2281982747.2166815
15020.0	2180958900.9117527
15030.0	2287776283.636923
15040.0	2259784361.6108255
15050.0	2296505915.37019
15060.0	2303672916.5441666
15070.0	2392516185.5522103
15080.0	2259837998.330588
15090.0	2368905393.6678166
15100.0	2293991580.8564296
15110.0	2352437657.5503883
15120.0	2357008318.0225635
15130.0	2263567816.425771
15140.0	2290286870.2808757
15150.0	2376004832.9532523
15160.0	2348063500.8014927
15170.0	2060065338.0455003
15180.0	2299317252.1142106
15190.0	2336139906.199027
15200.0	2318257746.51099
15210.0	2418228422.575167
15220.0	2396621418.0782666
15230.0	2376430855.7954593
15240.0	2346515807.286604
15250.0	2291944015.743863
15260.0	2273546222.4597387
15270.0	2310948301.4126134
15280.0	2324906536.040224
15290.0	2304196703.2304015
15300.0	2437372834.4816413
15310.0	2367138490.4885755
15320.0	2225428562.52197
15330.0	2280804083.3128757
15340.0	2362159747.458728
15350.0	2343507211.386442
15360.0	2386576660.900746
15370.0	2330594516.7198277
15380.0	2305321762.601838
15390.0	2381118809.468304
15400.0	2279414707.1538496
15410.0	2211171447.1355224
15420.0	2340899925.4704065
15430.0	2269950081.6467156
15440.0	2298509493.3548317
15450.0	2359049132.4234548
15460.0	2414138698.237686
15470.0	2306890790.1633525
15480.0	2299195046.3376937
15490.0	2357072562.5670314
15500.0	2367876262.1070223
15510.0	2281786001.6433797
15520.0	2382599746.240285
15530.0	2392112805.3357477
15540.0	2327825785.9766126
15550.0	2289511321.2745943
15560.0	2311838285.2902474
15570.0	2316516653.34797
15580.0	2265790423.83968
15590.0	2367358083.263475
15600.0	2338038979.847761
15610.0	2343192152.017199
15620.0	2370884007.7000794
15630.0	2358258966.711314
15640.0	2400416347.4745975
15650.0	2323557171.14415
15660.0	2241785034.4328246
15670.0	2406082822.520441
15680.0	2437162078.045983
15690.0	2369117853.212915
15700.0	2328657059.8195086
15710.0	2381250254.178229
15720.0	2312301727.2525587
15730.0	2342844810.48109
15740.0	2398252867.956213
15750.0	2386700849.188881
15760.0	2332602363.5067024
15770.0	2362507313.103643
15780.0	2333183427.4757595
15790.0	2406208921.4783316
15800.0	2385892919.392769
15810.0	2428867363.261153
15820.0	2386149492.884112
15830.0	2410493550.6140275
15840.0	2355720546.3842354
15850.0	2360258017.3021674
15860.0	2463549278.136818
15870.0	2414883171.055809
15880.0	2426123258.2901273
15890.0	2382407817.0754375
15900.0	2286200976.483934
15910.0	2416436774.0301075
15920.0	2375952510.795063
15930.0	2381095459.8084
15940.0	2432402702.4874516
15950.0	2445718160.160872
15960.0	2454719535.7387414
15970.0	2421197650.9591727
15980.0	2414153614.819829
15990.0	2418271080.495273
16000.0	2441705718.1960797
16010.0	2431269304.6196637
16020.0	2379210345.398102
16030.0	2471532829.660034
16040.0	2372472420.9165587
16050.0	2422925949.298622
16060.0	2370927135.747924
16070.0	2373717721.0795355
16080.0	2411209953.1593666
16090.0	2440989669.210606
16100.0	2437829835.2753086
16110.0	2399842743.607011
16120.0	2429922474.5544376
16130.0	2426182261.747157
16140.0	2344828284.7777786
16150.0	2354130638.288803
16160.0	2197192621.6360817
16170.0	2442200420.0057735
16180.0	2457869217.932053
16190.0	2341955028.70389
16200.0	2211241869.52363
16210.0	2271536888.7626085
16220.0	2411896900.0257964
16230.0	2399689537.9210854
16240.0	2457745163.458181
16250.0	2386125235.312787
16260.0	2356502270.897954
16270.0	2435669977.50364
16280.0	2444950264.762683
16290.0	2448442134.6246104
16300.0	2430127225.476469
16310.0	2424119479.5392046
16320.0	2410107054.8483706
16330.0	2456590436.3279376
16340.0	2440973055.251518
16350.0	2412299353.315738
16360.0	2399896179.372842
16370.0	2397913077.569297
16380.0	2446016640.789706
16390.0	2421815021.018608
16400.0	2421132912.865602
16410.0	2422310316.440661
16420.0	2432257808.2876945
16430.0	2433501445.848898
16440.0	2450407848.666888
16450.0	2378484272.013414
16460.0	2416662275.606754
16470.0	2462207327.453461
16480.0	2421820602.3607483
16490.0	2443539811.151633
16500.0	2449429717.2746468
16510.0	2428614623.248019
16520.0	2450164270.905092
16530.0	2403968039.6768622
16540.0	2387215877.5307717
16550.0	2446631586.005431
16560.0	2487408551.56462
16570.0	2463575584.8787894
16580.0	2452166573.058324
16590.0	2404560652.195035
16600.0	2433320756.0996385
16610.0	2387884331.68998
16620.0	2423779624.323432
16630.0	2455592174.490043
16640.0	2441373407.5957475
16650.0	2429477220.3362164
16660.0	2402368347.5080485
16670.0	2397345225.2953186
16680.0	2416675756.6097846
16690.0	2437419389.3282
16700.0	2426010385.0572824
16710.0	2381728452.644204
16720.0	2265987306.50081
16730.0	2352151988.277816
16740.0	2425496566.921695
16750.0	2319027879.762455
16760.0	2298031644.298904
16770.0	2351921615.656564
16780.0	2426711735.897427
16790.0	2431914228.0545278
16800.0	2413921504.808994
16810.0	2417160125.1463723
16820.0	2421564896.3733983
16830.0	2424080651.9634056
16840.0	2389249870.3280025
16850.0	2410548141.0179777
16860.0	2401083540.889208
16870.0	2354208478.5883465
16880.0	2327027478.947098
16890.0	2317398419.455534
16900.0	2336391217.078216
16910.0	2315362787.9656243
16920.0	2336942117.7897987
16930.0	2368558668.247597
16940.0	2371652431.456687
16950.0	2339325503.2535424
16960.0	2324017648.2608566
16970.0	2337123564.84431
16980.0	2300687819.63687
16990.0	2312606807.5190115
17000.0	2293231732.1092033
17010.0	2301780138.12208
17020.0	2323637570.3120666
17030.0	2306737809.293743
17040.0	2251860306.9898014
17050.0	2251612938.3783464
17060.0	2280136000.216721
17070.0	2210687305.6524973
17080.0	2203159958.890598
17090.0	2201796105.656984
17100.0	2208123984.613094
17110.0	2024092586.1716075
17120.0	2144174908.777081
17130.0	2209360201.6822567
17140.0	2140921124.1930552
17150.0	2168164738.9298015
17160.0	2150535091.2633233
17170.0	2115632286.2986324
17180.0	2086452758.3287647
17190.0	2050962231.1638088
17200.0	2104371860.0335183
17210.0	2095772693.0930119
17220.0	2159908228.252663
17230.0	2053813851.940256
17240.0	2060520991.9486182
17250.0	2132802740.143164
17260.0	2115734692.5283062
17270.0	1909292939.4495525
17280.0	2133708953.7271607
17290.0	2084653212.564734
17300.0	2049963161.1590354
17310.0	2115127905.0234149
17320.0	1928859717.860951
17330.0	2052231697.9366062
17340.0	1977671173.1413052
17350.0	1912132646.1358104
17360.0	2042834429.7312067
17370.0	1945361545.3554354
17380.0	2003792002.206831
17390.0	2015300013.7873502
17400.0	1932793473.5877078
17410.0	1938876045.853327
17420.0	2023387624.1550877
17430.0	1890253020.2500894
17440.0	1925161306.8495562
17450.0	1912795733.296456
17460.0	1954254019.1762571
17470.0	1881770084.5126362
17480.0	1877951710.8672512
17490.0	1971017521.3265269
17500.0	1868202237.3828049
17510.0	1816810323.8775568
17520.0	1870416754.2051215
17530.0	1949953161.4890501
17540.0	1810896599.8999946
17550.0	1854016934.171806
17560.0	1703851651.4334624
17570.0	1816520654.270555
17580.0	1796412143.0133505
17590.0	1740470646.4967701
17600.0	1904666554.6886747
17610.0	1726345347.4635828
17620.0	1771154312.0519412
17630.0	1694838195.395497
17640.0	1842224869.3501582
17650.0	1795511558.6256068
17660.0	1867956230.5603378
17670.0	1741041599.5002704
17680.0	1613326297.224686
17690.0	1660980102.9135695
17700.0	1819876717.7635963
17710.0	1770326875.486019
17720.0	1622793693.937615
17730.0	1629214527.7730293
17740.0	1782133507.2484694
17750.0	1633953181.3430896
17760.0	1661793121.5699978
17770.0	1629992955.5533736
17780.0	1633683592.9686112
17790.0	1698298633.0295901
17800.0	1611501900.9178379
17810.0	1597831115.5444162
17820.0	1619760335.4096105
17830.0	1565663559.3947306
17840.0	1744938006.8934188
17850.0	1605635730.4018247
17860.0	1534700626.7618096
17870.0	1469232753.0949392
17880.0	1621191287.449406
17890.0	1597852617.3147736
17900.0	1670472725.0310256
17910.0	1510989723.2833767
17920.0	1545210640.5471427
17930.0	1590684503.3151088
17940.0	1562139050.5514078
17950.0	1476257197.4205656
17960.0	1480563450.9851859
17970.0	1656638458.3740172
17980.0	1599926522.0668778
17990.0	1550687694.044083
18000.0	1471908440.4461627
18010.0	1431144260.1393945
18020.0	1495548643.9842217
18030.0	1445760016.858731
18040.0	1574077027.7109516
18050.0	1506408979.5625038
18060.0	1416667119.70941
18070.0	1516798631.2479851
18080.0	1477302244.3698516
18090.0	1465937912.48825
18100.0	1567722773.0006766
18110.0	1314848123.989841
18120.0	1497906219.5003285
18130.0	1389919931.8250265
18140.0	1606557782.1920748
18150.0	1548774453.9697483
18160.0	1503294812.7212923
18170.0	1462545581.1703405
18180.0	1440565374.987221
18190.0	1423664774.0452785
18200.0	1386298768.026651
18210.0	1454738374.615658
18220.0	1273728893.0626614
18230.0	1519037108.2265759
18240.0	1653693180.1905293
18250.0	1421350155.81036
18260.0	1339298025.8394315
18270.0	1457277859.2374766
18280.0	1392611147.8076844
18290.0	1484452916.8637807
18300.0	1483463113.7561476
18310.0	1393031357.5988767
18320.0	1428705159.4241095
18330.0	1357733823.689866
18340.0	1489672541.7273629
18350.0	1387977465.713071
18360.0	1375353250.1127696
18370.0	1497649208.3191776
18380.0	1353050456.9058523
18390.0	1417283826.2303224
18400.0	1336521503.7793198
18410.0	1505628084.506773
18420.0	1311094561.0489788
18430.0	1339719600.6347623
18440.0	1289950620.1655202
18450.0	1317671874.2835212
18460.0	1308506326.9490118
18470.0	1115664322.9722395
18480.0	1227848897.8622417
18490.0	1273299268.8591573
18500.0	1253143090.970723
18510.0	1391085274.591191
18520.0	1403099793.584087
18530.0	1294464556.9326718
18540.0	1305902907.4174333
18550.0	1325940420.208
18560.0	1318600720.8754437
18570.0	1154555850.7571301
18580.0	1141905350.3360896
18590.0	1156475205.5915205
18600.0	1166179528.136616
18610.0	1176793469.6794343
18620.0	1290507709.7230175
18630.0	1271315245.3764083
18640.0	1288231060.534622
18650.0	1176889972.7298462
18660.0	1294202838.9545496
18670.0	1296199893.2484617
18680.0	1209724193.0648565
18690.0	1349827640.4869926
18700.0	1344717924.7047489
18710.0	1222567038.8459334
18720.0	1306015778.629294
18730.0	1130095388.2070572
18740.0	1292912222.7902944
18750.0	1233892491.031256
18760.0	1296997651.0479808
18770.0	1240453403.62035
18780.0	1260810213.5177872
18790.0	1158916508.9178102
18800.0	1281042378.2971635
18810.0	1270509641.9041965
18820.0	1294258121.3863215
18830.0	1391013138.482394
18840.0	1373813462.8013966
18850.0	1208559139.9058332
18860.0	1291635498.507081
18870.0	1252805678.9235308
18880.0	1362064329.9306223
18890.0	1221695312.3088543
18900.0	1327643169.3225164
18910.0	1304325255.075831
18920.0	1110966048.571526
18930.0	1192410052.2520523
18940.0	1265414249.0829115
18950.0	1273027238.9016109
18960.0	1252679841.496654
18970.0	1366544612.2361226
18980.0	1225090651.7319822
18990.0	1272105498.9261694
19000.0	1338615110.5536792
19010.0	1270010436.4346051
19020.0	1358984866.8075817
19030.0	1247970789.0075579
19040.0	1289579055.6371613
19050.0	1273253790.6496515
19060.0	1265565818.0286353
19070.0	1246099875.2434964
19080.0	1333765197.9749842
19090.0	1286932538.7734368
19100.0	1284592537.4223979
19110.0	1172738289.2385654
19120.0	1257057074.3094568
19130.0	1317813658.227654
19140.0	1316322462.2238932
19150.0	1345535970.6642175
19160.0	1224457491.6324785
19170.0	1209964726.3327208
19180.0	1250503833.8482883
19190.0	1331344656.0080667
19200.0	1280779947.595698
19210.0	1204326023.4801102
19220.0	1269192484.4143138
19230.0	1283000114.6771846
19240.0	1200413175.880258
19250.0	1279905622.1225035
19260.0	1238155251.7105925
19270.0	1195150422.5438695
19280.0	1368928708.8181365
19290.0	1215032442.7599046
19300.0	1190040139.7764852
19310.0	990906579.7698578
19320.0	1107273700.8246582
19330.0	1258459955.3598993
19340.0	1199697783.2465737
19350.0	1289040411.9553225
19360.0	1285046905.6509356
19370.0	1250740530.9443595
19380.0	1237020632.7488272
19390.0	1176912943.815003
19400.0	1187905005.2604392
19410.0	1214398739.8063288
19420.0	1242076147.6595607
19430.0	1201436120.051261
19440.0	1197531397.8202863
19450.0	1072100710.7097211
19460.0	906510589.3843647
19470.0	1197333012.806938
19480.0	1157169889.1016285
19490.0	1153749603.858769
19500.0	1237234276.6900146
19510.0	990353646.4595171
19520.0	1190635473.6526527
19530.0	1107156066.2495677
19540.0	1230966136.4947555
19550.0	1223754190.4336734
19560.0	1135865965.8831775
19570.0	1195696387.3107533
19580.0	1259124375.7735841
19590.0	1375612370.051649
19600.0	1172195040.7489297
19610.0	1117315327.0934098
19620.0	1224217067.311636
19630.0	1238287955.1789665
19640.0	1177104005.7228816
19650.0	1141984631.0139534
19660.0	1232679382.8884532
19670.0	1243470723.140054
19680.0	1135729132.7161226
19690.0	1210856948.0852768
19700.0	1279386799.9646406
19710.0	1150426861.435619
19720.0	1212610828.9294198
19730.0	1155640037.09634
19740.0	1167653421.663739
19750.0	1192395611.1330538
19760.0	998714266.7810678
19770.0	1078499692.194312
19780.0	837109683.9282601
19790.0	1037651480.317581
19800.0	1045502256.4365504
19810.0	1148658956.8992116
19820.0	1092681799.291765
19830.0	1124150584.449161
19840.0	1133054514.209326
19850.0	1121196989.277204
19860.0	1009637536.3144443
19870.0	959259669.2653794
19880.0	1109637686.9385557
19890.0	1160735974.1558475
19900.0	1068033136.7427542
19910.0	1104081194.781574
19920.0	988273852.6359063
19930.0	1135008726.190368
19940.0	1116338658.9799497
19950.0	1095619570.9596121
19960.0	1168721529.8030288
19970.0	1091774262.8913565
19980.0	1067712238.453731
19990.0	1136020663.394913
20000.0	1037471402.8058474
20010.0	1121050726.813507
20020.0	1079244359.8096733
20030.0	1158617936.235766
20040.0	1119765333.8641229
20050.0	1125060662.5410395
20060.0	1096024235.1604383
20070.0	1085464902.8485224
20080.0	1208959493.389148
20090.0	1009949936.3001027
20100.0	1104281697.6317039
20110.0	1041478026.439744
20120.0	1107752790.5644307
20130.0	1088770509.5229878
20140.0	1114522160.8614914
20150.0	1114624983.0155141
20160.0	1060284625.9007336
20170.0	1046311194.021537
20180.0	1129289594.323562
20190.0	1084451930.2130673
20200.0	967530823.7215582
20210.0	1140676834.1657505
20220.0	1085766495.1148696
20230.0	1101128624.2326708
20240.0	1162099053.6606152
20250.0	1093610074.6198847
20260.0	1037805914.4578421
20270.0	1033134488.6596129
20280.0	1093028460.5874155
20290.0	966179908.5341535
20300.0	1158375694.3971689
20310.0	1011064267.8215337
20320.0	1168111301.9800332
20330.0	1096799875.0932863
20340.0	1097290337.8771904
20350.0	1089846674.6618
20360.0	959871649.3459284
20370.0	1135709505.4132087
20380.0	1109921131.910132
20390.0	1055358028.9641848
20400.0	1058245950.8694916
20410.0	1024158099.5609668
20420.0	1095075068.9077485
20430.0	1185682944.909879
20440.0	992284746.5269036
20450.0	986573237.9823062
20460.0	1056631325.9864047
20470.0	1105275455.900254
20480.0	1104239332.8386457
20490.0	1001727819.3350283
20500.0	1032130632.2292333
20510.0	1126747289.0955496
20520.0	1063278564.9392666
20530.0	1122916900.456745
20540.0	1005362738.2113233
20550.0	1058782833.1924173
20560.0	1035186843.8668166
20570.0	1099146886.0674095
20580.0	1110644857.8181942
20590.0	1080273495.5849535
20600.0	1101961967.8642576
20610.0	998410832.6001489
20620.0	1065801524.579588
20630.0	1070184849.9585656
20640.0	971535115.6601715
20650.0	1043146843.0754049
20660.0	1017551729.7421014
20670.0	1120013015.8507152
20680.0	1062229180.3920752
20690.0	1009197673.2819403
20700.0	1122714913.053476
20710.0	1096115494.7782624
20720.0	1007679360.308363
20730.0	1049873889.3265163
20740.0	1013274887.1489373
20750.0	1028036151.84451
20760.0	1083181255.049623
20770.0	1066780548.4057351
20780.0	1066837125.477639
20790.0	1058409922.7146562
20800.0	1041545933.2041522
20810.0	1064706512.8676134
20820.0	1062679454.316431
20830.0	1039643509.4417098
20840.0	1052050971.7495524
20850.0	1050914448.7303107
20860.0	1055455799.7266566
20870.0	1014936516.5634421
20880.0	1071630844.4246024
20890.0	1039972132.294098
20900.0	1013893519.1278417
20910.0	1120031923.5558107
20920.0	1046894746.8777866
20930.0	1109366486.2930558
20940.0	1018102506.7160599
20950.0	1067572844.699001
20960.0	1034092816.6956137
20970.0	1035295879.2919403
20980.0	1060333445.0255842
20990.0	1053779557.3119643
21000.0	1046427474.9614084
21010.0	1076963801.9496198
21020.0	1048583242.8339273
21030.0	1045843337.9134448
21040.0	1085481340.3861773
21050.0	1024246852.4989848
21060.0	1076957633.9015033
21070.0	1076330238.6200306
21080.0	1035735170.8297223
21090.0	1028987660.4546438
21100.0	1088579844.247316
21110.0	1087155551.6772125
21120.0	1003594635.6935272
21130.0	1052478042.5792007
21140.0	1083072904.7903187
21150.0	1067734941.7594737
21160.0	1086012868.3364701
21170.0	1001160999.7757211
21180.0	1056411672.0516493
21190.0	1046616680.633517
21200.0	1073682855.0621493
21210.0	1067642935.5933372
21220.0	1065984124.9123609
21230.0	1064916429.1278853
21240.0	1061691237.7965577
21250.0	1105172439.6726897
21260.0	1046236781.5519674
21270.0	1064952676.6273805
21280.0	1020595262.1988354
21290.0	1024968640.2804949
21300.0	1064185814.5763502
21310.0	1069599411.1035788
21320.0	1069436846.5411335
21330.0	1085751572.821162
21340.0	1049013866.1790675
21350.0	1072082981.2364736
21360.0	1078298768.7559314
21370.0	1063634731.6577966
21380.0	1046831146.6031975
21390.0	1068957285.8011887
21400.0	1029162824.1791432
21410.0	1052847211.6027952
21420.0	1055071229.4607375
21430.0	1064806039.015659
21440.0	1113384392.0534704
21450.0	1095326032.0149336
21460.0	1078872979.5185091
21470.0	1091122579.3736815
21480.0	1060191938.4234234
21490.0	1061284116.0325984
21500.0	1017712413.0339159
21510.0	1083573140.3551288
21520.0	1059918079.9392455
21530.0	1040179784.8395426
21540.0	1069615865.9509999
21550.0	1089230915.4915113
21560.0	1058535313.9759357
21570.0	1077543497.3821857
21580.0	1079738232.811336
21590.0	1079610932.5513604
21600.0	1061241313.6263304
21610.0	1095203046.8460352
21620.0	1059179379.0073258
21630.0	1052917314.0707369
21640.0	1080983246.2687528
21650.0	1092289269.876235
21660.0	1056446720.2493845
21670.0	1075151824.7352479
21680.0	1088892736.1046846
21690.0	1097694658.0876439
21700.0	1080438868.9585238
21710.0	1054813835.7893566
21720.0	1063459328.3148547
21730.0	1063406586.9120005
21740.0	1070688952.3569205
21750.0	1082061715.8174942
21760.0	1039662182.1830776
21770.0	1075011595.224155
21780.0	1059037206.4062657
21790.0	1024696405.2459837
21800.0	1070640327.9101958
21810.0	1066687630.189311
21820.0	1064408171.2334298
21830.0	1060541754.3774985
21840.0	1057312545.0722177
21850.0	1074918541.9266095
21860.0	1067588440.9355774
21870.0	1076267747.488389
21880.0	1063599179.3933797
21890.0	1072110094.2579485
21900.0	1031802895.3083448
21910.0	1082464857.6649718
21920.0	1069022272.9677421
21930.0	1043336314.4417417
21940.0	1066221078.1718413
21950.0	1080280116.6176534
21960.0	1069864629.6041436
21970.0	1057837174.1740768
21980.0	1082857630.3504174
21990.0	1056311395.7633015
22000.0	1072819206.7750183
22010.0	1071099048.4281954
22020.0	1059158802.0923386
22030.0	1040015858.5108517
22040.0	1046806692.1373597
22050.0	1022048967.4248741
22060.0	870245884.273004
22070.0	986967345.4135109
22080.0	1024802549.0123503
22090.0	900913565.1007551
22100.0	1038465336.757026
22110.0	1036765268.3138182
22120.0	1074429816.1000159
22130.0	1056159844.6903771
22140.0	1074879261.5591056
22150.0	1065764323.6137799
22160.0	1055266764.2428808
22170.0	1050572233.4498775
22180.0	1072769233.6182485
22190.0	1049934333.8401722
22200.0	1039348764.49913
22210.0	1040512994.9178681
22220.0	1045483308.9211317
22230.0	1065294563.6064981
22240.0	1054807043.5063623
22250.0	1081108194.800113
22260.0	1075544475.4527237
22270.0	1042921936.3374207
22280.0	1032261376.4132628
22290.0	1027800724.2873093
22300.0	1046469890.5997337
22310.0	1071698187.8605976
22320.0	1051156752.8833156
22330.0	1040570506.5583302
22340.0	1053629362.0079474
22350.0	1031049101.8786777
22360.0	1034315313.6453534
22370.0	1066237888.525273
22380.0	1056416391.9611804
22390.0	1046427614.8326042
22400.0	1061554158.001458
22410.0	1069960941.8603275
22420.0	1041716771.6799037
22430.0	1036417066.6246482
22440.0	1043295381.1150079
22450.0	1050912655.4056697
22460.0	1061512990.1987575
22470.0	1044814321.0155296
22480.0	1040432305.5449461
22490.0	1067054976.0101545
22500.0	1025269108.0098304
22510.0	1064905495.5307457
22520.0	1040648862.8096939
22530.0	1049551147.8883299
22540.0	1041548867.5063409
22550.0	1025633065.588675
22560.0	1043876833.1650387
22570.0	1057050610.8078238
22580.0	1021118621.8477012
22590.0	1034611970.81387
22600.0	1035484385.5343443
22610.0	1031711674.4205501
22620.0	1027224040.3336544
22630.0	1004146640.2059263
22640.0	1025895186.1560874
22650.0	1019342361.5341588
22660.0	1019126978.1506898
22670.0	1032986979.2913243
22680.0	1040512488.973296
22690.0	1034018591.1609598
22700.0	1009604852.2154554
22710.0	1030307729.0423282
22720.0	1010315586.922207
22730.0	1033857055.4316447
22740.0	1023276728.6812758
22750.0	1031040193.8380476
22760.0	1028048065.674176
22770.0	1040605618.5541606
22780.0	1032998162.7337862
22790.0	996822043.0830121
22800.0	1012793498.2509137
22810.0	1003690595.7075124
22820.0	1030375437.0649787
22830.0	1000986179.7927412
22840.0	1006756704.0591398
22850.0	1011831330.6421444
22860.0	1021986908.8785315
22870.0	1026057124.2550477
22880.0	1030579768.1400392
22890.0	1006824293.8285292
22900.0	1029645230.9038771
22910.0	1024644783.7319884
22920.0	992285024.0769932
22930.0	986617773.7453827
22940.0	722738180.619078
22950.0	837167654.6356611
22960.0	879423081.7358687
22970.0	882170899.132886
22980.0	893334908.212602
22990.0	925234579.9703859
23000.0	952494796.438708
23010.0	876673006.7691319
23020.0	958984838.9881085
23030.0	924254037.5067208
23040.0	949589675.1925799
23050.0	923597935.7686354
23060.0	936224645.2395289
23070.0	934222543.7763392
23080.0	929183764.0865945
23090.0	944053713.5198609
23100.0	905122916.6226044
23110.0	911615768.1955206
23120.0	919164932.9541861
23130.0	963118694.7421526
23140.0	923223229.1752276
23150.0	880325019.2164248
23160.0	911045181.5614917
23170.0	959665332.2294271
23180.0	898645666.5742277
23190.0	946987265.7098669
23200.0	947317977.0795225
23210.0	889406149.9411899
23220.0	908050846.7678158
23230.0	698728651.2987822
23240.0	792051551.0531898
23250.0	816583244.2114549
23260.0	809948694.3525213
23270.0	849055766.5457366
23280.0	867636635.8455468
23290.0	856456070.6907537
23300.0	835543263.0644566
23310.0	841925499.7652276
23320.0	864153171.9608446
23330.0	892330804.3465325
23340.0	841346904.5043502
23350.0	818956283.5279819
23360.0	827055517.3553481
23370.0	830620650.8915081
23380.0	818277506.9144949
23390.0	768195051.6369683
23400.0	831462411.1118635
23410.0	862822133.9908056
23420.0	883400366.5349611
23430.0	883448715.5281062
23440.0	818166274.3400877
23450.0	791915841.0458196
23460.0	912628998.6069607
23470.0	873227521.4982548
23480.0	869338453.6485592
23490.0	896300535.2033359
23500.0	850393795.7320753
23510.0	819227313.5736879
23520.0	804139951.3183951
23530.0	676830121.0248132
23540.0	708129260.1475172
23550.0	799429358.663718
23560.0	754723608.7409
23570.0	835751440.8520285
23580.0	792202016.027232
23590.0	741559795.690798
23600.0	848748246.0574319
23610.0	773110301.24161
23620.0	790773563.5796176
23630.0	783445816.732204
23640.0	836558406.2017624
23650.0	831955515.4278741
23660.0	827092875.3448
23670.0	815475219.915825
23680.0	776005713.40055
23690.0	797567371.8141751
23700.0	834410921.3612565
23710.0	801383319.1034799
23720.0	845830078.673724
23730.0	823467833.1224377
23740.0	800542440.0936435
23750.0	825157962.8681971
23760.0	811982940.3514541
23770.0	780590575.3382422
23780.0	807285162.6171209
23790.0	794317573.1597153
23800.0	828062645.3224946
23810.0	760510067.3465357
23820.0	792233927.5956819
23830.0	678182586.5204725
23840.0	674313931.108708
23850.0	766449310.6652658
23860.0	716829132.2106817
23870.0	695260154.565648
23880.0	707687428.6483127
23890.0	724207677.8030871
23900.0	784293014.2829256
23910.0	771792564.749439
23920.0	693724690.5947692
23930.0	713990969.1501526
23940.0	819669664.3662224
23950.0	716354144.7279938
23960.0	757468049.7981467
23970.0	745027724.303508
23980.0	708860021.628722
23990.0	740563401.8954871
24000.0	735338380.9147836
24010.0	714619720.9813157
24020.0	731713117.0000716
24030.0	716199781.0467707
24040.0	712813833.0489594
24050.0	723046079.4670271
24060.0	706555587.8300762
24070.0	694200154.2119445
24080.0	674692947.9256405
24090.0	686403477.2649006
24100.0	671781908.722024
24110.0	709388443.9935449
24120.0	704697730.3037796
24130.0	692655788.8344189
24140.0	606406249.4805449
24150.0	698112273.5713238
24160.0	670005691.6400204
24170.0	628348742.2262056
24180.0	648616710.8158698
24190.0	739512469.4417607
24200.0	634331121.3719013
24210.0	702076557.7284627
24220.0	608817838.3124564
24230.0	670150662.3897083
24240.0	712213700.4221698
24250.0	654277805.477329
24260.0	625775778.4419655
24270.0	645117521.3656622
24280.0	619376532.8362128
24290.0	678891621.0954789
24300.0	653732732.0176781
24310.0	627533938.7972537
24320.0	656053895.8051085
24330.0	665613995.9584279
24340.0	610416943.7810795
24350.0	623881946.5615306
24360.0	669981526.0967592
24370.0	547479116.2849259
24380.0	620112426.5904149
24390.0	690764897.4270955
24400.0	622432404.260698
24410.0	648730692.0454841
24420.0	611258974.1314785
24430.0	592559200.3344188
24440.0	574507945.1058564
24450.0	619334479.8935939
24460.0	624173213.7060754
24470.0	654920975.5672003
24480.0	542634290.5407821
24490.0	595135350.7778885
24500.0	613600436.8203559
24510.0	634925527.7344977
24520.0	536409736.7826315
24530.0	559799791.3950114
24540.0	536550228.7738145
24550.0	546738696.4605399
24560.0	611310396.2271858
24570.0	618757132.2986282
24580.0	616713036.4644675
24590.0	611706601.7890117
24600.0	574349961.2999629
24610.0	442666100.6423093
24620.0	600564663.759577
24630.0	584585423.9953257
24640.0	631078160.8073746
24650.0	580177381.4442885
24660.0	572291695.4546989
24670.0	604414209.4949682
24680.0	483594066.1287707
24690.0	598073964.919623
24700.0	561849777.7967172
24710.0	561964871.5098367
24720.0	551624377.4236244
24730.0	567956598.0568357
24740.0	500739794.1015275
24750.0	506542105.35146564
24760.0	498477756.22196877
24770.0	606125608.6497437
24780.0	600117398.2607987
24790.0	485949860.3213843
24800.0	533039669.39259297
24810.0	523634303.9582355
24820.0	494934177.79804164
24830.0	518273806.3862994
24840.0	597798283.189058
24850.0	602226169.6730933
24860.0	572544439.112485
24870.0	486606404.09228665
24880.0	498537765.8142354
24890.0	523585910.4599761
24900.0	496096065.128615
24910.0	488383346.3067423
24920.0	511341506.19228613
24930.0	537445962.4498762
24940.0	589958702.0667045
24950.0	540264030.2882234
24960.0	517790998.7009946
24970.0	563019365.3144145
24980.0	458318842.7748846
24990.0	518580420.84010375
