# Flux units: erg / (cm m2 s)
# Wavelength units: Angstrom
wave	flux
9000.0	3.284379339540814e+17
9010.0	3.451183867778916e+17
9020.0	3.287521140567484e+17
9030.0	3.3312619793993805e+17
9040.0	3.449533124220844e+17
9050.0	3.531957182555754e+17
9060.0	3.5628279415273824e+17
9070.0	3.6599811246741914e+17
9080.0	3.747001777814461e+17
9090.0	3.6560760896424006e+17
9100.0	3.77319490021933e+17
9110.0	3.788941864446311e+17
9120.0	3.912840844065143e+17
9130.0	3.937435779780713e+17
9140.0	3.973013179648603e+17
9150.0	4.037652720773238e+17
9160.0	4.075953608434516e+17
9170.0	4.114682889047849e+17
9180.0	4.09397491905285e+17
9190.0	4.193533740483032e+17
9200.0	4.176621430803525e+17
9210.0	3.892955429206726e+17
9220.0	3.82136251843012e+17
9230.0	3.679185046329518e+17
9240.0	3.654814924190843e+17
9250.0	3.6665597147858176e+17
9260.0	3.713815129951247e+17
9270.0	3.744896944695456e+17
9280.0	3.561401388624437e+17
9290.0	3.48436332968642e+17
9300.0	3.4239793793832154e+17
9310.0	3.520290315136686e+17
9320.0	3.480901506542792e+17
9330.0	3.5932554171449786e+17
9340.0	3.596615956627846e+17
9350.0	3.531243724025562e+17
9360.0	3.5729658060499744e+17
9370.0	3.500770001723457e+17
9380.0	3.6314544792588384e+17
9390.0	3.63631137775527e+17
9400.0	3.6996499835292506e+17
9410.0	3.694989334006551e+17
9420.0	3.6489639219581274e+17
9430.0	3.7179227060309306e+17
9440.0	3.63922476672753e+17
9450.0	3.6619737778811194e+17
9460.0	3.732329460292507e+17
9470.0	3.8037900770729056e+17
9480.0	3.838355390480997e+17
9490.0	3.881685766853884e+17
9500.0	3.855033726952032e+17
9510.0	3.815869002315828e+17
9520.0	3.840741797654238e+17
9530.0	3.887020789397855e+17
9540.0	3.8594530331312006e+17
9550.0	3.8069958063592275e+17
9560.0	3.9184422258444205e+17
9570.0	3.9071982381984384e+17
9580.0	3.8945882750422394e+17
9590.0	3.931310350433424e+17
9600.0	3.8427754374916845e+17
9610.0	3.910276697268079e+17
9620.0	3.959988830690292e+17
9630.0	3.9990142083521306e+17
9640.0	3.736584801295591e+17
9650.0	3.8496674614073325e+17
9660.0	3.938014390393636e+17
9670.0	3.9008051796137126e+17
9680.0	3.825048119574776e+17
9690.0	3.935566218381358e+17
9700.0	4.066381757292941e+17
9710.0	3.8930125159632435e+17
9720.0	3.858038571607526e+17
9730.0	3.6777035242491206e+17
9740.0	3.697832795483868e+17
9750.0	3.6601256784789523e+17
9760.0	3.8478081741950406e+17
9770.0	3.784106487668755e+17
9780.0	3.922039218640272e+17
9790.0	3.651658603437282e+17
9800.0	3.969814014313406e+17
9810.0	3.7921583428844365e+17
9820.0	3.80218247501856e+17
9830.0	3.7318481437481664e+17
9840.0	3.802329083024112e+17
9850.0	3.868287424306197e+17
9860.0	3.9616526658756704e+17
9870.0	3.944108318294685e+17
9880.0	4.01185355424504e+17
9890.0	4.063677918955893e+17
9900.0	3.715905252090062e+17
9910.0	3.525957599978863e+17
9920.0	3.471391380463577e+17
9930.0	3.6397513304148774e+17
9940.0	3.742164879752206e+17
9950.0	3.873818160153381e+17
9960.0	3.8212079216053254e+17
9970.0	3.9092575737830746e+17
9980.0	3.877371235634578e+17
9990.0	3.698692769383899e+17
10000.0	3.834825932808186e+17
10010.0	3.794531824802742e+17
10020.0	3.89480533307764e+17
10030.0	3.9111840184328685e+17
10040.0	3.739634864877622e+17
10050.0	3.7431193868733485e+17
10060.0	3.638134637839671e+17
10070.0	3.767231741647917e+17
10080.0	3.89564765068609e+17
10090.0	3.830677455198705e+17
10100.0	3.931432897080055e+17
10110.0	3.8926021814763014e+17
10120.0	3.918415403254264e+17
10130.0	3.9954186209580064e+17
10140.0	3.890148003948645e+17
10150.0	3.8190529385195334e+17
10160.0	3.810854673154227e+17
10170.0	3.820857224721761e+17
10180.0	3.935049409940681e+17
10190.0	3.849547220663115e+17
10200.0	3.903270637078735e+17
10210.0	3.936725109979005e+17
10220.0	3.857710297690924e+17
10230.0	3.9717170408082106e+17
10240.0	4.052503545543242e+17
10250.0	3.9891169679573344e+17
10260.0	3.800730128901417e+17
10270.0	3.7877769087937664e+17
10280.0	3.828406438199735e+17
10290.0	3.8179559279316435e+17
10300.0	3.88390722676148e+17
10310.0	4.009121891707145e+17
10320.0	4.008249595700717e+17
10330.0	3.89927853635402e+17
10340.0	3.966025786531038e+17
10350.0	3.7024990105743475e+17
10360.0	4.072351030644237e+17
10370.0	4.04513725353099e+17
10380.0	3.968136973361618e+17
10390.0	4.0340524112420026e+17
10400.0	3.893625096776385e+17
10410.0	4.1184198114988486e+17
10420.0	4.0002693531213005e+17
10430.0	3.92480650279131e+17
10440.0	4.107755447195645e+17
10450.0	4.095608383355942e+17
10460.0	4.1149884295619955e+17
10470.0	3.9616987030945594e+17
10480.0	3.981446508136574e+17
10490.0	4.0512105657092486e+17
10500.0	3.9775357507991206e+17
10510.0	3.996159279329286e+17
10520.0	3.9526190606896186e+17
10530.0	3.9759891929913197e+17
10540.0	4.0097264157605645e+17
10550.0	4.0198184204200454e+17
10560.0	3.9510194448321274e+17
10570.0	3.90853436529491e+17
10580.0	3.999172901422981e+17
10590.0	3.8745369219762003e+17
10600.0	4.0041637979273114e+17
10610.0	3.9028821646897114e+17
10620.0	4.001648001110725e+17
10630.0	4.046922691304743e+17
10640.0	4.0376682336784544e+17
10650.0	4.0164812169061856e+17
10660.0	3.9109310356177286e+17
10670.0	4.008548008806242e+17
10680.0	3.9779812670223046e+17
10690.0	4.050820593503303e+17
10700.0	4.084490375451655e+17
10710.0	4.025380519593237e+17
10720.0	4.096895588923113e+17
10730.0	4.0181882054041197e+17
10740.0	4.0351369546108915e+17
10750.0	4.059789005132967e+17
10760.0	4.086253313355381e+17
10770.0	4.110367681443185e+17
10780.0	4.1096210957559366e+17
10790.0	4.123819445052412e+17
10800.0	4.067439149690379e+17
10810.0	4.0053553852083117e+17
10820.0	4.085679541610868e+17
10830.0	4.153431455068619e+17
10840.0	4.120738371082816e+17
10850.0	4.086689860147898e+17
10860.0	4.089279348860079e+17
10870.0	4.126399133880814e+17
10880.0	4.123317236097869e+17
10890.0	4.065990319528642e+17
10900.0	4.121622515250512e+17
10910.0	4.0553931444384384e+17
10920.0	4.066178859733811e+17
10930.0	4.1018728327632256e+17
10940.0	4.104425607728611e+17
10950.0	4.0875549763530426e+17
10960.0	4.017433239632293e+17
10970.0	4.0513291363421184e+17
10980.0	4.0051056619920723e+17
10990.0	4.0132311137382925e+17
11000.0	4.0315675648463846e+17
11010.0	4.059846052354162e+17
11020.0	4.003459933611455e+17
11030.0	3.893142577497845e+17
11040.0	3.728848155311905e+17
11050.0	3.691863712059765e+17
11060.0	3.725674065345339e+17
11070.0	3.730181537489149e+17
11080.0	3.7540710475900154e+17
11090.0	3.8075147701555546e+17
11100.0	3.77997693991003e+17
11110.0	3.7220937398693965e+17
11120.0	3.8201622226905664e+17
11130.0	3.782191126010693e+17
11140.0	3.8513131862418624e+17
11150.0	3.836032959899576e+17
11160.0	3.7944375899692397e+17
11170.0	3.7753400602997536e+17
11180.0	3.8313208568506925e+17
11190.0	3.787415724683737e+17
11200.0	3.765313202429272e+17
11210.0	3.8083337209253875e+17
11220.0	3.823316349339433e+17
11230.0	3.858277794281284e+17
11240.0	3.883094237850511e+17
11250.0	3.7968436574609306e+17
11260.0	3.7331047993687635e+17
11270.0	3.898160653292723e+17
11280.0	3.8649287403563437e+17
11290.0	3.8945830504802266e+17
11300.0	3.7931456552528314e+17
11310.0	3.8410521577785824e+17
11320.0	3.86746741650195e+17
11330.0	3.88019073995296e+17
11340.0	3.792599895328706e+17
11350.0	3.787954435789302e+17
11360.0	3.844775636616233e+17
11370.0	3.8448294992814835e+17
11380.0	3.447819365747436e+17
11390.0	3.676425892417188e+17
11400.0	3.758942805496795e+17
11410.0	3.258282145517636e+17
11420.0	3.8729417836111597e+17
11430.0	3.7979565360641715e+17
11440.0	3.7554416119026176e+17
11450.0	3.856638391485227e+17
11460.0	3.8484631812415635e+17
11470.0	3.8873344888491674e+17
11480.0	3.820756088977137e+17
11490.0	3.8823854915956224e+17
11500.0	3.9043851766621645e+17
11510.0	3.878643506191206e+17
11520.0	3.8678765010098765e+17
11530.0	3.8636764440949594e+17
11540.0	3.843879871312581e+17
11550.0	3.8732637263560646e+17
11560.0	3.8663741234942624e+17
11570.0	3.853715819496913e+17
11580.0	3.8557240023972774e+17
11590.0	3.886579680982853e+17
11600.0	3.765880207281344e+17
11610.0	3.6791049313111654e+17
11620.0	3.8449990068153274e+17
11630.0	3.901793630269833e+17
11640.0	3.7415348461527277e+17
11650.0	3.8884983615344954e+17
11660.0	3.82320759400228e+17
11670.0	3.861578345641234e+17
11680.0	3.8476369791021485e+17
11690.0	3.564364042714506e+17
11700.0	3.832013639011761e+17
11710.0	3.8508514335741114e+17
11720.0	3.825212187527423e+17
11730.0	3.8463117874230816e+17
11740.0	3.7649467950828326e+17
11750.0	3.781554980364849e+17
11760.0	3.759475264861754e+17
11770.0	3.6527059513088934e+17
11780.0	3.467640856042371e+17
11790.0	3.698103422837047e+17
11800.0	3.741404175056954e+17
11810.0	3.765078865860633e+17
11820.0	3.7402387617962656e+17
11830.0	3.6040863113609446e+17
11840.0	3.7268230541148883e+17
11850.0	3.7307117625460134e+17
11860.0	3.758916011042938e+17
11870.0	3.757921063308024e+17
11880.0	3.736330724734215e+17
11890.0	3.4856227909611014e+17
11900.0	3.688901782258174e+17
11910.0	3.7288912708571136e+17
11920.0	3.723371935308032e+17
11930.0	3.755923312410522e+17
11940.0	3.690597594779566e+17
11950.0	3.6571343192490195e+17
11960.0	3.6541839830639936e+17
11970.0	3.698322058683188e+17
11980.0	3.478142489961435e+17
11990.0	3.689087034267399e+17
12000.0	3.697619550942993e+17
12010.0	3.721506803512883e+17
12020.0	3.713703509862829e+17
12030.0	3.687767236406121e+17
12040.0	3.7332401446114765e+17
12050.0	3.71737062922059e+17
12060.0	3.77759503500143e+17
12070.0	3.6986127411836346e+17
12080.0	3.7176341872677594e+17
12090.0	3.6460543069176006e+17
12100.0	3.775192844621216e+17
12110.0	3.714920736562394e+17
12120.0	3.725337950254824e+17
12130.0	3.705146587474088e+17
12140.0	3.765653321358418e+17
12150.0	3.772360762248349e+17
12160.0	3.739023769497026e+17
12170.0	3.7304933847742854e+17
12180.0	3.7688051892410477e+17
12190.0	3.7566841783874144e+17
12200.0	3.754845321923155e+17
12210.0	3.7388026102027584e+17
12220.0	3.7415110673784115e+17
12230.0	3.7466813159124883e+17
12240.0	3.737350944439057e+17
12250.0	3.7575902408342854e+17
12260.0	3.753392888321558e+17
12270.0	3.7554767484951014e+17
12280.0	3.744435237288715e+17
12290.0	3.7602139229714554e+17
12300.0	3.733801596230805e+17
12310.0	3.74192033548394e+17
12320.0	3.6967930117030765e+17
12330.0	3.7247463285288774e+17
12340.0	3.735797055637779e+17
12350.0	3.72931524742869e+17
12360.0	3.730560944798931e+17
12370.0	3.724909932106803e+17
12380.0	3.738237538318111e+17
12390.0	3.704427826286399e+17
12400.0	3.722215470367402e+17
12410.0	3.592604274969223e+17
12420.0	3.587030393623666e+17
12430.0	3.5940973302074976e+17
12440.0	3.491403984268272e+17
12450.0	3.644373164549922e+17
12460.0	3.619364905289406e+17
12470.0	3.635681659738253e+17
12480.0	3.618345990710754e+17
12490.0	3.6333651690686496e+17
12500.0	3.632004560828748e+17
12510.0	3.65299870378695e+17
12520.0	3.61379545342065e+17
12530.0	3.483237197513641e+17
12540.0	3.6378638068332154e+17
12550.0	3.59487064083127e+17
12560.0	3.595152939671671e+17
12570.0	3.564520629167045e+17
12580.0	3.585143506141615e+17
12590.0	3.585701311484261e+17
12600.0	3.562079421646659e+17
12610.0	3.5897448674749504e+17
12620.0	3.590951191538089e+17
12630.0	3.605724237864574e+17
12640.0	3.5577927976305926e+17
12650.0	3.5966266062740166e+17
12660.0	3.602391396419994e+17
12670.0	3.589965886488966e+17
12680.0	3.476384950642223e+17
12690.0	3.61694898318049e+17
12700.0	3.5654779808790106e+17
12710.0	3.566134702697028e+17
12720.0	3.610257588859369e+17
12730.0	3.602005696224562e+17
12740.0	3.551872140405659e+17
12750.0	3.535210829800177e+17
12760.0	3.5997741269253875e+17
12770.0	3.593812251451671e+17
12780.0	3.592815953602988e+17
12790.0	3.6013738805938214e+17
12800.0	3.59498002236228e+17
12810.0	3.577548766066851e+17
12820.0	3.5311201851156717e+17
12830.0	3.406560672139321e+17
12840.0	3.5477750432174624e+17
12850.0	3.5214519361079494e+17
12860.0	3.548690786644735e+17
12870.0	3.584072674255721e+17
12880.0	3.546614084350795e+17
12890.0	3.555519268458041e+17
12900.0	3.4396568501012717e+17
12910.0	3.511467895725949e+17
12920.0	3.5522077077283923e+17
12930.0	3.5574145110328826e+17
12940.0	3.577912124427545e+17
12950.0	3.543961112460069e+17
12960.0	3.582622035425631e+17
12970.0	3.5728993891213146e+17
12980.0	3.5268020789918016e+17
12990.0	3.54924963960851e+17
13000.0	3.5686760386665446e+17
13010.0	3.5501182473492736e+17
13020.0	3.546397174776455e+17
13030.0	3.565138823590378e+17
13040.0	3.539174025967754e+17
13050.0	3.555904525401934e+17
13060.0	3.554366353251904e+17
13070.0	3.523104311044102e+17
13080.0	3.505729145395628e+17
13090.0	3.499753640549725e+17
13100.0	3.503174839311324e+17
13110.0	3.528592205362008e+17
13120.0	3.470774189944785e+17
13130.0	3.19099112843063e+17
13140.0	3.445854664669655e+17
13150.0	3.305822353356007e+17
13160.0	3.439643038524199e+17
13170.0	3.4958563371596755e+17
13180.0	3.471183320311189e+17
13190.0	3.497732253752299e+17
13200.0	3.453551968880374e+17
13210.0	3.484934233492871e+17
13220.0	3.4177152561166675e+17
13230.0	3.472245814384513e+17
13240.0	3.447751038817554e+17
13250.0	3.365385572137618e+17
13260.0	3.4375663602389664e+17
13270.0	3.342049280583918e+17
13280.0	3.378627572011473e+17
13290.0	3.353069963265604e+17
13300.0	3.28770262096179e+17
13310.0	3.264335172810424e+17
13320.0	2.9336676112139366e+17
13330.0	3.120743952144784e+17
13340.0	3.077438977092913e+17
13350.0	2.5625102092307018e+17
13360.0	2.8173388814766314e+17
13370.0	2.640906462369788e+17
13380.0	2.857959888762104e+17
13390.0	2.787118705631058e+17
13400.0	2.993111797016433e+17
13410.0	2.8520481347925965e+17
13420.0	2.689672600341729e+17
13430.0	2.588845392814143e+17
13440.0	2.9084242114946624e+17
13450.0	2.6706980095003974e+17
13460.0	2.918381952408625e+17
13470.0	2.6561559047983872e+17
13480.0	2.632634143758091e+17
13490.0	2.9316309814373056e+17
13500.0	2.7202205538137734e+17
13510.0	2.6679008481335085e+17
13520.0	2.7067464103830454e+17
13530.0	2.8158658825871296e+17
13540.0	2.61878397057007e+17
13550.0	2.6324326483872003e+17
13560.0	2.7310641503199376e+17
13570.0	2.7308325429746736e+17
13580.0	2.6564775375038483e+17
13590.0	2.7382216869583533e+17
13600.0	2.664266500347074e+17
13610.0	2.698386657682747e+17
13620.0	2.4604489410604707e+17
13630.0	2.6485783312451053e+17
13640.0	2.7273479343334893e+17
13650.0	2.601124467595735e+17
13660.0	2.7537773295753808e+17
13670.0	2.6937616828074656e+17
13680.0	2.690951928357472e+17
13690.0	2.633350112340318e+17
13700.0	2.6833349327095936e+17
13710.0	2.6066156848603882e+17
13720.0	2.682627285400859e+17
13730.0	2.669639581627406e+17
13740.0	2.65522482363446e+17
13750.0	2.717647376947176e+17
13760.0	2.7369360793565776e+17
13770.0	2.6998102438011216e+17
13780.0	2.7414993909489693e+17
13790.0	2.6795381610017946e+17
13800.0	2.7919165421824726e+17
13810.0	2.6830607889496045e+17
13820.0	2.763349152064573e+17
13830.0	2.5994290124710928e+17
13840.0	2.7386071395934867e+17
13850.0	2.710760907829844e+17
13860.0	2.6543045633676326e+17
13870.0	2.6982726371116896e+17
13880.0	2.5948755648182102e+17
13890.0	2.7589181792884394e+17
13900.0	2.5128247883717392e+17
13910.0	2.354159929828794e+17
13920.0	2.4398557007556784e+17
13930.0	2.3994906547223213e+17
13940.0	2.4669535281303853e+17
13950.0	2.516410091792037e+17
13960.0	2.5238272908734867e+17
13970.0	2.501969466634379e+17
13980.0	2.3273073424573398e+17
13990.0	2.5149297928617664e+17
14000.0	2.420386015397648e+17
14010.0	2.3491383440449578e+17
14020.0	2.530174160853567e+17
14030.0	2.5173024898971485e+17
14040.0	2.414810751707368e+17
14050.0	2.4786930761391392e+17
14060.0	2.597939859987383e+17
14070.0	2.3936830352629194e+17
14080.0	2.4177791953928688e+17
14090.0	2.325076453894611e+17
14100.0	2.4649034566365558e+17
14110.0	2.3242649543454288e+17
14120.0	2.2970841072331357e+17
14130.0	2.4249799288865133e+17
14140.0	2.3546186695403693e+17
14150.0	2.2969937984110246e+17
14160.0	2.3921835479629523e+17
14170.0	2.2531246795507926e+17
14180.0	2.2042034325548797e+17
14190.0	2.215334311847012e+17
14200.0	2.408113226102671e+17
14210.0	2.383038075198404e+17
14220.0	2.252573698134299e+17
14230.0	2.331243444844517e+17
14240.0	2.213005722278311e+17
14250.0	2.289991690801805e+17
14260.0	2.1731365709047248e+17
14270.0	2.267058682378516e+17
14280.0	2.2742887966621942e+17
14290.0	2.0647150819316867e+17
14300.0	2.4435387020889517e+17
14310.0	2.3576748563506886e+17
14320.0	2.2626883581585523e+17
14330.0	2.3468288012762797e+17
14340.0	2.0861324129301453e+17
14350.0	2.3495106107253258e+17
14360.0	2.2898346596781136e+17
14370.0	2.2197633016894224e+17
14380.0	2.3296422532615936e+17
14390.0	2.317496692707254e+17
14400.0	2.2726500610233837e+17
14410.0	2.1973574459592752e+17
14420.0	2.2890697904806813e+17
14430.0	2.3452728831601843e+17
14440.0	2.341167227643553e+17
14450.0	2.2486690895282854e+17
14460.0	2.374538410557127e+17
14470.0	2.1884690332188576e+17
14480.0	2.2898202914581914e+17
14490.0	2.420339418137533e+17
14500.0	2.229670013679448e+17
14510.0	2.1930202926518074e+17
14520.0	2.439862033413911e+17
14530.0	2.312878170019961e+17
14540.0	2.2301655424214592e+17
14550.0	2.4617526032965578e+17
14560.0	2.2225346947906774e+17
14570.0	2.211919680128777e+17
14580.0	2.3459323541161818e+17
14590.0	2.3466409629839072e+17
14600.0	2.292986412151122e+17
14610.0	2.1597614083730547e+17
14620.0	2.214968685681983e+17
14630.0	2.0626194615874925e+17
14640.0	2.3141180829448928e+17
14650.0	2.1866935756546998e+17
14660.0	2.326686540014223e+17
14670.0	2.2515883255282742e+17
14680.0	2.098590029448909e+17
14690.0	2.1397001295595043e+17
14700.0	2.1166882218196454e+17
14710.0	2.2210564371075715e+17
14720.0	2.211568716495554e+17
14730.0	2.2822471107974922e+17
14740.0	2.1528340346610384e+17
14750.0	2.1956845369131504e+17
14760.0	2.161226218254886e+17
14770.0	2.186300465170652e+17
14780.0	2.1264149795480502e+17
14790.0	2.3399638686976653e+17
14800.0	2.0901438335497853e+17
14810.0	2.210420938523719e+17
14820.0	2.11525199247839e+17
14830.0	2.218600566556755e+17
14840.0	2.3012844882501293e+17
14850.0	2.187452744427091e+17
14860.0	2.214504754255787e+17
14870.0	2.2540432690631027e+17
14880.0	2.1480150118137395e+17
14890.0	2.139145222914192e+17
14900.0	2.2298257373671632e+17
14910.0	2.2325012267706678e+17
14920.0	2.2517766286297424e+17
14930.0	2.191787540837914e+17
14940.0	2.163529343913677e+17
14950.0	2.2546953501758755e+17
14960.0	2.230709230358845e+17
14970.0	2.299645613187342e+17
14980.0	2.2797841376773744e+17
14990.0	2.3052995996115904e+17
15000.0	2.2086812122644954e+17
15010.0	2.1826513819091632e+17
15020.0	2.1077231364889126e+17
15030.0	2.232318103118637e+17
15040.0	2.1938603677669603e+17
15050.0	2.2264601117958333e+17
15060.0	2.2153183329843952e+17
15070.0	2.3225907741616624e+17
15080.0	2.1865111965105763e+17
15090.0	2.294635061237993e+17
15100.0	2.229821794539796e+17
15110.0	2.2815073417546566e+17
15120.0	2.2840174578830077e+17
15130.0	2.1809351457582384e+17
15140.0	2.2162097534932394e+17
15150.0	2.2912213319712192e+17
15160.0	2.2957276599028096e+17
15170.0	2.1483136759211094e+17
15180.0	2.2412128297454243e+17
15190.0	2.2609395059285987e+17
15200.0	2.2558841397865546e+17
15210.0	2.3616699386053744e+17
15220.0	2.3365943385578957e+17
15230.0	2.3227953399676202e+17
15240.0	2.270964274327388e+17
15250.0	2.226267433474799e+17
15260.0	2.2070039681518173e+17
15270.0	2.2221565703175248e+17
15280.0	2.2558365970720746e+17
15290.0	2.2271486610783267e+17
15300.0	2.3920830118736573e+17
15310.0	2.307498379033035e+17
15320.0	2.152132089333931e+17
15330.0	2.2066252338230726e+17
15340.0	2.3298468758718506e+17
15350.0	2.2879034407793203e+17
15360.0	2.3360745005334157e+17
15370.0	2.252754858801286e+17
15380.0	2.2003395960142093e+17
15390.0	2.2781944650324166e+17
15400.0	2.1952753465277174e+17
15410.0	2.1100540095023392e+17
15420.0	2.283119528300386e+17
15430.0	2.1586456186292605e+17
15440.0	2.2287283591726656e+17
15450.0	2.3097232406564675e+17
15460.0	2.3577173130226912e+17
15470.0	2.2335017985284013e+17
15480.0	2.2429877459531357e+17
15490.0	2.3102961411533274e+17
15500.0	2.316509073354886e+17
15510.0	2.200110255964687e+17
15520.0	2.330029630723122e+17
15530.0	2.3536765972927456e+17
15540.0	2.2579474554269507e+17
15550.0	2.2350578332963798e+17
15560.0	2.2425287642771536e+17
15570.0	2.2501597267286714e+17
15580.0	2.194406334174115e+17
15590.0	2.316810461451735e+17
15600.0	2.2739516093538294e+17
15610.0	2.300894444066091e+17
15620.0	2.3270822512234723e+17
15630.0	2.3043423844965104e+17
15640.0	2.3669719031562576e+17
15650.0	2.2751177600837914e+17
15660.0	2.1596154240926762e+17
15670.0	2.3752262847747946e+17
15680.0	2.4130946661924502e+17
15690.0	2.3365881236446218e+17
15700.0	2.2727655526238333e+17
15710.0	2.3500190619785062e+17
15720.0	2.2670162319236234e+17
15730.0	2.2899406617354768e+17
15740.0	2.3721271228930714e+17
15750.0	2.3373172264630394e+17
15760.0	2.2753280819039024e+17
15770.0	2.313915718135005e+17
15780.0	2.271311005290997e+17
15790.0	2.3792929657332192e+17
15800.0	2.3530509657556474e+17
15810.0	2.4093594494882275e+17
15820.0	2.3577916065362976e+17
15830.0	2.3704674090678294e+17
15840.0	2.3267009045462547e+17
15850.0	2.3185894106576803e+17
15860.0	2.4516606689817267e+17
15870.0	2.3908426406298534e+17
15880.0	2.411383309960016e+17
15890.0	2.341110349926491e+17
15900.0	2.214923403477087e+17
15910.0	2.396274055529509e+17
15920.0	2.3478598026870502e+17
15930.0	2.359458668032086e+17
15940.0	2.429865823601288e+17
15950.0	2.4456203762216643e+17
15960.0	2.4518193553418442e+17
15970.0	2.3990180076151136e+17
15980.0	2.397396555725188e+17
15990.0	2.4026581444486813e+17
16000.0	2.4376531010361693e+17
16010.0	2.425492673516824e+17
16020.0	2.358507622203559e+17
16030.0	2.4642285472426294e+17
16040.0	2.3373309064491152e+17
16050.0	2.4229174142413014e+17
16060.0	2.3498054156743907e+17
16070.0	2.3423873292503984e+17
16080.0	2.392130779777025e+17
16090.0	2.4495073157067814e+17
16100.0	2.447209816856027e+17
16110.0	2.4005861457462355e+17
16120.0	2.4441865525649e+17
16130.0	2.4193498297467514e+17
16140.0	2.3627100009526112e+17
16150.0	2.400140207494503e+17
16160.0	2.2268809448492522e+17
16170.0	2.4925598476437706e+17
16180.0	2.4921126531466314e+17
16190.0	2.32543896202376e+17
16200.0	2.2441335700106726e+17
16210.0	2.2633636058394038e+17
16220.0	2.397146685220901e+17
16230.0	2.364462494170019e+17
16240.0	2.4708816854023005e+17
16250.0	2.354912017958588e+17
16260.0	2.335714895383383e+17
16270.0	2.44433952076966e+17
16280.0	2.458067002847153e+17
16290.0	2.4759301878535546e+17
16300.0	2.4236440862817786e+17
16310.0	2.4453131550011725e+17
16320.0	2.3964648973673034e+17
16330.0	2.4881363129067917e+17
16340.0	2.4581712107903178e+17
16350.0	2.4131214070236435e+17
16360.0	2.3939268771954982e+17
16370.0	2.4095074468055357e+17
16380.0	2.4904701781158973e+17
16390.0	2.4418406230453645e+17
16400.0	2.4313539735309664e+17
16410.0	2.4341863192903082e+17
16420.0	2.463085177969361e+17
16430.0	2.4662049835526547e+17
16440.0	2.4738033863750957e+17
16450.0	2.3503595244744093e+17
16460.0	2.433183427945e+17
16470.0	2.5056503932193296e+17
16480.0	2.434106430196315e+17
16490.0	2.4849987565038355e+17
16500.0	2.4881686776840355e+17
16510.0	2.4723870884417347e+17
16520.0	2.4977027573787526e+17
16530.0	2.4216408807975728e+17
16540.0	2.402868272671993e+17
16550.0	2.4906279022911082e+17
16560.0	2.5513300384735315e+17
16570.0	2.519659848248088e+17
16580.0	2.5042341733391187e+17
16590.0	2.4244431288700544e+17
16600.0	2.4840019382201066e+17
16610.0	2.4057776350135824e+17
16620.0	2.4591764949645616e+17
16630.0	2.5042149690096755e+17
16640.0	2.4864852411282416e+17
16650.0	2.4678631336972314e+17
16660.0	2.4293023180550035e+17
16670.0	2.4322982728733117e+17
16680.0	2.469049583122412e+17
16690.0	2.479912448283252e+17
16700.0	2.4776319612464022e+17
16710.0	2.4102987197859456e+17
16720.0	2.2979691290090874e+17
16730.0	2.3876584628846026e+17
16740.0	2.4998331928346662e+17
16750.0	2.3888120533632736e+17
16760.0	2.3537666780768547e+17
16770.0	2.3890256767903616e+17
16780.0	2.49957697517282e+17
16790.0	2.500393837962097e+17
16800.0	2.4734132338476118e+17
16810.0	2.484423117649879e+17
16820.0	2.4884398987866058e+17
16830.0	2.4929156974455427e+17
16840.0	2.4298137188117107e+17
16850.0	2.4676500238205738e+17
16860.0	2.4620143000857053e+17
16870.0	2.3941449479607504e+17
16880.0	2.343794525007283e+17
16890.0	2.3393348695692918e+17
16900.0	2.362432898888994e+17
16910.0	2.3216907600760733e+17
16920.0	2.39163466256326e+17
16930.0	2.4329655013666637e+17
16940.0	2.4368388201630016e+17
16950.0	2.3944971909225594e+17
16960.0	2.3726868081482067e+17
16970.0	2.3943893901295168e+17
16980.0	2.3504591047238582e+17
16990.0	2.3692504764849203e+17
17000.0	2.340149119159181e+17
17010.0	2.3442453807107347e+17
17020.0	2.3779200785985574e+17
17030.0	2.360796226306366e+17
17040.0	2.2998431747524045e+17
17050.0	2.2883914299469466e+17
17060.0	2.3218100232801664e+17
17070.0	2.222298349643395e+17
17080.0	2.2345189505306013e+17
17090.0	2.2382130439553094e+17
17100.0	2.2119779207642016e+17
17110.0	1.9938937715055626e+17
17120.0	2.1626115316085878e+17
17130.0	2.2591744450927008e+17
17140.0	2.1693637213992432e+17
17150.0	2.213501383471797e+17
17160.0	2.1848101999729216e+17
17170.0	2.1320471946513485e+17
17180.0	2.091808479002924e+17
17190.0	2.061672511461799e+17
17200.0	2.1231327776173443e+17
17210.0	2.104939608106797e+17
17220.0	2.1976062535160854e+17
17230.0	2.061720707184148e+17
17240.0	2.054744033452091e+17
17250.0	2.1460502586070915e+17
17260.0	2.1472232464369405e+17
17270.0	1.915979787263402e+17
17280.0	2.1714261542111622e+17
17290.0	2.1116742313544045e+17
17300.0	2.068217603042424e+17
17310.0	2.1494720777449814e+17
17320.0	1.9306583683478762e+17
17330.0	2.0622916288481354e+17
17340.0	1.968046978269092e+17
17350.0	1.9006056074564378e+17
17360.0	2.0680569468045456e+17
17370.0	1.9673014404787418e+17
17380.0	2.019251694952012e+17
17390.0	2.0327908506361805e+17
17400.0	1.9595623300463328e+17
17410.0	1.977909669433174e+17
17420.0	2.0472350399606515e+17
17430.0	1.8693844156567222e+17
17440.0	1.9500757138896778e+17
17450.0	1.9432140282962374e+17
17460.0	1.9854363243746304e+17
17470.0	1.9129828806346054e+17
17480.0	1.894459144905639e+17
17490.0	2.0056439138623184e+17
17500.0	1.8595331938701152e+17
17510.0	1.8350462148723965e+17
17520.0	1.890110644733701e+17
17530.0	1.9677784002248384e+17
17540.0	1.817793400364374e+17
17550.0	1.8727712590721555e+17
17560.0	1.7119614065922218e+17
17570.0	1.8352337624528886e+17
17580.0	1.8198739283616768e+17
17590.0	1.746579537190977e+17
17600.0	1.898095862214412e+17
17610.0	1.7420015032305075e+17
17620.0	1.7744411382780726e+17
17630.0	1.7026818335947885e+17
17640.0	1.8642114845996294e+17
17650.0	1.8192237580956758e+17
17660.0	1.875163166637652e+17
17670.0	1.7512270958985517e+17
17680.0	1.63309809386684e+17
17690.0	1.6730981592927338e+17
17700.0	1.8475056906006534e+17
17710.0	1.7849182791841264e+17
17720.0	1.6316741270021667e+17
17730.0	1.6350104877389062e+17
17740.0	1.7896041895916154e+17
17750.0	1.6331864649733104e+17
17760.0	1.6809850636889462e+17
17770.0	1.6192354208690733e+17
17780.0	1.638115801597531e+17
17790.0	1.6931397179035613e+17
17800.0	1.6011740538474378e+17
17810.0	1.624255427920403e+17
17820.0	1.6077100134025872e+17
17830.0	1.556680396359603e+17
17840.0	1.7523570572710227e+17
17850.0	1.6119607637407504e+17
17860.0	1.5314923322304928e+17
17870.0	1.4629560794928586e+17
17880.0	1.642357731249039e+17
17890.0	1.588783376113119e+17
17900.0	1.6757796926116787e+17
17910.0	1.5352797420349014e+17
17920.0	1.5385094870521024e+17
17930.0	1.5865966034670922e+17
17940.0	1.5754558255893453e+17
17950.0	1.465536273170244e+17
17960.0	1.486440204393883e+17
17970.0	1.6680584686358157e+17
17980.0	1.599463318872236e+17
17990.0	1.5455189808074787e+17
18000.0	1.4570592354657e+17
18010.0	1.4302321571730138e+17
18020.0	1.501369172942219e+17
18030.0	1.4021172381867992e+17
18040.0	1.550179142991572e+17
18050.0	1.4995583788615712e+17
18060.0	1.42038698943679e+17
18070.0	1.50847130747152e+17
18080.0	1.478325914168621e+17
18090.0	1.4446773664465888e+17
18100.0	1.5532831909321395e+17
18110.0	1.30906602664302e+17
18120.0	1.500130575829078e+17
18130.0	1.3662409064554909e+17
18140.0	1.593062235632516e+17
18150.0	1.5492943190768877e+17
18160.0	1.5195982825688906e+17
18170.0	1.4598652727913254e+17
18180.0	1.4303355854875806e+17
18190.0	1.4248892678732338e+17
18200.0	1.3592222635549787e+17
18210.0	1.4492746821844154e+17
18220.0	1.2661544522621638e+17
18230.0	1.5148634848766726e+17
18240.0	1.6491753037637843e+17
18250.0	1.4026268889126611e+17
18260.0	1.3135769525472834e+17
18270.0	1.4473140464758096e+17
18280.0	1.3818396496280611e+17
18290.0	1.438583699021725e+17
18300.0	1.4562009500236867e+17
18310.0	1.3870707290305176e+17
18320.0	1.4181441952297e+17
18330.0	1.3309230085580312e+17
18340.0	1.4761991712208435e+17
18350.0	1.3725014404093229e+17
18360.0	1.3811318759838754e+17
18370.0	1.488403069268464e+17
18380.0	1.3356959693107395e+17
18390.0	1.4090246248435328e+17
18400.0	1.3047681906534165e+17
18410.0	1.4881868024630445e+17
18420.0	1.2877893208729422e+17
18430.0	1.3149240793786021e+17
18440.0	1.2930183566920266e+17
18450.0	1.301792885072626e+17
18460.0	1.3165301474298714e+17
18470.0	1.1582688542268403e+17
18480.0	1.2338574629904304e+17
18490.0	1.2590598723465e+17
18500.0	1.231291905569412e+17
18510.0	1.3800914042276077e+17
18520.0	1.3867296964643333e+17
18530.0	1.2723104122382512e+17
18540.0	1.3007910542205861e+17
18550.0	1.3077672066093485e+17
18560.0	1.2962074588324328e+17
18570.0	1.1374194554619472e+17
18580.0	1.1143389310762027e+17
18590.0	1.1242329361742867e+17
18600.0	1.1482969894383208e+17
18610.0	1.1541215502840606e+17
18620.0	1.2595591952924046e+17
18630.0	1.2461673554874274e+17
18640.0	1.2787760333951419e+17
18650.0	1.151798214438507e+17
18660.0	1.2732422359034606e+17
18670.0	1.2675903774395997e+17
18680.0	1.196113064229883e+17
18690.0	1.3126625222114566e+17
18700.0	1.3217259853325749e+17
18710.0	1.2048962041366838e+17
18720.0	1.286175636034133e+17
18730.0	1.1049648417373202e+17
18740.0	1.2719274669299677e+17
18750.0	1.2038865859521896e+17
18760.0	1.2768153748415245e+17
18770.0	1.2202226210259757e+17
18780.0	1.2216388663330733e+17
18790.0	1.1197841533782154e+17
18800.0	1.249721239604117e+17
18810.0	1.2688916911048928e+17
18820.0	1.2784482413396566e+17
18830.0	1.3762518072321525e+17
18840.0	1.357682918173197e+17
18850.0	1.1821298914418538e+17
18860.0	1.264770519672056e+17
18870.0	1.2253636181512528e+17
18880.0	1.3425390789523232e+17
18890.0	1.1999433609817131e+17
18900.0	1.3110736432917838e+17
18910.0	1.2794230874074426e+17
18920.0	1.0798266510196891e+17
18930.0	1.1478059841101293e+17
18940.0	1.237625327196235e+17
18950.0	1.25132262349832e+17
18960.0	1.2258425231200341e+17
18970.0	1.3550958849354045e+17
18980.0	1.1958790192495242e+17
18990.0	1.2416954714928939e+17
19000.0	1.3298929188187944e+17
19010.0	1.2482703755611693e+17
19020.0	1.3425278163545627e+17
19030.0	1.2169512704707478e+17
19040.0	1.2608517671940104e+17
19050.0	1.2305222956273384e+17
19060.0	1.2500258904287611e+17
19070.0	1.2282637389518978e+17
19080.0	1.3157699028119133e+17
19090.0	1.2464417379019467e+17
19100.0	1.2568852531254936e+17
19110.0	1.1347226049386386e+17
19120.0	1.2291484948427862e+17
19130.0	1.2922609363295227e+17
19140.0	1.3128297029007898e+17
19150.0	1.3252525485624394e+17
19160.0	1.1847309175152779e+17
19170.0	1.1798386703895579e+17
19180.0	1.21394571540087e+17
19190.0	1.2973645110349066e+17
19200.0	1.2707688575571624e+17
19210.0	1.1887372453821522e+17
19220.0	1.2475470548732478e+17
19230.0	1.2649056231065306e+17
19240.0	1.1783072895363782e+17
19250.0	1.2698506006993648e+17
19260.0	1.2062259431898547e+17
19270.0	1.1636336026242824e+17
19280.0	1.352177553178056e+17
19290.0	1.2058582091276787e+17
19300.0	1.169871768685531e+17
19310.0	1.0277670873390365e+17
19320.0	1.155933974590829e+17
19330.0	1.2539284174029931e+17
19340.0	1.1834797596310202e+17
19350.0	1.2611688470636722e+17
19360.0	1.2767145726123283e+17
19370.0	1.2425119179118925e+17
19380.0	1.2193804612094736e+17
19390.0	1.1536256911166728e+17
19400.0	1.1820173212458046e+17
19410.0	1.213656792283965e+17
19420.0	1.2397689481277778e+17
19430.0	1.1889603188654704e+17
19440.0	1.2008967797196522e+17
19450.0	1.1231850007689574e+17
19460.0	1.0040553517334064e+17
19470.0	1.2313920552082912e+17
19480.0	1.1640408302461416e+17
19490.0	1.1546621486989024e+17
19500.0	1.2585340810426946e+17
19510.0	1.0734555287633349e+17
19520.0	1.2027566562906818e+17
19530.0	1.1076476944997563e+17
19540.0	1.2293241638427262e+17
19550.0	1.2286300896727245e+17
19560.0	1.1093945462219542e+17
19570.0	1.174665033426787e+17
19580.0	1.2632783645388496e+17
19590.0	1.373132116611372e+17
19600.0	1.1672114355604758e+17
19610.0	1.1124905923190066e+17
19620.0	1.2146547084772272e+17
19630.0	1.2244128992224155e+17
19640.0	1.162566014220684e+17
19650.0	1.130762312446065e+17
19660.0	1.2195983025352589e+17
19670.0	1.2390870464985098e+17
19680.0	1.1217715778076235e+17
19690.0	1.2181353090894904e+17
19700.0	1.2757896618728477e+17
19710.0	1.1488603790147278e+17
19720.0	1.2109678346329144e+17
19730.0	1.1567408621366035e+17
19740.0	1.1697602983651237e+17
19750.0	1.2215275229834413e+17
19760.0	1.0006581312713666e+17
19770.0	1.1250965925600909e+17
19780.0	9.42981048420443e+16
19790.0	1.1225395443125275e+17
19800.0	1.0723338090643629e+17
19810.0	1.1553462289376224e+17
19820.0	1.092426063215702e+17
19830.0	1.1297347910207221e+17
19840.0	1.139409857192394e+17
19850.0	1.1225094227004394e+17
19860.0	1.0315799908485568e+17
19870.0	1.0326952611229126e+17
19880.0	1.1175788322327734e+17
19890.0	1.1737470736327442e+17
19900.0	1.0704284421395336e+17
19910.0	1.091460865826232e+17
19920.0	1.0158326658045917e+17
19930.0	1.146429771443035e+17
19940.0	1.128215581186096e+17
19950.0	1.0953481848440275e+17
19960.0	1.165548007157941e+17
19970.0	1.0865206538525163e+17
19980.0	1.0619881671745925e+17
19990.0	1.132311842347516e+17
20000.0	1.0273641606264787e+17
20010.0	1.097795630850055e+17
20020.0	1.0702058531566376e+17
20030.0	1.14143247092642e+17
20040.0	1.1008149728266086e+17
20050.0	1.1114391163162293e+17
20060.0	1.0874978658418131e+17
20070.0	1.0771478560148802e+17
20080.0	1.2094134327303965e+17
20090.0	1.010048587202575e+17
20100.0	1.0971593533961798e+17
20110.0	1.0249265399212547e+17
20120.0	1.1033661162738923e+17
20130.0	1.0720987866666547e+17
20140.0	1.112019581510069e+17
20150.0	1.0975863248151515e+17
20160.0	1.0492218446071098e+17
20170.0	1.0285248601724262e+17
20180.0	1.1106968322247162e+17
20190.0	1.072296309160337e+17
20200.0	9.536897713908933e+16
20210.0	1.132580742319288e+17
20220.0	1.0618912243999438e+17
20230.0	1.0942462100684555e+17
20240.0	1.1546194396608669e+17
20250.0	1.0813338995870406e+17
20260.0	1.034563828448944e+17
20270.0	1.0208263055477518e+17
20280.0	1.0830990273211245e+17
20290.0	9.469442083934827e+16
20300.0	1.151321108322491e+17
20310.0	1.0020648116266797e+17
20320.0	1.1569783892708432e+17
20330.0	1.0843204071256269e+17
20340.0	1.0818059879058512e+17
20350.0	1.0810149046951704e+17
20360.0	9.370327689490792e+16
20370.0	1.1152933063323206e+17
20380.0	1.101003967277687e+17
20390.0	1.0383045310303558e+17
20400.0	1.0356546857163222e+17
20410.0	1.0008754316732584e+17
20420.0	1.07447524606985e+17
20430.0	1.177028166832198e+17
20440.0	9.760000136680576e+16
20450.0	9.701740911545502e+16
20460.0	1.0469441283219414e+17
20470.0	1.0883712129415576e+17
20480.0	1.0868951087023925e+17
20490.0	9.826072580062851e+16
20500.0	1.0148494332472939e+17
20510.0	1.1080484459730973e+17
20520.0	1.0449955276055301e+17
20530.0	1.1148321826088778e+17
20540.0	9.801075448097907e+16
20550.0	1.0396122403084672e+17
20560.0	1.0162759672048835e+17
20570.0	1.0759700338490067e+17
20580.0	1.0901372647259064e+17
20590.0	1.0631086453881093e+17
20600.0	1.0896426576136254e+17
20610.0	9.776130942758658e+16
20620.0	1.0525955166629811e+17
20630.0	1.0478952166621562e+17
20640.0	9.46498567406091e+16
20650.0	1.0149174226471306e+17
20660.0	9.926726072123315e+16
20670.0	1.1107701259702488e+17
20680.0	1.0356469489809774e+17
20690.0	9.866166662063451e+16
20700.0	1.106324298628675e+17
20710.0	1.0789933611971886e+17
20720.0	9.859170122285019e+16
20730.0	1.0299268421497562e+17
20740.0	9.874365210710886e+16
20750.0	1.0087766668438726e+17
20760.0	1.0624808362130173e+17
20770.0	1.0433725298815165e+17
20780.0	1.0494651592414568e+17
20790.0	1.0346761035170034e+17
20800.0	1.0179602707110034e+17
20810.0	1.0454095111811408e+17
20820.0	1.0381315361811942e+17
20830.0	1.025096282435311e+17
20840.0	1.027995694431013e+17
20850.0	1.0312978438302592e+17
20860.0	1.0315324168109754e+17
20870.0	9.9423394361299e+16
20880.0	1.0485328066751696e+17
20890.0	1.0179618727673163e+17
20900.0	9.892561384673894e+16
20910.0	1.1059815799381992e+17
20920.0	1.0206663210029672e+17
20930.0	1.0908428881611867e+17
20940.0	9.91591400061877e+16
20950.0	1.051634332316113e+17
20960.0	1.009463451959825e+17
20970.0	1.0059187794592883e+17
20980.0	1.0513041587734992e+17
20990.0	1.0306323101723707e+17
21000.0	1.0293426904333387e+17
21010.0	1.0598362293331784e+17
21020.0	1.0258023169441259e+17
21030.0	1.0224392950720242e+17
21040.0	1.0657529862720558e+17
21050.0	1.002327140672298e+17
21060.0	1.058032256828119e+17
21070.0	1.0500217724257312e+17
21080.0	1.0161170453647262e+17
21090.0	1.0043029413135202e+17
21100.0	1.0653970330275182e+17
21110.0	1.0674550957572299e+17
21120.0	9.83251289182824e+16
21130.0	1.0302512456975235e+17
21140.0	1.0636145758831781e+17
21150.0	1.0492341682747803e+17
21160.0	1.0699686609144106e+17
21170.0	9.812378246276686e+16
21180.0	1.0320693662419798e+17
21190.0	1.0231042276941936e+17
21200.0	1.0547456201968709e+17
21210.0	1.0460535905166822e+17
21220.0	1.0487036165514805e+17
21230.0	1.043462272589581e+17
21240.0	1.0419745150058243e+17
21250.0	1.0928022881429035e+17
21260.0	1.0286053306353093e+17
21270.0	1.0427373457128254e+17
21280.0	9.998630088452842e+16
21290.0	1.0027689925233659e+17
21300.0	1.0443364719324272e+17
21310.0	1.0518324869023782e+17
21320.0	1.052819072037748e+17
21330.0	1.067867459228558e+17
21340.0	1.0277653880125096e+17
21350.0	1.0548458891438582e+17
21360.0	1.0587417396565768e+17
21370.0	1.0476266660385752e+17
21380.0	1.025039698131453e+17
21390.0	1.0551111811147045e+17
21400.0	1.0085888326247206e+17
21410.0	1.0361028200770485e+17
21420.0	1.0388979247429934e+17
21430.0	1.0476251751342355e+17
21440.0	1.1042110559206602e+17
21450.0	1.0849569119284482e+17
21460.0	1.0613162206670683e+17
21470.0	1.0784773702499528e+17
21480.0	1.0436936979035614e+17
21490.0	1.0464150772942267e+17
21500.0	9.961257606547347e+16
21510.0	1.0697272483939912e+17
21520.0	1.0472688270295392e+17
21530.0	1.0189917979429822e+17
21540.0	1.0527967510197254e+17
21550.0	1.0784854380553926e+17
21560.0	1.0415025860397717e+17
21570.0	1.063421761051248e+17
21580.0	1.068111568312574e+17
21590.0	1.0640076831155706e+17
21600.0	1.0484519631497122e+17
21610.0	1.0883575725803018e+17
21620.0	1.0429711009677416e+17
21630.0	1.0399572594437094e+17
21640.0	1.0724477366422653e+17
21650.0	1.0846767932054731e+17
21660.0	1.041588714320409e+17
21670.0	1.0638756371665366e+17
21680.0	1.0810198683584733e+17
21690.0	1.0914509979016936e+17
21700.0	1.071485473126718e+17
21710.0	1.040881281936678e+17
21720.0	1.0514392719319597e+17
21730.0	1.0526536683840682e+17
21740.0	1.0644087031043998e+17
21750.0	1.0747191790254094e+17
21760.0	1.0254420332178307e+17
21770.0	1.0672733836611928e+17
21780.0	1.0474283457025472e+17
21790.0	1.0186125317094002e+17
21800.0	1.0609191534793157e+17
21810.0	1.0570179786683294e+17
21820.0	1.0540293546359238e+17
21830.0	1.0522741402592349e+17
21840.0	1.0469604557431104e+17
21850.0	1.067530494279145e+17
21860.0	1.0614048131567998e+17
21870.0	1.072649104317257e+17
21880.0	1.0558384256832725e+17
21890.0	1.0648607408199875e+17
21900.0	1.0228952931220552e+17
21910.0	1.0828174629773096e+17
21920.0	1.0646373478856275e+17
21930.0	1.033026164432899e+17
21940.0	1.0623190642836469e+17
21950.0	1.081759665872175e+17
21960.0	1.0678867607500304e+17
21970.0	1.0534209989602451e+17
21980.0	1.0833903287933398e+17
21990.0	1.0487401557984053e+17
22000.0	1.071882398013348e+17
22010.0	1.0758663348489125e+17
22020.0	1.0609153810931954e+17
22030.0	1.0371682244586397e+17
22040.0	1.0534283141784685e+17
22050.0	1.0369930118993198e+17
22060.0	9.515451383663549e+16
22070.0	1.0276760652590848e+17
22080.0	1.0509739113032754e+17
22090.0	9.74753428620169e+16
22100.0	1.0568087068154896e+17
22110.0	1.039802173327322e+17
22120.0	1.0810000753530171e+17
22130.0	1.0581974840034131e+17
22140.0	1.0832816527835165e+17
22150.0	1.0697514036816488e+17
22160.0	1.0582681528263774e+17
22170.0	1.050891315218245e+17
22180.0	1.0787647289249936e+17
22190.0	1.0511071379911218e+17
22200.0	1.0382437681179051e+17
22210.0	1.0395689994721907e+17
22220.0	1.050674462287429e+17
22230.0	1.0717325883094326e+17
22240.0	1.0626770299129171e+17
22250.0	1.0910082972925526e+17
22260.0	1.0835306725538291e+17
22270.0	1.0426653616303622e+17
22280.0	1.0297012280924984e+17
22290.0	1.0246414277306698e+17
22300.0	1.0473007717395557e+17
22310.0	1.0804372698635458e+17
22320.0	1.060910235173201e+17
22330.0	1.0463180665632675e+17
22340.0	1.0577707223748418e+17
22350.0	1.0350997823610208e+17
22360.0	1.0378426214351525e+17
22370.0	1.0770363708213746e+17
22380.0	1.0643689752058458e+17
22390.0	1.0533303007904829e+17
22400.0	1.07150481383695e+17
22410.0	1.0831397679117944e+17
22420.0	1.0513347042435712e+17
22430.0	1.0416207218455136e+17
22440.0	1.0520561296821002e+17
22450.0	1.0614679396089187e+17
22460.0	1.07324799996565e+17
22470.0	1.0551517679079992e+17
22480.0	1.0506987561963179e+17
22490.0	1.081323648924872e+17
22500.0	1.0351435763769358e+17
22510.0	1.081056244959736e+17
22520.0	1.0502655980908306e+17
22530.0	1.0639270002871614e+17
22540.0	1.0541296333262694e+17
22550.0	1.030246940738092e+17
22560.0	1.0566612249529843e+17
22570.0	1.0718317047907405e+17
22580.0	1.029729611101595e+17
22590.0	1.045234547462428e+17
22600.0	1.0462531873816096e+17
22610.0	1.0391616212175571e+17
22620.0	1.040202032097508e+17
22630.0	1.0064876932954771e+17
22640.0	1.0388363241184299e+17
22650.0	1.0380062172875659e+17
22660.0	1.026949391000996e+17
22670.0	1.0467371826901331e+17
22680.0	1.0550149063629662e+17
22690.0	1.0473487662363547e+17
22700.0	1.0177978691160874e+17
22710.0	1.046167838396987e+17
22720.0	1.0209999326289622e+17
22730.0	1.05140381344168e+17
22740.0	1.0351191131062168e+17
22750.0	1.0493280720306728e+17
22760.0	1.0414046717440896e+17
22770.0	1.0571338093220808e+17
22780.0	1.0487674146763776e+17
22790.0	1.0072785654795373e+17
22800.0	1.0290558939616848e+17
22810.0	1.0160976341256155e+17
22820.0	1.0493867733057368e+17
22830.0	1.0117967713856563e+17
22840.0	1.0205181842401229e+17
22850.0	1.028229087811641e+17
22860.0	1.0396859048164405e+17
22870.0	1.0453003003817234e+17
22880.0	1.0489620047793166e+17
22890.0	1.0176757683997685e+17
22900.0	1.0520776991942006e+17
22910.0	1.0454124734883872e+17
22920.0	1.0110004399237229e+17
22930.0	1.007921850616843e+17
22940.0	7.287279634392942e+16
22950.0	8.508359207277664e+16
22960.0	8.958271523194458e+16
22970.0	8.997080536730534e+16
22980.0	9.060717727922707e+16
22990.0	9.435840388807088e+16
23000.0	9.774058472774125e+16
23010.0	8.89413787242183e+16
23020.0	9.854263403151002e+16
23030.0	9.424931827720176e+16
23040.0	9.705008166355838e+16
23050.0	9.330398256611531e+16
23060.0	9.578228696571568e+16
23070.0	9.540622435696496e+16
23080.0	9.520283685593061e+16
23090.0	9.668308361482435e+16
23100.0	9.185867528763024e+16
23110.0	9.25672416487287e+16
23120.0	9.35693429372895e+16
23130.0	9.756511929302005e+16
23140.0	9.451480836721461e+16
23150.0	8.923922495746363e+16
23160.0	9.229994910761866e+16
23170.0	9.757264356810728e+16
23180.0	9.151010986512021e+16
23190.0	9.726450998398107e+16
23200.0	9.64914143387415e+16
23210.0	8.990020156506302e+16
23220.0	9.263100468087371e+16
23230.0	7.043918906160135e+16
23240.0	8.201520350992021e+16
23250.0	8.343380812992498e+16
23260.0	8.21281052353471e+16
23270.0	8.720203524353317e+16
23280.0	8.930900475312944e+16
23290.0	8.740326763624992e+16
23300.0	8.556981834319848e+16
23310.0	8.491872899068043e+16
23320.0	8.78688267550133e+16
23330.0	9.11884415545146e+16
23340.0	8.584947679774336e+16
23350.0	8.48525645977638e+16
23360.0	8.592922699684272e+16
23370.0	8.505731645714094e+16
23380.0	8.638523229894194e+16
23390.0	8.020188933542901e+16
23400.0	8.467064518894715e+16
23410.0	8.86375687979413e+16
23420.0	8.955856394215142e+16
23430.0	9.043196948264283e+16
23440.0	8.295488620123866e+16
23450.0	7.964225750813477e+16
23460.0	9.280683258675488e+16
23470.0	8.898872330373765e+16
23480.0	8.838304947866694e+16
23490.0	9.010384395446187e+16
23500.0	8.59484502855872e+16
23510.0	8.316747987879254e+16
23520.0	8.031656588681416e+16
23530.0	6.751878429639133e+16
23540.0	7.083637841215895e+16
23550.0	8.12839106005599e+16
23560.0	7.618171261563992e+16
23570.0	8.544853562944331e+16
23580.0	8.087513319795931e+16
23590.0	7.514623493714198e+16
23600.0	8.681787570869982e+16
23610.0	7.801888445119256e+16
23620.0	8.025385678778051e+16
23630.0	7.935043808564821e+16
23640.0	8.46041679716075e+16
23650.0	8.495598165635106e+16
23660.0	8.427021802369766e+16
23670.0	8.284270328152358e+16
23680.0	7.858568685476326e+16
23690.0	8.081441916269336e+16
23700.0	8.565865528736918e+16
23710.0	8.119773049448622e+16
23720.0	8.577237848520157e+16
23730.0	8.349455819480552e+16
23740.0	8.065475758503698e+16
23750.0	8.343177864828307e+16
23760.0	8.226877381215714e+16
23770.0	7.892011537160402e+16
23780.0	8.185572832938483e+16
23790.0	7.98655081701248e+16
23800.0	8.348554244544683e+16
23810.0	7.693188810519499e+16
23820.0	7.958406455585358e+16
23830.0	6.6982937499610184e+16
23840.0	6.682514913446548e+16
23850.0	7.716077209489426e+16
23860.0	7.234009455459326e+16
23870.0	6.892970396764598e+16
23880.0	7.1287919156065384e+16
23890.0	7.268632376006365e+16
23900.0	7.869458373063029e+16
23910.0	7.709993117694392e+16
23920.0	6.923635213609661e+16
23930.0	7.040349458037401e+16
23940.0	8.319894119082275e+16
23950.0	7.240452053203146e+16
23960.0	7.605848739756581e+16
23970.0	7.459295240554181e+16
23980.0	7.166685774159175e+16
23990.0	7.423280891578006e+16
24000.0	7.394024127741094e+16
24010.0	7.209275244578696e+16
24020.0	7.364107916410557e+16
24030.0	7.2343768142586e+16
24040.0	7.09521105990442e+16
24050.0	7.2162242419681e+16
24060.0	7.116060451105686e+16
24070.0	6.862979540036105e+16
24080.0	6.701889420789809e+16
24090.0	6.833187819536542e+16
24100.0	6.753417411207927e+16
24110.0	7.076361300576861e+16
24120.0	7.0088132649616296e+16
24130.0	7.0045475851936456e+16
24140.0	5.9975881107066296e+16
24150.0	6.875953361822251e+16
24160.0	6.580633814992099e+16
24170.0	6.311864000543464e+16
24180.0	6.469355470084137e+16
24190.0	7.428347391934219e+16
24200.0	6.407778632718947e+16
24210.0	7.01323053968849e+16
24220.0	6.125405744413994e+16
24230.0	6.781667904973008e+16
24240.0	7.1480652771050936e+16
24250.0	6.568657182931614e+16
24260.0	6.2493484419474584e+16
24270.0	6.576678741040321e+16
24280.0	6.104600178371203e+16
24290.0	6.715612732715343e+16
24300.0	6.5362115740490904e+16
24310.0	6.265102639784977e+16
24320.0	6.5980835492826664e+16
24330.0	6.7113168656237304e+16
24340.0	6.11027597289471e+16
24350.0	6.196784413896269e+16
24360.0	6.7658985175849416e+16
24370.0	5.498260072501113e+16
24380.0	6.220627070235711e+16
24390.0	6.910232561217219e+16
24400.0	6.265057527881816e+16
24410.0	6.575583095073144e+16
24420.0	6.091420503088076e+16
24430.0	5.883848861803478e+16
24440.0	5.809141357772277e+16
24450.0	6.210260496027112e+16
24460.0	6.2251221468099336e+16
24470.0	6.530755485358695e+16
24480.0	5.430675590774433e+16
24490.0	5.955674279214622e+16
24500.0	6.033159985242461e+16
24510.0	6.367707089259497e+16
24520.0	5.298792839206519e+16
24530.0	5.666148685996939e+16
24540.0	5.434159001446072e+16
24550.0	5.427926522891144e+16
24560.0	6.147325311666087e+16
24570.0	6.0628617256755384e+16
24580.0	6.0628536745333544e+16
24590.0	6.082807158129633e+16
24600.0	5.84261476565513e+16
24610.0	4.333285401674467e+16
24620.0	6.084438068781171e+16
24630.0	5.7705989778541e+16
24640.0	6.266448246322307e+16
24650.0	5.761693804346815e+16
24660.0	5.6987631969252024e+16
24670.0	6.217263427195151e+16
24680.0	4.9192370009460104e+16
24690.0	5.948857551217103e+16
24700.0	5.6333367355213064e+16
24710.0	5.575845487933429e+16
24720.0	5.429447521040607e+16
24730.0	5.597911595961947e+16
24740.0	5.116305302313154e+16
24750.0	5.174254725541359e+16
24760.0	4.9210514089735384e+16
24770.0	6.037109540906109e+16
24780.0	5.991994109480681e+16
24790.0	4.7962183886908184e+16
24800.0	5.2194909107716664e+16
24810.0	5.2179685940348216e+16
24820.0	4.962988328465084e+16
24830.0	5.160092858425816e+16
24840.0	5.903269285922135e+16
24850.0	5.977097224568723e+16
24860.0	5.736972798604835e+16
24870.0	4.8566203173733176e+16
24880.0	4.919038243211542e+16
24890.0	5.2783687202193736e+16
24900.0	5.020941545706504e+16
24910.0	4.945199069176731e+16
24920.0	4.976899570077078e+16
24930.0	5.372525862777269e+16
24940.0	5.894904326547655e+16
24950.0	5.348318794205813e+16
24960.0	5.2285179068339624e+16
24970.0	5.724988250116704e+16
24980.0	4.634951319928435e+16
24990.0	5.154745137312288e+16
