# Flux units: erg / (cm m2 s)
# Wavelength units: Angstrom
wave	flux
9000.0	3.083360409833973e+17
9010.0	3.2638910404935226e+17
9020.0	3.0542010905062816e+17
9030.0	3.1302778197410195e+17
9040.0	3.2768725742665914e+17
9050.0	3.391791058117326e+17
9060.0	3.507371272232945e+17
9070.0	3.60805840321333e+17
9080.0	3.7286609055513056e+17
9090.0	3.5346605900152986e+17
9100.0	3.758167781045824e+17
9110.0	3.776966907485122e+17
9120.0	3.891427670828521e+17
9130.0	3.9746903895481946e+17
9140.0	4.037498851060041e+17
9150.0	4.081448603095424e+17
9160.0	4.15833194016417e+17
9170.0	4.146175784312275e+17
9180.0	4.1857907020473875e+17
9190.0	4.31192591588442e+17
9200.0	4.274982457510223e+17
9210.0	3.8396727219635117e+17
9220.0	3.791932999579319e+17
9230.0	3.5820696698933997e+17
9240.0	3.525016852644611e+17
9250.0	3.550913014326009e+17
9260.0	3.6090949283681114e+17
9270.0	3.694010474932008e+17
9280.0	3.5110979911791206e+17
9290.0	3.387100741952318e+17
9300.0	3.299979770108377e+17
9310.0	3.391293741932549e+17
9320.0	3.353081355932072e+17
9330.0	3.537004937109804e+17
9340.0	3.5226899870888986e+17
9350.0	3.433698314634489e+17
9360.0	3.434611069799929e+17
9370.0	3.3794679819415277e+17
9380.0	3.527048427606905e+17
9390.0	3.566615083049216e+17
9400.0	3.688901128507585e+17
9410.0	3.639202192044501e+17
9420.0	3.5610477559237114e+17
9430.0	3.692249004670956e+17
9440.0	3.583775577343478e+17
9450.0	3.602189088165497e+17
9460.0	3.730595198919052e+17
9470.0	3.860946158929412e+17
9480.0	3.9092767868724474e+17
9490.0	3.928171734442004e+17
9500.0	3.94611176830604e+17
9510.0	3.848544615876931e+17
9520.0	3.946808073350722e+17
9530.0	3.985252719606309e+17
9540.0	3.986698989185321e+17
9550.0	3.9360823256691136e+17
9560.0	4.0705866032985325e+17
9570.0	4.079366545328458e+17
9580.0	4.0772914226926483e+17
9590.0	4.1756566972433594e+17
9600.0	4.08942280306991e+17
9610.0	4.160488608409013e+17
9620.0	4.2546224142950317e+17
9630.0	4.285244395529396e+17
9640.0	4.051669997642634e+17
9650.0	4.0836460136959264e+17
9660.0	4.0045021593421594e+17
9670.0	4.085495911366524e+17
9680.0	4.092536406628892e+17
9690.0	4.20416746741329e+17
9700.0	4.380837082312789e+17
9710.0	4.1887462349132614e+17
9720.0	4.0214996684967334e+17
9730.0	3.8334440461373254e+17
9740.0	3.7539278837698477e+17
9750.0	3.760076931751603e+17
9760.0	4.005964918384203e+17
9770.0	3.8908669702028006e+17
9780.0	4.140830925720827e+17
9790.0	3.7706131275658426e+17
9800.0	4.176621622600166e+17
9810.0	3.900938392356362e+17
9820.0	3.892024851120166e+17
9830.0	3.737090234761784e+17
9840.0	3.926272771065479e+17
9850.0	3.979118993544199e+17
9860.0	4.103314668832107e+17
9870.0	4.101203082123606e+17
9880.0	4.169821038139887e+17
9890.0	4.25430564679815e+17
9900.0	3.81505549453515e+17
9910.0	3.744128168209714e+17
9920.0	3.695887970521583e+17
9930.0	3.8067096020810784e+17
9940.0	3.955673443790903e+17
9950.0	4.041140844477746e+17
9960.0	4.036593598663419e+17
9970.0	4.1464697016343136e+17
9980.0	4.142240452446854e+17
9990.0	3.983443083348195e+17
10000.0	4.013191177713811e+17
10010.0	3.939719963791644e+17
10020.0	4.131340436667092e+17
10030.0	4.141599258182014e+17
10040.0	3.869928757632085e+17
10050.0	3.8839327236498714e+17
10060.0	3.7725173630044416e+17
10070.0	3.919795708674313e+17
10080.0	4.05107770094719e+17
10090.0	3.998456367218515e+17
10100.0	4.123402072758444e+17
10110.0	4.099664706560358e+17
10120.0	4.11464755803603e+17
10130.0	4.186234570932235e+17
10140.0	4.1661479572149984e+17
10150.0	3.850218586972891e+17
10160.0	3.9133237761075994e+17
10170.0	3.940421934256765e+17
10180.0	4.1080230144287616e+17
10190.0	3.9859845781958106e+17
10200.0	4.030866241780484e+17
10210.0	4.094043522700563e+17
10220.0	4.0726420794720166e+17
10230.0	4.210228316641799e+17
10240.0	4.262900563112807e+17
10250.0	4.2496341190050656e+17
10260.0	4.083084621745671e+17
10270.0	3.961940171829633e+17
10280.0	4.109365752750873e+17
10290.0	4.073119146671202e+17
10300.0	4.154989263881931e+17
10310.0	4.22782246344199e+17
10320.0	4.289771398356222e+17
10330.0	4.11649618604282e+17
10340.0	4.192786338450214e+17
10350.0	4.016887410460756e+17
10360.0	4.336660273314326e+17
10370.0	4.311776951688972e+17
10380.0	4.199249752347679e+17
10390.0	4.274283101427551e+17
10400.0	4.108526252989348e+17
10410.0	4.391106503164606e+17
10420.0	4.2755705887075814e+17
10430.0	4.1449093223037805e+17
10440.0	4.410177128268642e+17
10450.0	4.378108781517432e+17
10460.0	4.4110145688265114e+17
10470.0	4.276807272158396e+17
10480.0	4.362138123608597e+17
10490.0	4.3948261448028614e+17
10500.0	4.334096433212641e+17
10510.0	4.335504443365942e+17
10520.0	4.315327810387469e+17
10530.0	4.3927701800794874e+17
10540.0	4.428493489659277e+17
10550.0	4.451197199417457e+17
10560.0	4.3983509999686746e+17
10570.0	4.3762730025664314e+17
10580.0	4.4366069291284883e+17
10590.0	4.2811488523454566e+17
10600.0	4.4971887503848384e+17
10610.0	4.247607319086019e+17
10620.0	4.4665133828734317e+17
10630.0	4.509423492647485e+17
10640.0	4.483671220770126e+17
10650.0	4.461018540493685e+17
10660.0	4.2959079461141574e+17
10670.0	4.453380466696322e+17
10680.0	4.37754480742533e+17
10690.0	4.3577389499128525e+17
10700.0	4.479886562311237e+17
10710.0	4.387073590151294e+17
10720.0	4.4631410015909485e+17
10730.0	4.321969313536035e+17
10740.0	4.399271532975137e+17
10750.0	4.465979439970973e+17
10760.0	4.462460706462862e+17
10770.0	4.4987741537438714e+17
10780.0	4.412830190222014e+17
10790.0	4.448261840723328e+17
10800.0	4.340387852420048e+17
10810.0	4.290617178183115e+17
10820.0	4.3906879737010714e+17
10830.0	4.456352202328995e+17
10840.0	4.4932584436411994e+17
10850.0	4.431734619531795e+17
10860.0	4.4475775380171034e+17
10870.0	4.4552363202200614e+17
10880.0	4.3981021408972666e+17
10890.0	4.351829634684124e+17
10900.0	4.4438483474772915e+17
10910.0	4.410944648964689e+17
10920.0	4.3711636634889114e+17
10930.0	4.413672640650409e+17
10940.0	4.473365808230576e+17
10950.0	4.460839267111983e+17
10960.0	4.367076575130527e+17
10970.0	4.3313573927985946e+17
10980.0	4.282887107896998e+17
10990.0	4.33490826838298e+17
11000.0	4.379068921315253e+17
11010.0	4.398795820717339e+17
11020.0	4.324358268305798e+17
11030.0	4.198490893425286e+17
11040.0	3.880765915612929e+17
11050.0	3.819001743791154e+17
11060.0	3.8821514316899565e+17
11070.0	3.8737485416608326e+17
11080.0	3.9460738309573184e+17
11090.0	4.0124483750701856e+17
11100.0	4.018371967998787e+17
11110.0	4.0174091601482835e+17
11120.0	4.057558075428583e+17
11130.0	4.055658724778284e+17
11140.0	4.140309591996613e+17
11150.0	4.1041101410441325e+17
11160.0	3.9806016752943885e+17
11170.0	4.0131413371499117e+17
11180.0	4.083071518049738e+17
11190.0	4.0551485135267757e+17
11200.0	4.076274981772717e+17
11210.0	4.118454535328079e+17
11220.0	4.1193438500500243e+17
11230.0	4.116595161559673e+17
11240.0	4.2243462214921574e+17
11250.0	4.017969425980741e+17
11260.0	4.006202278166568e+17
11270.0	4.2126449746618035e+17
11280.0	4.1710865942572864e+17
11290.0	4.1908541562639955e+17
11300.0	4.0573975475102637e+17
11310.0	4.142750385721346e+17
11320.0	4.2362750212351904e+17
11330.0	4.2250549284663706e+17
11340.0	4.163504111898032e+17
11350.0	4.2281449595882304e+17
11360.0	4.2049816865396243e+17
11370.0	4.28268789314394e+17
11380.0	3.933111315027336e+17
11390.0	4.1356897308141805e+17
11400.0	4.216847876306498e+17
11410.0	4.066373419755637e+17
11420.0	4.2975945645852134e+17
11430.0	4.1751147337739904e+17
11440.0	4.1594077206656486e+17
11450.0	4.291119091620207e+17
11460.0	4.281387156090635e+17
11470.0	4.291717572746679e+17
11480.0	4.2061195121115846e+17
11490.0	4.274368843648289e+17
11500.0	4.341054655372619e+17
11510.0	4.270468710589872e+17
11520.0	4.323187272475954e+17
11530.0	4.307220091836306e+17
11540.0	4.285781133108505e+17
11550.0	4.33154484097795e+17
11560.0	4.3181856566494086e+17
11570.0	4.287355737661212e+17
11580.0	4.273899426610037e+17
11590.0	4.3194004806763744e+17
11600.0	4.188752162759398e+17
11610.0	4.051253632915099e+17
11620.0	4.3231909922182426e+17
11630.0	4.3313827559710426e+17
11640.0	4.112250220194691e+17
11650.0	4.336687499914353e+17
11660.0	4.301620401290033e+17
11670.0	4.274449606154486e+17
11680.0	4.2820390574885306e+17
11690.0	4.0854463089682406e+17
11700.0	4.3090298596378e+17
11710.0	4.318044513040213e+17
11720.0	4.290957268501208e+17
11730.0	4.3099638653725715e+17
11740.0	4.27401769432786e+17
11750.0	4.2959737294061824e+17
11760.0	4.28769781937053e+17
11770.0	4.191680943454455e+17
11780.0	4.0451852261969875e+17
11790.0	4.146147012724928e+17
11800.0	4.222754623103064e+17
11810.0	4.2782528862758835e+17
11820.0	4.285235789695487e+17
11830.0	4.0579937445519744e+17
11840.0	4.272234632909623e+17
11850.0	4.2707801278225517e+17
11860.0	4.2918787590750317e+17
11870.0	4.285206336634525e+17
11880.0	4.275261042598735e+17
11890.0	3.919262866735277e+17
11900.0	4.168671732966408e+17
11910.0	4.2449846348164205e+17
11920.0	4.234266159423825e+17
11930.0	4.2799485716491706e+17
11940.0	4.241674378691775e+17
11950.0	4.1306998303945274e+17
11960.0	4.1854789496802746e+17
11970.0	4.225129464099572e+17
11980.0	3.914009039911883e+17
11990.0	4.1662877948922266e+17
12000.0	4.231368283848083e+17
12010.0	4.2387960025941664e+17
12020.0	4.226242603593334e+17
12030.0	4.148476124179162e+17
12040.0	4.2340561598991514e+17
12050.0	4.239279020097073e+17
12060.0	4.258360312276015e+17
12070.0	4.202325519708597e+17
12080.0	4.221448199707274e+17
12090.0	4.090580763894671e+17
12100.0	4.271855343418247e+17
12110.0	4.2095394460401485e+17
12120.0	4.2397313775972826e+17
12130.0	4.229624257960972e+17
12140.0	4.2554580611018285e+17
12150.0	4.2683700481883674e+17
12160.0	4.2318500338168685e+17
12170.0	4.2077122017393235e+17
12180.0	4.268799604702729e+17
12190.0	4.230508528052679e+17
12200.0	4.2444892083132506e+17
12210.0	4.2452917126371456e+17
12220.0	4.2380541697399494e+17
12230.0	4.22538382424622e+17
12240.0	4.208510152860504e+17
12250.0	4.2166511953421504e+17
12260.0	4.2398069310213555e+17
12270.0	4.200955483473056e+17
12280.0	4.2480650768754874e+17
12290.0	4.243614625705085e+17
12300.0	4.218054791345209e+17
12310.0	4.220197329714368e+17
12320.0	4.205786859855801e+17
12330.0	4.1992945586138144e+17
12340.0	4.206698491391605e+17
12350.0	4.2159331432935194e+17
12360.0	4.1933375022958317e+17
12370.0	4.2065069144395206e+17
12380.0	4.2374284061274554e+17
12390.0	4.172052958840552e+17
12400.0	4.188558556043889e+17
12410.0	4.036383445925235e+17
12420.0	4.025066346587301e+17
12430.0	3.990461024194372e+17
12440.0	3.9192230777892774e+17
12450.0	4.061098093799541e+17
12460.0	4.0493072135572954e+17
12470.0	4.073231210981254e+17
12480.0	4.0341933751040614e+17
12490.0	4.042458633551117e+17
12500.0	4.0754364308260006e+17
12510.0	4.065264590665102e+17
12520.0	4.0654736509781286e+17
12530.0	3.924096666207043e+17
12540.0	4.0619469911833094e+17
12550.0	4.022829129322811e+17
12560.0	3.970812365119028e+17
12570.0	3.9219153896096755e+17
12580.0	3.996208524028429e+17
12590.0	4.001194012746539e+17
12600.0	3.9498427302371654e+17
12610.0	3.980301818492511e+17
12620.0	4.006553280879825e+17
12630.0	4.0432196888257504e+17
12640.0	3.983858990155951e+17
12650.0	4.01012225016172e+17
12660.0	4.063015066188719e+17
12670.0	3.984340075708704e+17
12680.0	3.9686756114137734e+17
12690.0	4.067513085439266e+17
12700.0	4.000281940654008e+17
12710.0	4.008347089717432e+17
12720.0	4.048125081848831e+17
12730.0	4.039720794214821e+17
12740.0	3.9258710648866406e+17
12750.0	3.92093123223317e+17
12760.0	4.0421075319741856e+17
12770.0	4.042886772621555e+17
12780.0	4.03168178772469e+17
12790.0	4.058539194992193e+17
12800.0	4.0655324595960966e+17
12810.0	3.9885865601589344e+17
12820.0	3.967556195985916e+17
12830.0	3.756331278505658e+17
12840.0	3.959775860204994e+17
12850.0	3.95152303768339e+17
12860.0	4.036953987047233e+17
12870.0	4.0546023776246374e+17
12880.0	3.9666680833639846e+17
12890.0	4.0234454829029696e+17
12900.0	3.828272681259701e+17
12910.0	3.955059544638845e+17
12920.0	3.999013658486188e+17
12930.0	4.023996488842466e+17
12940.0	4.011176824081004e+17
12950.0	4.0015089921739117e+17
12960.0	4.071703082942283e+17
12970.0	4.074242752643445e+17
12980.0	3.975754535771992e+17
12990.0	4.032117085724382e+17
13000.0	4.068285364001306e+17
13010.0	3.98558857461343e+17
13020.0	3.980861099360947e+17
13030.0	4.0770856426490694e+17
13040.0	4.032172271882321e+17
13050.0	4.050782138249097e+17
13060.0	4.060620255629591e+17
13070.0	4.0574142548508186e+17
13080.0	3.9782250150473856e+17
13090.0	4.04384186385277e+17
13100.0	4.035694689867692e+17
13110.0	4.043027908590796e+17
13120.0	4.0243175898522035e+17
13130.0	3.731225886696023e+17
13140.0	3.988926633267751e+17
13150.0	3.834202588336591e+17
13160.0	4.026982127566135e+17
13170.0	4.0576280708695546e+17
13180.0	4.042885687644838e+17
13190.0	4.059866885428027e+17
13200.0	3.980104041874107e+17
13210.0	4.0496379508699514e+17
13220.0	3.934008292998833e+17
13230.0	4.043792255837435e+17
13240.0	4.034383353134475e+17
13250.0	3.964236093094185e+17
13260.0	4.0108212828712026e+17
13270.0	3.952643306856536e+17
13280.0	3.982757521566872e+17
13290.0	3.8508988945347654e+17
13300.0	3.883413592363319e+17
13310.0	3.8763741548204666e+17
13320.0	3.5705622156371296e+17
13330.0	3.8605621048573805e+17
13340.0	3.7817029026003834e+17
13350.0	3.4097271698856115e+17
13360.0	3.5879171225291795e+17
13370.0	3.450068353354773e+17
13380.0	3.579698782967213e+17
13390.0	3.5305088706847795e+17
13400.0	3.685836169656342e+17
13410.0	3.567352004381956e+17
13420.0	3.4955920938646816e+17
13430.0	3.458865149227486e+17
13440.0	3.7249110454326714e+17
13450.0	3.444508351026707e+17
13460.0	3.729183091628509e+17
13470.0	3.450755550183038e+17
13480.0	3.4388786929854854e+17
13490.0	3.714610339936818e+17
13500.0	3.499602863306771e+17
13510.0	3.515036468711633e+17
13520.0	3.531833661162964e+17
13530.0	3.6433265987650586e+17
13540.0	3.4821105945049344e+17
13550.0	3.4290973122238035e+17
13560.0	3.563777826422043e+17
13570.0	3.5546216280312083e+17
13580.0	3.559570118686171e+17
13590.0	3.582474456666038e+17
13600.0	3.4802994448085075e+17
13610.0	3.578581798649668e+17
13620.0	3.369694270790183e+17
13630.0	3.504111259616956e+17
13640.0	3.649253978514478e+17
13650.0	3.486534622001002e+17
13660.0	3.6362969901254566e+17
13670.0	3.5850222924206534e+17
13680.0	3.640193019508522e+17
13690.0	3.519234744258603e+17
13700.0	3.61770267514407e+17
13710.0	3.559232562173331e+17
13720.0	3.640944086013553e+17
13730.0	3.592564715198663e+17
13740.0	3.606198351126956e+17
13750.0	3.659022787654482e+17
13760.0	3.652845880459536e+17
13770.0	3.656960632704043e+17
13780.0	3.6346590626230957e+17
13790.0	3.602361665958614e+17
13800.0	3.738526331090811e+17
13810.0	3.638087739494279e+17
13820.0	3.6875064628884416e+17
13830.0	3.520701677980812e+17
13840.0	3.6923097526237344e+17
13850.0	3.551372526653056e+17
13860.0	3.597063049669532e+17
13870.0	3.568850775815259e+17
13880.0	3.5375896199787206e+17
13890.0	3.6499154373488826e+17
13900.0	3.479608383451008e+17
13910.0	2.9018974823040525e+17
13920.0	2.9130439840301e+17
13930.0	3.075386391940044e+17
13940.0	3.2269116658054336e+17
13950.0	3.3011900043489926e+17
13960.0	3.3613898541202426e+17
13970.0	3.3908896654167475e+17
13980.0	3.0374587474975085e+17
13990.0	3.516970245903455e+17
14000.0	3.284941686906873e+17
14010.0	3.187556375928192e+17
14020.0	3.398460888908987e+17
14030.0	3.5201874636220474e+17
14040.0	3.205208356403078e+17
14050.0	3.4517646834100384e+17
14060.0	3.48702616627886e+17
14070.0	3.363306937741123e+17
14080.0	3.3229043208508294e+17
14090.0	3.1784085035299066e+17
14100.0	3.484065597782085e+17
14110.0	3.2382293821096064e+17
14120.0	3.228668557892575e+17
14130.0	3.145795252066062e+17
14140.0	3.293669298001441e+17
14150.0	3.331535448811606e+17
14160.0	3.3073538376835725e+17
14170.0	3.2824826661075584e+17
14180.0	3.216672338078679e+17
14190.0	2.989126427654545e+17
14200.0	3.372658744741002e+17
14210.0	3.388251038915196e+17
14220.0	3.277267072704957e+17
14230.0	3.2150959868982054e+17
14240.0	3.116153912007004e+17
14250.0	3.310674310319189e+17
14260.0	3.0191416565837894e+17
14270.0	3.25027308622866e+17
14280.0	3.324271156532987e+17
14290.0	3.027292592019979e+17
14300.0	3.398081525813991e+17
14310.0	3.346644782725433e+17
14320.0	3.313646184577132e+17
14330.0	3.377825855131939e+17
14340.0	2.8595741623794957e+17
14350.0	3.2981998488237914e+17
14360.0	3.195297861558425e+17
14370.0	3.136588358696511e+17
14380.0	3.2912912710827923e+17
14390.0	3.344930031274384e+17
14400.0	3.100042733346959e+17
14410.0	3.260699030667497e+17
14420.0	3.263342289271285e+17
14430.0	3.31567555751655e+17
14440.0	3.3204761750488774e+17
14450.0	3.210849769285924e+17
14460.0	3.359965441430144e+17
14470.0	3.101337974979667e+17
14480.0	3.39856889566546e+17
14490.0	3.43131559602483e+17
14500.0	3.2075279662128595e+17
14510.0	3.188349877537021e+17
14520.0	3.324446777368709e+17
14530.0	3.343257335832365e+17
14540.0	3.23293526285956e+17
14550.0	3.428960931139626e+17
14560.0	3.136271784793269e+17
14570.0	3.2022723596849926e+17
14580.0	3.375607080287521e+17
14590.0	3.451592998396901e+17
14600.0	3.196982031076081e+17
14610.0	2.5912989548355194e+17
14620.0	3.0370479794359034e+17
14630.0	2.766572390809712e+17
14640.0	3.403235933121799e+17
14650.0	2.928645359347434e+17
14660.0	3.263403936930374e+17
14670.0	3.12885557718454e+17
14680.0	3.0152725570512006e+17
14690.0	3.1581911332909024e+17
14700.0	2.973181601521338e+17
14710.0	3.159959861657408e+17
14720.0	3.1857058551986445e+17
14730.0	3.4025178505589677e+17
14740.0	3.0547442293835885e+17
14750.0	3.264634373384323e+17
14760.0	3.08759253750661e+17
14770.0	3.1170489568779526e+17
14780.0	3.158172631613181e+17
14790.0	3.490933112146858e+17
14800.0	3.095478074444228e+17
14810.0	3.164840863861976e+17
14820.0	3.2428347269397037e+17
14830.0	3.2326228052494125e+17
14840.0	3.4299243054931494e+17
14850.0	3.300476472170379e+17
14860.0	3.332471393024727e+17
14870.0	3.302716021686173e+17
14880.0	3.008569327970554e+17
14890.0	3.04349451785861e+17
14900.0	3.422301523846302e+17
14910.0	3.198001943582491e+17
14920.0	3.460846920668558e+17
14930.0	3.302882548124915e+17
14940.0	3.300335330885274e+17
14950.0	3.456416035114452e+17
14960.0	3.364843120066566e+17
14970.0	3.551987512167236e+17
14980.0	3.482471818478152e+17
14990.0	3.4950094750874445e+17
15000.0	3.4788697552247123e+17
15010.0	3.182662201048584e+17
15020.0	3.269631538422186e+17
15030.0	3.009285979262711e+17
15040.0	3.249868514191114e+17
15050.0	3.186454669836092e+17
15060.0	3.290748882376263e+17
15070.0	3.453276655774369e+17
15080.0	3.363784965355048e+17
15090.0	3.453528886515006e+17
15100.0	3.412369885333219e+17
15110.0	3.469707273471755e+17
15120.0	3.4453080577200275e+17
15130.0	3.3085869186694246e+17
15140.0	3.319243700410205e+17
15150.0	3.3618549835163885e+17
15160.0	3.544441778725219e+17
15170.0	3.388491672223703e+17
15180.0	3.4525336412716666e+17
15190.0	3.407757274826002e+17
15200.0	3.496540062281797e+17
15210.0	3.662035358807475e+17
15220.0	3.534803349427625e+17
15230.0	3.591649455856165e+17
15240.0	3.4838260238536205e+17
15250.0	3.56489426888821e+17
15260.0	3.535765421460744e+17
15270.0	3.3042380263411194e+17
15280.0	3.507918116762375e+17
15290.0	3.358152555541783e+17
15300.0	3.602798662731297e+17
15310.0	3.7087198741858605e+17
15320.0	3.5233526514540026e+17
15330.0	3.3807629425065e+17
15340.0	3.6164789897788883e+17
15350.0	3.658837923070463e+17
15360.0	3.7166167300568064e+17
15370.0	3.563340580675039e+17
15380.0	3.1124331665094874e+17
15390.0	3.1352176445056986e+17
15400.0	3.289891837584947e+17
15410.0	3.121517557009222e+17
15420.0	3.638897116219384e+17
15430.0	3.0303179754138355e+17
15440.0	3.532474399068707e+17
15450.0	3.842621127628e+17
15460.0	3.693807903848484e+17
15470.0	3.479967089241745e+17
15480.0	3.689270436887918e+17
15490.0	3.7547423066738394e+17
15500.0	3.6457823204455296e+17
15510.0	3.420519314526029e+17
15520.0	3.6587367694709306e+17
15530.0	3.9072148222484416e+17
15540.0	3.4336469184042086e+17
15550.0	3.5381936480908986e+17
15560.0	3.399907717958952e+17
15570.0	3.5557986160164326e+17
15580.0	3.3262794639020166e+17
15590.0	3.518786523732213e+17
15600.0	3.441920057470661e+17
15610.0	3.678146437824134e+17
15620.0	3.679324872467489e+17
15630.0	3.523283779914746e+17
15640.0	3.747506540856473e+17
15650.0	3.696573450014868e+17
15660.0	3.401793889606446e+17
15670.0	3.859003670647618e+17
15680.0	3.7950299511367974e+17
15690.0	3.794742528733642e+17
15700.0	3.5458521395419354e+17
15710.0	3.92157750910666e+17
15720.0	3.56445862987455e+17
15730.0	3.5812661192795366e+17
15740.0	3.920326792555341e+17
15750.0	3.5704674843669485e+17
15760.0	3.669442881018819e+17
15770.0	3.4303497445541165e+17
15780.0	3.198624426929779e+17
15790.0	3.585638832674758e+17
15800.0	3.6726417150453395e+17
15810.0	3.816062787238529e+17
15820.0	3.687454378361061e+17
15830.0	3.5935808469661094e+17
15840.0	3.676268794978352e+17
15850.0	3.725949632717903e+17
15860.0	3.9355415230118656e+17
15870.0	3.7747622192166803e+17
15880.0	3.933621366265931e+17
15890.0	3.450640452130939e+17
15900.0	3.286161795917219e+17
15910.0	3.734925358441507e+17
15920.0	3.734594795306483e+17
15930.0	3.849034099578128e+17
15940.0	4.105994007955689e+17
15950.0	4.1132269402705696e+17
15960.0	3.886536082806669e+17
15970.0	3.8754300125017606e+17
15980.0	3.631723852190118e+17
15990.0	3.535342789544345e+17
16000.0	3.84902985234927e+17
16010.0	3.704130547469484e+17
16020.0	3.748070744840638e+17
16030.0	3.884810788901897e+17
16040.0	3.5476694231117824e+17
16050.0	3.979364326190351e+17
16060.0	3.772331202698055e+17
16070.0	3.5598036654193126e+17
16080.0	3.7021044249375386e+17
16090.0	4.156456088636781e+17
16100.0	4.007474464598801e+17
16110.0	4.030541691819276e+17
16120.0	4.140707731858682e+17
16130.0	3.8614815844337645e+17
16140.0	3.969777058116754e+17
16150.0	4.139598948261034e+17
16160.0	3.641873998696042e+17
16170.0	4.169883865713585e+17
16180.0	4.186351690283813e+17
16190.0	3.3138344756527014e+17
16200.0	3.366705498266928e+17
16210.0	3.251911813988103e+17
16220.0	3.559976239592935e+17
16230.0	3.493209716455149e+17
16240.0	3.839636456445989e+17
16250.0	3.5462885462596896e+17
16260.0	3.591629521026401e+17
16270.0	3.9282184730857786e+17
16280.0	4.146780569122257e+17
16290.0	4.1125385572215955e+17
16300.0	3.8385441151567155e+17
16310.0	4.167786019539782e+17
16320.0	3.828315373548503e+17
16330.0	4.170341469386483e+17
16340.0	3.9503435511143994e+17
16350.0	3.982839616329975e+17
16360.0	3.813165196048152e+17
16370.0	3.7865134748041984e+17
16380.0	4.190342463437767e+17
16390.0	3.8727739431244256e+17
16400.0	3.5121147796731046e+17
16410.0	3.6465286728032205e+17
16420.0	3.901150760879705e+17
16430.0	3.995569988096039e+17
16440.0	3.8604380479591046e+17
16450.0	3.417467393543123e+17
16460.0	3.801381196278033e+17
16470.0	4.072432628153815e+17
16480.0	3.7208728233746e+17
16490.0	4.011784276520252e+17
16500.0	4.042434302473175e+17
16510.0	4.236289636730276e+17
16520.0	4.1268181114762304e+17
16530.0	3.838439369599824e+17
16540.0	3.7850948505012934e+17
16550.0	3.989289624667445e+17
16560.0	4.211100529806326e+17
16570.0	4.146734986140109e+17
16580.0	4.105634881443346e+17
16590.0	3.853541435719546e+17
16600.0	4.1249780605777574e+17
16610.0	3.8587798013569683e+17
16620.0	3.534855006056279e+17
16630.0	3.785932625738877e+17
16640.0	3.807525069220793e+17
16650.0	3.624917915526359e+17
16660.0	3.67098716877083e+17
16670.0	3.7853060739104045e+17
16680.0	3.929853666184292e+17
16690.0	3.8343467708405626e+17
16700.0	3.9958777389063974e+17
16710.0	3.737033224483306e+17
16720.0	3.561998317528661e+17
16730.0	3.652820510631112e+17
16740.0	4.121042304947502e+17
16750.0	3.8004456288477094e+17
16760.0	3.69096049126311e+17
16770.0	3.878277436674671e+17
16780.0	4.1338365112745485e+17
16790.0	4.0574562576732166e+17
16800.0	3.992052772946577e+17
16810.0	4.0416857529961555e+17
16820.0	3.9147321179080154e+17
16830.0	4.006638454359046e+17
16840.0	3.619081785708147e+17
16850.0	3.771874885977094e+17
16860.0	3.7998076684298906e+17
16870.0	3.60593092280841e+17
16880.0	3.498932272199342e+17
16890.0	3.5795658475894803e+17
16900.0	3.598928434358152e+17
16910.0	3.385109777866128e+17
16920.0	3.9113144818905e+17
16930.0	3.937070512615942e+17
16940.0	3.954036254268543e+17
16950.0	3.8874803839772166e+17
16960.0	3.7870526274993005e+17
16970.0	3.865770918684301e+17
16980.0	3.8311608111849754e+17
16990.0	3.810405965034529e+17
17000.0	3.727223207375509e+17
17010.0	3.543480524486633e+17
17020.0	3.758387854396857e+17
17030.0	3.814008476522837e+17
17040.0	3.76170830650795e+17
17050.0	3.755188680425495e+17
17060.0	3.7326074949831795e+17
17070.0	3.2256267785537434e+17
17080.0	3.535281508078769e+17
17090.0	3.5857380436253075e+17
17100.0	3.3247896700493946e+17
17110.0	2.7893608640228064e+17
17120.0	3.3618853383343296e+17
17130.0	3.6517461816679334e+17
17140.0	3.6113408684919245e+17
17150.0	3.739890758807103e+17
17160.0	3.612707498189955e+17
17170.0	3.409055596436727e+17
17180.0	3.439617189980021e+17
17190.0	3.4161311506250035e+17
17200.0	3.496252524569352e+17
17210.0	3.338635340715866e+17
17220.0	3.597898473532824e+17
17230.0	3.2912439853087834e+17
17240.0	3.337894482669094e+17
17250.0	3.373258365199079e+17
17260.0	3.5532938950618234e+17
17270.0	3.267718014594882e+17
17280.0	3.475370448776273e+17
17290.0	3.460784156669309e+17
17300.0	3.338927906265733e+17
17310.0	3.319751958061178e+17
17320.0	3.084530526387189e+17
17330.0	3.1980856862958637e+17
17340.0	3.0493538406228704e+17
17350.0	3.0928816834121555e+17
17360.0	3.410404806530178e+17
17370.0	3.277859672546899e+17
17380.0	3.252653994089963e+17
17390.0	3.2658770292483405e+17
17400.0	3.289007788725967e+17
17410.0	3.115688983130721e+17
17420.0	3.219452200867491e+17
17430.0	2.9056410834266406e+17
17440.0	3.3221301410708954e+17
17450.0	3.24534927024619e+17
17460.0	3.353200469488482e+17
17470.0	3.1214120206130656e+17
17480.0	3.249453121959911e+17
17490.0	3.410481245602987e+17
17500.0	3.015604464215937e+17
17510.0	3.078268183151252e+17
17520.0	3.2092811785225146e+17
17530.0	3.1725800619595366e+17
17540.0	2.887464827956129e+17
17550.0	3.023264683824934e+17
17560.0	2.961435056016168e+17
17570.0	3.126155189094973e+17
17580.0	3.096586456965734e+17
17590.0	2.8786746897566742e+17
17600.0	3.034004309448805e+17
17610.0	2.8664828342695056e+17
17620.0	2.840442995831616e+17
17630.0	2.889908030865531e+17
17640.0	3.123075780060771e+17
17650.0	2.986873687165275e+17
17660.0	3.05047785373276e+17
17670.0	2.855320621881071e+17
17680.0	2.739122159197728e+17
17690.0	2.7775068097367597e+17
17700.0	3.053728031529049e+17
17710.0	2.9097187219600954e+17
17720.0	2.802709361085706e+17
17730.0	2.761221178455808e+17
17740.0	3.0485129870888557e+17
17750.0	2.803635312887993e+17
17760.0	2.8390816886380074e+17
17770.0	2.724463671087772e+17
17780.0	2.6561771769943885e+17
17790.0	2.7515130442145706e+17
17800.0	2.784890634175852e+17
17810.0	2.7404736138859616e+17
17820.0	2.6412884095524234e+17
17830.0	2.5397005929042176e+17
17840.0	2.8660323733084816e+17
17850.0	2.5547985791319882e+17
17860.0	2.479684689179618e+17
17870.0	2.4948988723654752e+17
17880.0	2.7694433797846048e+17
17890.0	2.8039304065367888e+17
17900.0	2.905009547488727e+17
17910.0	2.534086512992965e+17
17920.0	2.682225059747019e+17
17930.0	2.7309279862916835e+17
17940.0	2.6287957677206752e+17
17950.0	2.5842733690858797e+17
17960.0	2.540757619561085e+17
17970.0	2.8641458145521526e+17
17980.0	2.766094966438065e+17
17990.0	2.608922962223425e+17
18000.0	2.5922632833442896e+17
18010.0	2.355117548826694e+17
18020.0	2.5151063177772893e+17
18030.0	2.159188382148912e+17
18040.0	2.5376834713367862e+17
18050.0	2.4259764076573018e+17
18060.0	2.433015479069811e+17
18070.0	2.5546436751239187e+17
18080.0	2.5248018748226198e+17
18090.0	2.5297996221242797e+17
18100.0	2.638681724036469e+17
18110.0	2.1974394025319872e+17
18120.0	2.467251036529193e+17
18130.0	2.3523483615835117e+17
18140.0	2.674423753501941e+17
18150.0	2.5812614845598288e+17
18160.0	2.512888786685549e+17
18170.0	2.5460800224405322e+17
18180.0	2.4507923037154912e+17
18190.0	2.416615221611758e+17
18200.0	2.289706840089775e+17
18210.0	2.5101961431698813e+17
18220.0	2.1260361802838157e+17
18230.0	2.5715152652507974e+17
18240.0	2.7943689141775674e+17
18250.0	2.4133670362760035e+17
18260.0	2.2439631106870307e+17
18270.0	2.3587962689665776e+17
18280.0	2.248364298374352e+17
18290.0	2.253182613640896e+17
18300.0	2.416801790957465e+17
18310.0	2.2623431948760528e+17
18320.0	2.447230571691967e+17
18330.0	2.350263959325095e+17
18340.0	2.558609391048152e+17
18350.0	2.314450517491454e+17
18360.0	2.3078953806536877e+17
18370.0	2.5371960354096848e+17
18380.0	2.2680605142571315e+17
18390.0	2.443137738312162e+17
18400.0	2.1165981024720125e+17
18410.0	2.4984998775327446e+17
18420.0	2.0864893639574365e+17
18430.0	2.143189201593603e+17
18440.0	2.173792208660836e+17
18450.0	2.2299613216763245e+17
18460.0	2.3154065465916733e+17
18470.0	2.0362571383054835e+17
18480.0	2.1313455522758182e+17
18490.0	2.1910305397524666e+17
18500.0	2.1253236689595306e+17
18510.0	2.3794640523984006e+17
18520.0	2.273945654917382e+17
18530.0	2.0046968139366726e+17
18540.0	2.2316189226357526e+17
18550.0	2.236452195544918e+17
18560.0	2.053305969196492e+17
18570.0	1.9208348784934557e+17
18580.0	1.933704090451795e+17
18590.0	1.8864301388219117e+17
18600.0	1.9738200265856166e+17
18610.0	2.0065763738575037e+17
18620.0	2.119942471022256e+17
18630.0	2.1062950829018237e+17
18640.0	2.1336065876139072e+17
18650.0	2.0040425833891533e+17
18660.0	2.0979221095925696e+17
18670.0	2.193681721363154e+17
18680.0	2.0502503310263942e+17
18690.0	2.3319501197368822e+17
18700.0	2.2412607176791936e+17
18710.0	2.0746948724590896e+17
18720.0	2.1989716534759722e+17
18730.0	1.7664532813335946e+17
18740.0	2.12200436351209e+17
18750.0	2.0412627505517235e+17
18760.0	2.120195421292366e+17
18770.0	2.048919248610806e+17
18780.0	2.0492026579888662e+17
18790.0	1.9162831541329414e+17
18800.0	2.1931467855378032e+17
18810.0	2.1501084275818998e+17
18820.0	2.1878659262646486e+17
18830.0	2.3513729899825808e+17
18840.0	2.2949140152574355e+17
18850.0	1.8795980392777837e+17
18860.0	2.026498303332398e+17
18870.0	2.0751818192205107e+17
18880.0	2.293520982372599e+17
18890.0	1.9499998384696006e+17
18900.0	2.1675499474779706e+17
18910.0	2.125781253023207e+17
18920.0	1.805178346729586e+17
18930.0	1.9487331743931757e+17
18940.0	2.105979607403207e+17
18950.0	2.121066656536856e+17
18960.0	2.105487154240055e+17
18970.0	2.2813653491216458e+17
18980.0	2.0176463381039898e+17
18990.0	2.0712078180495667e+17
19000.0	2.2665481705840166e+17
19010.0	2.1162466345963267e+17
19020.0	2.2782920386066253e+17
19030.0	2.08338051043978e+17
19040.0	2.116472109101153e+17
19050.0	1.9721099805879536e+17
19060.0	2.027057907819739e+17
19070.0	2.024749508936889e+17
19080.0	2.2513120812674336e+17
19090.0	1.993996098664807e+17
19100.0	2.1185959790450406e+17
19110.0	1.8574747326047517e+17
19120.0	2.0267211257141987e+17
19130.0	2.2198601142832438e+17
19140.0	2.2126205387190646e+17
19150.0	2.1911278644997872e+17
19160.0	1.9897798460838896e+17
19170.0	2.028305480968056e+17
19180.0	2.1009051242163334e+17
19190.0	2.2563863761675242e+17
19200.0	2.0719662200856854e+17
19210.0	2.010055402838603e+17
19220.0	2.0994076594163277e+17
19230.0	2.159726854610509e+17
19240.0	2.0244591285169616e+17
19250.0	2.1264784651997e+17
19260.0	2.0381313000314848e+17
19270.0	1.98555656621819e+17
19280.0	2.3062969572192813e+17
19290.0	2.017781106207983e+17
19300.0	1.9926469946300368e+17
19310.0	1.7017854061223386e+17
19320.0	1.9563996562398342e+17
19330.0	2.1172570678899843e+17
19340.0	1.8938151442204477e+17
19350.0	2.0227660751363363e+17
19360.0	2.1410954695421933e+17
19370.0	2.0960280259875526e+17
19380.0	2.0767807353413395e+17
19390.0	1.9825712386105056e+17
19400.0	1.8763749071763062e+17
19410.0	1.9760591657164246e+17
19420.0	2.0924002186492938e+17
19430.0	2.0143076596838262e+17
19440.0	2.0156953006540774e+17
19450.0	1.915259980895199e+17
19460.0	1.641632377081893e+17
19470.0	2.0596649289648202e+17
19480.0	1.892421743785966e+17
19490.0	1.9074532357188128e+17
19500.0	2.0842767997278122e+17
19510.0	1.75000470300382e+17
19520.0	1.9994741214158122e+17
19530.0	1.85953247789e+17
19540.0	1.9863235753979264e+17
19550.0	2.0062386697885382e+17
19560.0	1.8803275108424266e+17
19570.0	1.990997432253312e+17
19580.0	2.065462056476708e+17
19590.0	2.2209964884118358e+17
19600.0	1.9151886475966653e+17
19610.0	1.8387582701923632e+17
19620.0	1.931517821131421e+17
19630.0	1.9146114249356336e+17
19640.0	1.8014542680024672e+17
19650.0	1.868030723980437e+17
19660.0	2.0476925469663168e+17
19670.0	2.0655576936325712e+17
19680.0	1.8663717372147632e+17
19690.0	1.988605474533383e+17
19700.0	2.092533772858984e+17
19710.0	1.9077363126665194e+17
19720.0	1.962727302400109e+17
19730.0	1.7767219985385923e+17
19740.0	1.8815966000369574e+17
19750.0	1.9185104242265955e+17
19760.0	1.6149965583203357e+17
19770.0	1.8521110044399126e+17
19780.0	1.4553316783889162e+17
19790.0	1.9021725771004918e+17
19800.0	1.7713264569245037e+17
19810.0	1.885923757206676e+17
19820.0	1.7428372205482144e+17
19830.0	1.856331322042601e+17
19840.0	1.887611968994072e+17
19850.0	1.8374606584369658e+17
19860.0	1.6764415034202832e+17
19870.0	1.695807519531909e+17
19880.0	1.863324280207595e+17
19890.0	1.8947033335511725e+17
19900.0	1.7136881955783245e+17
19910.0	1.7747797398374416e+17
19920.0	1.5998392140691478e+17
19930.0	1.8273128163196813e+17
19940.0	1.829732038727185e+17
19950.0	1.7304745302587395e+17
19960.0	1.8624705844861523e+17
19970.0	1.6958107271028157e+17
19980.0	1.688062437972723e+17
19990.0	1.8252500757166422e+17
20000.0	1.6579872867672486e+17
20010.0	1.7919542728654982e+17
20020.0	1.7502914862625568e+17
20030.0	1.7909563036734205e+17
20040.0	1.804954258642816e+17
20050.0	1.845135641226746e+17
20060.0	1.7208857975088608e+17
20070.0	1.7654246409874848e+17
20080.0	1.937430434031959e+17
20090.0	1.6007635967605014e+17
20100.0	1.7772038045647363e+17
20110.0	1.6842783140581453e+17
20120.0	1.7909807150943936e+17
20130.0	1.7216188255552298e+17
20140.0	1.7664785122186224e+17
20150.0	1.787148803959545e+17
20160.0	1.6815703154673142e+17
20170.0	1.66040380607093e+17
20180.0	1.7219705094429642e+17
20190.0	1.7243010736951258e+17
20200.0	1.5096234900271104e+17
20210.0	1.751976431438011e+17
20220.0	1.673343346746311e+17
20230.0	1.766703279985117e+17
20240.0	1.826851729049789e+17
20250.0	1.716011828309182e+17
20260.0	1.6669657393408573e+17
20270.0	1.6421624003386742e+17
20280.0	1.703712712121504e+17
20290.0	1.4738524400816006e+17
20300.0	1.8044040739749878e+17
20310.0	1.5562732149790266e+17
20320.0	1.8470733216657568e+17
20330.0	1.7714990656043914e+17
20340.0	1.746080871553765e+17
20350.0	1.7150477861741037e+17
20360.0	1.4787553559146957e+17
20370.0	1.8155567341283696e+17
20380.0	1.7453616718181482e+17
20390.0	1.685463312530603e+17
20400.0	1.6991328205261466e+17
20410.0	1.620185362718302e+17
20420.0	1.728974185991551e+17
20430.0	1.8920301647703645e+17
20440.0	1.5858403349958128e+17
20450.0	1.5548700947047603e+17
20460.0	1.6726652364564915e+17
20470.0	1.728531882612309e+17
20480.0	1.7682149770616506e+17
20490.0	1.6038068037009075e+17
20500.0	1.640800303319174e+17
20510.0	1.8123129879485565e+17
20520.0	1.6345100404832522e+17
20530.0	1.734741600063032e+17
20540.0	1.541707817273214e+17
20550.0	1.642573748566671e+17
20560.0	1.5837007285484294e+17
20570.0	1.7019512342486384e+17
20580.0	1.7079580118538237e+17
20590.0	1.7058774174377616e+17
20600.0	1.7383042907009053e+17
20610.0	1.563090846303598e+17
20620.0	1.6820215465569267e+17
20630.0	1.6911305980786266e+17
20640.0	1.3827064642372594e+17
20650.0	1.641538340867225e+17
20660.0	1.583889762774642e+17
20670.0	1.7513789532626883e+17
20680.0	1.6505515442046106e+17
20690.0	1.5998077987238416e+17
20700.0	1.7101994854451594e+17
20710.0	1.7293830299247875e+17
20720.0	1.5633123777869635e+17
20730.0	1.6610789831549517e+17
20740.0	1.564832571114902e+17
20750.0	1.6162464035000045e+17
20760.0	1.7129361889941994e+17
20770.0	1.6588431770992013e+17
20780.0	1.6713531415639472e+17
20790.0	1.683955822082117e+17
20800.0	1.6159286038725782e+17
20810.0	1.6716818718090694e+17
20820.0	1.6499885546979702e+17
20830.0	1.6279642220034214e+17
20840.0	1.598486509824155e+17
20850.0	1.6075742412413414e+17
20860.0	1.5981286429590467e+17
20870.0	1.5967244687762973e+17
20880.0	1.640672601361432e+17
20890.0	1.6280411071825917e+17
20900.0	1.5935000270505517e+17
20910.0	1.7354543847946182e+17
20920.0	1.640769950878466e+17
20930.0	1.749889419558429e+17
20940.0	1.5526193581106026e+17
20950.0	1.6723120491296035e+17
20960.0	1.5895940145488298e+17
20970.0	1.5954424958749734e+17
20980.0	1.6270352541777712e+17
20990.0	1.6504712919304944e+17
21000.0	1.646626742578169e+17
21010.0	1.6715032968426662e+17
21020.0	1.6188743165840522e+17
21030.0	1.617890991970695e+17
21040.0	1.7045971967252752e+17
21050.0	1.608624415382048e+17
21060.0	1.6911035906765485e+17
21070.0	1.649526056977967e+17
21080.0	1.5970701391376496e+17
21090.0	1.597321634389728e+17
21100.0	1.6327466384873622e+17
21110.0	1.7067468843244758e+17
21120.0	1.558144448746923e+17
21130.0	1.635240683708661e+17
21140.0	1.705593795138722e+17
21150.0	1.6580596288297754e+17
21160.0	1.694212074158282e+17
21170.0	1.481553615751955e+17
21180.0	1.6136309222073165e+17
21190.0	1.5907706902739837e+17
21200.0	1.6443818892301802e+17
21210.0	1.6449075361619946e+17
21220.0	1.6310814999996768e+17
21230.0	1.6220962495211974e+17
21240.0	1.595151860781266e+17
21250.0	1.7067548202191203e+17
21260.0	1.6422052164022685e+17
21270.0	1.625816880047106e+17
21280.0	1.565053879922909e+17
21290.0	1.5847039596472627e+17
21300.0	1.6666765093680006e+17
21310.0	1.6508968989876803e+17
21320.0	1.6554311345931062e+17
21330.0	1.6801105939188195e+17
21340.0	1.6202784812830355e+17
21350.0	1.658961883978875e+17
21360.0	1.6208493110393597e+17
21370.0	1.645137773840036e+17
21380.0	1.6101629206910874e+17
21390.0	1.645978118494849e+17
21400.0	1.5995100865491606e+17
21410.0	1.6398694707672026e+17
21420.0	1.6099939792424653e+17
21430.0	1.6358906881472643e+17
21440.0	1.6979890290705146e+17
21450.0	1.6919646843322563e+17
21460.0	1.6229460236650304e+17
21470.0	1.6835783641988803e+17
21480.0	1.651815725931094e+17
21490.0	1.6281148116597594e+17
21500.0	1.568609409187335e+17
21510.0	1.669861198405494e+17
21520.0	1.6284459009183917e+17
21530.0	1.5768829331021187e+17
21540.0	1.595497295287421e+17
21550.0	1.655904965611842e+17
21560.0	1.640738121399249e+17
21570.0	1.6312204121612605e+17
21580.0	1.6372209782122218e+17
21590.0	1.6393835143392637e+17
21600.0	1.6003313518912883e+17
21610.0	1.6663759345247725e+17
21620.0	1.6227182881064166e+17
21630.0	1.6211660928703043e+17
21640.0	1.65539030439552e+17
21650.0	1.6493781519835376e+17
21660.0	1.591539139608185e+17
21670.0	1.6356573776506352e+17
21680.0	1.647796034528993e+17
21690.0	1.6736746320226358e+17
21700.0	1.6484571724098483e+17
21710.0	1.6005312188243626e+17
21720.0	1.6319781398736058e+17
21730.0	1.6362901775288003e+17
21740.0	1.604177893979032e+17
21750.0	1.636159967173918e+17
21760.0	1.580046545586747e+17
21770.0	1.5868154083887958e+17
21780.0	1.6220737864460182e+17
21790.0	1.4748123889994342e+17
21800.0	1.6104058195348832e+17
21810.0	1.632608223668676e+17
21820.0	1.5605946744945578e+17
21830.0	1.5850999487548682e+17
21840.0	1.5995943073702048e+17
21850.0	1.612659122973555e+17
21860.0	1.602644517546386e+17
21870.0	1.6128787731325213e+17
21880.0	1.573116422163012e+17
21890.0	1.5828429720710035e+17
21900.0	1.4992336678161904e+17
21910.0	1.6372022974721907e+17
21920.0	1.62623047696736e+17
21930.0	1.597329544763301e+17
21940.0	1.609692093798211e+17
21950.0	1.6110077737173715e+17
21960.0	1.616562170284933e+17
21970.0	1.6093262532037568e+17
21980.0	1.6201858457376006e+17
21990.0	1.5842607082090458e+17
22000.0	1.5889034066142506e+17
22010.0	1.5706643702753334e+17
22020.0	1.587174897176145e+17
22030.0	1.5710974174446944e+17
22040.0	1.6024794594641277e+17
22050.0	1.5699108873620333e+17
22060.0	1.4089012695584038e+17
22070.0	1.490405574726788e+17
22080.0	1.5992548615282966e+17
22090.0	1.4889170258866592e+17
22100.0	1.5675834396682266e+17
22110.0	1.5696875662081955e+17
22120.0	1.596957335457772e+17
22130.0	1.5972179637620022e+17
22140.0	1.6144228758625302e+17
22150.0	1.5929679569776275e+17
22160.0	1.5906623881416896e+17
22170.0	1.5857630360472083e+17
22180.0	1.5999343982061078e+17
22190.0	1.5873544767917302e+17
22200.0	1.560686165906476e+17
22210.0	1.531386869763618e+17
22220.0	1.530000546344757e+17
22230.0	1.5956008971374666e+17
22240.0	1.5370540211971104e+17
22250.0	1.5997122451402678e+17
22260.0	1.5667877611377728e+17
22270.0	1.476118775438739e+17
22280.0	1.4591812990656403e+17
22290.0	1.5060316241810323e+17
22300.0	1.5245818222893635e+17
22310.0	1.553417560785023e+17
22320.0	1.520111188774466e+17
22330.0	1.5468807458166698e+17
22340.0	1.552122005615279e+17
22350.0	1.519969430034707e+17
22360.0	1.5357421480443728e+17
22370.0	1.584559162175559e+17
22380.0	1.5576742841150173e+17
22390.0	1.506162669393978e+17
22400.0	1.4905741189868867e+17
22410.0	1.5773687203973622e+17
22420.0	1.5397007618350816e+17
22430.0	1.5215432821107466e+17
22440.0	1.5322047605865962e+17
22450.0	1.512364401619225e+17
22460.0	1.5529353549052336e+17
22470.0	1.5447364221990176e+17
22480.0	1.5048730050720262e+17
22490.0	1.5402497222025542e+17
22500.0	1.5112365343157878e+17
22510.0	1.563955201849403e+17
22520.0	1.524319548312018e+17
22530.0	1.5486016809707014e+17
22540.0	1.5066255557419782e+17
22550.0	1.4730226551596064e+17
22560.0	1.5332091111637565e+17
22570.0	1.550184223944394e+17
22580.0	1.4961212569387747e+17
22590.0	1.526983588802794e+17
22600.0	1.5253334106313578e+17
22610.0	1.4954652215720262e+17
22620.0	1.493731001131901e+17
22630.0	1.3605766807229109e+17
22640.0	1.4602228800306458e+17
22650.0	1.5023605514888506e+17
22660.0	1.4199344476133392e+17
22670.0	1.505405073392964e+17
22680.0	1.5020390188690893e+17
22690.0	1.5006937264639034e+17
22700.0	1.4550346377380893e+17
22710.0	1.4930733522469635e+17
22720.0	1.4743167094415715e+17
22730.0	1.5128899498391984e+17
22740.0	1.4872290198009264e+17
22750.0	1.4783195614408093e+17
22760.0	1.4756051219501325e+17
22770.0	1.4964295821809485e+17
22780.0	1.4990418794131e+17
22790.0	1.4397001660004581e+17
22800.0	1.468318846916493e+17
22810.0	1.3915604233767858e+17
22820.0	1.4703773943231037e+17
22830.0	1.4346213419627126e+17
22840.0	1.4599460295523542e+17
22850.0	1.459412015785325e+17
22860.0	1.481193022279028e+17
22870.0	1.4778023893337334e+17
22880.0	1.4846623750137936e+17
22890.0	1.4326238594197918e+17
22900.0	1.474257615550074e+17
22910.0	1.4806746937221802e+17
22920.0	1.4388685777217184e+17
22930.0	1.4341063068804322e+17
22940.0	7.575659603488283e+16
22950.0	1.0091770611784326e+17
22960.0	1.1134427955954891e+17
22970.0	1.0962270634540229e+17
22980.0	1.1640691708789437e+17
22990.0	1.2411827037293621e+17
23000.0	1.3014460543809747e+17
23010.0	1.2212212780090242e+17
23020.0	1.364803983576619e+17
23030.0	1.323810214319065e+17
23040.0	1.336041018816705e+17
23050.0	1.238885679725947e+17
23060.0	1.2927888231209523e+17
23070.0	1.2959167158063498e+17
23080.0	1.2773398521711286e+17
23090.0	1.2972481985119648e+17
23100.0	1.2423273657367667e+17
23110.0	1.2990716197118094e+17
23120.0	1.2853754368158546e+17
23130.0	1.342217708827879e+17
23140.0	1.2557031800797109e+17
23150.0	1.248734174813573e+17
23160.0	1.2686383099436334e+17
23170.0	1.3444635247705142e+17
23180.0	1.2147070893224683e+17
23190.0	1.3326410378646035e+17
23200.0	1.3411974087828307e+17
23210.0	1.2143843945973728e+17
23220.0	1.2991373127237584e+17
23230.0	7.1740463384887256e+16
23240.0	9.381650552626448e+16
23250.0	1.0318364809268822e+17
23260.0	1.0290223998136742e+17
23270.0	1.0931400902557102e+17
23280.0	1.1761058999471251e+17
23290.0	1.1039045637518848e+17
23300.0	1.10829553676858e+17
23310.0	1.1478787841675878e+17
23320.0	1.166683455664213e+17
23330.0	1.2306580066926669e+17
23340.0	1.1613684168579574e+17
23350.0	1.1971339524292778e+17
23360.0	1.1442855901348973e+17
23370.0	1.1286349664911024e+17
23380.0	1.1728559015745806e+17
23390.0	1.0519580323926008e+17
23400.0	1.1612031119262563e+17
23410.0	1.171353652588778e+17
23420.0	1.2342351095313032e+17
23430.0	1.1784603648169061e+17
23440.0	1.1392107825048618e+17
23450.0	9.751565404014272e+16
23460.0	1.1857663614544995e+17
23470.0	1.1404547831574582e+17
23480.0	1.1550274829077443e+17
23490.0	1.1557243397483509e+17
23500.0	1.1043585335767275e+17
23510.0	1.129541949446373e+17
23520.0	1.0554809775432173e+17
23530.0	6.698967924066301e+16
23540.0	7.539831893822075e+16
23550.0	9.969698851572517e+16
23560.0	8.873719747696386e+16
23570.0	1.0706417569260106e+17
23580.0	9.78271677600104e+16
23590.0	9.658292750662478e+16
23600.0	1.1173562774319678e+17
23610.0	9.871481913176466e+16
23620.0	1.0499785512613277e+17
23630.0	9.820078840387075e+16
23640.0	1.084784368771095e+17
23650.0	1.0528859796944704e+17
23660.0	1.1119460604650642e+17
23670.0	1.0862332220413251e+17
23680.0	1.0545433313295552e+17
23690.0	1.085511879400362e+17
23700.0	1.114237789482176e+17
23710.0	1.0284850669727603e+17
23720.0	1.1719790613511486e+17
23730.0	1.0259162570189293e+17
23740.0	9.681722947381946e+16
23750.0	1.0044748482600624e+17
23760.0	1.0813449970697376e+17
23770.0	1.0388835356362691e+17
23780.0	9.971561377898101e+16
23790.0	9.99167571140947e+16
23800.0	1.103279968671268e+17
23810.0	9.907486497371651e+16
23820.0	1.0463426825381691e+17
23830.0	7.1977874724928376e+16
23840.0	7.046373422703094e+16
23850.0	9.016025033067906e+16
23860.0	8.65062451495899e+16
23870.0	8.486586913525478e+16
23880.0	8.63313712288517e+16
23890.0	8.643561474179802e+16
23900.0	1.0294802691658662e+17
23910.0	9.677598944610022e+16
23920.0	9.083663822358037e+16
23930.0	8.904727711631146e+16
23940.0	1.0746987498122712e+17
23950.0	8.930022623001122e+16
23960.0	9.826637204811682e+16
23970.0	1.0024353010713978e+17
23980.0	9.06223953433903e+16
23990.0	9.4813669893173e+16
24000.0	9.561814153623536e+16
24010.0	9.327062330788509e+16
24020.0	1.0108589015192592e+17
24030.0	9.541047291618694e+16
24040.0	8.479471994173198e+16
24050.0	9.428577529798469e+16
24060.0	9.1699019262627e+16
24070.0	9.004701492121834e+16
24080.0	8.866233976350738e+16
24090.0	9.00955624870057e+16
24100.0	8.768971877060758e+16
24110.0	9.584812276295426e+16
24120.0	9.222226049431853e+16
24130.0	9.240185868852166e+16
24140.0	6.752932552751561e+16
24150.0	7.397739877370677e+16
24160.0	7.493076893161672e+16
24170.0	7.413611215051739e+16
24180.0	7.61505479004862e+16
24190.0	9.544630293555738e+16
24200.0	7.637857728137987e+16
24210.0	9.0423258630167e+16
24220.0	7.667946540955717e+16
24230.0	8.426316647184893e+16
24240.0	9.16345269827988e+16
24250.0	8.701090767492371e+16
24260.0	8.149771038756622e+16
24270.0	8.605505289917259e+16
24280.0	7.828467190695304e+16
24290.0	8.671957706457709e+16
24300.0	8.736865138743312e+16
24310.0	8.065594966396154e+16
24320.0	9.133508861417453e+16
24330.0	8.721624605614581e+16
24340.0	7.783135138783664e+16
24350.0	7.80368315503187e+16
24360.0	8.617030367472464e+16
24370.0	7.32793594763711e+16
24380.0	7.943189483989296e+16
24390.0	8.972679329426998e+16
24400.0	8.128092022320312e+16
24410.0	8.246697478826365e+16
24420.0	8.003461541369795e+16
24430.0	7.813717095209346e+16
24440.0	7.667254997053309e+16
24450.0	7.897805140509626e+16
24460.0	7.625743513447898e+16
24470.0	7.198322801595532e+16
24480.0	6.228921557892704e+16
24490.0	7.243915200841146e+16
24500.0	7.0705925917362424e+16
24510.0	8.008944030507552e+16
24520.0	6.578892658108106e+16
24530.0	6.871045720216726e+16
24540.0	7.1069000668641016e+16
24550.0	6.78052450037631e+16
24560.0	7.600265515925072e+16
24570.0	7.606540296312594e+16
24580.0	7.793999965134312e+16
24590.0	7.790234508126445e+16
24600.0	7.689844768495342e+16
24610.0	5.44385773044799e+16
24620.0	8.084972615611666e+16
24630.0	7.247629639248315e+16
24640.0	8.517237201331034e+16
24650.0	7.342708078250573e+16
24660.0	7.398977417444226e+16
24670.0	7.918652667248896e+16
24680.0	6.085744288437103e+16
24690.0	7.946937420085413e+16
24700.0	7.199024253378501e+16
24710.0	7.280720468273118e+16
24720.0	6.8209150302913064e+16
24730.0	7.465895752922826e+16
24740.0	6.710498539681868e+16
24750.0	6.406487422180798e+16
24760.0	5.97497912169823e+16
24770.0	8.307069979592533e+16
24780.0	8.089103122096938e+16
24790.0	5.235920956028292e+16
24800.0	6.363521288122087e+16
24810.0	6.1692051594920344e+16
24820.0	5.948985263829281e+16
24830.0	6.453630838520899e+16
24840.0	7.428744231739717e+16
24850.0	5.200859319402691e+16
24860.0	4.373715517219601e+16
24870.0	4.122779801107325e+16
24880.0	4.194258297192537e+16
24890.0	4.2185148485016056e+16
24900.0	4.133764505921518e+16
24910.0	4.1143252727356424e+16
24920.0	4.321644494322925e+16
24930.0	4.320673267218983e+16
24940.0	4.529680784984262e+16
24950.0	4.366974911764172e+16
24960.0	4.309940807157511e+16
24970.0	4.405192789850567e+16
24980.0	4.090787259567053e+16
24990.0	4.404366986150435e+16
