# Flux units: erg / (cm m2 s)
# Wavelength units: Angstrom
wave	flux
9000.0	322153752636261.5
9010.0	315908673338970.3
9020.0	345731508107067.7
9030.0	350073656408461.1
9040.0	388987868834470.0
9050.0	389295539595088.1
9060.0	391670181292749.1
9070.0	395231675409594.8
9080.0	393405788554357.56
9090.0	409857152429104.06
9100.0	410111222884192.2
9110.0	401178568198869.8
9120.0	440429908314599.6
9130.0	377846291781710.56
9140.0	425968178005712.3
9150.0	406128705824620.75
9160.0	394004683569416.6
9170.0	412088512175682.9
9180.0	421771711913831.25
9190.0	435724267878964.44
9200.0	454623813573597.25
9210.0	492141035993454.25
9220.0	487806690254388.44
9230.0	517724308768943.6
9240.0	456034820443119.06
9250.0	472082644309540.1
9260.0	414136845259245.25
9270.0	332575850220079.2
9280.0	144192029632601.78
9290.0	194333668644761.16
9300.0	194538844528724.0
9310.0	281370804109048.6
9320.0	243089273999003.97
9330.0	230339203428935.1
9340.0	226741022458841.5
9350.0	250302931852733.53
9360.0	229202824365819.0
9370.0	275727091875963.06
9380.0	266711737401295.0
9390.0	289355066041063.8
9400.0	380619005201684.75
9410.0	320202952975496.0
9420.0	335377785462279.4
9430.0	362716832796304.0
9440.0	401916688840757.56
9450.0	422379338664520.44
9460.0	339337094725797.75
9470.0	471754214145142.7
9480.0	340212210511556.0
9490.0	485329970087753.0
9500.0	306942150143809.6
9510.0	419565854284542.44
9520.0	347505134459004.94
9530.0	498492794530577.5
9540.0	476682628413010.44
9550.0	457029636352642.0
9560.0	368821160486417.3
9570.0	355072003370404.56
9580.0	427348794618824.5
9590.0	402131784513329.75
9600.0	404930287656776.4
9610.0	429467312136928.94
9620.0	447100458192093.8
9630.0	540004208637310.6
9640.0	372215017320127.8
9650.0	538500585185246.7
9660.0	538831293883897.94
9670.0	412643714430204.4
9680.0	612973601386314.1
9690.0	553365660535156.6
9700.0	582715397930209.1
9710.0	561790359777853.7
9720.0	571792604618518.6
9730.0	542552041973809.75
9740.0	541988296018868.25
9750.0	669916320965414.4
9760.0	522058833116587.5
9770.0	675600245264285.5
9780.0	641053246232463.0
9790.0	639537190925280.0
9800.0	678204860929870.1
9810.0	709340656972942.6
9820.0	624265309021583.1
9830.0	673807968193930.8
9840.0	748996630384572.8
9850.0	673173906804049.2
9860.0	759069799907932.4
9870.0	804643376757492.5
9880.0	818243551445410.9
9890.0	903205821176824.0
9900.0	807994387126218.0
9910.0	931122782470444.5
9920.0	887925414838561.6
9930.0	921265537959287.1
9940.0	898924867102947.6
9950.0	1045723556956149.1
9960.0	952916315197643.4
9970.0	970284565208611.1
9980.0	1038993809822150.0
9990.0	967779023122363.9
10000.0	1015281004426490.1
10010.0	1013158054708809.6
10020.0	1013083191456145.2
10030.0	1055574174307879.0
10040.0	1050433249608938.5
10050.0	1207634466585364.0
10060.0	1111154761639269.5
10070.0	1218854025927466.0
10080.0	1160406363275787.2
10090.0	1213843519622760.8
10100.0	1332483699851241.2
10110.0	1251474625460732.8
10120.0	1299760715026726.5
10130.0	1385463607199538.8
10140.0	1375398311694266.5
10150.0	1411350221416199.2
10160.0	1489515299394286.5
10170.0	1441820873119326.0
10180.0	1493423970668938.5
10190.0	1531339103092333.0
10200.0	1530396346927754.8
10210.0	1606279592624925.5
10220.0	1596407219480597.8
10230.0	1600861613856741.0
10240.0	1694072970791908.0
10250.0	1660137306409961.0
10260.0	1656084967341329.5
10270.0	1687552354122967.0
10280.0	1752037058832001.0
10290.0	1760125020167625.5
10300.0	1790152397814499.8
10310.0	1807385429850243.0
10320.0	1831033347649494.2
10330.0	1830274866628143.2
10340.0	1876090501330291.8
10350.0	1890014858816770.2
10360.0	1898077140595328.8
10370.0	1949071229997377.2
10380.0	1970015808221071.0
10390.0	1919403262365472.0
10400.0	1968041938355243.5
10410.0	2028517295913292.5
10420.0	2008444683504940.2
10430.0	2009674508145424.2
10440.0	2020963208353900.2
10450.0	2036215406906492.2
10460.0	2055394996418880.0
10470.0	2061720909291795.0
10480.0	2049407694780352.8
10490.0	2089578237416805.2
10500.0	2106406133015509.5
10510.0	2103986309694657.0
10520.0	2106193156616480.2
10530.0	2097566867436961.8
10540.0	2143195707601989.8
10550.0	2155517033800788.8
10560.0	2148589908503779.5
10570.0	2172212386853685.5
10580.0	2116442613417096.8
10590.0	2174260572153791.5
10600.0	2117216451896521.8
10610.0	2204317124658947.2
10620.0	2227062146717224.5
10630.0	2161633989653401.2
10640.0	2275764071679209.0
10650.0	2156541008974861.5
10660.0	2264560251719387.0
10670.0	2259610227003494.0
10680.0	2186520823506818.0
10690.0	2205532282777069.5
10700.0	2275104991191219.0
10710.0	2230784225749806.8
10720.0	2219320222954822.8
10730.0	2287879969175107.5
10740.0	2342139712701875.5
10750.0	2192235102118782.8
10760.0	2337904865084140.5
10770.0	2212748487329318.8
10780.0	2240634383520813.0
10790.0	2346891551367595.0
10800.0	2278933444690813.5
10810.0	2272225238825683.5
10820.0	2274805506457721.0
10830.0	2376997026440683.5
10840.0	2234531647059590.8
10850.0	2296388165928362.0
10860.0	2167800299343606.0
10870.0	2003586186580733.5
10880.0	2163064011048140.2
10890.0	2034806889623794.5
10900.0	1702309434093880.8
10910.0	1789196384817935.5
10920.0	1616900442114784.2
10930.0	1279968156466893.0
10940.0	1374428487141561.2
10950.0	1121024298940330.2
10960.0	1019368368266737.4
10970.0	1361132670753639.2
10980.0	1193045068222608.8
10990.0	1132027133309328.0
11000.0	1041157313571335.9
11010.0	990245440346352.2
11020.0	1142070269389008.5
11030.0	825035395510424.1
11040.0	977847773972639.9
11050.0	1144675403975218.0
11060.0	747061124234509.5
11070.0	1024711633733312.0
11080.0	812463586267395.0
11090.0	994023611560805.2
11100.0	710145963262687.6
11110.0	620809069397238.1
11120.0	786327332195302.4
11130.0	610902412395220.5
11140.0	564076458384203.9
11150.0	675383590665918.6
11160.0	707079699248903.0
11170.0	260928793637487.44
11180.0	680205900273744.2
11190.0	573619973707623.6
11200.0	327962442484211.2
11210.0	662042041206024.4
11220.0	436313180983938.8
11230.0	322112984926665.9
11240.0	410072332133899.6
11250.0	509395688581221.75
11260.0	445231180280986.5
11270.0	597745272485984.5
11280.0	455060130596271.56
11290.0	517841085544984.0
11300.0	376834562745860.06
11310.0	525462624586775.4
11320.0	558199885358540.75
11330.0	420001639342609.7
11340.0	211439715599933.62
11350.0	68307088444743.17
11360.0	278744429129816.4
11370.0	266810802926315.8
11380.0	504700194311131.06
11390.0	625464774359018.9
11400.0	557671107837916.9
11410.0	693574684481108.9
11420.0	629459229712779.2
11430.0	458412394226785.4
11440.0	251198083412205.44
11450.0	555630149117608.75
11460.0	521569175535291.0
11470.0	524672844206487.6
11480.0	461723006268008.5
11490.0	512945084790620.2
11500.0	343160790986406.94
11510.0	369516904033648.44
11520.0	323618113167742.0
11530.0	261701535835795.4
11540.0	182940630760093.56
11550.0	312463762180523.5
11560.0	250967420336466.16
11570.0	159906078593958.4
11580.0	284023449252610.25
11590.0	541178845921183.56
11600.0	329141659016021.9
11610.0	372181147815002.2
11620.0	188592502485662.03
11630.0	230286569797071.5
11640.0	211680106704719.72
11650.0	213269384803210.53
11660.0	267194183965180.97
11670.0	274142122300867.06
11680.0	353989459970373.06
11690.0	291357645032466.3
11700.0	301946719059197.0
11710.0	494953298308915.9
11720.0	500598198427540.94
11730.0	483727753149071.4
11740.0	398453692786370.3
11750.0	492981894190669.4
11760.0	435245635476508.1
11770.0	488432895411126.56
11780.0	379344810045575.25
11790.0	742295799576242.1
11800.0	645425702506474.8
11810.0	750769676169553.5
11820.0	697378096406605.0
11830.0	838940429694672.1
11840.0	739369271719458.9
11850.0	934606195206979.0
11860.0	822952571272149.0
11870.0	866900833367953.5
11880.0	744111352571654.1
11890.0	783418771047058.2
11900.0	997211799987258.4
11910.0	1019760139249788.5
11920.0	1028402899153586.8
11930.0	1389794183433506.0
11940.0	1265745868732146.5
11950.0	1315797930992402.2
11960.0	1325106597780846.8
11970.0	1482037813509096.2
11980.0	1524239747161462.0
11990.0	1350636055618016.8
12000.0	1572740419350688.2
12010.0	1673501224793087.2
12020.0	1613358797909506.8
12030.0	1532797590606874.8
12040.0	1647935880676365.8
12050.0	1826197900022681.0
12060.0	2172156754139537.0
12070.0	1597615703997236.0
12080.0	1794403596296749.5
12090.0	1956416017352401.0
12100.0	2209282448592573.5
12110.0	1898292564111884.2
12120.0	1948965723726581.5
12130.0	2016945684501922.0
12140.0	2221929168706622.8
12150.0	2056878730510645.8
12160.0	2295510256123931.5
12170.0	2220337822179511.0
12180.0	2346794242226269.5
12190.0	2371404021018745.5
12200.0	2365328953783699.0
12210.0	2297153291544273.5
12220.0	2388478442652473.5
12230.0	2435594266337304.5
12240.0	2400502556461250.0
12250.0	2366532737212126.0
12260.0	2622299746529128.0
12270.0	2660839391135574.5
12280.0	2621460826835999.0
12290.0	2573112172023835.5
12300.0	2622419012762134.5
12310.0	2753011270617331.0
12320.0	2773925092475186.5
12330.0	2613221582812595.5
12340.0	2733794510772459.5
12350.0	2904113770692757.5
12360.0	2905549487085422.0
12370.0	2688906450040643.5
12380.0	3002092625000887.0
12390.0	3060752176706865.5
12400.0	3065347752261844.5
12410.0	2871788518913588.0
12420.0	2996045126884686.5
12430.0	2965915763192863.0
12440.0	2718363942096191.0
12450.0	3310231320391770.5
12460.0	3130286694411019.5
12470.0	3335018710234287.5
12480.0	3108986562311538.5
12490.0	3205815459596915.5
12500.0	3336501709541838.5
12510.0	3238692454342587.0
12520.0	3047481149780990.0
12530.0	2873074429123045.5
12540.0	3077522063725093.5
12550.0	3200164292095805.5
12560.0	3590561079363500.5
12570.0	3427610599752292.0
12580.0	3191460606335298.5
12590.0	3281487445223117.5
12600.0	3308372740581249.0
12610.0	3373565497889247.0
12620.0	3381067972553739.5
12630.0	3359515837994899.5
12640.0	3082650759809471.5
12650.0	3465325446448556.0
12660.0	3131215588094631.0
12670.0	3214655122866439.5
12680.0	3321525767206484.0
12690.0	3260794206405348.5
12700.0	3367499425690032.5
12710.0	3262273621836901.5
12720.0	3136830852892749.5
12730.0	3028492592407054.0
12740.0	2929034452891933.5
12750.0	3448467777664145.0
12760.0	3100687209166182.5
12770.0	3219439870976001.5
12780.0	3313898086487301.5
12790.0	3061693155510129.5
12800.0	2699904428873819.5
12810.0	3146744407820353.5
12820.0	3517752377667901.5
12830.0	2647575236808456.0
12840.0	3106683466961461.0
12850.0	2988179743104733.5
12860.0	2933587713269207.0
12870.0	2757158637165190.0
12880.0	2758638094864778.5
12890.0	2634905923448624.5
12900.0	3186266247078228.5
12910.0	2972217054300818.5
12920.0	2067769275811035.5
12930.0	2862179167260377.5
12940.0	3274847432386443.5
12950.0	2549060404715899.0
12960.0	2503715348362437.0
12970.0	2344982364033567.5
12980.0	3265547503126464.0
12990.0	3007569752620835.5
13000.0	2642131422243313.0
13010.0	2248238354014317.2
13020.0	2639300639098375.0
13030.0	2639792506361031.5
13040.0	2543783346149319.0
13050.0	2815337844947809.0
13060.0	2749471560342010.0
13070.0	2061485862503747.2
13080.0	2705435838813309.5
13090.0	2432122660081177.0
13100.0	2032305788242582.8
13110.0	2255910709561944.0
13120.0	2315247796438135.5
13130.0	2127698609799138.0
13140.0	2128114700713566.2
13150.0	1970293335762513.2
13160.0	2093561772061125.8
13170.0	2030790460557196.5
13180.0	2142788197246412.8
13190.0	1736084371975625.5
13200.0	2194986182590975.5
13210.0	2309696614062309.0
13220.0	1965458924584459.0
13230.0	1982814012584950.2
13240.0	1777428542971536.8
13250.0	1408909225239224.0
13260.0	2063669590755117.5
13270.0	1695331707188939.2
13280.0	1818788491627593.2
13290.0	1161691418679956.0
13300.0	734286488047464.4
13310.0	278494568381818.9
13320.0	223767163850461.16
13330.0	442138980124267.4
13340.0	495803865760375.7
13350.0	232341383823751.38
13360.0	309012843530321.3
13370.0	177543076503532.56
13380.0	134439301714452.11
13390.0	166096236433189.28
13400.0	326301443695764.94
13410.0	220596992310316.9
13420.0	98341384492379.3
13430.0	81280964823273.27
13440.0	118205042445666.16
13450.0	74885383395339.08
13460.0	102099585142201.69
13470.0	51028794776352.99
13480.0	26617749710580.137
13490.0	89199088859752.56
13500.0	82748173349803.78
13510.0	44295736267143.664
13520.0	42888073821403.625
13530.0	75531155132504.94
13540.0	24797373949128.008
13550.0	23385155515768.164
13560.0	63147260009666.984
13570.0	29189418704001.098
13580.0	28804213121516.938
13590.0	26760336937652.363
13600.0	57083262363509.7
13610.0	33271890353246.98
13620.0	13028016903177.684
13630.0	71364810953219.62
13640.0	51782040200708.84
13650.0	27446061978966.3
13660.0	102069547407189.03
13670.0	79052855304056.94
13680.0	56781237155678.414
13690.0	63691764199511.95
13700.0	59101678990734.6
13710.0	38114308704555.266
13720.0	31806237735349.023
13730.0	41808669924883.99
13740.0	43958969330522.805
13750.0	60406006716252.05
13760.0	93208722335890.64
13770.0	50889111693016.19
13780.0	93288643536382.36
13790.0	48673296467896.65
13800.0	72576226110703.84
13810.0	35897547384841.305
13820.0	99522503834400.19
13830.0	31915322031451.836
13840.0	77333666104086.48
13850.0	38749926878544.055
13860.0	45473070781000.59
13870.0	100342675886648.64
13880.0	34588251863478.156
13890.0	137568712015386.75
13900.0	74758385458819.75
13910.0	59171904764843.08
13920.0	39921498969465.65
13930.0	104594607417584.0
13940.0	73461945526968.4
13950.0	42980544596261.195
13960.0	89677835859537.66
13970.0	69022841508771.49
13980.0	53268790558882.36
13990.0	70961577798446.7
14000.0	54552345416657.984
14010.0	16449394996499.787
14020.0	111196740039608.56
14030.0	67086685033738.67
14040.0	51475585895772.6
14050.0	43081312550495.52
14060.0	104791079982613.05
14070.0	33376751893274.645
14080.0	52438168462892.07
14090.0	26797500182033.176
14100.0	37102045491687.39
14110.0	81402838148495.16
14120.0	34693778175159.473
14130.0	112342887867278.19
14140.0	53829850519583.06
14150.0	52375336041138.27
14160.0	99096585929473.39
14170.0	70200372527703.04
14180.0	41414325249911.17
14190.0	37980093291115.42
14200.0	64085159324222.31
14210.0	85085087124321.44
14220.0	54582867420131.55
14230.0	43529811505282.17
14240.0	49803191553704.33
14250.0	71647642875036.89
14260.0	39864531757255.02
14270.0	82567210258687.61
14280.0	60793469916209.99
14290.0	37174897996427.18
14300.0	178571000562985.78
14310.0	163711511427486.75
14320.0	51935053488921.6
14330.0	77810572200233.06
14340.0	27957030922267.566
14350.0	134758874917529.88
14360.0	124074601620918.94
14370.0	88995933942714.45
14380.0	121021247047946.25
14390.0	115635460058140.14
14400.0	103310843169807.28
14410.0	115167859104074.38
14420.0	95499262099447.27
14430.0	194504599531219.34
14440.0	171310897869930.28
14450.0	50202272024998.02
14460.0	88184888859096.66
14470.0	93549482449181.6
14480.0	217894660899873.78
14490.0	299178828741273.94
14500.0	122407608902193.98
14510.0	105820919732298.98
14520.0	319716806670658.75
14530.0	318356627575019.3
14540.0	147979430885235.53
14550.0	389376597827934.4
14560.0	141291024396790.1
14570.0	208033915520284.88
14580.0	304098413691152.8
14590.0	371707910314285.25
14600.0	360704394056445.8
14610.0	218015674230494.2
14620.0	201322488111069.66
14630.0	137914474999601.33
14640.0	393300535679276.94
14650.0	347217543575575.56
14660.0	400446579287797.7
14670.0	311214559900784.1
14680.0	245555821302276.97
14690.0	174045253192965.5
14700.0	231403486938102.38
14710.0	255061552888535.16
14720.0	244998126312145.22
14730.0	387872831752901.1
14740.0	268119141742275.4
14750.0	261446945677172.8
14760.0	262743289099270.84
14770.0	278137496217774.47
14780.0	418559836880956.1
14790.0	442501054031556.0
14800.0	205224843650438.28
14810.0	470582906917688.6
14820.0	258122075953814.2
14830.0	283702378975675.44
14840.0	535977458938437.4
14850.0	300908645224503.0
14860.0	304134013608504.5
14870.0	533905990137964.25
14880.0	372519971958737.0
14890.0	447028250112970.44
14900.0	258605993166603.25
14910.0	694918277587015.5
14920.0	308433768960858.7
14930.0	451102948438045.2
14940.0	249824246786644.78
14950.0	507548858438758.3
14960.0	503983808118305.6
14970.0	480275019372378.0
14980.0	489565237786145.06
14990.0	624701850243329.9
15000.0	489677089792746.75
15010.0	562093003896757.25
15020.0	298521247285353.94
15030.0	779615822322081.6
15040.0	370640735137653.0
15050.0	556354751347649.4
15060.0	598748493909443.5
15070.0	688360884672966.5
15080.0	529470225575912.3
15090.0	766373491869682.0
15100.0	645061960343428.9
15110.0	519269428673634.25
15120.0	840314670583771.1
15130.0	522733578456291.2
15140.0	612976528544843.6
15150.0	1093792232703496.0
15160.0	891756760252597.2
15170.0	701414036276896.0
15180.0	665532194100900.6
15190.0	618750590689439.4
15200.0	728586080994609.9
15210.0	987405472451671.4
15220.0	700487069001582.1
15230.0	1215531249621765.2
15240.0	1004000067150205.2
15250.0	674066732233092.0
15260.0	871411043248103.2
15270.0	835853120663065.2
15280.0	1105318319706360.4
15290.0	1340295040348369.0
15300.0	1093397438349488.8
15310.0	980758628528929.0
15320.0	782595211610490.6
15330.0	962587053697834.0
15340.0	1606318879256663.5
15350.0	1213253417407836.8
15360.0	1154896463384059.0
15370.0	964228711369627.6
15380.0	1139384597051144.5
15390.0	1457101789258196.5
15400.0	1406096549938519.5
15410.0	1303061638721737.5
15420.0	1453803249392256.5
15430.0	1414178161299460.2
15440.0	1076618857215400.8
15450.0	1674323035032537.5
15460.0	1812014494553579.5
15470.0	1605139623731079.0
15480.0	1741503277153674.2
15490.0	1584772373124742.2
15500.0	1760701969683234.8
15510.0	1425694053892681.8
15520.0	1536259078354213.0
15530.0	2059122184852307.2
15540.0	2134622647939204.2
15550.0	1869989818263576.5
15560.0	1652631628970733.8
15570.0	1688709533260664.2
15580.0	1286193467416760.8
15590.0	1363562550583219.5
15600.0	1770352333994902.8
15610.0	1697828111790188.8
15620.0	2129781142210416.8
15630.0	1882062517576211.2
15640.0	1787420514816980.5
15650.0	1634388222071800.5
15660.0	1861617370881184.0
15670.0	2369631251164874.0
15680.0	2520733998817342.5
15690.0	2004251612828914.8
15700.0	2239691817728305.5
15710.0	2327706009785204.0
15720.0	2075972145143728.5
15730.0	2127569078142059.2
15740.0	2718460438559056.0
15750.0	2581889257641106.0
15760.0	2543793430388874.0
15770.0	2461350892786206.0
15780.0	2122607727869631.5
15790.0	1931792215522033.8
15800.0	2241094807840739.5
15810.0	2002233968061486.2
15820.0	2415816574332223.5
15830.0	2235657276680178.5
15840.0	2356919841993076.0
15850.0	2328781156033627.5
15860.0	2590187881611000.5
15870.0	2305869835650197.5
15880.0	2535100765670956.0
15890.0	2538607919777673.0
15900.0	2467388228252673.0
15910.0	2623257766713063.0
15920.0	2202464060520024.2
15930.0	2484029345294730.0
15940.0	2717939358458212.5
15950.0	2536636204516471.5
15960.0	2681538104054081.5
15970.0	2210257833469629.5
15980.0	2611204882779868.5
15990.0	2447581040037181.0
16000.0	2627419442020826.5
16010.0	2756560761467279.0
16020.0	2239084727044155.8
16030.0	2546113068880110.0
16040.0	2222001709289408.0
16050.0	2596793672566953.5
16060.0	2305677538133685.0
16070.0	2337842459495732.0
16080.0	2600748291671241.5
16090.0	1940189286104495.2
16100.0	2567640556955063.0
16110.0	2152422274482956.2
16120.0	2545231261329389.5
16130.0	2013929915804321.5
16140.0	2506080587262187.5
16150.0	2138467815711286.2
16160.0	2317124054921971.0
16170.0	2103406542654353.8
16180.0	1916854846387297.8
16190.0	1773951220311332.5
16200.0	2025788467832744.5
16210.0	1835989233178595.5
16220.0	2552717075847050.5
16230.0	2668522487048749.0
16240.0	2642302206852311.0
16250.0	2637146528516010.5
16260.0	2414971305295255.5
16270.0	2733758993643538.0
16280.0	2750519744577801.0
16290.0	2398516573695989.0
16300.0	2433208488098107.5
16310.0	1970078681836583.8
16320.0	2292589925085621.0
16330.0	2045453336869382.8
16340.0	2282317827400567.5
16350.0	2109304782783377.0
16360.0	2117201386107643.8
16370.0	2258481806930049.5
16380.0	1846317907544467.2
16390.0	2408221350065453.5
16400.0	2070913777172085.8
16410.0	2522470218072295.5
16420.0	2045094636983482.8
16430.0	1773206395947939.2
16440.0	2372028969798839.0
16450.0	2056597457957776.5
16460.0	1903647143153840.0
16470.0	1810802587176213.2
16480.0	2030097786428302.2
16490.0	2019978335287515.2
16500.0	2222629897276121.0
16510.0	2166569555795591.8
16520.0	2604971608316230.5
16530.0	2342447955162169.0
16540.0	2315504494891740.0
16550.0	2207789133318156.8
16560.0	1537852761901791.5
16570.0	1931795112859878.0
16580.0	1679327931298997.5
16590.0	1696953189676222.5
16600.0	2029513017268381.0
16610.0	2056812239379156.8
16620.0	1742846070303420.5
16630.0	1946211742242989.8
16640.0	2151545479415605.8
16650.0	1921776701327092.0
16660.0	1332533966307095.5
16670.0	1370317551502942.8
16680.0	1011457641184083.0
16690.0	1128874006697082.8
16700.0	1542294091885189.2
16710.0	1062719699851205.4
16720.0	1038982038359816.0
16730.0	1369127897923285.0
16740.0	1634365217348047.0
16750.0	1803222054386694.8
16760.0	2048297613771575.5
16770.0	2057090221527056.5
16780.0	1697681508549106.0
16790.0	2143416438238200.0
16800.0	1996148085667802.8
16810.0	1922099918169313.2
16820.0	2045738487813267.8
16830.0	1651190816651297.8
16840.0	1174344314305383.5
16850.0	1565864136837515.8
16860.0	1369547667141456.5
16870.0	1002558875393615.8
16880.0	1114622182036882.1
16890.0	1009733562480209.6
16900.0	1151430096205158.5
16910.0	955212558749913.8
16920.0	1142797442179173.5
16930.0	1375554379798515.2
16940.0	894247765211273.4
16950.0	1147220627976575.8
16960.0	955742338058235.9
16970.0	666707744082784.4
16980.0	1060250302737439.1
16990.0	1105339748072768.5
17000.0	1113033081587127.8
17010.0	986891763449080.6
17020.0	1441082688423455.0
17030.0	1172744143512432.8
17040.0	901748424936264.0
17050.0	1146748530032771.8
17060.0	1420901252102108.8
17070.0	1157971587996870.8
17080.0	939716865931482.4
17090.0	1234890077063434.8
17100.0	1513875703553938.8
17110.0	817477465082891.4
17120.0	1018207866892654.0
17130.0	1299618488902875.2
17140.0	1100683268625349.6
17150.0	1214851784959525.5
17160.0	1329576503607787.5
17170.0	1524450820478069.2
17180.0	949567099279995.5
17190.0	1012692423891272.2
17200.0	1096650705161107.1
17210.0	869311168392116.8
17220.0	1207306600442485.2
17230.0	915859107542714.4
17240.0	844105316909664.8
17250.0	808939187028089.8
17260.0	1020911435622130.5
17270.0	737025543072284.8
17280.0	879283338935627.8
17290.0	916055036183164.9
17300.0	1077093210968999.2
17310.0	1128288638546616.2
17320.0	685590819619897.0
17330.0	1168898893686111.2
17340.0	1061276574410335.1
17350.0	948301727861859.5
17360.0	955694945070866.5
17370.0	627155001320084.5
17380.0	900860366223469.2
17390.0	1028072703570519.9
17400.0	846523516474820.8
17410.0	695777674948710.2
17420.0	921164616833718.1
17430.0	799140827462913.5
17440.0	740869645905164.4
17450.0	725281446424632.9
17460.0	702333989474408.4
17470.0	513602584136685.56
17480.0	734254967258761.0
17490.0	776593840911894.5
17500.0	781974090315125.8
17510.0	527465272864470.6
17520.0	733973851830494.1
17530.0	957206189526926.2
17540.0	584618897948184.1
17550.0	702758880869557.4
17560.0	514966419933083.3
17570.0	751093050799778.8
17580.0	496991839931540.25
17590.0	761647970228294.1
17600.0	1265627826702067.2
17610.0	531621807314880.7
17620.0	754910444320612.4
17630.0	382157538852705.1
17640.0	965246603815632.8
17650.0	807364413857632.9
17660.0	743389995173418.4
17670.0	541336699096651.94
17680.0	268328260158147.1
17690.0	508444323219440.06
17700.0	474549382314904.75
17710.0	493451610936388.7
17720.0	549055009104217.75
17730.0	341698947815232.8
17740.0	542275580800910.2
17750.0	316783630008983.25
17760.0	289340776069911.06
17770.0	443645707682810.25
17780.0	459503273565523.8
17790.0	463630569905723.94
17800.0	541625078024367.9
17810.0	326521527011913.7
17820.0	461166472510038.7
17830.0	393672327639239.25
17840.0	442969447369663.5
17850.0	260168960047945.62
17860.0	187361252849008.44
17870.0	217837570853104.8
17880.0	405657059280306.94
17890.0	460376699567762.2
17900.0	499184016123636.9
17910.0	189388944759700.12
17920.0	198866238445159.06
17930.0	306298518700117.0
17940.0	221572184608116.78
17950.0	385581149301768.06
17960.0	241177085479095.2
17970.0	319259044094865.94
17980.0	425127599429423.6
17990.0	711071804544529.6
18000.0	133319762123296.72
18010.0	108208846401405.83
18020.0	161091512275025.28
18030.0	233849178949748.8
18040.0	392325456843964.6
18050.0	283534246984784.56
18060.0	60120428183187.81
18070.0	153439847374030.06
18080.0	263553191436450.16
18090.0	179254350614513.3
18100.0	358177218292810.44
18110.0	77376229546952.0
18120.0	235366180329207.28
18130.0	236413989998622.75
18140.0	617838901391277.0
18150.0	321771669658741.56
18160.0	163913903808158.5
18170.0	217987437295227.3
18180.0	281252748383455.7
18190.0	258377912113173.9
18200.0	144138917939126.84
18210.0	114993447692905.5
18220.0	70183614667839.336
18230.0	322122211507007.6
18240.0	667514986210451.2
18250.0	351931685466664.7
18260.0	178732061359149.72
18270.0	214553178130571.72
18280.0	212250370481194.4
18290.0	300671458406807.5
18300.0	295342606188952.5
18310.0	147044781177485.47
18320.0	276310467671228.97
18330.0	147665135749464.8
18340.0	320175605043539.2
18350.0	111621037458779.14
18360.0	172338741255094.94
18370.0	219799158709800.94
18380.0	157040696318065.56
18390.0	224678823749841.6
18400.0	115472163621502.92
18410.0	370150374646899.44
18420.0	57538555881709.38
18430.0	275002373072500.9
18440.0	190683293778541.75
18450.0	376860482513254.5
18460.0	129634806634577.7
18470.0	93002840681886.03
18480.0	133220774999971.2
18490.0	203701486502992.56
18500.0	112170624726628.31
18510.0	228377003215974.3
18520.0	393853486629034.9
18530.0	179879100432272.6
18540.0	105930392389399.62
18550.0	309358816400124.44
18560.0	218170713958568.97
18570.0	91430325280026.3
18580.0	92810522001314.23
18590.0	207088319815635.75
18600.0	60304102303001.875
18610.0	56062027450609.06
18620.0	270576568138562.53
18630.0	143993532683213.75
18640.0	84701017889150.7
18650.0	46783334061854.71
18660.0	265023232835767.75
18670.0	128323395148800.44
18680.0	31369472756629.504
18690.0	174513371833188.47
18700.0	111652911792104.47
18710.0	73593220985568.8
18720.0	215775378757307.72
18730.0	74496935475636.47
18740.0	169926035493130.72
18750.0	196951849640150.44
18760.0	241879002394195.62
18770.0	97767222518026.88
18780.0	213787135446267.22
18790.0	230687132738923.47
18800.0	427225880021724.2
18810.0	146283981681736.47
18820.0	314109731535297.9
18830.0	443540726521986.2
18840.0	295864210310442.94
18850.0	133288595512800.52
18860.0	362982021824514.75
18870.0	340732745895843.94
18880.0	452938610868156.25
18890.0	309393999567276.94
18900.0	226472150802596.56
18910.0	370597627576444.44
18920.0	158399858453204.75
18930.0	313427493298164.25
18940.0	312690899046239.5
18950.0	524524202175966.4
18960.0	405432312284050.9
18970.0	539953602949572.3
18980.0	217537813015772.9
18990.0	295093891908963.3
19000.0	305220862490757.8
19010.0	227264496692626.84
19020.0	501633676090816.2
19030.0	235745890762437.3
19040.0	350166141864048.94
19050.0	275299310992121.53
19060.0	161754833256250.78
19070.0	197185481705493.94
19080.0	642083682001380.4
19090.0	464616188549723.75
19100.0	430999513957447.6
19110.0	186314828252668.6
19120.0	238906980391280.22
19130.0	345386221125335.9
19140.0	154711126402945.3
19150.0	402358029053608.9
19160.0	302546923788680.5
19170.0	262425951518037.53
19180.0	483589661140261.5
19190.0	662838909207128.0
19200.0	113471086071805.0
19210.0	113462158386678.62
19220.0	386501833851003.9
19230.0	427862768334983.0
19240.0	92642718668780.89
19250.0	359827089570529.0
19260.0	349070168813791.44
19270.0	141841001117494.38
19280.0	329047842868118.56
19290.0	196511270586993.38
19300.0	310496164367064.56
19310.0	131415310908828.64
19320.0	245143977704540.94
19330.0	243165308563915.9
19340.0	143039403743071.66
19350.0	244331164852171.56
19360.0	146715528279782.4
19370.0	241814740993889.5
19380.0	223733391372602.0
19390.0	132797905791214.78
19400.0	109920371595413.39
19410.0	61992633387661.27
19420.0	229070240809665.56
19430.0	305390681897796.1
19440.0	205827040262484.78
19450.0	125938654136580.88
19460.0	220043454437091.03
19470.0	292949353492514.56
19480.0	101778832256744.38
19490.0	124788114639016.92
19500.0	233162894182673.1
19510.0	412299107411445.25
19520.0	294939545007566.7
19530.0	110157386604873.8
19540.0	205635077196263.88
19550.0	149723653689689.28
19560.0	127891762036148.69
19570.0	233415828932240.44
19580.0	214565526688761.8
19590.0	323898077858015.8
19600.0	258707748387118.22
19610.0	188976971909009.88
19620.0	191993797193690.28
19630.0	218323114221081.5
19640.0	330600591549061.25
19650.0	216748451355959.7
19660.0	243368077086233.9
19670.0	332246123584350.2
19680.0	171320920783515.12
19690.0	294973094942208.3
19700.0	334106089594807.94
19710.0	188394703668519.2
19720.0	370116667999416.06
19730.0	328583938802365.6
19740.0	210277848362623.3
19750.0	284995433242280.25
19760.0	161494222890737.47
19770.0	489321755358681.06
19780.0	310472398777626.44
19790.0	413202453932230.6
19800.0	171899909669776.1
19810.0	391688889830946.25
19820.0	246380140603603.8
19830.0	312140355564112.6
19840.0	303389223674679.6
19850.0	410784159113914.94
19860.0	392283826763753.5
19870.0	508285149174654.4
19880.0	276267520298271.38
19890.0	340913496909000.6
19900.0	169766226746666.72
19910.0	380736429642975.25
19920.0	322438302490596.25
19930.0	453275216525576.75
19940.0	498441263741592.3
19950.0	359839356235454.1
19960.0	448876159529035.1
19970.0	401964236049385.44
19980.0	237387448224575.72
19990.0	534816202887775.1
20000.0	289694008050502.7
20010.0	367132706164669.9
20020.0	390448052112727.3
20030.0	399438951076256.0
20040.0	512052010536441.0
20050.0	374836753960399.75
20060.0	318274727932014.44
20070.0	317688746011412.2
20080.0	665539546612050.8
20090.0	249147199168975.7
20100.0	409994175817705.2
20110.0	424615765748244.94
20120.0	531325191585211.2
20130.0	402961615883028.7
20140.0	556418646370642.7
20150.0	528308039480869.6
20160.0	389589613552891.9
20170.0	306572155079545.56
20180.0	475513205704183.8
20190.0	420890967115361.06
20200.0	360043297484998.1
20210.0	416282738143402.4
20220.0	561270385344494.44
20230.0	554957197359196.0
20240.0	682982577882091.8
20250.0	499311978800386.2
20260.0	413835524223791.9
20270.0	588748177695088.0
20280.0	518787598992249.4
20290.0	363761104512707.7
20300.0	643837983284340.5
20310.0	413735131408084.75
20320.0	739940524955530.6
20330.0	526779981531291.56
20340.0	541218346269318.2
20350.0	724061936238307.0
20360.0	560851199477494.56
20370.0	852144179478295.6
20380.0	701010763865908.6
20390.0	681647118215367.1
20400.0	456989270868464.25
20410.0	522464423075057.44
20420.0	773771606295390.0
20430.0	876224910035362.6
20440.0	603439728461422.9
20450.0	618451115249789.6
20460.0	709642823402180.4
20470.0	899073465051659.5
20480.0	965257822169475.2
20490.0	651826644810884.1
20500.0	741370857375758.6
20510.0	963272631286053.1
20520.0	576945553824267.5
20530.0	737771111025519.9
20540.0	658499652366423.0
20550.0	793781377016289.5
20560.0	751005131528240.0
20570.0	926335798507252.4
20580.0	961966776605928.8
20590.0	952145184126811.9
20600.0	996362997190760.4
20610.0	780455224428313.6
20620.0	820763388251234.6
20630.0	854195581315270.2
20640.0	652542582603186.9
20650.0	945825375169273.5
20660.0	897899282480480.6
20670.0	976263143388322.9
20680.0	855979418434779.8
20690.0	839414096030656.9
20700.0	884968225178949.2
20710.0	880155730637951.6
20720.0	833657028813319.4
20730.0	907387516942957.5
20740.0	974590130764649.8
20750.0	882337159267028.4
20760.0	886759295428165.5
20770.0	881895453303042.2
20780.0	952425718578655.5
20790.0	987523607259336.5
20800.0	931106046543625.5
20810.0	915492459904702.1
20820.0	947485702680193.0
20830.0	906596916012694.6
20840.0	919455588638034.0
20850.0	920329332417108.0
20860.0	981474718320343.0
20870.0	857886588701308.0
20880.0	1013631645231535.9
20890.0	936561364180296.5
20900.0	927682283948208.1
20910.0	1080324022436793.0
20920.0	883196099482401.0
20930.0	1004686866880268.5
20940.0	901199934210194.2
20950.0	914019354106482.0
20960.0	1036887626758097.9
20970.0	905773364066859.1
20980.0	1024954260383233.2
20990.0	921602597780200.5
21000.0	1012488703980490.5
21010.0	988050471788764.4
21020.0	912908361382492.4
21030.0	1004473737427043.8
21040.0	884840334181925.0
21050.0	964003713239487.2
21060.0	993036763844662.5
21070.0	1002387604768925.8
21080.0	1003486937376054.0
21090.0	963808316711054.2
21100.0	891460659923505.0
21110.0	1050620686718460.2
21120.0	925320674342918.0
21130.0	953710890651198.6
21140.0	1047242164997482.4
21150.0	982669671452192.5
21160.0	963485988408623.6
21170.0	976623874741591.6
21180.0	812352778094407.6
21190.0	927653554812114.6
21200.0	889222569764612.6
21210.0	1017962371151718.0
21220.0	1001948342234722.5
21230.0	984641497755174.9
21240.0	914221940711293.0
21250.0	971590287888299.9
21260.0	1039742541580162.6
21270.0	990218428383774.6
21280.0	904279055060593.9
21290.0	956651923436727.2
21300.0	854428343702340.0
21310.0	929258276965316.1
21320.0	967368435462651.2
21330.0	967854691250303.4
21340.0	977317374129820.5
21350.0	1026431247728303.5
21360.0	948923250082278.9
21370.0	855153903874223.1
21380.0	950008199607052.1
21390.0	942131228213496.9
21400.0	928263721887435.6
21410.0	895739283186437.2
21420.0	811668832736327.6
21430.0	846965970592386.4
21440.0	963635303395456.0
21450.0	914268619746769.4
21460.0	922853237859883.9
21470.0	793941302238184.9
21480.0	927546947627976.0
21490.0	884965167253121.0
21500.0	919218781281768.8
21510.0	800813667244052.6
21520.0	781735936731654.8
21530.0	889812383708943.4
21540.0	906414195693545.6
21550.0	834339672921299.6
21560.0	801243094023770.5
21570.0	896743887587840.6
21580.0	873536578650916.0
21590.0	838310258081245.1
21600.0	852735632145278.0
21610.0	731563079864409.8
21620.0	861560674828642.1
21630.0	804075888846045.8
21640.0	884937671369276.1
21650.0	838063471484704.2
21660.0	799653922072051.2
21670.0	676667513439228.6
21680.0	838937131316817.1
21690.0	810485328272087.6
21700.0	794289204449609.4
21710.0	852767226870671.0
21720.0	833624700833291.2
21730.0	654684902675038.2
21740.0	772845474994349.4
21750.0	790655293516303.1
21760.0	736880160324804.1
21770.0	813457770102729.6
21780.0	685468257918277.4
21790.0	718678473791876.0
21800.0	725866838537970.9
21810.0	781625459196126.4
21820.0	780021189702635.9
21830.0	737162143344952.8
21840.0	663021866548442.1
21850.0	649758214674321.8
21860.0	731243736669247.0
21870.0	642861490361122.5
21880.0	680499271714332.8
21890.0	688584042382999.8
21900.0	583971192831514.5
21910.0	639472897939493.6
21920.0	657469413028619.0
21930.0	592977698410343.5
21940.0	589957191798077.9
21950.0	519470883956015.2
21960.0	460967868899832.56
21970.0	498229441484638.2
21980.0	422526505960408.4
21990.0	358614194768807.2
22000.0	332597661778400.1
22010.0	390679633204733.8
22020.0	265802318294197.38
22030.0	359950964935602.8
22040.0	420336418148291.25
22050.0	210979116107354.34
22060.0	303229864390613.8
22070.0	311480887258803.7
22080.0	328054017545435.9
22090.0	371009233063891.06
22100.0	375516290668382.5
22110.0	391079965939334.1
22120.0	433287334284896.6
22130.0	415589817248190.7
22140.0	409694816473965.2
22150.0	480993355571351.7
22160.0	459358629761500.6
22170.0	494546345560364.2
22180.0	413751346553514.0
22190.0	457376279654136.56
22200.0	457915677355702.0
22210.0	404266481462801.06
22220.0	402544792877437.7
22230.0	428152381356308.56
22240.0	441555277194794.4
22250.0	445955024565694.0
22260.0	495296851753348.8
22270.0	347310451408439.94
22280.0	308558052819564.9
22290.0	478343501983073.25
22300.0	455224381762826.4
22310.0	335511168951413.8
22320.0	363761894597507.0
22330.0	419960935035950.6
22340.0	392812875488488.9
22350.0	430374978899571.25
22360.0	342613584466713.75
22370.0	382092695203155.75
22380.0	331677870760161.8
22390.0	377947405778694.94
22400.0	358282342370938.56
22410.0	321985038617123.9
22420.0	338089348210119.06
22430.0	317269493547537.06
22440.0	285325729154775.06
22450.0	375226167473755.4
22460.0	264631777041857.3
22470.0	205639913235092.4
22480.0	364211448829820.6
22490.0	261321374517793.4
22500.0	317615890424704.6
22510.0	284014253416765.8
22520.0	290133359041948.6
22530.0	307598758114929.5
22540.0	331112095692576.1
22550.0	303376729799414.06
22560.0	253696874024589.94
22570.0	270772244956406.44
22580.0	277183669540797.03
22590.0	384717515471455.94
22600.0	228208774936654.7
22610.0	287035720320457.4
22620.0	268751879551290.8
22630.0	410148859368371.06
22640.0	251456198778806.56
22650.0	243476474880754.12
22660.0	333831786348729.0
22670.0	331923638513602.0
22680.0	247345253798936.38
22690.0	229511873425358.4
22700.0	286548756679418.44
22710.0	361391917168942.25
22720.0	192229099200946.34
22730.0	311967195545228.6
22740.0	321578434182376.0
22750.0	290472759606246.3
22760.0	234236594447964.88
22770.0	332311017841597.5
22780.0	256289022618597.25
22790.0	302078855704703.56
22800.0	264618265486263.16
22810.0	282143561814648.6
22820.0	288269960743476.1
22830.0	215932613190009.44
22840.0	230671706606969.12
22850.0	252075972718121.22
22860.0	263818383077148.03
22870.0	194006377499743.38
22880.0	279026709285866.72
22890.0	230429544151172.5
22900.0	212427526812876.62
22910.0	216940579817841.12
22920.0	170787862208444.75
22930.0	227807881757495.38
22940.0	146769037886560.12
22950.0	163206993732674.4
22960.0	140471573958186.48
22970.0	183492009528591.34
22980.0	134976606331820.81
22990.0	166304297170556.12
23000.0	205796954051129.62
23010.0	153991559379501.84
23020.0	252414029732226.97
23030.0	152945496283570.78
23040.0	185450047414013.97
23050.0	205190270717510.66
23060.0	199601418059431.72
23070.0	231285854836609.03
23080.0	222309735702466.72
23090.0	234717323574027.66
23100.0	203470786756394.5
23110.0	241023384349874.84
23120.0	231956114669393.03
23130.0	294809727834600.44
23140.0	242530080735863.47
23150.0	209419362397892.44
23160.0	155083247455649.03
23170.0	119731818613974.73
23180.0	104031327834999.47
23190.0	91900762020163.84
23200.0	106659014856085.88
23210.0	134997101142125.33
23220.0	117631340461900.1
23230.0	117241442965554.42
23240.0	108794702666997.16
23250.0	85222919698585.38
23260.0	152768290424423.44
23270.0	115350306057748.92
23280.0	136127746375517.88
23290.0	128707466561712.27
23300.0	118545548070791.64
23310.0	142806585030034.28
23320.0	111203338490124.38
23330.0	199902510473437.12
23340.0	101394652318020.6
23350.0	118187864558573.34
23360.0	123350978939504.56
23370.0	139618208955074.69
23380.0	167431800935000.66
23390.0	130952418857958.52
23400.0	138949473478114.89
23410.0	125183688401876.47
23420.0	222761092324068.94
23430.0	144254505230481.94
23440.0	194427412376714.56
23450.0	86968930603240.0
23460.0	188387530653922.03
23470.0	207523535359095.62
23480.0	137326993763282.4
23490.0	162535939457131.38
23500.0	194000088874980.9
23510.0	133218858836914.28
23520.0	83552003655042.25
23530.0	186702231936157.56
23540.0	140585320246537.2
23550.0	220602392970176.2
23560.0	120313858540803.33
23570.0	224679176546976.53
23580.0	151826773353694.12
23590.0	133818946598606.28
23600.0	233831284210007.9
23610.0	160914662013354.38
23620.0	204149336938690.4
23630.0	148280202795100.56
23640.0	199978582242694.44
23650.0	193575374099525.56
23660.0	201701851414344.16
23670.0	188311055948663.94
23680.0	168342310150637.47
23690.0	209628322159442.75
23700.0	144312176403177.28
23710.0	68667774515484.35
23720.0	142865753729901.28
23730.0	107299755734382.23
23740.0	168909078655343.28
23750.0	167080236892645.88
23760.0	136175641753900.23
23770.0	160015807523417.84
23780.0	117002496274356.3
23790.0	149761190112226.4
23800.0	168609719707877.97
23810.0	108640380511417.84
23820.0	166521652426936.84
23830.0	131717218467303.4
23840.0	80159509393439.53
23850.0	191426953516797.78
23860.0	143469752257947.75
23870.0	145398549388471.66
23880.0	217543878896874.16
23890.0	166159478541121.22
23900.0	223822386755332.84
23910.0	189231270401877.12
23920.0	116524395708982.02
23930.0	212465550792665.0
23940.0	223531445847218.9
23950.0	164124289823283.8
23960.0	201257462484320.25
23970.0	194385642374475.44
23980.0	150587065459236.56
23990.0	290423074641927.1
24000.0	270423903679966.72
24010.0	172056926488327.97
24020.0	237987288116926.38
24030.0	266440660372523.84
24040.0	172582272653188.25
24050.0	319073750340601.3
24060.0	278995583170655.38
24070.0	224313686068984.47
24080.0	160017968016382.75
24090.0	232372155940193.9
24100.0	182256790006060.7
24110.0	278308651943007.8
24120.0	234706011772521.03
24130.0	272234162531835.5
24140.0	141595908519715.84
24150.0	324299180799866.25
24160.0	184905639028106.4
24170.0	222244238114370.8
24180.0	233143401797653.84
24190.0	129221890109244.92
24200.0	193184317323862.56
24210.0	335322559176666.8
24220.0	258387113024637.88
24230.0	169779212250318.6
24240.0	199627857523093.34
24250.0	240197734101889.62
24260.0	228644718397373.44
24270.0	223247966683597.06
24280.0	180277485027423.62
24290.0	261301463538780.56
24300.0	253431644980688.0
24310.0	205496169363398.06
24320.0	322420016716513.06
24330.0	232182541828312.53
24340.0	199183962344909.66
24350.0	184734446142065.88
24360.0	170807155373976.47
24370.0	151079303035966.1
24380.0	264428356762536.56
24390.0	340146645752235.3
24400.0	300397047243830.1
24410.0	254558977960767.9
24420.0	267708255763701.28
24430.0	234730886303934.1
24440.0	207090448944211.6
24450.0	259629210394021.88
24460.0	167109948551035.72
24470.0	206770438294199.6
24480.0	154263993747712.75
24490.0	286649166206522.5
24500.0	244266490772635.5
24510.0	222794229062590.56
24520.0	202453057605796.56
24530.0	173475996048915.94
24540.0	134702799726526.39
24550.0	252291341792151.75
24560.0	273922246678905.4
24570.0	265373744978963.75
24580.0	309143605171118.7
24590.0	248314616720427.47
24600.0	269630866553575.56
24610.0	133454290522093.77
24620.0	296783665097171.75
24630.0	154629523223843.66
24640.0	341502465536197.75
24650.0	391216139194084.44
24660.0	249102636716474.06
24670.0	250172130792628.3
24680.0	124981976170656.6
24690.0	178479749811664.78
24700.0	257203629725332.4
24710.0	239804701978083.16
24720.0	174005464543908.47
24730.0	175302609612791.75
24740.0	187206022520420.84
24750.0	124076840832198.56
24760.0	147886465107703.38
24770.0	315704601473273.44
24780.0	191158181110714.62
24790.0	87104161684249.86
24800.0	241878289556626.1
24810.0	233940742577139.3
24820.0	126912427153854.02
24830.0	122045361408040.3
24840.0	204421213051566.4
24850.0	341395005118342.06
24860.0	276815648239512.7
24870.0	188480964830018.78
24880.0	123074225740392.44
24890.0	93880322576161.17
24900.0	72099428221570.77
24910.0	81555489770028.22
24920.0	249447072561485.34
24930.0	168060568605417.1
24940.0	332467133851516.1
24950.0	187578391285544.12
24960.0	199156249549183.62
24970.0	113198637524394.84
24980.0	56359440322749.86
24990.0	169091020105244.78
