# Flux units: erg / (cm m2 s)
# Wavelength units: Angstrom
wave	flux
7000.0	4233438249.9999995
7010.0	4371072249.999999
7020.0	4502274999.999999
7030.0	4641187999.999999
7040.0	4784623249.999999
7050.0	4929471249.999998
7060.0	5080395749.999999
7070.0	5228487499.999998
7080.0	5390087999.999998
7090.0	5546596999.999998
7100.0	5707982749.999998
7110.0	5888099749.999999
7120.0	6065746249.999998
7130.0	6240566249.999998
7140.0	6417556999.999998
7150.0	6617493499.999997
7160.0	6800436499.999998
7170.0	6937946999.999998
7180.0	7184128499.999998
7190.0	7418054749.999998
7200.0	7641711999.999998
7210.0	7853738499.999998
7220.0	8079966999.999998
7230.0	8315876749.999999
7240.0	8543990749.999997
7250.0	8811512249.999998
7260.0	9053022499.999996
7270.0	9314372249.999996
7280.0	9563094499.999996
7290.0	9847386499.999996
7300.0	10108085749.999998
7310.0	10367042499.999996
7320.0	10690182499.999998
7330.0	11010622499.999998
7340.0	11300187499.999996
7350.0	11575982499.999998
7360.0	11934712499.999998
7370.0	12229929999.999996
7380.0	12608430000.0
7390.0	12969712499.999996
7400.0	13325862499.999996
7410.0	13652907499.999996
7420.0	14047099999.999998
7430.0	14439277499.999996
7440.0	14818930000.0
7450.0	15225827499.999998
7460.0	15647447499.999994
7470.0	16064129999.999996
7480.0	16485982499.999998
7490.0	16937324999.999996
7500.0	17392759999.999996
7510.0	17850007499.999992
7520.0	18324440000.0
7530.0	18809254999.999996
7540.0	19305572499.999996
7550.0	19813692499.999996
7560.0	20333410000.0
7570.0	20862684999.999992
7580.0	21403157499.999992
7590.0	21959907499.999996
7600.0	22527490000.0
7610.0	23109442499.999996
7620.0	23701469999.999996
7630.0	24310539999.999992
7640.0	24929422499.999992
7650.0	25560367499.999992
7660.0	26200157499.999992
7670.0	26853697499.999996
7680.0	27554487499.999996
7690.0	28249279999.999992
7700.0	28934707499.999992
7710.0	29681787499.999992
7720.0	30427912499.99999
7730.0	31186877499.99999
7740.0	31960174999.999992
7750.0	32753054999.999996
7760.0	33560739999.99999
7770.0	34388359999.99999
7780.0	35229677499.99999
7790.0	36090592499.99999
7800.0	36970342499.999985
7810.0	37876394999.999985
7820.0	38791029999.999985
7830.0	39731174999.99999
7840.0	40692197499.99999
7850.0	41674317499.99999
7860.0	42667392499.999985
7870.0	43679517499.99999
7880.0	44704607499.99999
7890.0	45752822499.999985
7900.0	46822079999.99999
7910.0	47984874999.999985
7920.0	49127884999.999985
7930.0	50273872499.999985
7940.0	51455579999.999985
7950.0	52662049999.99999
7960.0	53880207499.999985
7970.0	55143297499.999985
7980.0	56388529999.99998
7990.0	57716757499.99999
8000.0	59013937499.99998
8010.0	60407874999.999985
8020.0	61794574999.999985
8030.0	63152387499.99998
8040.0	64661699999.999985
8050.0	66120612499.99999
8060.0	67625737499.999985
8070.0	69140289999.99997
8080.0	70731389999.99997
8090.0	72256122499.99998
8100.0	73804487499.99997
8110.0	74854147499.99998
8120.0	76985854999.99997
8130.0	78933342499.99998
8140.0	80219002499.99998
8150.0	81539989999.99998
8160.0	84277964999.99997
8170.0	86185539999.99997
8180.0	87005014999.99998
8190.0	89815232499.99998
8200.0	91783812499.99995
8210.0	93961347499.99997
8220.0	96032277499.99997
8230.0	96707484999.99998
8240.0	99630477499.99995
8250.0	102373249999.99997
8260.0	104456399999.99998
8270.0	106169725000.0
8280.0	109130024999.99997
8290.0	111292149999.99997
8300.0	113760424999.99998
8310.0	115738474999.99998
8320.0	118330999999.99997
8330.0	121144799999.99998
8340.0	123713124999.99998
8350.0	126359074999.99995
8360.0	128868774999.99995
8370.0	131575924999.99995
8380.0	134314649999.99995
8390.0	136941099999.99995
8400.0	139752024999.99997
8410.0	142953924999.99994
8420.0	145958774999.99997
8430.0	148861749999.99997
8440.0	151836774999.99994
8450.0	154903274999.99997
8460.0	158008224999.99994
8470.0	160883574999.99997
8480.0	164591249999.99997
8490.0	167861149999.99994
8500.0	171443424999.99997
8510.0	174898174999.99994
8520.0	178321899999.99997
8530.0	181984699999.99997
8540.0	185499049999.99994
8550.0	189309349999.99994
8560.0	193056899999.99997
8570.0	196871049999.99994
8580.0	200783399999.99997
8590.0	204709149999.99997
8600.0	208775625000.0
8610.0	212810274999.99994
8620.0	216831024999.99997
8630.0	220997450000.0
8640.0	225254724999.99997
8650.0	229593149999.99994
8660.0	234286574999.99994
8670.0	238811149999.99988
8680.0	243384924999.9999
8690.0	248091724999.99997
8700.0	252715949999.99997
8710.0	257604749999.99994
8720.0	262481625000.0
8730.0	267549924999.99997
8740.0	272392024999.9999
8750.0	277767924999.99994
8760.0	282969174999.9999
8770.0	288251800000.0
8780.0	293765899999.9999
8790.0	299165324999.99994
8800.0	304808099999.9999
8810.0	310297524999.9999
8820.0	316167374999.99994
8830.0	322089324999.9999
8840.0	327715324999.99994
8850.0	334046174999.99994
8860.0	339912374999.99994
8870.0	346397099999.99994
8880.0	352523599999.9999
8890.0	359052049999.99994
8900.0	365532799999.9999
8910.0	369432449999.99994
8920.0	374695524999.99994
8930.0	382403199999.9999
8940.0	390690124999.9999
8950.0	399190149999.99994
8960.0	405554374999.99994
8970.0	394673524999.99994
8980.0	419534525000.0
8990.0	407365799999.9999
9000.0	435453224999.9999
9010.0	433656624999.9999
9020.0	451827824999.9999
9030.0	459338599999.99994
9040.0	467419774999.9998
9050.0	475190799999.9998
9060.0	483739374999.9999
9070.0	492223924999.9998
9080.0	500425874999.9999
9090.0	507880599999.9999
9100.0	516484049999.99994
9110.0	526490099999.9998
9120.0	536731149999.99994
9130.0	545686824999.9999
9140.0	554526349999.9998
9150.0	559935424999.9999
9160.0	566542049999.9999
9170.0	579400099999.9999
9180.0	592897099999.9999
9190.0	599182649999.9998
9200.0	604905949999.9998
9210.0	618057024999.9998
9220.0	630889249999.9998
9230.0	645386924999.9999
9240.0	655993300000.0
9250.0	662578874999.9999
9260.0	661218524999.9999
9270.0	674042624999.9999
9280.0	669792349999.9999
9290.0	638011449999.9999
9300.0	706308699999.9998
9310.0	634205774999.9998
9320.0	738420349999.9998
9330.0	694817224999.9998
9340.0	634108699999.9998
9350.0	614239044999.9999
9360.0	658303975000.0
9370.0	632139474999.9999
9380.0	793120174999.9999
9390.0	819246799999.9998
9400.0	839556274999.9998
9410.0	850533774999.9999
9420.0	856800649999.9999
9430.0	885765349999.9999
9440.0	900548799999.9996
9450.0	909905399999.9996
9460.0	899491224999.9998
9470.0	795167974999.9999
9480.0	939366124999.9998
9490.0	955153349999.9995
9500.0	796996699999.9998
9510.0	982635324999.9999
9520.0	980653449999.9996
9530.0	992888199999.9998
9540.0	1048305499999.9999
9550.0	1046991299999.9999
9560.0	915825449999.9999
9570.0	1082976224999.9996
9580.0	1098182174999.9998
9590.0	1129188999999.9998
9600.0	1046342499999.9999
9610.0	1168209249999.9995
9620.0	1028845649999.9998
9630.0	1200381999999.9998
9640.0	1185164249999.9998
9650.0	1208525249999.9993
9660.0	1248629499999.9998
9670.0	1256488499999.9998
9680.0	1301279499999.9995
9690.0	1312973499999.9998
9700.0	1336312249999.9998
9710.0	1350855749999.9998
9720.0	1348132499999.9995
9730.0	1377289249999.9998
9740.0	1403019999999.9995
9750.0	1393222499999.9998
9760.0	1455407249999.9995
9770.0	1477372749999.9998
9780.0	1502257499999.9998
9790.0	1512719999999.9998
9800.0	1515102249999.9998
9810.0	1565660749999.9998
9820.0	1597870249999.9998
9830.0	1617926999999.9995
9840.0	1642255999999.9998
9850.0	1657995249999.9998
9860.0	1674213499999.9995
9870.0	1713597750000.0
9880.0	1723720999999.9998
9890.0	1752979250000.0
9900.0	1786154499999.9998
9910.0	1819849999999.9995
9920.0	1838460749999.9998
9930.0	1865033249999.9998
9940.0	1882931249999.9995
9950.0	1924267499999.9993
9960.0	1946590249999.9993
9970.0	1979010749999.9993
9980.0	2006308499999.9993
9990.0	2031652999999.9995
10000.0	2055178999999.9993
10010.0	2083172249999.999
10020.0	2114154999999.9998
10030.0	2142337999999.9995
10040.0	2166913749999.9995
10050.0	2201761749999.9995
10060.0	2230254499999.9995
10070.0	2261069999999.999
10080.0	2286229999999.9995
10090.0	2319686499999.9995
10100.0	2352884999999.999
10110.0	2382993249999.999
10120.0	2412124999999.999
10130.0	2445801499999.9995
10140.0	2478382499999.9995
10150.0	2511530999999.9995
10160.0	2544315749999.9995
10170.0	2577880499999.999
10180.0	2609248499999.9995
10190.0	2644725249999.9995
10200.0	2679388999999.9995
10210.0	2713818749999.999
10220.0	2749196249999.999
10230.0	2784698499999.9995
10240.0	2819801499999.9995
10250.0	2855522499999.9995
10260.0	2892318749999.9995
10270.0	2930104499999.999
10280.0	2967038249999.9995
10290.0	3004712499999.9995
10300.0	3042570499999.9995
10310.0	3080351749999.999
10320.0	3117808999999.9995
10330.0	3158149499999.9985
10340.0	3198549499999.999
10350.0	3238342499999.9995
10360.0	3278862749999.999
10370.0	3319713249999.9995
10380.0	3360301249999.999
10390.0	3401813249999.9985
10400.0	3444296749999.9995
10410.0	3486606499999.999
10420.0	3529598749999.9985
10430.0	3572607499999.9985
10440.0	3616099999999.9985
10450.0	3660331749999.9985
10460.0	3704911499999.999
10470.0	3749821249999.999
10480.0	3795598999999.999
10490.0	3841093749999.999
10500.0	3886270249999.999
10510.0	3934575249999.9985
10520.0	3980730499999.999
10530.0	4028357250000.0
10540.0	4077747499999.998
10550.0	4126152499999.999
10560.0	4175420999999.999
10570.0	4225154749999.9985
10580.0	4274668749999.998
10590.0	4323945749999.999
10600.0	4358867499999.9985
10610.0	4427321249999.999
10620.0	4481674749999.999
10630.0	4547800999999.999
10640.0	4603232999999.998
10650.0	4655032999999.999
10660.0	4710694500000.0
10670.0	4750801249999.998
10680.0	4809337000000.0
10690.0	4874702499999.998
10700.0	4917875749999.997
10710.0	4984915750000.0
10720.0	5040644249999.998
10730.0	5102966249999.998
10740.0	5154777000000.0
10750.0	5218954499999.998
10760.0	5279462499999.998
10770.0	5333257499999.999
10780.0	5373043249999.999
10790.0	5457824749999.997
10800.0	5510005249999.999
10810.0	5581703249999.998
10820.0	5644523499999.999
10830.0	5708531749999.999
10840.0	5769926999999.999
10850.0	5835726750000.0
10860.0	5897657249999.998
10870.0	5941913499999.999
10880.0	6031460999999.999
10890.0	6097294249999.998
10900.0	6127554249999.999
10910.0	6217411999999.999
10920.0	6268478499999.999
10930.0	6320044749999.998
10940.0	6374631499999.999
10950.0	6477286999999.998
10960.0	6496897249999.997
10970.0	6574523749999.998
10980.0	6523616249999.997
10990.0	6603968999999.998
11000.0	6815779999999.998
11010.0	6411153249999.998
11020.0	6872457749999.999
11030.0	6613912749999.998
11040.0	7029208249999.999
11050.0	7060174499999.999
11060.0	7127298499999.998
11070.0	7180000249999.997
11080.0	7246227499999.999
11090.0	7515287999999.998
11100.0	7550096499999.998
11110.0	7504662749999.998
11120.0	7678204500000.0
11130.0	7627227249999.998
11140.0	7792476499999.997
11150.0	6328670499999.998
11160.0	7108887999999.999
11170.0	6952112999999.998
11180.0	8057546749999.998
11190.0	7170869499999.998
11200.0	5619074350000.0
11210.0	8162764299999.999
11220.0	6994090149999.999
11230.0	8151112950000.0
11240.0	7105592999999.997
11250.0	7173851125000.0
11260.0	7778808874999.999
11270.0	7406586499999.997
11280.0	8894667250000.0
11290.0	9137396999999.998
11300.0	9030980749999.998
11310.0	8644269499999.998
11320.0	9447778249999.998
11330.0	9441867499999.998
11340.0	9147346999999.998
11350.0	6607316249999.998
11360.0	9072173999999.996
11370.0	9751442999999.998
11380.0	9799614749999.998
11390.0	10015361749999.998
11400.0	10224595249999.996
11410.0	10236390999999.998
11420.0	9188157499999.996
11430.0	9998759999999.998
11440.0	9530305749999.998
11450.0	10383153249999.998
11460.0	10350642499999.998
11470.0	10781488749999.996
11480.0	8953878750000.0
11490.0	10735321499999.996
11500.0	7717433000000.0
11510.0	11403764999999.998
11520.0	11440835499999.998
11530.0	11347920999999.996
11540.0	10905219999999.996
11550.0	10921186999999.998
11560.0	11714053499999.996
11570.0	11003930499999.996
11580.0	11221146999999.998
11590.0	12218764999999.996
11600.0	10687828999999.998
11610.0	12210099499999.998
11620.0	12645792499999.996
11630.0	12575756749999.996
11640.0	9849760249999.996
11650.0	12572377499999.996
11660.0	11606448499999.996
11670.0	13185164999999.994
11680.0	13268862499999.998
11690.0	13126377499999.996
11700.0	12429851499999.998
11710.0	13406009999999.996
11720.0	13888957499999.996
11730.0	11292629999999.996
11740.0	13443437499999.994
11750.0	13947684999999.994
11760.0	14331734999999.996
11770.0	14478529999999.998
11780.0	14236682499999.998
11790.0	14815844999999.998
11800.0	14568047499999.996
11810.0	14822239999999.996
11820.0	14280527499999.996
11830.0	15362809999999.996
11840.0	15497147499999.998
11850.0	15007697499999.998
11860.0	15515969999999.998
11870.0	15840877499999.996
11880.0	15985804999999.996
11890.0	16163137499999.994
11900.0	16275742499999.996
11910.0	16535627499999.992
11920.0	16661709999999.996
11930.0	16818964999999.994
11940.0	16846199999999.996
11950.0	17131474999999.998
11960.0	17246027500000.0
11970.0	17402764999999.998
11980.0	17180372499999.996
11990.0	17140714999999.996
12000.0	17904052499999.996
12010.0	18061562499999.992
12020.0	17985347499999.996
12030.0	18290579999999.992
12040.0	18299747499999.996
12050.0	18694457499999.992
12060.0	18847754999999.996
12070.0	18995252499999.996
12080.0	19159057499999.996
12090.0	19274664999999.992
12100.0	19492654999999.996
12110.0	19650357499999.996
12120.0	19583844999999.996
12130.0	19913042499999.996
12140.0	19858750000000.0
12150.0	20117485000000.0
12160.0	20480984999999.996
12170.0	20682384999999.996
12180.0	20831257499999.996
12190.0	21048264999999.992
12200.0	21087344999999.992
12210.0	21365304999999.992
12220.0	21484042499999.992
12230.0	21701897499999.996
12240.0	21822407499999.996
12250.0	22084059999999.996
12260.0	22262094999999.992
12270.0	22465202499999.996
12280.0	22615142499999.996
12290.0	22605992499999.996
12300.0	23012004999999.992
12310.0	23095534999999.996
12320.0	23374899999999.996
12330.0	23505652499999.992
12340.0	23784047499999.992
12350.0	23987192499999.992
12360.0	24159727499999.996
12370.0	24318404999999.992
12380.0	24566817499999.99
12390.0	24736932499999.992
12400.0	24952229999999.992
12410.0	25133529999999.996
12420.0	25349904999999.992
12430.0	25547679999999.996
12440.0	25761072499999.996
12450.0	25968169999999.992
12460.0	26150999999999.992
12470.0	26357847499999.996
12480.0	26577157499999.992
12490.0	26773004999999.996
12500.0	26982582499999.992
12510.0	27202009999999.99
12520.0	27418484999999.996
12530.0	27635107499999.99
12540.0	27604132499999.992
12550.0	28046554999999.996
12560.0	28258197499999.996
12570.0	28489989999999.992
12580.0	28716962499999.992
12590.0	28922532499999.992
12600.0	29143822500000.0
12610.0	29384159999999.996
12620.0	29602687499999.996
12630.0	29828825000000.0
12640.0	30044399999999.996
12650.0	30266952499999.996
12660.0	30491142499999.996
12670.0	30716254999999.992
12680.0	30965559999999.992
12690.0	31210349999999.992
12700.0	31422467499999.992
12710.0	31546047499999.996
12720.0	31721157499999.99
12730.0	32089472499999.992
12740.0	32297677499999.992
12750.0	32626745000000.0
12760.0	32753787499999.984
12770.0	33101549999999.99
12780.0	33345629999999.992
12790.0	33586419999999.99
12800.0	33731332499999.992
12810.0	34000947499999.99
12820.0	34302482499999.996
12830.0	34221432499999.996
12840.0	34811452499999.992
12850.0	34621874999999.996
12860.0	35336479999999.99
12870.0	35533309999999.984
12880.0	35827657499999.99
12890.0	36011132499999.984
12900.0	36201139999999.984
12910.0	36375784999999.984
12920.0	36526057499999.99
12930.0	36901249999999.984
12940.0	37259247499999.99
12950.0	36031964999999.99
12960.0	36661912499999.99
12970.0	37837014999999.984
12980.0	38451734999999.99
12990.0	37706129999999.99
13000.0	38996339999999.984
13010.0	39169557499999.99
13020.0	39498372499999.99
13030.0	38827692499999.99
13040.0	39870067499999.984
13050.0	40345512499999.99
13060.0	40680692499999.99
13070.0	40604770000000.0
13080.0	41181797499999.99
13090.0	41085457499999.984
13100.0	41677572499999.99
13110.0	42054622499999.984
13120.0	41829864999999.99
13130.0	42496242499999.99
13140.0	42061867499999.984
13150.0	42698909999999.984
13160.0	42802687499999.984
13170.0	43746907499999.984
13180.0	44047762499999.984
13190.0	42064494999999.99
13200.0	44397547499999.984
13210.0	44706017500000.0
13220.0	45287829999999.99
13230.0	39041294999999.99
13240.0	45240312499999.99
13250.0	45982742500000.0
13260.0	45758902499999.99
13270.0	46369334999999.984
13280.0	46551732499999.99
13290.0	45428562500000.0
13300.0	47569289999999.99
13310.0	47086854999999.99
13320.0	44312324999999.99
13330.0	47139809999999.984
13340.0	47458842499999.99
13350.0	42844634999999.984
13360.0	45567384999999.99
13370.0	34997314999999.992
13380.0	37467589999999.99
13390.0	40857194999999.99
13400.0	45921839999999.984
13410.0	44435860249999.99
13420.0	33273555249999.992
13430.0	46963947499999.99
13440.0	38819983999999.99
13450.0	32237615899999.992
13460.0	48955248149999.99
13470.0	39225214549999.99
13480.0	38852133249999.984
13490.0	41821024750000.0
13500.0	39026307349999.99
13510.0	38488581050000.0
13520.0	25661669499999.992
13530.0	45012092500000.0
13540.0	30070195999999.992
13550.0	28226375179999.996
13560.0	40706737099999.984
13570.0	40152214499999.99
13580.0	34637963249999.99
13590.0	27433929249999.992
13600.0	48851504999999.99
13610.0	43372612499999.984
13620.0	28071038749999.99
13630.0	23976673999999.992
13640.0	42630787649999.99
13650.0	35585742999999.99
13660.0	45183114999999.99
13670.0	41225082499999.99
13680.0	33519990837499.996
13690.0	39725391612499.984
13700.0	37500262749999.99
13710.0	44332154999999.99
13720.0	46559382499999.984
13730.0	57252074999999.99
13740.0	28639221999999.992
13750.0	37880857499999.99
13760.0	42986136999999.99
13770.0	46554307499999.99
13780.0	57994489999999.99
13790.0	59306732499999.99
13800.0	60667297749999.984
13810.0	33704922749999.984
13820.0	60432799999999.984
13830.0	40426512999999.99
13840.0	54326854999999.98
13850.0	52275972999999.984
13860.0	42882536924999.984
13870.0	53440845774999.984
13880.0	49482199999999.99
13890.0	46339717239999.984
13900.0	52747953599999.984
13910.0	42445594999999.984
13920.0	54878652499999.984
13930.0	50969840999999.984
13940.0	55974934999999.99
13950.0	39583153019999.984
13960.0	42789358649999.99
13970.0	42900853049999.984
13980.0	53692749999999.99
13990.0	66824479999999.98
14000.0	42931244000000.0
14010.0	47828204499999.984
14020.0	60546762499999.984
14030.0	60031389999999.99
14040.0	35161148999999.984
14050.0	39702577959999.99
14060.0	61875734999999.984
14070.0	56630597499999.984
14080.0	42760619999999.984
14090.0	58213359999999.98
14100.0	53450894999999.98
14110.0	74241674999999.97
14120.0	46858853749999.984
14130.0	62303316749999.99
14140.0	66118381700000.0
14150.0	53344543149999.98
14160.0	46450943749999.99
14170.0	69859785749999.984
14180.0	32768670249999.992
14190.0	46720679499999.984
14200.0	49411627499999.99
14210.0	56188955999999.99
14220.0	52747202499999.984
14230.0	46819669999999.99
14240.0	45307800999999.984
14250.0	60111797249999.98
14260.0	41957983999999.984
14270.0	62149042249999.984
14280.0	41462641499999.99
14290.0	45061447549999.984
14300.0	68090511249999.98
14310.0	61949140699999.984
14320.0	72061907499999.97
14330.0	61464614999999.98
14340.0	60164272499999.984
14350.0	73908399999999.98
14360.0	66926007499999.984
14370.0	74792157499999.97
14380.0	55118468999999.99
14390.0	57993016499999.984
14400.0	66172264499999.99
14410.0	65109197499999.99
14420.0	60460959999999.984
14430.0	82491402499999.98
14440.0	74909984999999.97
14450.0	65977795999999.984
14460.0	62073097999999.984
14470.0	81514317499999.98
14480.0	76567172499999.98
14490.0	90520532499999.97
14500.0	79200870749999.98
14510.0	46027500249999.99
14520.0	90953467499999.98
14530.0	87795817499999.98
14540.0	76042302499999.98
14550.0	73323884999999.97
14560.0	73638135499999.98
14570.0	87285799999999.97
14580.0	96868799999999.97
14590.0	94463847499999.98
14600.0	96957169999999.97
14610.0	95978537499999.97
14620.0	81788179999999.97
14630.0	64233784999999.97
14640.0	99389297499999.97
14650.0	78181749999999.98
14660.0	76625679999999.98
14670.0	89827899999999.97
14680.0	85622487499999.98
14690.0	79979634999999.98
14700.0	97341037499999.97
14710.0	96184779999999.98
14720.0	99917237499999.98
14730.0	79899554999999.97
14740.0	92444547499999.97
14750.0	92460159999999.98
14760.0	77757227499999.98
14770.0	101899104999999.98
14780.0	105621667499999.95
14790.0	96185759999999.98
14800.0	98204624999999.97
14810.0	107127104999999.97
14820.0	102903654999999.97
14830.0	83431469999999.97
14840.0	110045282499999.98
14850.0	104361167499999.97
14860.0	101689534999999.98
14870.0	108502699999999.98
14880.0	104493297499999.97
14890.0	109155337499999.98
14900.0	91397059999999.95
14910.0	98161594499999.98
14920.0	93631103499999.98
14930.0	114248924999999.98
14940.0	107437289999999.98
14950.0	120098224999999.95
14960.0	111621069999999.97
14970.0	115582822499999.95
14980.0	71176417499999.98
14990.0	121510474999999.97
15000.0	121833350000000.0
15010.0	107967699999999.98
15020.0	100029354999999.97
15030.0	122191224999999.95
15040.0	113808274999999.98
15050.0	118397509999999.98
15060.0	126457124999999.95
15070.0	119011705000000.0
15080.0	124179424999999.97
15090.0	121277054999999.95
15100.0	122486044999999.95
15110.0	117136609999999.97
15120.0	130122824999999.97
15130.0	127191674999999.97
15140.0	122431785000000.0
15150.0	128556224999999.95
15160.0	131560599999999.97
15170.0	126852667499999.95
15180.0	131909677499999.95
15190.0	129833349999999.97
15200.0	132145899999999.98
15210.0	136374174999999.95
15220.0	129193299999999.97
15230.0	138618074999999.97
15240.0	137321699999999.98
15250.0	132654499999999.98
15260.0	138646149999999.94
15270.0	135295300000000.0
15280.0	131396614999999.97
15290.0	141369749999999.97
15300.0	132011124999999.98
15310.0	142298799999999.97
15320.0	134274524999999.98
15330.0	144132399999999.97
15340.0	145767349999999.97
15350.0	142335499999999.97
15360.0	145543774999999.97
15370.0	146864999999999.97
15380.0	147535800000000.0
15390.0	148786174999999.97
15400.0	148339449999999.97
15410.0	150505249999999.94
15420.0	149311399999999.97
15430.0	151956599999999.97
15440.0	149966450000000.0
15450.0	152505249999999.94
15460.0	154120449999999.97
15470.0	153452849999999.94
15480.0	155615500000000.0
15490.0	155333049999999.97
15500.0	156507399999999.94
15510.0	156303100000000.0
15520.0	157464999999999.97
15530.0	158452874999999.97
15540.0	159894474999999.97
15550.0	158130824999999.97
15560.0	160992949999999.94
15570.0	160672199999999.97
15580.0	162538124999999.97
15590.0	163663724999999.97
15600.0	163063599999999.97
15610.0	163339174999999.97
15620.0	165336299999999.97
15630.0	165479399999999.97
15640.0	166824124999999.97
15650.0	166337974999999.97
15660.0	168607174999999.97
15670.0	169502324999999.97
15680.0	170069449999999.97
15690.0	170026074999999.94
15700.0	171959774999999.97
15710.0	172257849999999.94
15720.0	169915549999999.97
15730.0	173431349999999.94
15740.0	174384074999999.97
15750.0	174600074999999.97
15760.0	176289374999999.97
15770.0	177164024999999.97
15780.0	177582999999999.97
15790.0	177984299999999.97
15800.0	179318899999999.97
15810.0	179569774999999.97
15820.0	180790424999999.97
15830.0	181124549999999.97
15840.0	182400849999999.94
15850.0	183052424999999.97
15860.0	183475574999999.94
15870.0	183786274999999.94
15880.0	185246925000000.0
15890.0	186026674999999.97
15900.0	186563324999999.94
15910.0	187294849999999.94
15920.0	188225749999999.97
15930.0	189060599999999.94
15940.0	190086324999999.97
15950.0	190733449999999.97
15960.0	191075799999999.94
15970.0	192077349999999.94
15980.0	192841524999999.97
15990.0	193977349999999.97
16000.0	194816049999999.94
16010.0	195344399999999.97
16020.0	196324949999999.97
16030.0	195891799999999.97
16040.0	197868199999999.97
16050.0	198621199999999.94
16060.0	199365374999999.97
16070.0	200158974999999.94
16080.0	200898049999999.94
16090.0	201848624999999.94
16100.0	201723024999999.9
16110.0	203435549999999.94
16120.0	204244499999999.97
16130.0	204680124999999.97
16140.0	205861774999999.97
16150.0	206337099999999.97
16160.0	207228874999999.9
16170.0	207959424999999.97
16180.0	209050299999999.9
16190.0	209966699999999.94
16200.0	210571999999999.94
16210.0	208249199999999.97
16220.0	211813999999999.94
16230.0	209842124999999.94
16240.0	195373549999999.94
16250.0	213997949999999.94
16260.0	188406224999999.94
16270.0	214342299999999.9
16280.0	180626954999999.97
16290.0	212163624999999.94
16300.0	213047949999999.94
16310.0	212698049999999.97
16320.0	218478474999999.9
16330.0	159349339999999.97
16340.0	203715724999999.94
16350.0	183492039749999.94
16360.0	216896484249999.97
16370.0	224454949999999.9
16380.0	223117074999999.9
16390.0	221510374999999.94
16400.0	224274024999999.94
16410.0	227599149999999.97
16420.0	225799024999999.97
16430.0	225798899999999.94
16440.0	230967099999999.97
16450.0	229055899999999.94
16460.0	227849724999999.94
16470.0	230889499999999.94
16480.0	218953149999999.94
16490.0	220909899999999.9
16500.0	230728299999999.94
16510.0	232315474999999.9
16520.0	237494049999999.97
16530.0	238575174999999.94
16540.0	239552450000000.0
16550.0	228186074999999.94
16560.0	219080247499999.94
16570.0	206682032499999.97
16580.0	242675624999999.94
16590.0	236018449999999.97
16600.0	240504324999999.9
16610.0	242725799999999.97
16620.0	241466824999999.9
16630.0	241657574999999.94
16640.0	247375174999999.9
16650.0	241116342499999.97
16660.0	165154882499999.94
16670.0	166778144999999.97
16680.0	169114619999999.97
16690.0	242138749999999.97
16700.0	241896849999999.94
16710.0	250950949999999.94
16720.0	245872949999999.94
16730.0	246977674999999.97
16740.0	256394674999999.94
16750.0	253530949999999.97
16760.0	258570450000000.0
16770.0	250059807499999.9
16780.0	208615702499999.94
16790.0	257043874999999.94
16800.0	262196949999999.94
16810.0	224020454999999.94
16820.0	248520599999999.94
16830.0	263193774999999.9
16840.0	235307174999999.94
16850.0	253380374999999.9
16860.0	262160624999999.9
16870.0	263590749999999.94
16880.0	266094474999999.97
16890.0	256127424999999.97
16900.0	266822549999999.9
16910.0	230861299999999.97
16920.0	247683024999999.94
16930.0	273407649999999.94
16940.0	235751039999999.97
16950.0	265109049999999.9
16960.0	275563999999999.9
16970.0	227734699999999.97
16980.0	264279049999999.9
16990.0	267216874999999.94
17000.0	235846874999999.97
17010.0	231309649999999.9
17020.0	250691899999999.9
17030.0	258275924999999.97
17040.0	226217199999999.9
17050.0	256910924999999.97
17060.0	247713049999999.94
17070.0	253904449999999.94
17080.0	255136374999999.94
17090.0	270422324999999.94
17100.0	281083449999999.9
17110.0	282909774999999.94
17120.0	282669949999999.94
17130.0	283055024999999.94
17140.0	282170399999999.94
17150.0	289831999999999.94
17160.0	295516224999999.94
17170.0	273319199999999.97
17180.0	293509149999999.9
17190.0	287392224999999.94
17200.0	294985550000000.0
17210.0	293087774999999.9
17220.0	292857424999999.94
17230.0	278412374999999.94
17240.0	273766699999999.94
17250.0	288065724999999.9
17260.0	271712049999999.9
17270.0	250905549999999.97
17280.0	278165149999999.9
17290.0	267978124999999.9
17300.0	267406349999999.97
17310.0	275014275000000.0
17320.0	234002164999999.97
17330.0	305446274999999.9
17340.0	291009674999999.94
17350.0	283120149999999.9
17360.0	287647499999999.94
17370.0	249473699999999.94
17380.0	302860649999999.9
17390.0	316112224999999.94
17400.0	291037699999999.9
17410.0	290173674999999.94
17420.0	275018249999999.9
17430.0	296836749999999.94
17440.0	298560699999999.94
17450.0	294391874999999.94
17460.0	277569349999999.9
17470.0	319302774999999.94
17480.0	317357550000000.0
17490.0	307529574999999.94
17500.0	285698749999999.94
17510.0	303146249999999.94
17520.0	313182249999999.94
17530.0	298342449999999.94
17540.0	305926774999999.9
17550.0	264910374999999.94
17560.0	326421524999999.94
17570.0	304473849999999.9
17580.0	281573149999999.94
17590.0	287448199999999.94
17600.0	319262874999999.94
17610.0	306634374999999.9
17620.0	285205800000000.0
17630.0	272717974999999.9
17640.0	318600549999999.94
17650.0	334430549999999.94
17660.0	314803399999999.9
17670.0	321453499999999.9
17680.0	165424972499999.97
17690.0	325052707499999.94
17700.0	316924074999999.94
17710.0	296496849999999.94
17720.0	288846799999999.9
17730.0	282493000000000.0
17740.0	331517249999999.94
17750.0	273076749999999.94
17760.0	257624664999999.94
17770.0	318493350000000.0
17780.0	339111899999999.94
17790.0	276274324999999.9
17800.0	297850274999999.9
17810.0	273324324999999.9
17820.0	312232499999999.94
17830.0	278649449999999.94
17840.0	334630999999999.94
17850.0	239298154999999.97
17860.0	313560949999999.94
17870.0	314859189999999.94
17880.0	268176554999999.94
17890.0	275212282999999.94
17900.0	272853539999999.94
17910.0	214707899999999.97
17920.0	241264289999999.94
17930.0	284179249999999.94
17940.0	232850064999999.94
17950.0	318387974999999.9
17960.0	228290827499999.9
17970.0	283159337499999.94
17980.0	345782399999999.9
17990.0	362960474999999.9
18000.0	180209899999999.97
18010.0	172648851999999.94
18020.0	281429553000000.0
18030.0	274531379999999.94
18040.0	361627814999999.94
18050.0	355275399999999.94
18060.0	224946111999999.94
18070.0	220514419499999.9
18080.0	262580655499999.97
18090.0	222425020999999.97
18100.0	321268099999999.9
18110.0	165072396399999.94
18120.0	300179574999999.94
18130.0	264702394999999.97
18140.0	337767124999999.9
18150.0	297695219874999.9
18160.0	290320504124999.9
18170.0	269242277399999.9
18180.0	359206949999999.94
18190.0	303320900000000.0
18200.0	287093474999999.94
18210.0	230915164999999.9
18220.0	226337134999999.94
18230.0	361882174999999.9
18240.0	400859574999999.94
18250.0	370911449999999.94
18260.0	250489328449999.94
18270.0	325375618349999.9
18280.0	302170879999999.94
18290.0	313565418999999.9
18300.0	300819624999999.94
18310.0	291611008999999.94
18320.0	342309944999999.9
18330.0	260228289999999.94
18340.0	391788044999999.94
18350.0	277022614999999.97
18360.0	345532899999999.94
18370.0	375179799999999.94
18380.0	296969169999999.94
18390.0	307494099999999.9
18400.0	245017779999999.9
18410.0	317206258499999.94
18420.0	231877074499999.94
18430.0	383909324999999.9
18440.0	358681874999999.9
18450.0	325948449999999.9
18460.0	222790714999999.94
18470.0	207814197999999.94
18480.0	237461004999999.9
18490.0	254220694999999.9
18500.0	316870274999999.94
18510.0	403587599999999.94
18520.0	292779657500000.0
18530.0	325599647499999.94
18540.0	282128824999999.94
18550.0	324410464999999.94
18560.0	306512669999999.9
18570.0	242377501999999.94
18580.0	298887050000000.0
18590.0	358464247499999.94
18600.0	179726969299999.97
18610.0	295559028999999.94
18620.0	334165128499999.9
18630.0	245127957499999.94
18640.0	199637624999999.97
18650.0	225027999999999.97
18660.0	403726724999999.9
18670.0	268564049999999.94
18680.0	111499331999999.98
18690.0	380014303249999.94
18700.0	282398122749999.9
18710.0	290095674999999.94
18720.0	280878052999999.97
18730.0	203153594999999.94
18740.0	316564972999999.94
18750.0	216788922499999.94
18760.0	391082852499999.94
18770.0	329317249999999.9
18780.0	390754899999999.94
18790.0	251360652499999.97
18800.0	413571002499999.9
18810.0	271203639999999.94
18820.0	383682199999999.94
18830.0	418911149999999.94
18840.0	317126749999999.94
18850.0	247332129999999.94
18860.0	355371419999999.94
18870.0	406700849999999.94
18880.0	411235149999999.9
18890.0	365371699999999.9
18900.0	369083234999999.9
18910.0	456178399999999.8
18920.0	331982229999999.9
18930.0	327865149999999.9
18940.0	383778774999999.9
18950.0	418277024999999.94
18960.0	401178324999999.9
18970.0	411521049999999.9
18980.0	340262999999999.94
18990.0	441024949999999.9
19000.0	399805106499999.9
19010.0	290225688000000.0
19020.0	384378172499999.94
19030.0	369447830999999.94
19040.0	464761224999999.94
19050.0	363005079999999.94
19060.0	403605740000000.0
19070.0	310712724999999.9
19080.0	499913074999999.8
19090.0	464534624999999.8
19100.0	477530055749999.9
19110.0	262744246749999.88
19120.0	362848404499999.9
19130.0	375810447499999.94
19140.0	276430007499999.9
19150.0	466344499999999.94
19160.0	318128897499999.9
19170.0	452153092499999.9
19180.0	503035274999999.9
19190.0	508413849999999.9
19200.0	270805122999999.9
19210.0	259766178249999.94
19220.0	409042657749999.9
19230.0	411005420000000.0
19240.0	224504374999999.97
19250.0	464800724999999.94
19260.0	411287919999999.94
19270.0	353922184999999.94
19280.0	469436149999999.9
19290.0	389923149999999.9
19300.0	428680624999999.9
19310.0	257240997999999.94
19320.0	419274599999999.94
19330.0	372461949999999.94
19340.0	350727044999999.9
19350.0	438761132499999.9
19360.0	380248642499999.94
19370.0	416438079999999.94
19380.0	281169564999999.97
19390.0	306198950000000.0
19400.0	295942362499999.94
19410.0	307320282499999.9
19420.0	397678534999999.9
19430.0	371297969999999.9
19440.0	378842874999999.9
19450.0	230603092499999.94
19460.0	339155530500000.0
19470.0	432637399999999.94
19480.0	315711750999999.9
19490.0	256521728749999.97
19500.0	371335173749999.94
19510.0	457741022499999.94
19520.0	484697349999999.94
19530.0	313730974999999.94
19540.0	459596674999999.8
19550.0	285740137499999.94
19560.0	156869189999999.94
19570.0	381707822499999.94
19580.0	376761264999999.9
19590.0	337691562499999.9
19600.0	195846532499999.94
19610.0	347776624999999.94
19620.0	425066892499999.9
19630.0	419956397499999.9
19640.0	424001250000000.0
19650.0	466056074999999.9
19660.0	461263894999999.94
19670.0	527990924999999.94
19680.0	440508099999999.8
19690.0	391229149999999.94
19700.0	418576417499999.94
19710.0	467877177499999.9
19720.0	483140774999999.9
19730.0	531373474999999.9
19740.0	357227674999999.9
19750.0	488254024999999.94
19760.0	326103024999999.94
19770.0	522632824999999.9
19780.0	517531699999999.9
19790.0	444080824999999.9
19800.0	462741524999999.94
19810.0	541525299999999.9
19820.0	471336974999999.94
19830.0	512192074999999.94
19840.0	542757149999999.9
19850.0	488334499999999.94
19860.0	515259149999999.94
19870.0	567108799999999.9
19880.0	427831187499999.8
19890.0	503300412499999.94
19900.0	438615390000000.0
19910.0	442717284999999.9
19920.0	396400819999999.94
19930.0	562123224999999.94
19940.0	566168199999999.8
19950.0	470794774999999.9
19960.0	551497099999999.8
19970.0	565759499999999.8
19980.0	465174374999999.8
19990.0	519415299999999.9
20000.0	450970049999999.9
20010.0	452362674999999.94
20020.0	522223199999999.9
20030.0	427643409999999.9
20040.0	516491649999999.8
20050.0	580034449999999.8
20060.0	506775799999999.94
20070.0	492570774999999.9
20080.0	613734099999999.8
20090.0	481698024999999.9
20100.0	592737099999999.9
20110.0	605828249999999.9
20120.0	612069249999999.9
20130.0	596339099999999.9
20140.0	587922049999999.8
20150.0	568057349999999.9
20160.0	540232249999999.9
20170.0	558061675000000.0
20180.0	542052324999999.9
20190.0	602168449999999.8
20200.0	540010049999999.94
20210.0	603720324999999.8
20220.0	631398649999999.9
20230.0	627752049999999.9
20240.0	645141899999999.8
20250.0	634804249999999.9
20260.0	549651124999999.94
20270.0	569210549999999.9
20280.0	638330749999999.8
20290.0	515133749999999.8
20300.0	619277124999999.8
20310.0	495931124999999.94
20320.0	644647199999999.9
20330.0	589269949999999.9
20340.0	576688574999999.8
20350.0	643254549999999.9
20360.0	589214324999999.9
20370.0	660652474999999.9
20380.0	615695224999999.9
20390.0	638660799999999.9
20400.0	565182249999999.9
20410.0	525803224999999.9
20420.0	650654199999999.8
20430.0	663610474999999.9
20440.0	616637374999999.9
20450.0	657205074999999.9
20460.0	664338149999999.9
20470.0	662668224999999.8
20480.0	665730024999999.9
20490.0	560983524999999.9
20500.0	655333249999999.8
20510.0	676722074999999.9
20520.0	662180074999999.9
20530.0	636035774999999.9
20540.0	675504474999999.9
20550.0	678250324999999.8
20560.0	656377349999999.9
20570.0	679651199999999.9
20580.0	653655224999999.9
20590.0	688974399999999.6
20600.0	683409524999999.9
20610.0	657308674999999.9
20620.0	689433975000000.0
20630.0	671276324999999.8
20640.0	657696374999999.8
20650.0	684744549999999.9
20660.0	693644574999999.9
20670.0	692971249999999.8
20680.0	678416799999999.8
20690.0	679034074999999.9
20700.0	689184699999999.9
20710.0	685340424999999.9
20720.0	694007574999999.8
20730.0	700767999999999.9
20740.0	705455474999999.8
20750.0	707438649999999.8
20760.0	708781399999999.9
20770.0	699967249999999.9
20780.0	712817824999999.8
20790.0	696242199999999.9
20800.0	709027349999999.9
20810.0	685511349999999.9
20820.0	668010924999999.8
20830.0	704272124999999.9
20840.0	719122024999999.9
20850.0	709250349999999.9
20860.0	701310499999999.9
20870.0	713356674999999.9
20880.0	719298349999999.8
20890.0	686429324999999.6
20900.0	729169174999999.9
20910.0	728534149999999.8
20920.0	721401024999999.8
20930.0	731214625000000.0
20940.0	730198624999999.9
20950.0	735030149999999.9
20960.0	735997824999999.9
20970.0	730700849999999.8
20980.0	739366649999999.9
20990.0	724834624999999.8
21000.0	739205774999999.8
21010.0	731412499999999.9
21020.0	739858674999999.8
21030.0	744864774999999.9
21040.0	746838699999999.8
21050.0	736565449999999.9
21060.0	748940824999999.9
21070.0	752056949999999.9
21080.0	753226124999999.8
21090.0	739133924999999.8
21100.0	753147824999999.9
21110.0	755492099999999.9
21120.0	742427674999999.8
21130.0	725797599999999.8
21140.0	759937149999999.8
21150.0	753886524999999.9
21160.0	740711674999999.8
21170.0	764278274999999.8
21180.0	754248724999999.9
21190.0	750076224999999.8
21200.0	765610849999999.9
21210.0	768731974999999.9
21220.0	770193799999999.9
21230.0	772014249999999.8
21240.0	768035824999999.9
21250.0	758119574999999.8
21260.0	771709874999999.8
21270.0	770274299999999.8
21280.0	764883374999999.9
21290.0	777191974999999.8
21300.0	778712374999999.8
21310.0	777475199999999.9
21320.0	781764649999999.9
21330.0	780625574999999.9
21340.0	783707474999999.8
21350.0	786638749999999.9
21360.0	783404524999999.8
21370.0	788590149999999.8
21380.0	790272724999999.9
21390.0	786930974999999.8
21400.0	782013424999999.6
21410.0	793598199999999.9
21420.0	792154199999999.8
21430.0	791741524999999.9
21440.0	796025574999999.9
21450.0	797818099999999.6
21460.0	797961899999999.9
21470.0	783421149999999.9
21480.0	798691949999999.9
21490.0	778198274999999.8
21500.0	797149624999999.9
21510.0	796644749999999.8
21520.0	787544974999999.9
21530.0	802870099999999.9
21540.0	809329524999999.8
21550.0	747873349999999.9
21560.0	781502374999999.8
21570.0	812737624999999.9
21580.0	808785999999999.6
21590.0	812849999999999.9
21600.0	814708599999999.8
21610.0	771765750000000.0
21620.0	812674924999999.8
21630.0	816809774999999.8
21640.0	808854749999999.9
21650.0	819573024999999.9
21660.0	817453424999999.8
21670.0	813424650000000.0
21680.0	824146899999999.8
21690.0	816061599999999.8
21700.0	826299325000000.0
21710.0	829851099999999.9
21720.0	830780274999999.9
21730.0	795792974999999.8
21740.0	826753974999999.8
21750.0	817724149999999.8
21760.0	828126499999999.8
21770.0	834391099999999.9
21780.0	827507549999999.9
21790.0	836962649999999.9
21800.0	838935574999999.6
21810.0	841542224999999.8
21820.0	843334999999999.9
21830.0	818717924999999.8
21840.0	837309924999999.8
21850.0	828154424999999.8
21860.0	836938149999999.8
21870.0	847352574999999.6
21880.0	848406199999999.8
21890.0	836105549999999.8
21900.0	838179499999999.8
21910.0	851879149999999.8
21920.0	853935974999999.8
21930.0	853643474999999.9
21940.0	854956299999999.9
21950.0	835438449999999.8
21960.0	858490724999999.8
21970.0	851404274999999.9
21980.0	835682649999999.8
21990.0	682061474999999.8
22000.0	680649599999999.9
22010.0	836424224999999.8
22020.0	620790549999999.8
22030.0	784643499999999.8
22040.0	841687174999999.9
22050.0	698146799999999.9
22060.0	854162674999999.8
22070.0	860816249999999.6
22080.0	870923699999999.8
22090.0	874480899999999.8
22100.0	852191324999999.8
22110.0	869814549999999.9
22120.0	877708824999999.8
22130.0	878315399999999.6
22140.0	879025374999999.8
22150.0	872917824999999.9
22160.0	848683449999999.9
22170.0	873785999999999.9
22180.0	811459749999999.9
22190.0	879586024999999.8
22200.0	791099624999999.8
22210.0	542995399999999.9
22220.0	659692725000000.0
22230.0	793760574999999.9
22240.0	790624374999999.8
22250.0	699261524999999.8
22260.0	722797349999999.9
22270.0	646098549999999.8
22280.0	771880224999999.8
22290.0	809543624999999.9
22300.0	858403999999999.9
22310.0	643754924999999.8
22320.0	547557624999999.9
22330.0	805163599999999.8
22340.0	855455199999999.9
22350.0	880338749999999.9
22360.0	605195312499999.9
22370.0	728224187499999.9
22380.0	757553099999999.8
22390.0	871607274999999.8
22400.0	890090924999999.9
22410.0	762886499999999.8
22420.0	797328374999999.6
22430.0	837632224999999.9
22440.0	552943519999999.9
22450.0	756250524999999.9
22460.0	653641099999999.9
22470.0	579771524999999.9
22480.0	641136274999999.9
22490.0	821489124999999.9
22500.0	862116799999999.9
22510.0	677719749999999.8
22520.0	580674444999999.9
22530.0	737981324999999.8
22540.0	849391149999999.9
22550.0	686301870000000.0
22560.0	492618299999999.8
22570.0	819333549999999.8
22580.0	820648124999999.9
22590.0	921532899999999.9
22600.0	811508374999999.9
22610.0	803036499999999.8
22620.0	829002924999999.9
22630.0	896673574999999.6
22640.0	831898399999999.9
22650.0	815591549999999.9
22660.0	876193624999999.9
22670.0	822864454999999.9
22680.0	694295509999999.9
22690.0	599039524999999.9
22700.0	857642224999999.8
22710.0	890986474999999.9
22720.0	708052724999999.9
22730.0	918296299999999.8
22740.0	825336024999999.8
22750.0	766473724999999.9
22760.0	781270724999999.8
22770.0	793302774999999.8
22780.0	765388749999999.9
22790.0	753295849999999.9
22800.0	887477624999999.9
22810.0	667170049999999.8
22820.0	685146649999999.8
22830.0	800074724999999.9
22840.0	727258759999999.8
22850.0	660127372499999.9
22860.0	727531467499999.8
22870.0	722828637499999.9
22880.0	607219087499999.9
22890.0	779587149999999.8
22900.0	559562499999999.9
22910.0	797427824999999.8
22920.0	665493624999999.8
22930.0	649158649999999.8
22940.0	554104729999999.9
22950.0	662864524999999.9
22960.0	576200299999999.9
22970.0	677884049999999.9
22980.0	592454224999999.9
22990.0	664806449999999.8
23000.0	789478549999999.9
23010.0	818875924999999.8
23020.0	789921024999999.8
23030.0	720315509999999.9
23040.0	682131594999999.9
23050.0	827748349999999.9
23060.0	856477699999999.9
23070.0	787701249999999.9
23080.0	934714774999999.8
23090.0	743585249999999.8
23100.0	756556574999999.8
23110.0	985832399999999.8
23120.0	947155949999999.9
23130.0	989695424999999.6
23140.0	991121924999999.8
23150.0	840954449999999.8
23160.0	645385024999999.9
23170.0	488431919999999.9
23180.0	542961264999999.9
23190.0	366168324999999.9
23200.0	478710914999999.8
23210.0	866346799999999.9
23220.0	789452774999999.8
23230.0	671765799999999.8
23240.0	790535774999999.8
23250.0	844780824999999.9
23260.0	700742399999999.8
23270.0	779190124999999.8
23280.0	880902024999999.9
23290.0	877638424999999.9
23300.0	844534524999999.6
23310.0	762846124999999.9
23320.0	522713074999999.9
23330.0	973674774999999.9
23340.0	814627799999999.8
23350.0	786279399999999.9
23360.0	700760522499999.8
23370.0	567876967499999.9
23380.0	725157119999999.9
23390.0	635530549999999.8
23400.0	540200224999999.94
23410.0	504896774999999.9
23420.0	712836699999999.8
23430.0	675518224999999.9
23440.0	799068524999999.9
23450.0	566636900000000.0
23460.0	647109604999999.9
23470.0	658064872499999.8
23480.0	439399087499999.94
23490.0	761716125000000.0
23500.0	791621849999999.8
23510.0	645797929999999.8
23520.0	271917059999999.94
23530.0	640711597499999.9
23540.0	752295222500000.0
23550.0	1005504199999999.8
23560.0	423222629999999.94
23570.0	999378899999999.6
23580.0	839624614999999.9
23590.0	763616994999999.8
23600.0	991833074999999.9
23610.0	987664784999999.8
23620.0	663045419999999.8
23630.0	832304749999999.8
23640.0	922504849999999.8
23650.0	1037965499999999.8
23660.0	942916099999999.8
23670.0	851555675000000.0
23680.0	847569349999999.8
23690.0	733618674999999.9
23700.0	598134619999999.9
23710.0	146432550000000.0
23720.0	616872869999999.9
23730.0	509943969999999.8
23740.0	476632364999999.8
23750.0	753100450000000.0
23760.0	482064499999999.94
23770.0	448420974999999.9
23780.0	775541839999999.9
23790.0	871997599999999.8
23800.0	741873079999999.9
23810.0	738336674999999.8
23820.0	926136174999999.8
23830.0	701482344999999.9
23840.0	731508799999999.8
23850.0	900040674999999.8
23860.0	678802164999999.8
23870.0	758670744999999.8
23880.0	765124609999999.8
23890.0	1059191749999999.9
23900.0	1040941999999999.8
23910.0	829774880000000.0
23920.0	802436874999999.9
23930.0	833579464999999.9
23940.0	730319704999999.9
23950.0	857854239999999.8
23960.0	659495149999999.8
23970.0	760425624999999.9
23980.0	678621800000000.0
23990.0	813544374999999.8
24000.0	875420849999999.9
24010.0	650252649999999.8
24020.0	573026124999999.9
24030.0	840152849999999.9
24040.0	581717384999999.9
24050.0	483236304999999.8
24060.0	592180149999999.8
24070.0	993234999999999.8
24080.0	849530949999999.8
24090.0	803627139999999.9
24100.0	587691029999999.8
24110.0	852595499999999.8
24120.0	705353349999999.8
24130.0	958906524999999.9
24140.0	744772899999999.8
24150.0	974928674999999.6
24160.0	516195764999999.94
24170.0	847025212499999.8
24180.0	752579762499999.8
24190.0	446780274999999.9
24200.0	581163150000000.0
24210.0	859748374999999.6
24220.0	631944674999999.8
24230.0	759655449999999.8
24240.0	600905599999999.9
24250.0	856613649999999.8
24260.0	655318699999999.9
24270.0	519361984999999.9
24280.0	724318174999999.9
24290.0	617135924999999.8
24300.0	787496149999999.8
24310.0	941289674999999.8
24320.0	1001027724999999.6
24330.0	926334924999999.9
24340.0	667709799999999.8
24350.0	512835549999999.9
24360.0	476713080000000.0
24370.0	609323687499999.9
24380.0	574731187499999.9
24390.0	962523524999999.8
24400.0	933224174999999.9
24410.0	740871524999999.9
24420.0	1024021699999999.8
24430.0	546791604999999.9
24440.0	601406674999999.9
24450.0	885837825000000.0
24460.0	718411874999999.9
24470.0	585775980000000.0
24480.0	906614249999999.8
24490.0	889321075000000.0
24500.0	813564074999999.8
24510.0	741509099999999.8
24520.0	588079350000000.0
24530.0	600057774999999.9
24540.0	527772374999999.75
24550.0	961963424999999.6
24560.0	858653964999999.9
24570.0	629153999999999.9
24580.0	928908674999999.8
24590.0	815324724999999.9
24600.0	782516074999999.8
24610.0	629822669999999.8
24620.0	819633939999999.9
24630.0	672986649999999.9
24640.0	966774174999999.6
24650.0	1041815949999999.9
24660.0	795732354999999.6
24670.0	880267287499999.9
24680.0	377047734999999.9
24690.0	574703077499999.9
24700.0	857631024999999.9
24710.0	716053224999999.9
24720.0	708263349999999.8
24730.0	709840424999999.8
24740.0	509366714999999.9
24750.0	473635789999999.9
24760.0	749266129999999.8
24770.0	916961474999999.9
24780.0	765274752249999.9
24790.0	466691140749999.94
24800.0	973620074999999.9
24810.0	814056949999999.9
24820.0	674988814999999.8
24830.0	539381287499999.9
24840.0	628561647499999.9
24850.0	899257774999999.9
24860.0	970514124999999.6
24870.0	920593924999999.9
24880.0	796793749999999.9
24890.0	517726310749999.94
24900.0	418303642249999.94
24910.0	445046059999999.9
24920.0	1050981599999999.9
24930.0	502508622499999.75
24940.0	1115338632499999.6
24950.0	791318099999999.9
24960.0	801435672499999.9
24970.0	654625932499999.9
24980.0	389282294999999.9
24990.0	924659399999999.9
25000.0	945652724999999.8
25010.0	862859574999999.9
25020.0	847820824999999.8
25030.0	497078764999999.94
25040.0	655305665499999.9
25050.0	737867683499999.9
25060.0	240951549499999.9
25070.0	620110358499999.9
25080.0	743408099999999.8
25090.0	846582824999999.6
25100.0	920612224999999.9
25110.0	581348424999999.8
25120.0	687338024999999.9
25130.0	410345089999999.9
25140.0	921578824999999.8
25150.0	299020569999999.94
25160.0	427047644999999.9
25170.0	533781049999999.8
25180.0	556008574999999.94
25190.0	644672752499999.8
25200.0	820070287499999.8
25210.0	682773489999999.9
25220.0	627947514999999.9
25230.0	755472789999999.9
25240.0	311950284999999.94
25250.0	581514894999999.9
25260.0	443906239999999.9
25270.0	548776229999999.94
25280.0	488990624999999.9
25290.0	635828789999999.8
25300.0	802719049999999.9
25310.0	919220714999999.9
25320.0	569133454999999.9
25330.0	144766127999999.97
25340.0	777357554999999.8
25350.0	539004050000000.0
25360.0	453995615249999.9
25370.0	682271839749999.9
25380.0	713189875000000.0
25390.0	455368914999999.9
25400.0	1016968699999999.8
25410.0	641611224999999.9
25420.0	625878239999999.9
25430.0	275212639999999.97
25440.0	378116274999999.94
25450.0	629388274999999.9
25460.0	650870322999999.8
25470.0	694044719999999.8
25480.0	206962569999999.94
25490.0	339794874999999.9
25500.0	838538024999999.9
25510.0	416013743000000.0
25520.0	873908624999999.9
25530.0	139742698749999.95
25540.0	754960519249999.9
25550.0	554669974999999.9
25560.0	505322424999999.8
25570.0	416233184999999.94
25580.0	715273899999999.9
25590.0	786893624999999.8
25600.0	297431724999999.9
25610.0	113427244999999.98
25620.0	544592427249999.9
25630.0	261206432749999.97
25640.0	475544656249999.8
25650.0	228605383249999.88
25660.0	343578020999999.9
25670.0	690157862499999.8
25680.0	388690363999999.94
25690.0	672540849999999.9
25700.0	473023244999999.94
25710.0	1140357202499999.5
25720.0	699863267499999.9
25730.0	601284923500000.0
25740.0	258050954499999.94
25750.0	420938499999999.94
25760.0	564778462499999.9
25770.0	104600103499999.98
25780.0	632216249999999.9
25790.0	765211937499999.8
25800.0	984086442500000.0
25810.0	468644189999999.9
25820.0	764631549999999.6
25830.0	299608387999999.94
25840.0	231495059999999.97
25850.0	529739099999999.9
25860.0	739890539999999.8
25870.0	176878254999999.94
25880.0	447813854999999.9
25890.0	337028804999999.9
25900.0	512858499999999.94
25910.0	697753114999999.8
25920.0	627643078749999.9
25930.0	98903779249999.97
25940.0	531097086499999.94
25950.0	285337044499999.94
25960.0	348053058999999.9
25970.0	688295699999999.8
25980.0	193958289999999.97
25990.0	807689274999999.8
