# Flux units: erg / (cm m2 s)
# Wavelength units: Angstrom
wave	flux
7000.0	1980291499999999.5
7010.0	1958754799999999.5
7020.0	1910678199999999.2
7030.0	2474188999999999.0
7040.0	2310765500000000.0
7050.0	2617258749999999.5
7060.0	1744680499999999.5
7070.0	1638588249999999.5
7080.0	1924825499999999.2
7090.0	1758984499999999.2
7100.0	1745271249999999.8
7110.0	1737917499999999.8
7120.0	1911545249999999.5
7130.0	1713175999999999.8
7140.0	1614997249999999.5
7150.0	1708183749999999.8
7160.0	1846623499999999.8
7170.0	1781536499999999.2
7180.0	1988496249999999.8
7190.0	1958314499999999.5
7200.0	2074409000000000.0
7210.0	1839962499999999.8
7220.0	2168102249999999.5
7230.0	2282970500000000.0
7240.0	2254410499999999.5
7250.0	2592364500000000.0
7260.0	2606126999999999.0
7270.0	2499278249999999.5
7280.0	2687173249999999.0
7290.0	2769076999999999.5
7300.0	3408440749999999.5
7310.0	3065563249999999.5
7320.0	3441599999999999.0
7330.0	3753264999999999.5
7340.0	2790897749999999.0
7350.0	1914210249999999.5
7360.0	2296484999999999.0
7370.0	2838094499999999.5
7380.0	2470715999999999.5
7390.0	1815062749999999.5
7400.0	1959816999999999.8
7410.0	1701794999999999.8
7420.0	1235912999999999.8
7430.0	1635878499999999.8
7440.0	1721694249999999.2
7450.0	1124453949999999.8
7460.0	1307376999999999.8
7470.0	1481289999999999.8
7480.0	1439490249999999.8
7490.0	1728881749999999.5
7500.0	2083531749999999.5
7510.0	1713810999999999.8
7520.0	1804222999999999.5
7530.0	2229488499999999.5
7540.0	2291527999999999.0
7550.0	2557321499999999.5
7560.0	3032595499999999.0
7570.0	3381110999999999.0
7580.0	2977162999999999.0
7590.0	2861217999999999.0
7600.0	2616716250000000.0
7610.0	2950482999999999.5
7620.0	3276789499999999.0
7630.0	2927141749999999.5
7640.0	2886523999999999.5
7650.0	2384620249999999.5
7660.0	1112695144999999.9
7670.0	462926634999999.9
7680.0	1912963499999999.2
7690.0	2044770249999999.8
7700.0	526100704999999.94
7710.0	1968716024999999.8
7720.0	2927790999999999.5
7730.0	3372868249999999.5
7740.0	3883982999999999.0
7750.0	3679061749999999.0
7760.0	3643933499999999.0
7770.0	3331682749999999.0
7780.0	3664451749999999.5
7790.0	3739570249999999.0
7800.0	3499127999999999.0
7810.0	4334529999999998.5
7820.0	4591942249999999.0
7830.0	4321968500000000.0
7840.0	3987364999999999.5
7850.0	4409062749999999.0
7860.0	4435930499999998.5
7870.0	4133391249999999.5
7880.0	5115385999999999.0
7890.0	5027283749999998.0
7900.0	4815147749999999.0
7910.0	4648393000000000.0
7920.0	4206973499999999.0
7930.0	4019739999999999.5
7940.0	3971144749999998.5
7950.0	3503350099999999.5
7960.0	4780518499999999.0
7970.0	4562774749999998.0
7980.0	4692763249999999.0
7990.0	4253598749999999.0
8000.0	4324282499999998.5
8010.0	3894476999999999.5
8020.0	4474618999999999.5
8030.0	4947740999999999.0
8040.0	5369680750000000.0
8050.0	4398281749999999.0
8060.0	4490351499999998.5
8070.0	5136493499999997.0
8080.0	5989747749999999.0
8090.0	6279263749999999.0
8100.0	7376204749999998.0
8110.0	7962783999999998.0
8120.0	9077914749999998.0
8130.0	9981213249999998.0
8140.0	1.1095210999999996e+16
8150.0	1.2267243249999996e+16
8160.0	1.2338181999999996e+16
8170.0	1.0381517999999998e+16
8180.0	1.1565776999999996e+16
8190.0	9259152249999996.0
8200.0	8067816749999998.0
8210.0	7582900749999999.0
8220.0	1.0726927999999996e+16
8230.0	8252999249999997.0
8240.0	1.1601382999999998e+16
8250.0	1.0805377999999998e+16
8260.0	9389144499999998.0
8270.0	8990553999999998.0
8280.0	9121828749999998.0
8290.0	6683700499999999.0
8300.0	7350974499999998.0
8310.0	6812321499999998.0
8320.0	6680436499999999.0
8330.0	7360302249999997.0
8340.0	8366144249999999.0
8350.0	7568403500000000.0
8360.0	7661837499999998.0
8370.0	7919742249999998.0
8380.0	9475155249999998.0
8390.0	7259514249999998.0
8400.0	7683997999999998.0
8410.0	1.0205305999999998e+16
8420.0	8230086249999998.0
8430.0	9629581249999996.0
8440.0	5936546749999999.0
8450.0	5521024749999999.0
8460.0	5468220749999999.0
8470.0	5519171749999999.0
8480.0	5734264999999999.0
8490.0	5475589249999999.0
8500.0	5791408499999998.0
8510.0	5892651499999999.0
8520.0	5903469999999998.0
8530.0	5708653499999999.0
8540.0	4804794249999999.0
8550.0	5415381749999997.0
8560.0	5929867999999999.0
8570.0	5841546749999998.0
8580.0	6173989499999999.0
8590.0	4930698999999998.0
8600.0	4719120499999999.0
8610.0	5032395749999998.0
8620.0	5714041499999998.0
8630.0	5557536999999999.0
8640.0	4938076249999999.0
8650.0	5016636250000000.0
8660.0	5312839499999999.0
8670.0	5051073499999999.0
8680.0	4476658249999998.5
8690.0	5144227749999999.0
8700.0	4819358999999999.0
8710.0	5199774749999998.0
8720.0	5298672249999998.0
8730.0	5980366999999999.0
8740.0	6135966749999998.0
8750.0	5823873749999998.0
8760.0	6997262999999999.0
8770.0	6798679249999998.0
8780.0	7424043249999998.0
8790.0	8179664749999997.0
8800.0	8352439000000000.0
8810.0	8827751749999997.0
8820.0	9344850999999996.0
8830.0	1.0066682749999998e+16
8840.0	9944768499999998.0
8850.0	1.1424874499999998e+16
8860.0	9610325749999998.0
8870.0	7351472749999997.0
8880.0	7258921499999998.0
8890.0	7806191749999998.0
8900.0	8263174499999997.0
8910.0	8751571999999998.0
8920.0	7338630749999998.0
8930.0	9530480499999998.0
8940.0	9280645999999998.0
8950.0	9368987999999998.0
8960.0	8760203250000000.0
8970.0	9044612999999998.0
8980.0	1.0944715749999996e+16
8990.0	1.0164698999999996e+16
9000.0	8651358999999996.0
9010.0	1.3234291249999996e+16
9020.0	1.2373709749999996e+16
9030.0	1.0582633499999998e+16
9040.0	1.0225708249999998e+16
9050.0	1.2865175249999996e+16
9060.0	1.1944950749999998e+16
9070.0	1.2077221749999998e+16
9080.0	1.8247694999999996e+16
9090.0	1.5876292499999996e+16
9100.0	1.5734154999999998e+16
9110.0	1.6496147499999996e+16
9120.0	2.4223764999999996e+16
9130.0	2.0927209999999996e+16
9140.0	1.8258419999999996e+16
9150.0	2.1605197499999996e+16
9160.0	2.550628499999999e+16
9170.0	2.5504619999999996e+16
9180.0	2.377442024999999e+16
9190.0	2.523421674999999e+16
9200.0	1.9648775499999996e+16
9210.0	1.7533265499999998e+16
9220.0	1.5070858499999998e+16
9230.0	1.3065309999999998e+16
9240.0	1.0301354749999998e+16
9250.0	1.2853094249999996e+16
9260.0	1.2792798499999998e+16
9270.0	1.1357123999999998e+16
9280.0	9712790249999998.0
9290.0	1.0237919499999998e+16
9300.0	1.0475223249999998e+16
9310.0	9817817749999996.0
9320.0	1.0676755499999996e+16
9330.0	1.0169550749999998e+16
9340.0	1.3793031999999998e+16
9350.0	9841598749999998.0
9360.0	1.1867657749999996e+16
9370.0	1.0500826499999996e+16
9380.0	1.40533845e+16
9390.0	1.1453619999999996e+16
9400.0	1.3257407499999998e+16
9410.0	1.2816492499999998e+16
9420.0	1.5449792499999998e+16
9430.0	1.5851112499999996e+16
9440.0	1.2429387499999998e+16
9450.0	1.3546719999999994e+16
9460.0	1.3866477499999996e+16
9470.0	1.2940769999999998e+16
9480.0	1.6899412499999994e+16
9490.0	1.9767429999999996e+16
9500.0	1.5003787499999996e+16
9510.0	1.5759847499999996e+16
9520.0	1.877271999999999e+16
9530.0	1.6704912499999994e+16
9540.0	1.8874062499999996e+16
9550.0	1.8878250999999996e+16
9560.0	1.9015189499999996e+16
9570.0	1.7519339999999996e+16
9580.0	2.732445499999999e+16
9590.0	2.363951499999999e+16
9600.0	1.934165999999999e+16
9610.0	2.258429999999999e+16
9620.0	2.0658029999999996e+16
9630.0	2.566186499999999e+16
9640.0	2.0578529999999996e+16
9650.0	2.2091729999999996e+16
9660.0	2.833244499999999e+16
9670.0	2.878049999999999e+16
9680.0	2.7949127499999996e+16
9690.0	2.540275499999999e+16
9700.0	3.108054999999999e+16
9710.0	3.133742499999999e+16
9720.0	2.460179749999999e+16
9730.0	2.3595887499999996e+16
9740.0	2.2186907499999996e+16
9750.0	2.1054659999999996e+16
9760.0	2.3412337499999996e+16
9770.0	2.3554489999999996e+16
9780.0	1.8917272499999996e+16
9790.0	2.0818617499999996e+16
9800.0	2.919320999999999e+16
9810.0	1.898384999999999e+16
9820.0	1.6965337499999998e+16
9830.0	1.6928867499999996e+16
9840.0	2.0781039999999996e+16
9850.0	1.9034454999999988e+16
9860.0	2.293178749999999e+16
9870.0	1.8552144999999996e+16
9880.0	2.187684e+16
9890.0	2.5634429999999996e+16
9900.0	1.3465119499999998e+16
9910.0	8642833999999999.0
9920.0	8772044499999998.0
9930.0	1.0042005249999998e+16
9940.0	1.1725677249999998e+16
9950.0	1.2711082999999996e+16
9960.0	1.3616784999999994e+16
9970.0	1.5326429999999998e+16
9980.0	1.2916187749999998e+16
9990.0	1.0999669749999998e+16
10000.0	1.3116553499999996e+16
10010.0	1.3153027499999996e+16
10020.0	1.4673202499999996e+16
10030.0	1.5075364999999996e+16
10040.0	1.2524493499999998e+16
10050.0	1.4345940499999998e+16
10060.0	1.1544436749999998e+16
10070.0	1.1151566499999996e+16
10080.0	1.5987350749999998e+16
10090.0	1.5375247499999998e+16
10100.0	1.6382917499999996e+16
10110.0	1.3787166499999998e+16
10120.0	1.5516087499999996e+16
10130.0	1.7564601999999998e+16
10140.0	1.4529757499999998e+16
10150.0	1.5854691999999996e+16
10160.0	1.4917286499999994e+16
10170.0	1.2926125499999996e+16
10180.0	1.9109102499999996e+16
10190.0	1.4856712499999994e+16
10200.0	1.4593789999999996e+16
10210.0	1.6165232499999998e+16
10220.0	1.6014776499999994e+16
10230.0	1.7668099999999998e+16
10240.0	1.994643999999999e+16
10250.0	1.6922064999999998e+16
10260.0	1.2317604749999998e+16
10270.0	1.2952251249999998e+16
10280.0	1.3851897499999998e+16
10290.0	1.583014e+16
10300.0	1.4222905e+16
10310.0	1.7299389999999998e+16
10320.0	1.4164374249999996e+16
10330.0	1.505530125e+16
10340.0	1.5591619999999996e+16
10350.0	1.6335147499999996e+16
10360.0	1.7892659999999996e+16
10370.0	1.935022499999999e+16
10380.0	1.8488829999999996e+16
10390.0	1.7210279999999994e+16
10400.0	1.930143999999999e+16
10410.0	2.2654002499999996e+16
10420.0	1.8096527499999996e+16
10430.0	1.5471949999999996e+16
10440.0	1.7985759999999998e+16
10450.0	2.106708249999999e+16
10460.0	2.59303875e+16
10470.0	1.5679007499999994e+16
10480.0	1.6720942499999996e+16
10490.0	2.2511239999999996e+16
10500.0	2.171853249999999e+16
10510.0	1.85868075e+16
10520.0	1.5624824999999996e+16
10530.0	2.946291249999999e+16
10540.0	2.4311099999999996e+16
10550.0	2.3868447499999996e+16
10560.0	1.893356749999999e+16
10570.0	1.7033302499999994e+16
10580.0	2.4025932499999996e+16
10590.0	2.3532397499999996e+16
10600.0	2.5324102499999996e+16
10610.0	1.9834542499999996e+16
10620.0	1.9635414999999996e+16
10630.0	2.257670249999999e+16
10640.0	3.0697309999999984e+16
10650.0	2.72780925e+16
10660.0	2.6109784999999988e+16
10670.0	1.8119977499999996e+16
10680.0	2.1274592499999996e+16
10690.0	3.0179889999999996e+16
10700.0	2.449851749999999e+16
10710.0	2.33467175e+16
10720.0	2.417677999999999e+16
10730.0	2.468980249999999e+16
10740.0	3.151702249999999e+16
10750.0	3.3510854999999988e+16
10760.0	4.048337999999999e+16
10770.0	3.495120499999999e+16
10780.0	3.723063499999998e+16
10790.0	3.945809249999999e+16
10800.0	4.223938249999998e+16
10810.0	3.847689249999999e+16
10820.0	4.072643999999998e+16
10830.0	4.800214249999999e+16
10840.0	5.127654499999999e+16
10850.0	4.036207749999998e+16
10860.0	3.438062499999999e+16
10870.0	3.860538499999999e+16
10880.0	4.642882249999998e+16
10890.0	3.4615457499999996e+16
10900.0	3.976421499999999e+16
10910.0	4.067748999999999e+16
10920.0	3.943325e+16
10930.0	4.342574999999999e+16
10940.0	4.287885249999999e+16
10950.0	4.481814499999999e+16
10960.0	4.202330749999999e+16
10970.0	4.018039749999999e+16
10980.0	3.119563249999999e+16
10990.0	3.5032607499999988e+16
11000.0	3.1925309999999988e+16
11010.0	4.026699999999999e+16
11020.0	3.935939499999998e+16
11030.0	2.998713749999999e+16
11040.0	2.899905999999999e+16
11050.0	2.84556225e+16
11060.0	2.846660499999999e+16
11070.0	2.487697499999999e+16
11080.0	2.543857749999999e+16
11090.0	2.947799249999999e+16
11100.0	3.1804314999999988e+16
11110.0	2.6866407499999996e+16
11120.0	3.657789749999999e+16
11130.0	3.757303499999999e+16
11140.0	3.9176405e+16
11150.0	3.691730849999999e+16
11160.0	3.763090249999999e+16
11170.0	3.760058749999999e+16
11180.0	2.9618377499999988e+16
11190.0	2.6359394999999996e+16
11200.0	3.337750749999999e+16
11210.0	3.446814749999999e+16
11220.0	3.3339759999999988e+16
11230.0	3.742818749999999e+16
11240.0	3.479007749999999e+16
11250.0	3.801368749999999e+16
11260.0	3.717881999999998e+16
11270.0	3.198973749999999e+16
11280.0	3.764168749999999e+16
11290.0	3.5420634999999988e+16
11300.0	4.241555749999998e+16
11310.0	3.822394249999998e+16
11320.0	4.148798499999999e+16
11330.0	4.408264749999999e+16
11340.0	3.294397499999999e+16
11350.0	2.4897207499999996e+16
11360.0	3.5354687499999984e+16
11370.0	3.818139749999999e+16
11380.0	2.490125749999999e+16
11390.0	3.007719999999999e+16
11400.0	3.258709499999999e+16
11410.0	2.567809999999999e+16
11420.0	3.590810249999999e+16
11430.0	3.2326939999999988e+16
11440.0	2.9071502499999996e+16
11450.0	3.68860375e+16
11460.0	3.342382749999999e+16
11470.0	4.292506499999999e+16
11480.0	3.3937527499999996e+16
11490.0	4.257780499999999e+16
11500.0	3.649311749999999e+16
11510.0	4.056312499999999e+16
11520.0	4.264069999999998e+16
11530.0	4.169334999999999e+16
11540.0	3.914562249999999e+16
11550.0	3.865502999999999e+16
11560.0	4.781887499999999e+16
11570.0	3.721462999999999e+16
11580.0	4.314201999999998e+16
11590.0	4.998617249999999e+16
11600.0	3.773480999999999e+16
11610.0	4.256275999999999e+16
11620.0	4.595356249999999e+16
11630.0	4.456934749999998e+16
11640.0	3.3980387499999996e+16
11650.0	3.99264125e+16
11660.0	3.1194934999999996e+16
11670.0	4.802934999999998e+16
11680.0	4.241362999999998e+16
11690.0	2.365195249999999e+16
11700.0	2.808992999999999e+16
11710.0	3.908927499999999e+16
11720.0	4.735501749999999e+16
11730.0	3.308530499999999e+16
11740.0	3.543086999999999e+16
11750.0	3.858084999999999e+16
11760.0	3.802121499999999e+16
11770.0	2.560527949999999e+16
11780.0	2.009116399999999e+16
11790.0	3.4471979999999988e+16
11800.0	3.746432249999998e+16
11810.0	3.4858427499999996e+16
11820.0	3.737299499999999e+16
11830.0	4.466601999999999e+16
11840.0	3.906465749999999e+16
11850.0	3.648302749999998e+16
11860.0	3.563342249999999e+16
11870.0	3.422877249999999e+16
11880.0	4.255560249999999e+16
11890.0	3.690813999999999e+16
11900.0	4.4067875e+16
11910.0	4.367563249999998e+16
11920.0	4.4134472499999976e+16
11930.0	4.639087749999999e+16
11940.0	3.815122499999998e+16
11950.0	3.2043134999999996e+16
11960.0	3.5894129999999988e+16
11970.0	3.1665764999999996e+16
11980.0	2.5360309999999996e+16
11990.0	3.1926997499999988e+16
12000.0	2.842062999999999e+16
12010.0	2.981573999999999e+16
12020.0	2.907921749999999e+16
12030.0	3.275324999999999e+16
12040.0	3.706500499999998e+16
12050.0	3.615940999999999e+16
12060.0	4.070434749999999e+16
12070.0	3.3188664999999984e+16
12080.0	4.267588999999999e+16
12090.0	3.378694749999999e+16
12100.0	4.011626749999999e+16
12110.0	3.068430249999999e+16
12120.0	3.4451459999999996e+16
12130.0	3.4655209999999996e+16
12140.0	3.844920249999999e+16
12150.0	4.239845749999999e+16
12160.0	3.906299499999999e+16
12170.0	4.327685749999998e+16
12180.0	3.941699249999999e+16
12190.0	4.539706749999998e+16
12200.0	3.498287499999999e+16
12210.0	3.876211499999999e+16
12220.0	3.812317249999999e+16
12230.0	3.876879499999999e+16
12240.0	3.975947499999998e+16
12250.0	4.714925749999998e+16
12260.0	4.596233999999999e+16
12270.0	4.327857249999999e+16
12280.0	4.371508749999999e+16
12290.0	4.676276499999999e+16
12300.0	4.262079249999998e+16
12310.0	4.650600749999998e+16
12320.0	4.140706999999998e+16
12330.0	4.006789249999998e+16
12340.0	4.700855999999998e+16
12350.0	3.870551749999999e+16
12360.0	4.239029499999998e+16
12370.0	4.531763749999998e+16
12380.0	4.075706999999999e+16
12390.0	3.905497999999998e+16
12400.0	3.737414499999998e+16
12410.0	2.861538749999999e+16
12420.0	3.014805999999999e+16
12430.0	2.9955602499999988e+16
12440.0	2.8222469999999996e+16
12450.0	4.098160999999999e+16
12460.0	4.186628999999999e+16
12470.0	3.913319499999998e+16
12480.0	3.724669749999998e+16
12490.0	3.908666499999999e+16
12500.0	3.618023249999999e+16
12510.0	4.063679749999999e+16
12520.0	2.8307777499999996e+16
12530.0	3.0433722499999996e+16
12540.0	3.790957749999999e+16
12550.0	3.709385999999999e+16
12560.0	4.292310499999998e+16
12570.0	4.527882249999999e+16
12580.0	3.841258999999998e+16
12590.0	4.062860249999998e+16
12600.0	3.964352499999999e+16
12610.0	5.280880749999998e+16
12620.0	3.968390499999999e+16
12630.0	3.878412499999999e+16
12640.0	3.3291424999999996e+16
12650.0	3.846957499999998e+16
12660.0	4.345680499999998e+16
12670.0	4.555162499999999e+16
12680.0	4.398442499999999e+16
12690.0	4.792535249999998e+16
12700.0	4.602412499999999e+16
12710.0	4.311699499999998e+16
12720.0	4.647680999999999e+16
12730.0	4.951762749999998e+16
12740.0	4.292377999999999e+16
12750.0	4.1677805e+16
12760.0	4.651741749999998e+16
12770.0	4.434762999999998e+16
12780.0	4.546535499999999e+16
12790.0	4.686190749999999e+16
12800.0	4.503570749999998e+16
12810.0	4.162883499999999e+16
12820.0	4.622907249999998e+16
12830.0	4.265600999999999e+16
12840.0	4.600717499999998e+16
12850.0	4.659281999999998e+16
12860.0	3.887127749999998e+16
12870.0	4.678272999999998e+16
12880.0	4.598138499999998e+16
12890.0	4.415980749999998e+16
12900.0	3.826998749999999e+16
12910.0	4.070324499999999e+16
12920.0	4.116677499999999e+16
12930.0	4.209648999999999e+16
12940.0	4.735670749999999e+16
12950.0	3.86170625e+16
12960.0	4.613561499999998e+16
12970.0	5.055679749999999e+16
12980.0	5.013887749999999e+16
12990.0	4.221891249999999e+16
13000.0	4.902194499999998e+16
13010.0	4.632693249999998e+16
13020.0	4.859382749999998e+16
13030.0	4.279372999999998e+16
13040.0	5.375698749999999e+16
13050.0	4.578441999999998e+16
13060.0	5.375358749999999e+16
13070.0	4.256161499999998e+16
13080.0	4.860437999999999e+16
13090.0	4.590896999999999e+16
13100.0	4.737256499999998e+16
13110.0	5.587921749999999e+16
13120.0	5.320797999999998e+16
13130.0	4.600303499999999e+16
13140.0	4.850648749999999e+16
13150.0	4.835809749999999e+16
13160.0	4.383094249999999e+16
13170.0	4.112284749999998e+16
13180.0	5.056432249999998e+16
13190.0	5.056423499999999e+16
13200.0	4.546207499999999e+16
13210.0	5.389833749999999e+16
13220.0	4.122529999999999e+16
13230.0	4.393995999999999e+16
13240.0	4.519975749999999e+16
13250.0	3.875907249999998e+16
13260.0	4.307289249999999e+16
13270.0	3.543189999999999e+16
13280.0	3.808710499999998e+16
13290.0	4.2455692499999976e+16
13300.0	4.375484749999998e+16
13310.0	3.665553499999999e+16
13320.0	2.867506249999999e+16
13330.0	2.3523624999999996e+16
13340.0	3.2733534999999996e+16
13350.0	1.3984488249999996e+16
13360.0	2.6134821249999996e+16
13370.0	1.9076931999999996e+16
13380.0	1.8944072499999996e+16
13390.0	1.9560968499999996e+16
13400.0	2.6180120499999996e+16
13410.0	2.5684982499999996e+16
13420.0	2.1220819499999996e+16
13430.0	2.036709e+16
13440.0	2.1327891499999996e+16
13450.0	2.086044149999999e+16
13460.0	2.614050524999999e+16
13470.0	1.7447111749999996e+16
13480.0	2.3219513249999996e+16
13490.0	2.2102959749999996e+16
13500.0	1.9851634499999996e+16
13510.0	2.309039099999999e+16
13520.0	1.4983306499999996e+16
13530.0	2.808713249999999e+16
13540.0	1.7117767999999996e+16
13550.0	1.5464148499999996e+16
13560.0	2.1526001999999996e+16
13570.0	2.281324749999999e+16
13580.0	2.2804949999999996e+16
13590.0	1.6492197999999996e+16
13600.0	2.4119235e+16
13610.0	2.279503749999999e+16
13620.0	1.7196856999999996e+16
13630.0	1.8229791749999996e+16
13640.0	2.088470874999999e+16
13650.0	2.0608515e+16
13660.0	2.0272812499999996e+16
13670.0	2.093969999999999e+16
13680.0	2.0287281999999996e+16
13690.0	1.9999872999999996e+16
13700.0	2.0119330499999996e+16
13710.0	2.0299049999999996e+16
13720.0	2.1994619999999996e+16
13730.0	2.5464559999999996e+16
13740.0	1.7809156999999994e+16
13750.0	1.8063837499999996e+16
13760.0	1.9852459999999996e+16
13770.0	2.3790732499999996e+16
13780.0	2.700759999999999e+16
13790.0	2.566237749999999e+16
13800.0	2.6933689999999988e+16
13810.0	2.0683692499999996e+16
13820.0	2.7614089999999996e+16
13830.0	1.917287999999999e+16
13840.0	2.605134249999999e+16
13850.0	2.5893972499999996e+16
13860.0	2.136231199999999e+16
13870.0	2.2028450999999996e+16
13880.0	2.1281244999999996e+16
13890.0	2.0434223499999996e+16
13900.0	2.118880649999999e+16
13910.0	1.7946342499999994e+16
13920.0	2.1423997499999996e+16
13930.0	1.9914758499999996e+16
13940.0	2.251993249999999e+16
13950.0	1.6939322499999998e+16
13960.0	2.0286326499999996e+16
13970.0	1.8743470499999996e+16
13980.0	2.225522499999999e+16
13990.0	2.3783484999999996e+16
14000.0	1.7491934999999994e+16
14010.0	2.0014527499999996e+16
14020.0	2.239000499999999e+16
14030.0	2.0227312499999996e+16
14040.0	1.4788487999999994e+16
14050.0	1.5434552999999992e+16
14060.0	2.427026749999999e+16
14070.0	1.8478522499999996e+16
14080.0	1.5536281999999998e+16
14090.0	2.0545460999999996e+16
14100.0	1.8916672499999996e+16
14110.0	2.240393499999999e+16
14120.0	1.957757424999999e+16
14130.0	2.4146765249999996e+16
14140.0	2.2339105249999996e+16
14150.0	1.8310284249999996e+16
14160.0	1.7125412499999998e+16
14170.0	2.1282770249999996e+16
14180.0	1.3677235249999994e+16
14190.0	1.7235967499999998e+16
14200.0	1.6839710749999994e+16
14210.0	1.9315005749999996e+16
14220.0	1.6687894999999992e+16
14230.0	1.8834467499999996e+16
14240.0	1.5352858499999998e+16
14250.0	1.7686224749999994e+16
14260.0	1.3833570749999996e+16
14270.0	1.7464419999999994e+16
14280.0	1.8319137749999996e+16
14290.0	1.4753924249999996e+16
14300.0	2.090610749999999e+16
14310.0	1.9305829499999996e+16
14320.0	2.0582384999999996e+16
14330.0	1.9075212499999996e+16
14340.0	1.996365499999999e+16
14350.0	2.296395499999999e+16
14360.0	1.877957249999999e+16
14370.0	1.957306749999999e+16
14380.0	1.7652063499999996e+16
14390.0	1.7856016999999996e+16
14400.0	1.8836130999999996e+16
14410.0	1.8027832499999996e+16
14420.0	1.7000244499999996e+16
14430.0	2.2231529999999996e+16
14440.0	1.921177499999999e+16
14450.0	1.8181978999999996e+16
14460.0	2.0321976999999996e+16
14470.0	1.9279582499999996e+16
14480.0	1.8948019999999996e+16
14490.0	2.257117e+16
14500.0	2.2248382499999996e+16
14510.0	1.5313156999999998e+16
14520.0	2.3495977499999996e+16
14530.0	1.9398009999999996e+16
14540.0	1.7465959999999994e+16
14550.0	2.1279399499999996e+16
14560.0	1.912602499999999e+16
14570.0	1.990803749999999e+16
14580.0	2.3500012499999996e+16
14590.0	2.176298999999999e+16
14600.0	2.259246749999999e+16
14610.0	2.3599634999999996e+16
14620.0	1.9274577499999996e+16
14630.0	1.6645942499999996e+16
14640.0	2.2279797499999996e+16
14650.0	2.027922249999999e+16
14660.0	2.133209499999999e+16
14670.0	2.147333999999999e+16
14680.0	1.8579439999999996e+16
14690.0	1.6846184999999998e+16
14700.0	2.3159087499999996e+16
14710.0	2.0527322499999996e+16
14720.0	2.3292749999999996e+16
14730.0	2.1119382499999996e+16
14740.0	1.8155715e+16
14750.0	1.9610974999999996e+16
14760.0	2.0329112499999996e+16
14770.0	2.2314249999999996e+16
14780.0	2.1216267499999996e+16
14790.0	2.1755625e+16
14800.0	2.1809352499999996e+16
14810.0	2.297877249999999e+16
14820.0	1.9625512499999996e+16
14830.0	2.0581247499999996e+16
14840.0	2.5253039999999996e+16
14850.0	2.020357999999999e+16
14860.0	1.9619662499999996e+16
14870.0	2.3224092499999996e+16
14880.0	1.9045184999999996e+16
14890.0	2.1456809999999996e+16
14900.0	2.0534867499999996e+16
14910.0	2.3298672499999996e+16
14920.0	2.124007499999999e+16
14930.0	2.15570275e+16
14940.0	2.047696999999999e+16
14950.0	2.4715604999999996e+16
14960.0	2.001791249999999e+16
14970.0	2.4683244999999996e+16
14980.0	1.8751652499999996e+16
14990.0	2.5514692499999996e+16
15000.0	2.1289639999999996e+16
15010.0	2.151139249999999e+16
15020.0	1.968887999999999e+16
15030.0	2.391832999999999e+16
15040.0	2.1513712499999996e+16
15050.0	2.324893249999999e+16
15060.0	2.266731749999999e+16
15070.0	2.133765999999999e+16
15080.0	2.2769217499999996e+16
15090.0	2.3716824999999996e+16
15100.0	2.257648249999999e+16
15110.0	2.3240249999999996e+16
15120.0	2.4056267499999996e+16
15130.0	2.1899404999999996e+16
15140.0	2.1484524999999996e+16
15150.0	2.608672499999999e+16
15160.0	2.4611792499999996e+16
15170.0	2.3257694999999996e+16
15180.0	2.4712377499999988e+16
15190.0	2.596602249999999e+16
15200.0	2.303596749999999e+16
15210.0	2.7354679999999996e+16
15220.0	2.331441749999999e+16
15230.0	2.839578749999999e+16
15240.0	2.412223749999999e+16
15250.0	2.3384844999999996e+16
15260.0	2.372469499999999e+16
15270.0	2.2147029999999996e+16
15280.0	2.2556357499999996e+16
15290.0	2.493453749999999e+16
15300.0	2.147958499999999e+16
15310.0	2.401596499999999e+16
15320.0	2.129993999999999e+16
15330.0	2.553339749999999e+16
15340.0	2.7341982499999996e+16
15350.0	2.4564447499999996e+16
15360.0	2.472722999999999e+16
15370.0	2.4631337499999996e+16
15380.0	2.532359749999999e+16
15390.0	2.685438249999999e+16
15400.0	2.3227469999999996e+16
15410.0	2.5037464999999996e+16
15420.0	2.720014249999999e+16
15430.0	2.465319499999999e+16
15440.0	2.300296999999999e+16
15450.0	2.481356749999999e+16
15460.0	2.6359949999999996e+16
15470.0	2.4942844999999996e+16
15480.0	2.465848999999999e+16
15490.0	2.380542749999999e+16
15500.0	2.720313249999999e+16
15510.0	2.4352954999999996e+16
15520.0	2.7193964999999988e+16
15530.0	2.5275992499999996e+16
15540.0	2.799783249999999e+16
15550.0	2.7204387499999996e+16
15560.0	2.6339727499999996e+16
15570.0	2.6117842499999996e+16
15580.0	2.4097962499999996e+16
15590.0	2.6976604999999996e+16
15600.0	2.7193132499999988e+16
15610.0	2.698539749999999e+16
15620.0	2.799626749999999e+16
15630.0	2.861070499999999e+16
15640.0	2.9346672499999988e+16
15650.0	2.6019614999999996e+16
15660.0	2.5932377499999996e+16
15670.0	3.0355752499999996e+16
15680.0	2.895139749999999e+16
15690.0	2.7304435e+16
15700.0	2.8574172499999988e+16
15710.0	2.81415375e+16
15720.0	2.469164749999999e+16
15730.0	2.738837499999999e+16
15740.0	2.969769249999999e+16
15750.0	2.6133374999999988e+16
15760.0	2.938824999999999e+16
15770.0	3.1959929999999996e+16
15780.0	3.091917499999999e+16
15790.0	3.004371999999999e+16
15800.0	2.94064675e+16
15810.0	3.061896249999999e+16
15820.0	2.9010027499999996e+16
15830.0	2.958413499999999e+16
15840.0	2.8778884999999996e+16
15850.0	2.900581749999999e+16
15860.0	3.013784499999999e+16
15870.0	3.0666792499999996e+16
15880.0	3.143169749999999e+16
15890.0	3.2329684999999996e+16
15900.0	2.9425304999999996e+16
15910.0	3.1647317499999988e+16
15920.0	3.2020432499999996e+16
15930.0	3.088333249999999e+16
15940.0	3.204396999999999e+16
15950.0	3.2862282499999984e+16
15960.0	3.2671532499999984e+16
15970.0	3.281121249999999e+16
15980.0	3.068913749999999e+16
15990.0	3.1007507499999988e+16
16000.0	3.351052499999999e+16
16010.0	3.0402932499999996e+16
16020.0	3.1520482499999988e+16
16030.0	3.4434667499999996e+16
16040.0	3.303722749999999e+16
16050.0	3.07542075e+16
16060.0	3.2328992499999996e+16
16070.0	3.2045192499999988e+16
16080.0	3.237372999999999e+16
16090.0	3.465184249999999e+16
16100.0	3.080932499999999e+16
16110.0	3.249672499999999e+16
16120.0	3.3817119999999988e+16
16130.0	3.477199999999999e+16
16140.0	3.2880977499999984e+16
16150.0	3.342538499999999e+16
16160.0	3.1044159999999996e+16
16170.0	3.3644445e+16
16180.0	3.661307249999998e+16
16190.0	3.231698999999999e+16
16200.0	3.208614249999999e+16
16210.0	3.3949742499999984e+16
16220.0	3.3970027499999988e+16
16230.0	3.266327499999999e+16
16240.0	3.2861634999999988e+16
16250.0	3.2574329999999996e+16
16260.0	3.4079534999999996e+16
16270.0	3.546075249999999e+16
16280.0	3.632788499999998e+16
16290.0	3.2514627499999996e+16
16300.0	3.595373499999999e+16
16310.0	3.2934777499999988e+16
16320.0	3.3304667499999988e+16
16330.0	3.5270982499999988e+16
16340.0	3.3411509999999988e+16
16350.0	3.2987927499999996e+16
16360.0	3.5903114999999988e+16
16370.0	3.549162499999999e+16
16380.0	3.541291499999999e+16
16390.0	3.5863839999999996e+16
16400.0	3.70325525e+16
16410.0	3.262131249999999e+16
16420.0	3.1579042499999996e+16
16430.0	3.307298499999999e+16
16440.0	3.631626249999999e+16
16450.0	3.630799499999999e+16
16460.0	3.653637999999999e+16
16470.0	3.555282999999999e+16
16480.0	3.619146499999999e+16
16490.0	3.797663749999998e+16
16500.0	3.787825749999999e+16
16510.0	3.75164275e+16
16520.0	3.4909e+16
16530.0	3.5249557499999996e+16
16540.0	3.837053999999999e+16
16550.0	3.5076824999999996e+16
16560.0	3.843198499999999e+16
16570.0	3.8988595e+16
16580.0	3.7139585e+16
16590.0	3.513332749999999e+16
16600.0	3.80803725e+16
16610.0	3.5428787499999988e+16
16620.0	3.380357249999999e+16
16630.0	3.821379999999999e+16
16640.0	3.503426749999999e+16
16650.0	3.781587249999999e+16
16660.0	3.925225249999999e+16
16670.0	3.690087249999999e+16
16680.0	3.710937499999999e+16
16690.0	3.658607749999999e+16
16700.0	3.685126249999999e+16
16710.0	3.700274499999999e+16
16720.0	3.650387999999999e+16
16730.0	3.9450222499999976e+16
16740.0	3.964903499999998e+16
16750.0	3.711746749999999e+16
16760.0	3.829393499999998e+16
16770.0	3.490256499999999e+16
16780.0	3.767465999999999e+16
16790.0	3.771047749999998e+16
16800.0	3.61065225e+16
16810.0	3.804867499999999e+16
16820.0	3.859645249999999e+16
16830.0	3.772244999999998e+16
16840.0	3.591915749999999e+16
16850.0	3.724336999999999e+16
16860.0	4.012511249999999e+16
16870.0	3.873388249999999e+16
16880.0	3.760819749999999e+16
16890.0	3.77047725e+16
16900.0	3.948824249999999e+16
16910.0	3.881889749999999e+16
16920.0	3.5455009999999988e+16
16930.0	3.668042499999998e+16
16940.0	3.92262425e+16
16950.0	3.646649999999999e+16
16960.0	3.5607559999999996e+16
16970.0	3.357998249999999e+16
16980.0	3.635936749999999e+16
16990.0	3.4106407499999984e+16
17000.0	3.358564749999999e+16
17010.0	3.075297999999999e+16
17020.0	3.728243749999999e+16
17030.0	3.3712309999999996e+16
17040.0	3.4027424999999996e+16
17050.0	3.198192499999999e+16
17060.0	3.663907499999999e+16
17070.0	3.3307864999999996e+16
17080.0	3.2414624999999984e+16
17090.0	3.114111499999999e+16
17100.0	3.670328e+16
17110.0	3.071661749999999e+16
17120.0	3.1639777499999988e+16
17130.0	3.2260372499999988e+16
17140.0	3.020051249999999e+16
17150.0	3.0785714999999988e+16
17160.0	3.0713252499999996e+16
17170.0	3.305358499999999e+16
17180.0	2.749031e+16
17190.0	2.521799999999999e+16
17200.0	3.089016249999999e+16
17210.0	3.0747214999999988e+16
17220.0	3.1945672499999988e+16
17230.0	2.814350999999999e+16
17240.0	2.7445369999999996e+16
17250.0	3.1557839999999988e+16
17260.0	2.8614172499999988e+16
17270.0	2.31690475e+16
17280.0	2.7452469999999996e+16
17290.0	2.4608559999999996e+16
17300.0	2.7413839999999996e+16
17310.0	2.7430652499999996e+16
17320.0	2.67817675e+16
17330.0	2.746729749999999e+16
17340.0	2.866006999999999e+16
17350.0	2.265052249999999e+16
17360.0	2.43278725e+16
17370.0	1.998640499999999e+16
17380.0	3.017733249999999e+16
17390.0	2.7734344999999996e+16
17400.0	2.6359182499999988e+16
17410.0	2.1962139999999996e+16
17420.0	2.262467499999999e+16
17430.0	2.4528032499999996e+16
17440.0	2.3949582499999996e+16
17450.0	2.4932814999999996e+16
17460.0	2.5013427499999996e+16
17470.0	2.6395439999999996e+16
17480.0	2.4103384999999996e+16
17490.0	2.5185292499999996e+16
17500.0	2.752786249999999e+16
17510.0	2.5833074999999996e+16
17520.0	2.265860749999999e+16
17530.0	2.2680472499999996e+16
17540.0	2.3486253249999996e+16
17550.0	2.4518117749999996e+16
17560.0	2.1617432499999996e+16
17570.0	2.4551222499999996e+16
17580.0	2.164341749999999e+16
17590.0	2.231286249999999e+16
17600.0	2.4743557499999996e+16
17610.0	2.3474019999999996e+16
17620.0	2.3587074999999996e+16
17630.0	1.878515749999999e+16
17640.0	2.477976999999999e+16
17650.0	2.42584575e+16
17660.0	2.7180102499999996e+16
17670.0	2.160189999999999e+16
17680.0	1.4509269499999996e+16
17690.0	2.0638112499999996e+16
17700.0	2.4378894999999996e+16
17710.0	2.3536029999999996e+16
17720.0	1.90131485e+16
17730.0	1.8992728e+16
17740.0	2.521037999999999e+16
17750.0	2.0798707499999996e+16
17760.0	1.7013552499999998e+16
17770.0	2.1935569999999996e+16
17780.0	2.2183807499999996e+16
17790.0	2.141131749999999e+16
17800.0	2.0266087499999996e+16
17810.0	1.8520586999999996e+16
17820.0	2.3254332499999996e+16
17830.0	1.8325319999999996e+16
17840.0	2.5071417499999996e+16
17850.0	1.9907857499999996e+16
17860.0	2.097431749999999e+16
17870.0	2.0876752499999996e+16
17880.0	1.9262592499999996e+16
17890.0	1.8982385499999996e+16
17900.0	2.1865499999999996e+16
17910.0	1.4674909999999996e+16
17920.0	1.7380149999999998e+16
17930.0	1.941972499999999e+16
17940.0	1.829164e+16
17950.0	1.8258232499999996e+16
17960.0	1.6884286249999994e+16
17970.0	2.023342574999999e+16
17980.0	2.0784427499999996e+16
17990.0	2.0043012499999996e+16
18000.0	1.4245615499999996e+16
18010.0	1.3669236999999996e+16
18020.0	1.8980882499999996e+16
18030.0	1.93159715e+16
18040.0	2.216727699999999e+16
18050.0	2.1581332499999996e+16
18060.0	1.5867165499999996e+16
18070.0	1.5819803749999998e+16
18080.0	1.4457804499999998e+16
18090.0	1.3773654249999998e+16
18100.0	1.884935999999999e+16
18110.0	1.31539675e+16
18120.0	1.84921675e+16
18130.0	1.9674889999999996e+16
18140.0	2.1032914999999996e+16
18150.0	1.9130522499999996e+16
18160.0	1.7998625499999998e+16
18170.0	1.5844728999999998e+16
18180.0	1.9126684999999996e+16
18190.0	1.7363302499999994e+16
18200.0	1.7908071499999994e+16
18210.0	1.5174246499999996e+16
18220.0	1.5577207499999996e+16
18230.0	2.0820182499999996e+16
18240.0	2.3643749999999996e+16
18250.0	1.84611675e+16
18260.0	1.5665965749999996e+16
18270.0	1.6705352249999996e+16
18280.0	1.7019120499999996e+16
18290.0	1.8727671499999996e+16
18300.0	1.9149374999999996e+16
18310.0	1.7736066499999996e+16
18320.0	2.0287782499999996e+16
18330.0	1.7278952499999998e+16
18340.0	2.0642834999999996e+16
18350.0	1.8387594999999996e+16
18360.0	2.128202249999999e+16
18370.0	2.1837637499999996e+16
18380.0	1.8306197499999996e+16
18390.0	1.6448472499999992e+16
18400.0	1.8079074999999996e+16
18410.0	1.8968853249999996e+16
18420.0	1.5259255249999998e+16
18430.0	1.9440042499999996e+16
18440.0	1.7847720749999996e+16
18450.0	1.5728292749999994e+16
18460.0	1.5059174999999996e+16
18470.0	1.2369635999999998e+16
18480.0	1.5815165499999998e+16
18490.0	1.6351742499999994e+16
18500.0	1.7425539999999996e+16
18510.0	1.8844722499999996e+16
18520.0	1.6284423749999994e+16
18530.0	1.779820275e+16
18540.0	1.8463837499999996e+16
18550.0	1.6889674499999996e+16
18560.0	1.4889755499999996e+16
18570.0	1.2969612999999998e+16
18580.0	1.5207309999999998e+16
18590.0	1.6307840499999996e+16
18600.0	1.1801480249999998e+16
18610.0	1.844723275e+16
18620.0	1.6646100499999996e+16
18630.0	1.4379477499999996e+16
18640.0	1.5003460999999996e+16
18650.0	1.6147274999999996e+16
18660.0	1.9786067499999996e+16
18670.0	1.7200899999999998e+16
18680.0	1.0582691499999998e+16
18690.0	1.8351434999999996e+16
18700.0	1.6591944999999996e+16
18710.0	1.9214574999999996e+16
18720.0	1.6049731999999996e+16
18730.0	1.4190277499999996e+16
18740.0	1.6763812499999996e+16
18750.0	1.3312784249999998e+16
18760.0	1.8148069249999996e+16
18770.0	1.8409409999999996e+16
18780.0	1.7177962499999998e+16
18790.0	1.4181739999999998e+16
18800.0	1.7152047499999996e+16
18810.0	1.5616332499999996e+16
18820.0	1.9129557499999996e+16
18830.0	1.9253215e+16
18840.0	1.7065992499999996e+16
18850.0	1.3463589499999998e+16
18860.0	1.7223250999999996e+16
18870.0	1.6347352499999996e+16
18880.0	1.8137524999999996e+16
18890.0	1.7544712499999998e+16
18900.0	1.9293382499999996e+16
18910.0	2.0110164999999996e+16
18920.0	1.5584557499999996e+16
18930.0	1.6376977499999996e+16
18940.0	1.86237775e+16
18950.0	1.8879015e+16
18960.0	1.6836992499999996e+16
18970.0	1.85751825e+16
18980.0	1.6224580999999998e+16
18990.0	1.9452272499999996e+16
19000.0	1.6953454249999998e+16
19010.0	1.4619652249999996e+16
19020.0	1.7317592499999994e+16
19030.0	1.7228882499999996e+16
19040.0	1.8251712499999996e+16
19050.0	1.8606312499999996e+16
19060.0	1.8105837499999996e+16
19070.0	1.6195207499999996e+16
19080.0	2.0311174999999996e+16
19090.0	1.7730027499999996e+16
19100.0	1.9804662e+16
19110.0	1.3436969249999996e+16
19120.0	1.8677170749999996e+16
19130.0	1.910413499999999e+16
19140.0	1.7659827499999996e+16
19150.0	2.0875694999999996e+16
19160.0	1.6172477499999996e+16
19170.0	1.80510575e+16
19180.0	1.8852487499999996e+16
19190.0	2.0434947499999996e+16
19200.0	1.4320259999999996e+16
19210.0	1.5696738749999996e+16
19220.0	1.7540228749999998e+16
19230.0	1.6720319999999996e+16
19240.0	1.5391169999999998e+16
19250.0	1.9567887499999996e+16
19260.0	1.7567329499999996e+16
19270.0	1.6411535999999996e+16
19280.0	2.0599829999999996e+16
19290.0	1.9170307499999996e+16
19300.0	1.967564499999999e+16
19310.0	1.4043910499999994e+16
19320.0	1.7508382499999996e+16
19330.0	1.6459944999999996e+16
19340.0	1.6434732499999998e+16
19350.0	1.854775499999999e+16
19360.0	1.7189787499999994e+16
19370.0	1.9096749999999996e+16
19380.0	1.4674840499999996e+16
19390.0	1.6712847499999992e+16
19400.0	1.5787139999999996e+16
19410.0	1.7107527999999998e+16
19420.0	1.7488848499999996e+16
19430.0	1.4995743499999996e+16
19440.0	1.6052749499999996e+16
19450.0	1.2916992499999998e+16
19460.0	1.4260717499999998e+16
19470.0	1.814145499999999e+16
19480.0	1.4781163749999998e+16
19490.0	1.4434358749999996e+16
19500.0	1.7479378999999996e+16
19510.0	1.7212227499999996e+16
19520.0	1.7335374999999996e+16
19530.0	1.5011642499999994e+16
19540.0	1.8318669999999996e+16
19550.0	1.3931453e+16
19560.0	1.1083699249999996e+16
19570.0	1.6790514249999996e+16
19580.0	1.8167672499999996e+16
19590.0	1.6763177499999994e+16
19600.0	1.0166688499999998e+16
19610.0	1.5636613499999998e+16
19620.0	1.7275874999999996e+16
19630.0	1.7885965e+16
19640.0	1.7444462499999998e+16
19650.0	1.8302232499999996e+16
19660.0	1.9023029999999996e+16
19670.0	1.94524725e+16
19680.0	1.69785e+16
19690.0	1.6263230749999994e+16
19700.0	1.5624509999999996e+16
19710.0	1.7769040749999996e+16
19720.0	1.9195364999999996e+16
19730.0	1.8473667499999996e+16
19740.0	1.4335049999999996e+16
19750.0	1.8236494999999996e+16
19760.0	1.3242231499999996e+16
19770.0	1.7866054999999996e+16
19780.0	1.6229452499999996e+16
19790.0	1.7556977499999996e+16
19800.0	1.6911984999999996e+16
19810.0	1.7302587499999998e+16
19820.0	1.6057374999999996e+16
19830.0	1.8189334999999996e+16
19840.0	1.7208774999999998e+16
19850.0	1.4990012499999998e+16
19860.0	1.7252029999999998e+16
19870.0	1.7208435e+16
19880.0	1.4661606749999998e+16
19890.0	1.7552262749999998e+16
19900.0	1.5013442499999998e+16
19910.0	1.4145250499999996e+16
19920.0	1.4344140999999996e+16
19930.0	1.8000142499999998e+16
19940.0	1.8929149999999996e+16
19950.0	1.5921677499999998e+16
19960.0	1.6933892499999994e+16
19970.0	1.6191432499999996e+16
19980.0	1.6051647499999998e+16
19990.0	1.7045747499999998e+16
20000.0	1.5126949499999994e+16
20010.0	1.3919477499999996e+16
20020.0	1.7082485e+16
20030.0	1.6206522999999994e+16
20040.0	1.7020683999999996e+16
20050.0	1.6294874999999996e+16
20060.0	1.6200689999999994e+16
20070.0	1.5217647499999998e+16
20080.0	2.056975249999999e+16
20090.0	1.522591e+16
20100.0	1.8203655e+16
20110.0	1.6966529999999998e+16
20120.0	1.7105977499999996e+16
20130.0	1.7602244999999998e+16
20140.0	1.5795037499999992e+16
20150.0	1.7132869999999994e+16
20160.0	1.6120222499999996e+16
20170.0	1.6915502499999994e+16
20180.0	1.7666504999999994e+16
20190.0	1.7024154999999994e+16
20200.0	1.5330684999999994e+16
20210.0	1.7757999999999992e+16
20220.0	1.7454769999999996e+16
20230.0	1.7543182499999998e+16
20240.0	2.035100499999999e+16
20250.0	1.7787059999999996e+16
20260.0	1.4247284999999996e+16
20270.0	1.4765936499999996e+16
20280.0	1.7383347499999992e+16
20290.0	1.5643861749999996e+16
20300.0	1.7297335999999998e+16
20310.0	1.3783509249999996e+16
20320.0	1.847801749999999e+16
20330.0	1.7657382499999996e+16
20340.0	1.6172712499999996e+16
20350.0	1.8390772499999996e+16
20360.0	1.5347149999999996e+16
20370.0	1.9507434999999996e+16
20380.0	1.7481279999999994e+16
20390.0	1.6387482499999994e+16
20400.0	1.6457882499999996e+16
20410.0	1.5373670249999996e+16
20420.0	1.8483890749999996e+16
20430.0	1.9171714999999996e+16
20440.0	1.5311747499999998e+16
20450.0	1.6721654999999994e+16
20460.0	1.8673139999999996e+16
20470.0	1.7075519999999992e+16
20480.0	1.7916184999999996e+16
20490.0	1.5689944999999998e+16
20500.0	1.7158674999999996e+16
20510.0	1.9866117499999996e+16
20520.0	1.7865142499999994e+16
20530.0	1.7151004999999994e+16
20540.0	1.8085072499999996e+16
20550.0	1.6540959999999996e+16
20560.0	1.6085292499999996e+16
20570.0	1.8671789999999996e+16
20580.0	1.9558209999999996e+16
20590.0	1.7554482499999998e+16
20600.0	1.9031771499999996e+16
20610.0	1.6111697999999994e+16
20620.0	1.7884807499999998e+16
20630.0	1.8025184999999996e+16
20640.0	1.5810307499999996e+16
20650.0	1.7555804999999996e+16
20660.0	1.7967247499999994e+16
20670.0	1.8486492499999996e+16
20680.0	1.7872935e+16
20690.0	1.7614202499999996e+16
20700.0	1.9066547499999996e+16
20710.0	1.9072609999999996e+16
20720.0	1.7942154999999994e+16
20730.0	1.8504762499999996e+16
20740.0	1.7492002499999998e+16
20750.0	1.862657e+16
20760.0	1.8891232499999996e+16
20770.0	1.7491407499999994e+16
20780.0	1.7717844999999996e+16
20790.0	1.8655664999999996e+16
20800.0	1.7907309999999996e+16
20810.0	1.6948999999999996e+16
20820.0	1.8345625e+16
20830.0	1.7961692499999992e+16
20840.0	1.8916577499999996e+16
20850.0	1.783125e+16
20860.0	1.883940749999999e+16
20870.0	1.7010704999999998e+16
20880.0	1.9309694999999996e+16
20890.0	1.836652749999999e+16
20900.0	1.8150872499999996e+16
20910.0	1.9457272499999996e+16
20920.0	1.8521819999999996e+16
20930.0	1.9649064999999996e+16
20940.0	1.7894977499999996e+16
20950.0	1.8228689999999996e+16
20960.0	1.8938487499999996e+16
20970.0	1.7836954999999998e+16
20980.0	2.06244375e+16
20990.0	1.922260999999999e+16
21000.0	1.8557047499999996e+16
21010.0	1.9429804999999996e+16
21020.0	1.8770289999999996e+16
21030.0	1.7815609999999992e+16
21040.0	1.943675249999999e+16
21050.0	1.8942132499999996e+16
21060.0	1.929357249999999e+16
21070.0	1.911828249999999e+16
21080.0	1.9287774999999996e+16
21090.0	1.8036929999999996e+16
21100.0	1.9531837499999996e+16
21110.0	2.0931972499999996e+16
21120.0	1.8537514999999996e+16
21130.0	1.822796249999999e+16
21140.0	1.9146194999999996e+16
21150.0	1.884439e+16
21160.0	1.8702182499999996e+16
21170.0	1.936593999999999e+16
21180.0	1.937969249999999e+16
21190.0	1.8260215e+16
21200.0	1.9810727499999996e+16
21210.0	1.9089494999999996e+16
21220.0	1.7924954999999998e+16
21230.0	2.0847717499999996e+16
21240.0	1.957872499999999e+16
21250.0	1.8709854999999996e+16
21260.0	2.0125589999999996e+16
21270.0	1.9854532499999996e+16
21280.0	1.9556454999999996e+16
21290.0	1.8597054999999996e+16
21300.0	2.00821525e+16
21310.0	1.9531372499999996e+16
21320.0	2.021358249999999e+16
21330.0	1.9449015e+16
21340.0	2.0608875e+16
21350.0	2.0650859999999996e+16
21360.0	1.9530684999999996e+16
21370.0	1.9143834999999996e+16
21380.0	1.919273e+16
21390.0	1.9989789999999996e+16
21400.0	1.8980564999999996e+16
21410.0	2.028830999999999e+16
21420.0	2.0155027499999996e+16
21430.0	1.864112e+16
21440.0	2.0247399999999996e+16
21450.0	2.016191249999999e+16
21460.0	1.973801999999999e+16
21470.0	1.9680647499999996e+16
21480.0	1.9330374999999996e+16
21490.0	1.8853959999999996e+16
21500.0	1.8631362499999996e+16
21510.0	2.040771749999999e+16
21520.0	2.0038022499999996e+16
21530.0	1.907830249999999e+16
21540.0	1.9803355e+16
21550.0	2.077494749999999e+16
21560.0	1.9100869999999996e+16
21570.0	2.0324305e+16
21580.0	1.919990999999999e+16
21590.0	1.9463249999999996e+16
21600.0	2.0842282499999996e+16
21610.0	2.084065999999999e+16
21620.0	1.9870382499999996e+16
21630.0	1.9751937499999996e+16
21640.0	2.036123e+16
21650.0	2.039645499999999e+16
21660.0	1.8998494999999996e+16
21670.0	1.97564175e+16
21680.0	1.9909697499999996e+16
21690.0	2.0900634999999996e+16
21700.0	1.9720862499999996e+16
21710.0	1.9688402499999996e+16
21720.0	2.060378749999999e+16
21730.0	1.9426459999999996e+16
21740.0	1.9069024999999996e+16
21750.0	2.0853624999999996e+16
21760.0	1.9875589999999996e+16
21770.0	2.0142642499999988e+16
21780.0	1.8979659999999996e+16
21790.0	1.937085749999999e+16
21800.0	1.9864242499999996e+16
21810.0	2.0464667499999996e+16
21820.0	2.0587544999999996e+16
21830.0	1.9420234999999996e+16
21840.0	2.011462999999999e+16
21850.0	1.9121494999999996e+16
21860.0	1.9759424999999996e+16
21870.0	2.034898e+16
21880.0	1.9458969999999996e+16
21890.0	2.0448337499999996e+16
21900.0	2.0457137499999996e+16
21910.0	2.096359999999999e+16
21920.0	1.998371749999999e+16
21930.0	1.9042132499999996e+16
21940.0	1.9661697499999996e+16
21950.0	2.029800499999999e+16
21960.0	2.097473249999999e+16
21970.0	2.0816262499999996e+16
21980.0	1.976733e+16
21990.0	1.9866374999999996e+16
22000.0	2.0843617499999996e+16
22010.0	1.950222499999999e+16
22020.0	2.1219949999999996e+16
22030.0	1.932911499999999e+16
22040.0	1.9029212499999996e+16
22050.0	2.0327012499999996e+16
22060.0	1.991214249999999e+16
22070.0	2.0384312499999996e+16
22080.0	1.990989999999999e+16
22090.0	2.02376525e+16
22100.0	1.994103749999999e+16
22110.0	1.9101267499999996e+16
22120.0	2.042723e+16
22130.0	2.0177842499999996e+16
22140.0	2.1497592499999996e+16
22150.0	1.9166344999999996e+16
22160.0	2.0931164999999996e+16
22170.0	1.9931354999999996e+16
22180.0	2.0212889999999996e+16
22190.0	1.8968784999999996e+16
22200.0	1.794059e+16
22210.0	1.9190642499999996e+16
22220.0	1.9686164999999996e+16
22230.0	1.9352467499999996e+16
22240.0	1.9938917499999996e+16
22250.0	2.0659762499999996e+16
22260.0	1.9945102499999996e+16
22270.0	2.0625219999999996e+16
22280.0	1.8098979999999996e+16
22290.0	2.042526999999999e+16
22300.0	1.861835749999999e+16
22310.0	2.0920747499999996e+16
22320.0	2.1189715e+16
22330.0	1.9492502499999996e+16
22340.0	2.057323999999999e+16
22350.0	1.9668862499999996e+16
22360.0	1.7616772499999994e+16
22370.0	1.9957482499999996e+16
22380.0	2.0227277499999996e+16
22390.0	1.8115642499999996e+16
22400.0	2.1368989999999996e+16
22410.0	2.0870084999999996e+16
22420.0	2.04631875e+16
22430.0	2.04397e+16
22440.0	1.9508174999999996e+16
22450.0	1.87592e+16
22460.0	2.089700499999999e+16
22470.0	2.0340714999999996e+16
22480.0	2.0374132499999996e+16
22490.0	2.04272775e+16
22500.0	2.0083654999999996e+16
22510.0	2.1147872499999996e+16
22520.0	2.0351035e+16
22530.0	1.938709499999999e+16
22540.0	1.9606452499999996e+16
22550.0	1.956928249999999e+16
22560.0	1.988729749999999e+16
22570.0	2.09955275e+16
22580.0	1.8798779999999996e+16
22590.0	2.0022207499999996e+16
22600.0	1.951921999999999e+16
22610.0	1.9710354999999996e+16
22620.0	1.9393264999999996e+16
22630.0	1.8096187499999996e+16
22640.0	1.906928249999999e+16
22650.0	1.962829499999999e+16
22660.0	1.923775499999999e+16
22670.0	2.0444759999999996e+16
22680.0	2.0211437499999996e+16
22690.0	1.9523867499999996e+16
22700.0	1.8035469999999996e+16
22710.0	1.9972754999999996e+16
22720.0	1.8893564999999996e+16
22730.0	1.9981647499999996e+16
22740.0	1.9491719999999996e+16
22750.0	2.083825499999999e+16
22760.0	1.9388022499999996e+16
22770.0	2.0216494999999996e+16
22780.0	1.9973072499999996e+16
22790.0	1.7869022499999994e+16
22800.0	1.8006069999999996e+16
22810.0	1.9151414999999996e+16
22820.0	2.0003204999999996e+16
22830.0	1.9706675e+16
22840.0	1.8911784999999996e+16
22850.0	1.9402544999999996e+16
22860.0	1.9493859999999996e+16
22870.0	1.9014069999999996e+16
22880.0	2.049389e+16
22890.0	1.9576352499999996e+16
22900.0	2.0538407499999996e+16
22910.0	2.0468614999999996e+16
22920.0	1.9026522499999996e+16
22930.0	2.0219207499999996e+16
22940.0	1.3217662499999998e+16
22950.0	1.5005137749999994e+16
22960.0	1.5273145249999998e+16
22970.0	1.6503942499999994e+16
22980.0	1.8101424999999996e+16
22990.0	1.821909749999999e+16
23000.0	1.6165898499999996e+16
23010.0	1.7420132499999996e+16
23020.0	1.9062949999999996e+16
23030.0	1.5727046499999998e+16
23040.0	1.9199069999999996e+16
23050.0	1.5100714999999998e+16
23060.0	1.6426537999999996e+16
23070.0	1.6254375499999996e+16
23080.0	1.7317469999999996e+16
23090.0	1.855157999999999e+16
23100.0	1.7727732499999998e+16
23110.0	1.7913284999999992e+16
23120.0	1.908105e+16
23130.0	1.944215999999999e+16
23140.0	1.9035377499999996e+16
23150.0	1.3780427999999996e+16
23160.0	1.8438087499999996e+16
23170.0	1.8896639999999996e+16
23180.0	1.8098747499999996e+16
23190.0	1.9023019999999996e+16
23200.0	1.7765731749999994e+16
23210.0	1.4682307249999998e+16
23220.0	1.7951627499999998e+16
23230.0	1.3940216999999998e+16
23240.0	1.3517476499999998e+16
23250.0	1.3677091499999998e+16
23260.0	1.7131654999999998e+16
23270.0	1.4986915499999994e+16
23280.0	1.6632757499999996e+16
23290.0	1.6723954999999994e+16
23300.0	1.5160811499999996e+16
23310.0	1.5999617499999998e+16
23320.0	1.7682964999999996e+16
23330.0	1.7743684999999994e+16
23340.0	1.5420792999999998e+16
23350.0	1.6009849999999996e+16
23360.0	1.6475143999999996e+16
23370.0	1.4743753749999996e+16
23380.0	1.6000461249999998e+16
23390.0	1.6553532499999994e+16
23400.0	1.5523289999999998e+16
23410.0	1.7365994999999998e+16
23420.0	1.5942994999999996e+16
23430.0	1.8269642499999996e+16
23440.0	1.7995224999999994e+16
23450.0	1.420016625e+16
23460.0	1.8266491249999996e+16
23470.0	1.6126692499999996e+16
23480.0	1.6529109999999996e+16
23490.0	1.7520994999999998e+16
23500.0	1.7052672499999996e+16
23510.0	1.5218826249999998e+16
23520.0	1.5333028749999994e+16
23530.0	1.3335554499999996e+16
23540.0	1.4272934249999996e+16
23550.0	1.5542535249999998e+16
23560.0	1.5422757499999994e+16
23570.0	1.6643397499999996e+16
23580.0	1.4269655499999996e+16
23590.0	1.4475133999999996e+16
23600.0	1.6800017499999994e+16
23610.0	1.4054431999999998e+16
23620.0	1.4374467499999998e+16
23630.0	1.4171964999999996e+16
23640.0	1.5189376499999994e+16
23650.0	1.6303474499999996e+16
23660.0	1.6285279999999994e+16
23670.0	1.5155732499999998e+16
23680.0	1.2147449999999998e+16
23690.0	1.6644332499999996e+16
23700.0	1.6150814999999998e+16
23710.0	1.4346458999999996e+16
23720.0	1.6858390999999992e+16
23730.0	1.6592727499999996e+16
23740.0	1.4477347999999998e+16
23750.0	1.5777874999999996e+16
23760.0	1.4711987499999996e+16
23770.0	1.4587366999999994e+16
23780.0	1.3712208499999996e+16
23790.0	1.5044730999999996e+16
23800.0	1.6215102499999998e+16
23810.0	1.2130012499999998e+16
23820.0	1.5428234999999996e+16
23830.0	1.4322427499999998e+16
23840.0	1.4143022499999998e+16
23850.0	1.6049709999999998e+16
23860.0	1.3978279499999996e+16
23870.0	1.3556104999999996e+16
23880.0	1.2575352499999996e+16
23890.0	1.5728012499999996e+16
23900.0	1.6051414999999996e+16
23910.0	1.5248203749999996e+16
23920.0	1.0831998499999998e+16
23930.0	1.2892704749999998e+16
23940.0	1.5075894499999996e+16
23950.0	1.4241479999999996e+16
23960.0	1.3493234499999998e+16
23970.0	1.3615217499999996e+16
23980.0	1.4155984999999998e+16
23990.0	1.5610739999999998e+16
24000.0	1.4990876749999998e+16
24010.0	1.2720660749999998e+16
24020.0	1.3650506749999994e+16
24030.0	1.2574724249999998e+16
24040.0	1.5060544999999994e+16
24050.0	1.4431054999999998e+16
24060.0	1.4308119999999998e+16
24070.0	1.1719554999999998e+16
24080.0	1.4539394999999996e+16
24090.0	1.5320049999999996e+16
24100.0	1.3001352499999996e+16
24110.0	1.4504299999999996e+16
24120.0	1.3096391999999996e+16
24130.0	1.4174894999999996e+16
24140.0	1.2850192499999998e+16
24150.0	1.5156324999999998e+16
24160.0	1.3727008499999996e+16
24170.0	1.3954659999999996e+16
24180.0	1.2355077499999996e+16
24190.0	1.4877407499999998e+16
24200.0	1.3523532499999998e+16
24210.0	1.3856287499999996e+16
24220.0	1.1538739499999996e+16
24230.0	1.3571113499999998e+16
24240.0	1.4557395499999998e+16
24250.0	1.2997662999999998e+16
24260.0	1.3178847499999996e+16
24270.0	1.42152e+16
24280.0	1.2717194249999998e+16
24290.0	1.4257557749999994e+16
24300.0	1.2944163499999996e+16
24310.0	1.1270105499999996e+16
24320.0	1.3265298999999996e+16
24330.0	1.3585212499999996e+16
24340.0	1.1417285499999998e+16
24350.0	1.0711582499999998e+16
24360.0	1.2743765499999998e+16
24370.0	9979518999999998.0
24380.0	1.2190483499999998e+16
24390.0	1.4198284999999996e+16
24400.0	1.2457418749999998e+16
24410.0	1.1971992999999996e+16
24420.0	1.3053878249999996e+16
24430.0	1.2505802749999996e+16
24440.0	9654918749999998.0
24450.0	1.2274820499999998e+16
24460.0	1.2113979999999996e+16
24470.0	1.2409561499999996e+16
24480.0	1.2933603249999996e+16
24490.0	1.3349070249999996e+16
24500.0	1.3088737499999996e+16
24510.0	1.4187592499999996e+16
24520.0	1.0583157249999998e+16
24530.0	1.196263925e+16
24540.0	9295648499999998.0
24550.0	1.2293559999999996e+16
24560.0	1.2206733499999998e+16
24570.0	1.1756707499999996e+16
24580.0	1.3182199999999998e+16
24590.0	1.27466005e+16
24600.0	1.1522565999999998e+16
24610.0	9706685499999998.0
24620.0	1.1780316499999998e+16
24630.0	1.2632497499999996e+16
24640.0	1.4157009999999994e+16
24650.0	1.2418619499999996e+16
24660.0	9962892499999996.0
24670.0	1.1672841999999998e+16
24680.0	7470598749999997.0
24690.0	1.2103862749999998e+16
24700.0	1.2494074999999998e+16
24710.0	1.0307862749999998e+16
24720.0	1.1038987249999998e+16
24730.0	1.1479975249999996e+16
24740.0	7609432249999999.0
24750.0	8788558749999998.0
24760.0	1.0474435249999996e+16
24770.0	1.3009482749999998e+16
24780.0	1.2464105999999996e+16
24790.0	9493099999999998.0
24800.0	1.2608294249999998e+16
24810.0	9828981749999998.0
24820.0	1.1096653749999998e+16
24830.0	8396881749999997.0
24840.0	1.1352433999999994e+16
24850.0	1.2063466249999998e+16
24860.0	1.1884796499999998e+16
24870.0	1.2088060499999996e+16
24880.0	1.0916535499999998e+16
24890.0	8929736499999999.0
24900.0	9126829249999998.0
24910.0	8973321749999997.0
24920.0	1.2272612499999996e+16
24930.0	9477665499999996.0
24940.0	1.3144364499999998e+16
24950.0	1.2024884499999998e+16
24960.0	1.1276117749999998e+16
24970.0	1.0598572749999998e+16
24980.0	9001134999999996.0
24990.0	1.1623819499999998e+16
25000.0	1.2669557499999996e+16
25010.0	1.1529730499999998e+16
25020.0	1.0932576749999996e+16
25030.0	8997753749999998.0
25040.0	9688924249999998.0
25050.0	9939584249999998.0
25060.0	7825670249999999.0
25070.0	9062857749999998.0
25080.0	9832416499999998.0
25090.0	1.2484732499999998e+16
25100.0	1.1505037249999994e+16
25110.0	1.0744359749999996e+16
25120.0	1.1353405749999998e+16
25130.0	7450654249999998.0
25140.0	1.0558930499999996e+16
25150.0	1.0401176749999998e+16
25160.0	8709983499999998.0
25170.0	1.1745122249999998e+16
25180.0	1.1102551999999996e+16
25190.0	1.0882475749999996e+16
25200.0	1.0249438499999998e+16
25210.0	9948841249999998.0
25220.0	9539786499999996.0
25230.0	1.0377217499999996e+16
25240.0	8742221249999997.0
25250.0	9487605999999998.0
25260.0	9654471249999996.0
25270.0	1.0319310999999996e+16
25280.0	9539408249999998.0
25290.0	9893621249999998.0
25300.0	1.0193372499999998e+16
25310.0	1.2320265999999996e+16
25320.0	1.1999328499999996e+16
25330.0	6729591499999998.0
25340.0	1.1360220499999996e+16
25350.0	1.0258801999999998e+16
25360.0	8054160749999998.0
25370.0	1.1703479249999998e+16
25380.0	1.1906973249999998e+16
25390.0	9525759249999996.0
25400.0	1.1457311999999998e+16
25410.0	1.0205701999999996e+16
25420.0	9884844999999996.0
25430.0	1.0215639749999996e+16
25440.0	1.0437371249999998e+16
25450.0	1.1321336999999996e+16
25460.0	9536308999999996.0
25470.0	1.0742405499999996e+16
25480.0	8710949249999999.0
25490.0	9886228749999998.0
25500.0	1.1297603999999998e+16
25510.0	9766977999999998.0
25520.0	1.0800424499999996e+16
25530.0	7636833199999997.0
25540.0	1.1624928999999998e+16
25550.0	1.0397125999999998e+16
25560.0	1.1031191499999998e+16
25570.0	1.0230836499999996e+16
25580.0	1.1837058999999996e+16
25590.0	1.1315357749999996e+16
25600.0	9687430499999996.0
25610.0	8744841999999998.0
25620.0	1.0730322249999998e+16
25630.0	7568338999999998.0
25640.0	9022435249999998.0
25650.0	8466065499999999.0
25660.0	8238242249999997.0
25670.0	9739903499999998.0
25680.0	9678089999999998.0
25690.0	1.0901028499999998e+16
25700.0	9713161499999996.0
25710.0	1.1850529749999998e+16
25720.0	9879444749999996.0
25730.0	1.1554991499999998e+16
25740.0	5961574999999998.0
25750.0	1.0914505999999996e+16
25760.0	8743996249999998.0
25770.0	6580343249999998.0
25780.0	9831198999999998.0
25790.0	9342915499999996.0
25800.0	1.1083513999999996e+16
25810.0	1.0915091999999998e+16
25820.0	1.0671047249999998e+16
25830.0	7294785749999998.0
25840.0	9364768499999998.0
25850.0	1.0180870249999998e+16
25860.0	1.1036042749999998e+16
25870.0	7664829999999997.0
25880.0	9139163749999998.0
25890.0	9324900499999998.0
25900.0	8523647500000001.0
25910.0	1.0802598e+16
25920.0	9843250499999996.0
25930.0	4605888749999999.0
25940.0	9247583249999998.0
25950.0	1.0103276e+16
25960.0	9401240249999996.0
25970.0	1.026257e+16
25980.0	6528332999999998.0
25990.0	1.0023159e+16
