# Flux units: erg / (cm m2 s)
# Wavelength units: Angstrom
wave	flux
7000.0	4232.078749999999
7010.0	4334.995
7020.0	4437.219749999999
7030.0	4541.016999999999
7040.0	4648.632749999999
7050.0	4756.8052499999985
7060.0	4869.066999999999
7070.0	4980.347999999999
7080.0	5097.1264999999985
7090.0	5211.761749999999
7100.0	5329.373999999998
7110.0	5455.4164999999975
7120.0	5580.486249999998
7130.0	5702.794749999998
7140.0	5833.678499999999
7150.0	5967.287999999999
7160.0	6093.392249999999
7170.0	6191.305249999998
7180.0	6356.8537499999975
7190.0	6504.0415
7200.0	6650.697499999999
7210.0	6800.74475
7220.0	6955.965499999998
7230.0	7107.356749999999
7240.0	7257.098499999999
7250.0	7419.072749999999
7260.0	7570.951249999999
7270.0	7741.3272499999985
7280.0	7908.6092499999995
7290.0	8074.089499999998
7300.0	8236.246
7310.0	8408.284499999998
7320.0	8594.662999999999
7330.0	8781.426249999999
7340.0	8952.738249999999
7350.0	9128.582749999996
7360.0	9331.319999999998
7370.0	9516.832999999997
7380.0	9716.92275
7390.0	9909.026499999998
7400.0	10100.099749999996
7410.0	10306.542499999996
7420.0	10503.1775
7430.0	10716.379999999997
7440.0	10918.139999999998
7450.0	11118.019999999999
7460.0	11330.942499999997
7470.0	11544.484999999997
7480.0	11745.489999999998
7490.0	11955.544999999996
7500.0	12158.567499999996
7510.0	12349.374999999998
7520.0	12537.822499999997
7530.0	12716.732499999996
7540.0	12875.522499999997
7550.0	13020.027499999998
7560.0	13132.752499999997
7570.0	13205.974999999997
7580.0	13223.617499999998
7590.0	13168.132499999998
7600.0	13004.712499999998
7610.0	12697.007499999998
7620.0	12193.324999999999
7630.0	11458.714999999998
7640.0	10526.852249999996
7650.0	9332.394749999998
7660.0	7787.199249999999
7670.0	7493.066749999998
7680.0	8851.577499999998
7690.0	9141.5515
7700.0	7947.097499999998
7710.0	9485.362499999996
7720.0	11900.037499999999
7730.0	13692.247499999996
7740.0	15261.264999999998
7750.0	16549.074999999993
7760.0	17610.52999999999
7770.0	18501.989999999994
7780.0	19247.549999999996
7790.0	19705.574999999997
7800.0	15917.509999999997
7810.0	20031.837499999994
7820.0	21711.889999999992
7830.0	22385.369999999995
7840.0	22957.829999999994
7850.0	23512.854999999996
7860.0	24044.142499999998
7870.0	24561.889999999992
7880.0	25088.547499999993
7890.0	25610.157499999994
7900.0	26118.72749999999
7910.0	26638.509999999995
7920.0	27141.834999999995
7930.0	27603.972499999993
7940.0	27669.67249999999
7950.0	22480.484999999993
7960.0	28784.494999999995
7970.0	29741.062499999993
7980.0	30357.227499999997
7990.0	30938.472499999996
8000.0	31504.794999999995
8010.0	32081.819999999996
8020.0	32660.80499999999
8030.0	33252.649999999994
8040.0	33845.472499999996
8050.0	34439.46249999999
8060.0	35045.17999999999
8070.0	35652.11999999999
8080.0	36271.499999999985
8090.0	36880.97249999999
8100.0	37494.58999999999
8110.0	38047.09999999999
8120.0	38712.1375
8130.0	39398.08749999999
8140.0	39887.80499999999
8150.0	40639.97749999999
8160.0	41393.76499999999
8170.0	42123.30999999999
8180.0	42818.93249999998
8190.0	43625.86249999999
8200.0	44293.22749999999
8210.0	45090.79499999999
8220.0	45828.37249999999
8230.0	46056.44749999999
8240.0	47170.859999999986
8250.0	48122.547499999986
8260.0	48892.66249999999
8270.0	49645.23749999998
8280.0	50451.73999999999
8290.0	51189.06249999998
8300.0	52043.02999999999
8310.0	52888.75249999999
8320.0	53684.9825
8330.0	54594.85749999999
8340.0	55476.782499999994
8350.0	56412.38249999999
8360.0	57207.45499999999
8370.0	58189.19249999999
8380.0	59055.462499999994
8390.0	59999.214999999975
8400.0	60906.667499999974
8410.0	61889.42249999997
8420.0	62856.48999999999
8430.0	63868.94999999999
8440.0	64859.614999999976
8450.0	65843.0125
8460.0	66834.44999999998
8470.0	67837.88999999998
8480.0	68921.09749999997
8490.0	69931.36749999998
8500.0	71030.03999999998
8510.0	72117.66999999997
8520.0	73180.7475
8530.0	74276.94249999998
8540.0	75367.0575
8550.0	76517.23749999999
8560.0	77661.72249999999
8570.0	78815.05249999999
8580.0	79972.65
8590.0	81127.25999999997
8600.0	82330.65749999999
8610.0	83256.5425
8620.0	83707.34999999998
8630.0	84769.99749999998
8640.0	86182.27249999999
8650.0	87740.04499999998
8660.0	89387.01499999997
8670.0	90671.19999999998
8680.0	91973.12749999997
8690.0	93361.66249999998
8700.0	94599.10499999997
8710.0	95926.02999999998
8720.0	97362.05499999998
8730.0	98822.86749999998
8740.0	100150.56999999998
8750.0	101624.99999999997
8760.0	103129.74999999999
8770.0	104489.89999999998
8780.0	106083.72499999996
8790.0	107470.57499999997
8800.0	108902.97499999996
8810.0	110465.05
8820.0	112124.04999999996
8830.0	113630.27499999995
8840.0	115251.47499999996
8850.0	116800.97499999998
8860.0	118378.82499999997
8870.0	120055.72499999995
8880.0	121686.7
8890.0	123291.62499999997
8900.0	124942.32499999997
8910.0	126330.94999999997
8920.0	127831.02499999998
8930.0	129401.37499999996
8940.0	131111.59999999998
8950.0	133137.94999999998
8960.0	134842.72499999995
8970.0	134841.19999999995
8980.0	138535.07499999995
8990.0	138603.12499999997
9000.0	142215.425
9010.0	143490.49999999994
9020.0	146184.19999999995
9030.0	147982.74999999997
9040.0	150161.87499999994
9050.0	152010.77499999997
9060.0	154032.57499999998
9070.0	155807.94999999995
9080.0	157698.39999999997
9090.0	159621.77499999994
9100.0	161702.07499999998
9110.0	163084.42499999996
9120.0	166034.04999999996
9130.0	167896.27499999997
9140.0	170083.87499999997
9150.0	172049.89999999997
9160.0	173239.47499999995
9170.0	176130.07499999995
9180.0	178459.02499999997
9190.0	180666.24999999997
9200.0	182322.12499999994
9210.0	185381.62499999994
9220.0	187146.79999999996
9230.0	190327.64999999997
9240.0	192163.425
9250.0	194192.74999999997
9260.0	195066.74999999994
9270.0	196965.17499999996
9280.0	191869.12499999997
9290.0	190425.29999999993
9300.0	195672.52499999997
9310.0	192685.29999999993
9320.0	201652.02499999994
9330.0	200014.27499999994
9340.0	194879.02499999997
9350.0	199179.4999999999
9360.0	209103.67499999996
9370.0	207091.62499999997
9380.0	218767.57499999992
9390.0	225979.27499999997
9400.0	230827.67499999996
9410.0	232704.92499999996
9420.0	234572.97499999998
9430.0	237052.44999999998
9440.0	236431.8
9450.0	240296.07499999995
9460.0	239443.52499999994
9470.0	240856.04999999996
9480.0	246418.52499999988
9490.0	252594.22499999992
9500.0	241737.69999999995
9510.0	257988.0249999999
9520.0	257284.47499999995
9530.0	263803.8499999999
9540.0	269108.9499999999
9550.0	268491.425
9560.0	260761.24999999997
9570.0	273342.1249999999
9580.0	280048.7749999999
9590.0	278142.5999999999
9600.0	281433.24999999994
9610.0	289199.79999999993
9620.0	283075.725
9630.0	298361.6999999999
9640.0	295968.375
9650.0	302028.9999999999
9660.0	309164.49999999994
9670.0	305703.32499999995
9680.0	316536.8499999999
9690.0	318789.94999999995
9700.0	321773.02499999997
9710.0	327986.5749999999
9720.0	328781.4749999999
9730.0	330500.19999999984
9740.0	337643.77499999997
9750.0	338898.9499999999
9760.0	343756.04999999993
9770.0	349312.85
9780.0	352923.5999999999
9790.0	354064.04999999993
9800.0	358620.8999999999
9810.0	365817.8749999999
9820.0	368838.1499999999
9830.0	372487.97499999986
9840.0	377698.92499999993
9850.0	380140.82499999995
9860.0	385445.9749999999
9870.0	389486.82499999984
9880.0	393167.89999999985
9890.0	397910.75
9900.0	402040.57499999995
9910.0	407203.5999999999
9920.0	410812.9749999999
9930.0	414947.54999999993
9940.0	419196.0249999999
9950.0	424772.8999999999
9960.0	428232.0249999999
9970.0	433005.2999999999
9980.0	437587.07499999984
9990.0	441632.59999999986
10000.0	445753.02499999997
10010.0	450310.49999999994
10020.0	454759.1999999999
10030.0	459321.8749999999
10040.0	463889.8249999999
10050.0	468912.2249999999
10060.0	473147.79999999993
10070.0	478089.7499999999
10080.0	482351.9999999999
10090.0	487213.22499999986
10100.0	492260.07499999984
10110.0	496731.7499999999
10120.0	501550.4249999998
10130.0	506499.74999999994
10140.0	511368.3749999998
10150.0	516249.19999999984
10160.0	521233.0249999999
10170.0	526133.9500000001
10180.0	530920.3999999998
10190.0	536218.4999999999
10200.0	541220.3250000001
10210.0	546238.1749999999
10220.0	551447.3999999999
10230.0	556575.475
10240.0	561790.5249999998
10250.0	566998.575
10260.0	572198.5999999999
10270.0	577486.2499999999
10280.0	582957.2999999999
10290.0	588256.5999999999
10300.0	593661.9999999998
10310.0	599071.9499999998
10320.0	604431.1999999998
10330.0	609907.7749999999
10340.0	615600.7249999999
10350.0	621157.0499999998
10360.0	626756.8499999999
10370.0	632414.2249999999
10380.0	638115.325
10390.0	643730.3499999997
10400.0	649507.3749999998
10410.0	655268.2749999998
10420.0	661099.0749999998
10430.0	666958.8499999997
10440.0	672820.1749999998
10450.0	678646.9749999997
10460.0	684733.2749999998
10470.0	690722.85
10480.0	696653.0749999998
10490.0	702759.1499999998
10500.0	708857.6499999998
10510.0	714992.2499999999
10520.0	721209.5249999998
10530.0	727313.2499999999
10540.0	733704.8999999999
10550.0	740012.0249999998
10560.0	746352.575
10570.0	752729.325
10580.0	758968.2499999999
10590.0	765445.2249999999
10600.0	771300.0749999997
10610.0	778550.425
10620.0	785740.3249999997
10630.0	793093.1499999998
10640.0	800145.3749999998
10650.0	806513.35
10660.0	813586.5999999999
10670.0	819764.6999999997
10680.0	826464.7999999998
10690.0	833452.5499999999
10700.0	840236.3499999997
10710.0	847469.0749999997
10720.0	854247.4249999998
10730.0	861389.9749999997
10740.0	868547.1749999997
10750.0	874895.1499999998
10760.0	883132.6999999998
10770.0	889550.7749999998
10780.0	896357.8999999998
10790.0	904588.2499999997
10800.0	910916.5
10810.0	918735.9999999998
10820.0	926330.9749999997
10830.0	933907.0249999996
10840.0	940943.9499999997
10850.0	948562.7249999996
10860.0	955505.975
10870.0	961852.3499999997
10880.0	971121.7249999999
10890.0	978184.2249999999
10900.0	983490.8249999998
10910.0	992411.6
10920.0	998860.6499999996
10930.0	1003126.0749999997
10940.0	1011481.7499999998
10950.0	1018654.9999999997
10960.0	1020615.4999999997
10970.0	1033781.7499999998
10980.0	1034101.7499999999
10990.0	1040279.4999999998
11000.0	1050399.4999999998
11010.0	1039176.8499999997
11020.0	1055011.4999999998
11030.0	1053063.7499999998
11040.0	1063081.9999999998
11050.0	1074823.3999999997
11060.0	1048220.7999999998
11070.0	1080625.2499999998
11080.0	1056045.7
11090.0	1101960.4999999998
11100.0	1087771.7999999996
11110.0	1034457.7999999998
11120.0	1108114.75
11130.0	1073791.7499999998
11140.0	1100034.7499999995
11150.0	1008794.0499999997
11160.0	1095747.6499999994
11170.0	1052589.9999999998
11180.0	1137366.2499999998
11190.0	1081566.2499999995
11200.0	998132.4999999998
11210.0	1170351.5499999998
11220.0	1053672.6749999998
11230.0	1134925.8749999998
11240.0	1086633.8999999997
11250.0	1130031.5499999998
11260.0	1168907.1499999994
11270.0	1210364.7499999995
11280.0	1247129.2499999995
11290.0	1270995.9999999998
11300.0	1237288.9999999998
11310.0	1271274.7499999998
11320.0	1295777.2499999998
11330.0	1243560.7499999998
11340.0	1124354.4499999997
11350.0	1018049.7999999998
11360.0	1269362.9999999995
11370.0	1338910.9999999995
11380.0	1365777.2499999998
11390.0	1375722.2499999998
11400.0	1377531.9999999995
11410.0	1391335.4999999993
11420.0	1380197.4999999995
11430.0	1390412.4999999995
11440.0	1326738.7499999995
11450.0	1392078.9999999998
11460.0	1429164.9999999993
11470.0	1403705.6999999997
11480.0	1369684.1499999994
11490.0	1458388.2499999995
11500.0	1278630.4999999998
11510.0	1474413.4999999995
11520.0	1440245.9999999995
11530.0	1414333.7499999998
11540.0	1414278.2499999998
11550.0	1482118.4999999998
11560.0	1449635.7499999995
11570.0	1497347.4999999995
11580.0	1469996.9999999998
11590.0	1506175.9999999995
11600.0	1464650.2499999998
11610.0	1540012.9999999995
11620.0	1551971.7499999998
11630.0	1624873.2499999998
11640.0	1511680.7499999995
11650.0	1607489.2499999995
11660.0	1564866.9999999998
11670.0	1645457.7499999998
11680.0	1646779.2499999993
11690.0	1628003.9999999998
11700.0	1644415.2499999998
11710.0	1699028.4999999998
11720.0	1718559.7499999993
11730.0	1638354.4999999995
11740.0	1702460.2499999995
11750.0	1738455.9999999995
11760.0	1764387.4999999995
11770.0	1777162.4999999998
11780.0	1770193.4999999995
11790.0	1817154.9999999995
11800.0	1820972.4999999998
11810.0	1837158.2499999998
11820.0	1832834.7499999995
11830.0	1870160.4999999993
11840.0	1879467.7499999995
11850.0	1881871.2499999995
11860.0	1903461.2499999995
11870.0	1923571.4999999995
11880.0	1939446.2499999993
11890.0	1940526.4999999993
11900.0	1954071.2499999993
11910.0	1977322.4999999995
11920.0	1992879.0
11930.0	2012341.2499999995
11940.0	2005889.4999999998
11950.0	2029683.4999999995
11960.0	2048574.2499999995
11970.0	2065629.2499999998
11980.0	2068148.7499999993
11990.0	2070133.4999999993
12000.0	2100036.2499999995
12010.0	2118850.4999999995
12020.0	2122672.25
12030.0	2136035.7499999995
12040.0	2147622.4999999995
12050.0	2170827.749999999
12060.0	2185250.4999999995
12070.0	2187137.7499999995
12080.0	2207003.25
12090.0	2214647.4999999995
12100.0	2232962.7499999995
12110.0	2250221.2499999995
12120.0	2257364.4999999995
12130.0	2270814.2499999995
12140.0	2284175.7499999995
12150.0	2293535.4999999995
12160.0	2320871.499999999
12170.0	2331051.9999999995
12180.0	2344105.2499999995
12190.0	2359532.2499999995
12200.0	2372200.7499999995
12210.0	2387133.9999999995
12220.0	2399258.2499999995
12230.0	2413680.7499999995
12240.0	2429969.9999999995
12250.0	2442309.9999999995
12260.0	2460519.9999999995
12270.0	2472860.4999999995
12280.0	2488721.4999999995
12290.0	2499079.499999999
12300.0	2515367.4999999995
12310.0	2530764.9999999995
12320.0	2545384.7499999995
12330.0	2555502.5
12340.0	2576028.749999999
12350.0	2594187.999999999
12360.0	2606007.75
12370.0	2619550.2499999995
12380.0	2636490.2499999995
12390.0	2651097.4999999995
12400.0	2666558.2499999995
12410.0	2679173.9999999986
12420.0	2695417.4999999995
12430.0	2710194.9999999995
12440.0	2725212.7499999995
12450.0	2742839.2499999995
12460.0	2755819.75
12470.0	2771571.75
12480.0	2785963.499999999
12490.0	2800442.499999999
12500.0	2815794.0
12510.0	2831561.499999999
12520.0	2846922.5
12530.0	2864349.4999999995
12540.0	2874592.4999999995
12550.0	2894681.9999999986
12560.0	2911896.2499999995
12570.0	2925679.7499999995
12580.0	2941881.749999999
12590.0	2955465.749999999
12600.0	2974239.999999999
12610.0	2990716.4999999995
12620.0	3007467.9999999995
12630.0	3022742.0
12640.0	3038089.999999999
12650.0	3053866.499999999
12660.0	3065857.4999999995
12670.0	3083375.9999999995
12680.0	3102957.9999999995
12690.0	3118893.999999999
12700.0	3134555.4999999995
12710.0	3149394.4999999995
12720.0	3161559.999999999
12730.0	3180540.0
12740.0	3190444.249999999
12750.0	3217743.7499999995
12760.0	3228503.9999999995
12770.0	3244714.4999999995
12780.0	3266077.499999999
12790.0	3274919.9999999995
12800.0	3279829.4999999995
12810.0	3306942.9999999995
12820.0	3326049.4999999995
12830.0	3326238.749999999
12840.0	3362235.4999999995
12850.0	3365568.999999999
12860.0	3383793.499999999
12870.0	3402530.5
12880.0	3411952.999999999
12890.0	3431842.2499999995
12900.0	3454845.999999999
12910.0	3471998.4999999995
12920.0	3460024.749999999
12930.0	3494496.25
12940.0	3516110.7499999995
12950.0	3509603.499999999
12960.0	3521906.249999999
12970.0	3535033.249999999
12980.0	3602506.2499999995
12990.0	3596391.25
13000.0	3605894.9999999995
13010.0	3603395.749999999
13020.0	3656803.7499999995
13030.0	3636465.999999999
13040.0	3668247.749999999
13050.0	3716017.999999999
13060.0	3735098.5
13070.0	3685432.999999999
13080.0	3770318.2499999986
13090.0	3777475.999999999
13100.0	3779675.5
13110.0	3823649.999999999
13120.0	3820024.4999999986
13130.0	3832118.249999999
13140.0	3847443.2499999995
13150.0	3792069.4999999986
13160.0	3896000.999999999
13170.0	3919967.9999999986
13180.0	3944365.4999999986
13190.0	3881049.4999999986
13200.0	3952475.749999999
13210.0	3994739.249999998
13220.0	4014476.749999999
13230.0	3873531.7499999986
13240.0	3951103.7499999995
13250.0	4028109.249999999
13260.0	4052303.2499999995
13270.0	4049550.0
13280.0	4077741.499999999
13290.0	4008571.999999999
13300.0	4019835.999999999
13310.0	4010365.2499999995
13320.0	3561815.2499999995
13330.0	3886577.999999999
13340.0	4013191.9999999995
13350.0	3823202.749999999
13360.0	3478507.499999999
13370.0	2957279.7499999995
13380.0	2810991.25
13390.0	3031353.2499999986
13400.0	2636420.4999999995
13410.0	3147449.499999999
13420.0	2420727.9999999995
13430.0	2451003.7499999995
13440.0	2674513.4499999997
13450.0	1980501.7499999995
13460.0	2897620.949999999
13470.0	2196483.1499999994
13480.0	1270535.4249999998
13490.0	2267789.7249999996
13500.0	2159647.3474999997
13510.0	2049388.2424999997
13520.0	1345272.7749999997
13530.0	2204998.2749999994
13540.0	1640737.9999999993
13550.0	1093617.73
13560.0	2063962.0699999994
13570.0	1799882.0999999994
13580.0	1874997.2999999993
13590.0	1557967.1249999995
13600.0	2166637.375
13610.0	1653162.9
13620.0	1034952.8574999997
13630.0	2375615.672499999
13640.0	2486339.0749999993
13650.0	1715327.8249999995
13660.0	3002826.499999999
13670.0	2873589.4999999986
13680.0	1918765.2825
13690.0	2620602.227499999
13700.0	2604789.999999999
13710.0	2480479.749999999
13720.0	3059239.749999999
13730.0	3044958.2499999995
13740.0	2547777.9999999995
13750.0	3310393.749999999
13760.0	3449789.2499999995
13770.0	3137544.4999999995
13780.0	3922889.9999999995
13790.0	3294169.4999999986
13800.0	3658871.3749999995
13810.0	2050159.6249999993
13820.0	3123296.9499999997
13830.0	1640070.7499999998
13840.0	3541880.749999999
13850.0	2102332.5
13860.0	2002054.1999999993
13870.0	3559026.0999999987
13880.0	2004797.8499999994
13890.0	2930119.099999999
13900.0	3053643.649999999
13910.0	2677780.749999999
13920.0	2123051.9499999997
13930.0	2751960.349999999
13940.0	3111606.249999999
13950.0	1865969.9599999997
13960.0	2130162.85
13970.0	2472669.0499999993
13980.0	3206668.4999999995
13990.0	3665310.9999999986
14000.0	2199549.55
14010.0	1751953.0999999999
14020.0	3809689.4999999986
14030.0	4033172.999999999
14040.0	2729393.7999999993
14050.0	1806738.0499999996
14060.0	4348386.999999999
14070.0	2791905.499999999
14080.0	3269215.75
14090.0	2209171.1
14100.0	2874201.9499999997
14110.0	3873112.999999999
14120.0	2501834.9999999995
14130.0	4013685.4999999995
14140.0	2023391.2749999997
14150.0	2785577.6249999995
14160.0	3999864.499999999
14170.0	3436529.699999999
14180.0	2559898.8999999994
14190.0	1930707.3499999996
14200.0	2760857.1499999994
14210.0	3400751.4999999986
14220.0	3677521.499999999
14230.0	2418013.7499999995
14240.0	2269374.1999999997
14250.0	3746286.7499999995
14260.0	2707272.749999999
14270.0	4137448.999999999
14280.0	3181988.55
14290.0	1989966.2999999996
14300.0	4855634.749999999
14310.0	4312701.249999999
14320.0	3288125.499999999
14330.0	3963481.999999999
14340.0	1978623.9999999993
14350.0	4106073.2499999995
14360.0	4791048.999999998
14370.0	4367506.999999998
14380.0	3839652.5
14390.0	3565927.974999999
14400.0	3407192.1749999993
14410.0	4167815.749999999
14420.0	4174418.9999999986
14430.0	5088468.999999999
14440.0	4638953.249999998
14450.0	3036455.2499999995
14460.0	4129158.249999999
14470.0	4705670.749999999
14480.0	5193605.499999999
14490.0	5381017.5
14500.0	4152521.5
14510.0	3012976.499999999
14520.0	5889480.749999998
14530.0	5854206.999999998
14540.0	5202298.499999999
14550.0	5285728.749999999
14560.0	4537677.749999999
14570.0	4380804.499999999
14580.0	6080665.749999998
14590.0	6371923.749999999
14600.0	6267511.499999999
14610.0	5969614.249999999
14620.0	5023813.499999999
14630.0	4353879.999999999
14640.0	6243203.999999997
14650.0	5748312.499999998
14660.0	5913448.249999999
14670.0	6176622.499999999
14680.0	5573169.999999997
14690.0	5211790.5
14700.0	5535993.0
14710.0	5712325.249999999
14720.0	6232526.749999998
14730.0	6220896.499999999
14740.0	5893885.249999999
14750.0	6176697.499999998
14760.0	5817941.499999998
14770.0	6012359.249999999
14780.0	6540987.999999999
14790.0	6585301.749999997
14800.0	5845056.249999999
14810.0	6550098.499999999
14820.0	5903189.25
14830.0	6303216.499999999
14840.0	6952266.999999999
14850.0	6619217.499999998
14860.0	6623650.499999999
14870.0	6493673.249999999
14880.0	6547095.999999999
14890.0	6882443.499999998
14900.0	6167004.250000001
14910.0	6734012.499999999
14920.0	6503981.249999998
14930.0	7298715.499999998
14940.0	6793118.249999998
14950.0	7156330.249999999
14960.0	6970356.749999998
14970.0	6936465.999999998
14980.0	6475220.749999999
14990.0	7415108.499999998
15000.0	7563218.749999997
15010.0	7258655.749999997
15020.0	6802167.499999998
15030.0	7433846.499999998
15040.0	7122600.749999999
15050.0	7590017.249999997
15060.0	7755646.499999998
15070.0	7257313.249999998
15080.0	7630440.499999998
15090.0	7646611.499999998
15100.0	7785242.749999998
15110.0	7632636.499999998
15120.0	7966791.999999997
15130.0	7632954.999999998
15140.0	7810139.749999998
15150.0	8229441.999999995
15160.0	8025081.999999997
15170.0	8073308.999999997
15180.0	8007924.999999998
15190.0	8018158.249999998
15200.0	8233457.499999996
15210.0	8279906.999999999
15220.0	8168864.5
15230.0	8441993.999999998
15240.0	8333509.499999998
15250.0	8323411.249999998
15260.0	8479504.249999996
15270.0	8424743.249999998
15280.0	8426292.75
15290.0	8651014.499999998
15300.0	8433883.75
15310.0	8539980.5
15320.0	8563077.749999998
15330.0	8724412.999999998
15340.0	8868655.999999998
15350.0	8785372.499999998
15360.0	8836466.499999996
15370.0	8822542.749999998
15380.0	8837666.749999996
15390.0	8978618.999999996
15400.0	8918998.5
15410.0	9032061.999999998
15420.0	9038241.749999998
15430.0	9010213.499999998
15440.0	8955394.499999998
15450.0	9108598.5
15460.0	9233764.75
15470.0	9272241.75
15480.0	9237558.249999998
15490.0	9169781.499999996
15500.0	9343412.749999998
15510.0	9238038.749999998
15520.0	9346158.249999998
15530.0	9434242.249999996
15540.0	9454217.749999998
15550.0	9466758.749999998
15560.0	9506687.249999998
15570.0	9484314.749999998
15580.0	9525169.499999998
15590.0	9620131.249999998
15600.0	9610034.499999998
15610.0	9614556.999999998
15620.0	9729259.999999998
15630.0	9730350.999999998
15640.0	9740625.749999998
15650.0	9682293.749999998
15660.0	9786573.999999996
15670.0	9870794.999999996
15680.0	9892440.999999996
15690.0	9792482.499999998
15700.0	9975890.999999998
15710.0	9960427.749999998
15720.0	9786320.999999998
15730.0	9996123.5
15740.0	10047695.999999998
15750.0	9961615.999999998
15760.0	10135082.499999998
15770.0	10186487.499999998
15780.0	10193577.5
15790.0	10185979.999999996
15800.0	10248315.0
15810.0	10261619.999999998
15820.0	10304019.999999996
15830.0	10318139.999999998
15840.0	10374722.5
15850.0	10394457.499999998
15860.0	10392282.499999998
15870.0	10403240.0
15880.0	10480397.499999998
15890.0	10513574.999999998
15900.0	10511204.999999996
15910.0	10535447.499999996
15920.0	10581182.499999998
15930.0	10608029.999999998
15940.0	10664774.999999996
15950.0	10681347.499999998
15960.0	10671239.999999998
15970.0	10722632.499999998
15980.0	10744384.999999998
15990.0	10803764.999999998
16000.0	10838675.0
16010.0	10845044.999999998
16020.0	10889322.499999998
16030.0	10824532.499999998
16040.0	10947167.499999998
16050.0	10962392.499999996
16060.0	10991364.999999998
16070.0	11024314.999999996
16080.0	11050959.999999998
16090.0	11092359.999999998
16100.0	11028594.999999998
16110.0	11139202.499999996
16120.0	11175742.499999998
16130.0	11163004.999999998
16140.0	11219554.999999996
16150.0	11219144.999999998
16160.0	11259684.999999998
16170.0	11265762.499999998
16180.0	11301329.999999998
16190.0	11341672.499999996
16200.0	11369102.499999998
16210.0	11187034.999999996
16220.0	11311614.999999996
16230.0	11310390.0
16240.0	10908804.999999998
16250.0	11474797.499999998
16260.0	10430784.499999996
16270.0	11467947.499999996
16280.0	9854555.499999998
16290.0	11379552.499999998
16300.0	11229161.749999996
16310.0	10720587.249999998
16320.0	11557812.499999998
16330.0	9467041.0
16340.0	11343932.499999998
16350.0	9819587.999999998
16360.0	11329378.999999996
16370.0	11797567.499999996
16380.0	11504689.999999996
16390.0	11772552.499999996
16400.0	11257789.249999994
16410.0	11853152.749999996
16420.0	11931789.999999996
16430.0	11705144.999999996
16440.0	12073294.999999998
16450.0	11940919.999999998
16460.0	11582467.499999994
16470.0	12063429.999999998
16480.0	11287439.499999998
16490.0	11808117.499999998
16500.0	12089817.499999996
16510.0	11725352.499999996
16520.0	12265969.999999998
16530.0	12296334.999999998
16540.0	12275479.999999994
16550.0	12031717.499999996
16560.0	11609837.499999998
16570.0	11556802.499999998
16580.0	12417294.999999996
16590.0	12242182.499999998
16600.0	12409619.999999996
16610.0	12509340.0
16620.0	12181814.999999998
16630.0	12489782.5
16640.0	12556522.499999998
16650.0	12197853.499999996
16660.0	9339620.999999998
16670.0	9434391.499999998
16680.0	9982509.499999998
16690.0	11879553.499999996
16700.0	12411075.0
16710.0	12640024.999999998
16720.0	12565542.499999996
16730.0	12605712.499999996
16740.0	12750297.499999998
16750.0	12774992.499999994
16760.0	12925955.0
16770.0	12506314.749999996
16780.0	11802863.249999998
16790.0	12956254.999999996
16800.0	13000467.499999998
16810.0	12083547.999999996
16820.0	12754852.5
16830.0	12919742.499999998
16840.0	12360151.999999996
16850.0	12882682.5
16860.0	13042559.999999996
16870.0	12915584.999999998
16880.0	12966644.999999996
16890.0	12986395.0
16900.0	13080106.249999996
16910.0	12284038.749999998
16920.0	12695094.999999996
16930.0	13294677.499999994
16940.0	12343217.499999998
16950.0	13017307.499999998
16960.0	13411719.999999996
16970.0	12192409.999999996
16980.0	13185140.0
16990.0	13172539.999999996
17000.0	12405727.499999996
17010.0	11879372.499999994
17020.0	12906179.999999998
17030.0	12894994.999999998
17040.0	12394382.499999998
17050.0	13007729.999999996
17060.0	12924942.499999998
17070.0	12747147.499999996
17080.0	12492887.499999998
17090.0	13268707.499999998
17100.0	13554862.499999996
17110.0	13557629.999999998
17120.0	13565704.999999998
17130.0	13480924.999999996
17140.0	13553564.999999996
17150.0	13790739.999999996
17160.0	13766915.0
17170.0	13615014.999999996
17180.0	13770462.499999996
17190.0	13729119.999999998
17200.0	13900232.499999996
17210.0	13659334.999999996
17220.0	13525372.499999998
17230.0	13340619.999999996
17240.0	13348107.5
17250.0	13346272.499999996
17260.0	13392089.999999996
17270.0	12610894.999999998
17280.0	12911639.999999996
17290.0	12907799.999999996
17300.0	12779284.999999996
17310.0	13469597.499999996
17320.0	12792034.999999998
17330.0	13665022.499999996
17340.0	13835844.999999996
17350.0	12969864.999999996
17360.0	13621044.999999998
17370.0	12592622.499999998
17380.0	14141179.999999998
17390.0	14135339.999999996
17400.0	13106687.499999996
17410.0	12964429.999999998
17420.0	13438114.999999996
17430.0	13826532.5
17440.0	13395619.999999998
17450.0	13625509.999999998
17460.0	13067447.5
17470.0	13119592.499999994
17480.0	13671684.999999998
17490.0	13256197.499999994
17500.0	13589332.499999996
17510.0	12506812.499999998
17520.0	13377967.499999998
17530.0	13843357.499999996
17540.0	12341159.999999996
17550.0	12514557.499999998
17560.0	12033482.499999996
17570.0	13249477.499999998
17580.0	10941296.999999998
17590.0	13373607.499999996
17600.0	13891909.249999993
17610.0	11744212.25
17620.0	11715361.999999996
17630.0	10996467.499999998
17640.0	13210025.0
17650.0	13089387.499999998
17660.0	13410794.999999996
17670.0	9874007.499999998
17680.0	7766014.499999997
17690.0	11170562.249999998
17700.0	12899802.749999998
17710.0	11253681.999999996
17720.0	11733608.499999996
17730.0	8963255.999999996
17740.0	12982106.999999998
17750.0	9929958.999999996
17760.0	7586584.749999997
17770.0	10839030.249999998
17780.0	11611913.499999996
17790.0	9305984.499999998
17800.0	12201052.999999998
17810.0	8560934.499999998
17820.0	10835926.499999998
17830.0	10358797.499999996
17840.0	9771321.499999998
17850.0	7738361.499999998
17860.0	6537333.499999998
17870.0	7466633.499999998
17880.0	10346493.999999998
17890.0	10025437.0
17900.0	11170052.999999998
17910.0	6971870.8999999985
17920.0	6109483.699999998
17930.0	9644345.999999998
17940.0	6917910.999999997
17950.0	9005647.75
17960.0	6133542.249999999
17970.0	6209097.549999999
17980.0	11445744.249999998
17990.0	13454619.75
18000.0	5348571.249999998
18010.0	3574666.5499999993
18020.0	6120000.799999999
18030.0	5920621.749999998
18040.0	9843660.249999998
18050.0	8646218.0
18060.0	2898558.4999999995
18070.0	6876882.999999998
18080.0	8394845.95
18090.0	6513226.899999998
18100.0	10914259.749999996
18110.0	3057559.999999999
18120.0	8050211.749999998
18130.0	6393690.749999998
18140.0	13899178.249999996
18150.0	6916181.824999998
18160.0	4875583.0249999985
18170.0	4826278.199999999
18180.0	10083131.0
18190.0	8526990.999999998
18200.0	5929086.999999998
18210.0	3690308.899999999
18220.0	2899548.999999999
18230.0	9778977.749999998
18240.0	15519084.999999996
18250.0	12922832.499999994
18260.0	5177022.074999999
18270.0	7417341.174999998
18280.0	8084022.249999998
18290.0	7570175.799999998
18300.0	7254459.999999998
18310.0	4473020.65
18320.0	8210525.499999998
18330.0	7906673.75
18340.0	12631114.499999998
18350.0	5194577.249999998
18360.0	5963087.249999999
18370.0	7252832.249999999
18380.0	5332674.249999999
18390.0	9374620.499999996
18400.0	4144955.949999999
18410.0	10392288.874999996
18420.0	3064518.5749999993
18430.0	10609128.999999998
18440.0	8304074.999999998
18450.0	10592993.499999998
18460.0	8723027.75
18470.0	4531669.149999999
18480.0	4930783.999999999
18490.0	7359469.249999998
18500.0	5738929.499999999
18510.0	10041782.249999998
18520.0	11205573.249999998
18530.0	6321682.749999999
18540.0	4122932.4999999995
18550.0	7637744.499999996
18560.0	8542952.999999996
18570.0	3203077.799999999
18580.0	5624694.749999998
18590.0	10097664.499999996
18600.0	2742776.485
18610.0	3450257.6749999993
18620.0	8294189.999999998
18630.0	7194396.249999998
18640.0	4738963.574999998
18650.0	2816582.374999999
18660.0	8801006.999999998
18670.0	5808725.999999999
18680.0	1613418.5999999996
18690.0	8446527.174999999
18700.0	5190513.474999999
18710.0	2939195.8499999996
18720.0	7885513.549999999
18730.0	3334534.249999999
18740.0	7141050.1499999985
18750.0	8407737.274999999
18760.0	9860566.574999997
18770.0	5119209.249999999
18780.0	12167114.0
18790.0	9614280.499999998
18800.0	12796514.499999996
18810.0	6730096.999999998
18820.0	9952174.499999996
18830.0	14360114.999999994
18840.0	8413868.499999998
18850.0	5731136.249999999
18860.0	10862891.249999998
18870.0	10516184.249999998
18880.0	12331807.999999994
18890.0	8519759.749999998
18900.0	9357286.499999996
18910.0	12334670.999999996
18920.0	7173339.499999997
18930.0	12389719.499999996
18940.0	10367315.999999996
18950.0	15034955.999999994
18960.0	13046683.999999998
18970.0	13443336.999999994
18980.0	9292335.499999998
18990.0	9937148.249999996
19000.0	6510390.449999997
19010.0	8580279.149999999
19020.0	12626984.749999998
19030.0	7116445.299999999
19040.0	12907193.999999998
19050.0	7568362.974999998
19060.0	6670646.174999999
19070.0	6456975.249999998
19080.0	17348955.0
19090.0	12899212.499999998
19100.0	12677594.074999996
19110.0	7217459.95
19120.0	8946550.274999999
19130.0	10562070.749999998
19140.0	4964530.8999999985
19150.0	12181762.75
19160.0	7719705.249999999
19170.0	10587255.249999998
19180.0	16118547.499999994
19190.0	15832109.749999998
19200.0	3535006.3999999985
19210.0	3723008.0999999996
19220.0	12738088.749999996
19230.0	12699712.999999996
19240.0	4876762.05
19250.0	11382292.749999996
19260.0	10329962.249999998
19270.0	5984887.249999998
19280.0	11534768.749999996
19290.0	8092944.249999999
19300.0	10369476.249999996
19310.0	6341064.2
19320.0	8697217.749999996
19330.0	10175561.749999996
19340.0	5681269.25
19350.0	11143688.999999996
19360.0	5982431.324999998
19370.0	9660732.774999999
19380.0	7509300.099999999
19390.0	5621541.5
19400.0	4457874.799999999
19410.0	4445193.324999998
19420.0	9367147.274999997
19430.0	12064323.499999996
19440.0	9533131.249999996
19450.0	5071974.699999998
19460.0	8298950.749999998
19470.0	10322929.0
19480.0	5647935.249999999
19490.0	6010542.749999999
19500.0	9207735.749999996
19510.0	14446950.249999998
19520.0	13960956.749999998
19530.0	6145584.499999999
19540.0	8057817.999999998
19550.0	5273301.749999997
19560.0	4739620.274999999
19570.0	10661457.324999997
19580.0	7508352.999999999
19590.0	12093100.999999998
19600.0	7640506.0
19610.0	8456017.999999998
19620.0	6573563.499999998
19630.0	11020423.749999998
19640.0	9528250.999999996
19650.0	9976413.249999996
19660.0	11946213.999999998
19670.0	15004394.999999994
19680.0	8194047.999999999
19690.0	12357935.499999998
19700.0	13635457.999999996
19710.0	7493662.5
19720.0	10035034.499999998
19730.0	13044730.500000002
19740.0	7744277.999999999
19750.0	11085716.499999996
19760.0	7794861.499999998
19770.0	15776386.999999994
19780.0	14657960.999999994
19790.0	14615897.999999994
19800.0	8420558.749999998
19810.0	13346305.999999998
19820.0	9975385.249999998
19830.0	13415916.999999994
19840.0	13529319.499999998
19850.0	14793305.999999996
19860.0	15852475.499999996
19870.0	16120204.999999998
19880.0	12680927.499999998
19890.0	10782710.749999998
19900.0	8105054.749999997
19910.0	10941143.749999998
19920.0	11143970.249999998
19930.0	15622177.499999996
19940.0	15928157.499999994
19950.0	13775329.999999996
19960.0	16679022.499999998
19970.0	16649884.999999996
19980.0	11553236.499999996
19990.0	15650437.999999998
20000.0	11112832.499999998
20010.0	12653144.499999994
20020.0	15815170.999999994
20030.0	15206617.249999996
20040.0	17393511.749999996
20050.0	17649177.499999996
20060.0	15802237.499999994
20070.0	13752197.499999998
20080.0	18609805.249999993
20090.0	13498526.749999996
20100.0	14900494.999999996
20110.0	19047499.999999993
20120.0	18926364.999999996
20130.0	18193484.999999996
20140.0	16939732.499999996
20150.0	16990041.499999996
20160.0	15976417.749999994
20170.0	16018510.749999993
20180.0	18401094.999999993
20190.0	18129157.5
20200.0	15033303.999999996
20210.0	18424174.999999996
20220.0	19191580.0
20230.0	18972354.999999993
20240.0	19883647.499999993
20250.0	19491066.499999996
20260.0	15834960.499999998
20270.0	16417785.999999998
20280.0	19352539.999999996
20290.0	15489978.249999998
20300.0	18240008.499999993
20310.0	14981070.75
20320.0	19441574.999999996
20330.0	18923499.999999996
20340.0	16893239.999999996
20350.0	19226139.999999993
20360.0	17097259.999999996
20370.0	19943732.499999993
20380.0	18516857.499999993
20390.0	18549194.999999996
20400.0	18055302.5
20410.0	16042600.749999998
20420.0	19422557.249999996
20430.0	19958569.999999993
20440.0	17663832.499999993
20450.0	19265262.499999993
20460.0	19790947.499999996
20470.0	19235394.999999996
20480.0	19492057.5
20490.0	16604217.499999996
20500.0	19403709.999999996
20510.0	20095342.499999993
20520.0	19829477.499999996
20530.0	18369432.499999996
20540.0	19866522.499999996
20550.0	19734452.499999993
20560.0	18883619.999999993
20570.0	20061642.499999993
20580.0	19543592.499999996
20590.0	20203990.0
20600.0	19939069.999999993
20610.0	18668755.0
20620.0	20075492.499999996
20630.0	19669587.499999996
20640.0	18623539.999999996
20650.0	20006137.499999993
20660.0	20116877.499999996
20670.0	19898427.499999996
20680.0	19713882.5
20690.0	19835939.999999996
20700.0	20037814.999999996
20710.0	19838717.499999993
20720.0	20158514.999999996
20730.0	20176482.499999996
20740.0	20125159.999999996
20750.0	20344742.499999996
20760.0	20352462.499999996
20770.0	20163224.999999996
20780.0	20387952.499999993
20790.0	19861417.499999996
20800.0	20000129.999999993
20810.0	19358689.999999996
20820.0	19072167.499999996
20830.0	19581672.5
20840.0	20445052.499999993
20850.0	20133472.499999993
20860.0	19818650.0
20870.0	19940347.499999996
20880.0	20337195.0
20890.0	19476887.499999996
20900.0	20524859.999999996
20910.0	20507499.999999996
20920.0	20228264.999999996
20930.0	20598207.499999996
20940.0	20309759.999999996
20950.0	20558272.5
20960.0	20540294.999999993
20970.0	20335107.499999996
20980.0	20668787.499999993
20990.0	20125552.499999996
21000.0	20538287.499999993
21010.0	20369694.999999993
21020.0	20550167.499999996
21030.0	20543747.499999996
21040.0	20718122.499999993
21050.0	20390819.999999993
21060.0	20646419.999999996
21070.0	20732467.499999993
21080.0	20733707.499999993
21090.0	20223422.499999993
21100.0	20676702.499999993
21110.0	20743382.499999993
21120.0	20193984.999999993
21130.0	19934582.499999996
21140.0	20730232.499999993
21150.0	20543974.999999993
21160.0	20217287.499999993
21170.0	20783917.499999996
21180.0	20496229.999999993
21190.0	20430367.499999993
21200.0	20784062.499999993
21210.0	20802987.499999993
21220.0	20777879.999999993
21230.0	20808974.999999993
21240.0	20666842.499999993
21250.0	20323912.499999993
21260.0	20722389.999999996
21270.0	20665722.499999993
21280.0	20618252.499999996
21290.0	20771137.499999993
21300.0	20819934.999999993
21310.0	20640527.5
21320.0	20833102.499999993
21330.0	20792774.999999996
21340.0	20805664.999999996
21350.0	20873759.999999996
21360.0	20724049.999999996
21370.0	20871489.999999996
21380.0	20877414.999999996
21390.0	20754457.499999996
21400.0	20578804.999999996
21410.0	20872602.499999996
21420.0	20817922.499999996
21430.0	20768557.499999996
21440.0	20869009.999999996
21450.0	20877507.499999993
21460.0	20826519.999999996
21470.0	20471882.499999996
21480.0	20760402.499999993
21490.0	20460239.999999996
21500.0	20696657.499999996
21510.0	20783547.499999993
21520.0	20355034.999999996
21530.0	20784719.999999993
21540.0	20924279.999999996
21550.0	20083397.499999996
21560.0	20146682.499999996
21570.0	20937497.5
21580.0	20825792.499999993
21590.0	20828929.999999993
21600.0	20891917.499999996
21610.0	20415027.499999993
21620.0	20863312.499999993
21630.0	20916409.999999996
21640.0	20785827.499999993
21650.0	20827294.999999996
21660.0	20771047.499999996
21670.0	20808482.499999993
21680.0	20883644.999999996
21690.0	20781044.999999996
21700.0	20922587.499999993
21710.0	20941140.0
21720.0	20953237.5
21730.0	20175289.999999996
21740.0	20831459.999999993
21750.0	20807284.999999996
21760.0	20750402.499999996
21770.0	20863109.999999996
21780.0	20735982.49999999
21790.0	20878879.999999996
21800.0	20901869.999999996
21810.0	20970162.499999996
21820.0	20980947.499999996
21830.0	20539154.999999993
21840.0	20854587.5
21850.0	20527162.499999993
21860.0	20626532.499999996
21870.0	20891972.5
21880.0	20885829.999999993
21890.0	20668839.999999996
21900.0	20762782.499999993
21910.0	20887182.499999996
21920.0	20917129.999999996
21930.0	20829579.999999996
21940.0	20849585.0
21950.0	20476189.999999996
21960.0	20899239.999999993
21970.0	20713177.499999996
21980.0	20509369.999999996
21990.0	18663267.499999996
22000.0	18984019.999999996
22010.0	20261692.499999993
22020.0	17388462.499999996
22030.0	19683397.499999996
22040.0	20489107.5
22050.0	18859712.499999996
22060.0	20691564.999999996
22070.0	20758089.999999996
22080.0	20832197.5
22090.0	20883419.999999996
22100.0	20574817.499999996
22110.0	20740984.99999999
22120.0	20861779.999999993
22130.0	20839037.499999996
22140.0	20877382.499999996
22150.0	20572717.499999996
22160.0	20392425.0
22170.0	20762609.999999996
22180.0	20034342.499999993
22190.0	20406597.499999996
22200.0	18512713.999999996
22210.0	15422125.499999998
22220.0	17721319.999999996
22230.0	19345494.999999996
22240.0	19533044.999999996
22250.0	18434894.999999996
22260.0	18561599.999999993
22270.0	16435154.499999996
22280.0	18181782.5
22290.0	18676062.499999993
22300.0	19883952.499999996
22310.0	14418972.249999998
22320.0	15905828.249999998
22330.0	18550860.0
22340.0	17847922.499999996
22350.0	20071507.499999996
22360.0	16133115.25
22370.0	17726690.749999996
22380.0	18767412.5
22390.0	19872347.499999996
22400.0	17383247.499999996
22410.0	18082922.499999996
22420.0	18827149.999999996
22430.0	19851244.999999996
22440.0	13885000.999999996
22450.0	18066537.499999996
22460.0	15789149.999999998
22470.0	13081608.999999994
22480.0	17112762.499999996
22490.0	19578789.999999996
22500.0	18897857.499999996
22510.0	17154994.999999996
22520.0	15319347.499999996
22530.0	18205069.999999996
22540.0	19131144.999999996
22550.0	17416296.999999993
22560.0	12963109.999999996
22570.0	17660017.49999999
22580.0	17331235.0
22590.0	20467619.999999993
22600.0	19062929.999999996
22610.0	16894367.499999996
22620.0	18515459.999999996
22630.0	19161874.999999996
22640.0	17651194.999999993
22650.0	14996099.499999994
22660.0	18764259.999999996
22670.0	19323026.999999996
22680.0	16903841.749999996
22690.0	15925206.749999994
22700.0	18099855.0
22710.0	19615279.999999993
22720.0	16948394.999999996
22730.0	19609337.499999993
22740.0	18753202.499999993
22750.0	18357539.999999996
22760.0	17484297.499999996
22770.0	18390272.499999996
22780.0	18532729.999999996
22790.0	17674877.499999996
22800.0	19439997.5
22810.0	16014846.999999996
22820.0	17158657.5
22830.0	17781294.999999996
22840.0	17212461.499999996
22850.0	16840004.999999993
22860.0	17118459.999999996
22870.0	17008106.999999993
22880.0	15512593.999999998
22890.0	18476382.499999996
22900.0	15253944.999999994
22910.0	18436354.999999993
22920.0	16207054.999999993
22930.0	16536437.499999998
22940.0	13238196.249999996
22950.0	16703851.249999998
22960.0	14837342.999999996
22970.0	15674558.999999998
22980.0	15259004.999999994
22990.0	17715452.499999996
23000.0	18089387.499999996
23010.0	18750912.499999993
23020.0	17902687.5
23030.0	17050290.749999996
23040.0	16723557.749999993
23050.0	18981779.999999996
23060.0	19426939.999999993
23070.0	18844434.999999993
23080.0	19785244.999999993
23090.0	17685519.999999996
23100.0	17310942.5
23110.0	20489247.5
23120.0	20224372.5
23130.0	20496297.499999993
23140.0	20517522.499999996
23150.0	18864119.999999996
23160.0	16019169.999999998
23170.0	12702729.999999994
23180.0	13619052.999999998
23190.0	11989068.999999998
23200.0	13724694.499999998
23210.0	19525984.999999996
23220.0	16175714.499999994
23230.0	15196969.999999996
23240.0	18582804.999999993
23250.0	19454432.499999996
23260.0	16925009.999999996
23270.0	17994722.499999996
23280.0	18324204.999999996
23290.0	18732922.499999996
23300.0	19026927.499999993
23310.0	16652902.499999994
23320.0	15285429.999999996
23330.0	19637610.0
23340.0	18194947.499999993
23350.0	14878568.499999994
23360.0	14668285.499999996
23370.0	11728997.249999996
23380.0	16215758.749999996
23390.0	15257779.999999994
23400.0	12246734.499999998
23410.0	13700549.999999996
23420.0	15642194.999999993
23430.0	14499217.499999996
23440.0	16571200.999999996
23450.0	10607835.249999998
23460.0	14530442.749999996
23470.0	14659550.749999996
23480.0	10222048.249999998
23490.0	16362077.499999994
23500.0	15927244.499999996
23510.0	13569212.999999994
23520.0	10327335.499999998
23530.0	13630670.5
23540.0	15724399.5
23550.0	20234814.999999993
23560.0	12557889.999999996
23570.0	18019009.999999993
23580.0	16664448.999999993
23590.0	15799328.499999994
23600.0	20043394.999999993
23610.0	19608161.749999996
23620.0	14879989.749999998
23630.0	18260742.499999996
23640.0	19344732.5
23650.0	20608957.499999993
23660.0	19171042.499999996
23670.0	17555077.499999996
23680.0	16142634.999999996
23690.0	14663118.999999994
23700.0	11330167.749999996
23710.0	5513085.999999998
23720.0	12070741.249999998
23730.0	13114938.749999996
23740.0	12169898.499999996
23750.0	15966370.499999998
23760.0	12545346.249999996
23770.0	12538207.999999996
23780.0	15747002.499999996
23790.0	17072599.499999996
23800.0	15240366.249999998
23810.0	14791492.249999996
23820.0	18605302.499999996
23830.0	15203560.499999998
23840.0	14721527.499999996
23850.0	18361969.999999996
23860.0	15460437.499999994
23870.0	14917965.0
23880.0	14107089.499999996
23890.0	20512837.499999996
23900.0	18577259.999999993
23910.0	16259800.0
23920.0	15587584.999999994
23930.0	17079621.749999996
23940.0	15718319.249999996
23950.0	16098997.499999996
23960.0	14912520.499999996
23970.0	15044715.999999994
23980.0	8102681.749999999
23990.0	16448027.75
24000.0	18057362.499999996
24010.0	14805948.499999996
24020.0	13472496.999999994
24030.0	16865968.499999996
24040.0	12391992.999999996
24050.0	12492672.249999996
24060.0	14239124.249999993
24070.0	18065734.999999993
24080.0	15827442.499999996
24090.0	15794741.999999998
24100.0	13684653.999999998
24110.0	17386877.499999993
24120.0	14145213.499999996
24130.0	17856934.999999996
24140.0	14361853.499999998
24150.0	19753012.499999996
24160.0	11620064.499999998
24170.0	16168217.999999998
24180.0	13808690.499999998
24190.0	9718334.499999998
24200.0	14379838.999999998
24210.0	18486449.999999996
24220.0	13887515.499999998
24230.0	18198377.499999996
24240.0	15506032.499999996
24250.0	18100827.499999996
24260.0	15519753.249999996
24270.0	12212025.749999996
24280.0	14126624.499999998
24290.0	14844679.999999994
24300.0	16250288.499999994
24310.0	17810507.499999996
24320.0	19330509.999999996
24330.0	17814201.749999996
24340.0	12987232.749999996
24350.0	12784247.999999996
24360.0	9520674.999999998
24370.0	10240417.499999998
24380.0	12969456.999999996
24390.0	19862997.499999993
24400.0	16730019.999999998
24410.0	15391029.499999996
24420.0	18294739.999999996
24430.0	12628512.999999994
24440.0	11686841.499999996
24450.0	14636829.499999994
24460.0	10896341.499999996
24470.0	11911753.499999998
24480.0	17999089.999999996
24490.0	18978337.499999993
24500.0	17176499.999999996
24510.0	11830612.249999996
24520.0	9092587.25
24530.0	7552641.249999997
24540.0	9314543.249999998
24550.0	14846247.999999998
24560.0	14870653.499999998
24570.0	14077882.499999996
24580.0	18771227.5
24590.0	14569513.749999998
24600.0	10877821.249999998
24610.0	7328079.249999999
24620.0	11943833.249999996
24630.0	12137984.999999998
24640.0	18783290.0
24650.0	19075224.999999996
24660.0	10086181.249999998
24670.0	9967286.999999998
24680.0	5509185.999999998
24690.0	7924690.249999999
24700.0	11497113.999999998
24710.0	10347790.999999998
24720.0	9639059.0
24730.0	9224046.999999996
24740.0	5896311.249999999
24750.0	4835522.999999999
24760.0	12371588.249999998
24770.0	11930942.249999998
24780.0	6732434.6499999985
24790.0	5650230.049999999
24800.0	17460200.749999996
24810.0	10822594.999999998
24820.0	5100047.499999999
24830.0	5391353.999999998
24840.0	9324672.25
24850.0	17458123.749999996
24860.0	14241905.749999994
24870.0	13498369.249999996
24880.0	8636752.749999998
24890.0	3926456.875
24900.0	3125757.5749999997
24910.0	3329922.749999999
24920.0	16652374.749999998
24930.0	8663501.499999998
24940.0	17128048.749999996
24950.0	12278292.249999998
24960.0	9614755.774999999
24970.0	4844671.924999999
24980.0	2547765.5499999993
24990.0	10792465.249999998
25000.0	8842593.249999998
25010.0	10550259.249999998
25020.0	15809853.25
25030.0	4222146.899999999
25040.0	6680154.425
25050.0	5191323.724999998
25060.0	1902939.2749999994
25070.0	9602178.024999999
25080.0	12819237.75
25090.0	8944806.999999998
25100.0	12924507.749999998
25110.0	5166356.249999999
25120.0	4526941.749999999
25130.0	7542608.999999998
25140.0	15287975.749999994
25150.0	2221373.8999999994
25160.0	3667963.549999999
25170.0	5641879.999999998
25180.0	4930346.249999999
25190.0	4895806.699999999
25200.0	10040100.849999996
25210.0	8020438.499999999
25220.0	5412381.049999998
25230.0	5633463.1
25240.0	2076279.4999999995
25250.0	4774307.174999998
25260.0	3608222.7749999994
25270.0	4508447.999999999
25280.0	4291330.999999999
25290.0	5390520.999999999
25300.0	9392965.999999998
25310.0	11734003.424999997
25320.0	3529473.224999999
25330.0	1582485.0499999998
25340.0	7226267.999999997
25350.0	4637813.499999999
25360.0	2716387.4499999993
25370.0	4669588.85
25380.0	5449486.249999998
25390.0	3169118.8499999996
25400.0	16986268.499999996
25410.0	10147685.749999998
25420.0	3543777.249999999
25430.0	1797672.7999999996
25440.0	2991509.999999999
25450.0	4765423.749999998
25460.0	5366359.349999999
25470.0	5933100.499999998
25480.0	1895895.2999999996
25490.0	3672909.4999999995
25500.0	9008490.249999998
25510.0	3135533.4
25520.0	15142148.749999996
25530.0	1232819.3749999998
25540.0	7113379.824999998
25550.0	6994814.749999998
25560.0	5136262.499999998
25570.0	7562599.249999998
25580.0	14326776.999999996
25590.0	7680030.999999999
25600.0	2829384.0749999993
25610.0	1495158.0999999999
25620.0	3867187.25
25630.0	2010760.7249999996
25640.0	6112343.174999999
25650.0	1819349.575
25660.0	4075642.549999999
25670.0	4897201.249999999
25680.0	3365913.499999999
25690.0	6492742.499999999
25700.0	6116238.499999999
25710.0	18707469.249999993
25720.0	10605765.749999998
25730.0	5887652.549999999
25740.0	2107848.5999999996
25750.0	3064041.9999999995
25760.0	5785749.875
25770.0	1126867.875
25780.0	6409596.999999999
25790.0	8421526.749999996
25800.0	18720957.999999993
25810.0	3474360.4499999983
25820.0	7182738.999999998
25830.0	2667454.6999999993
25840.0	1678447.5999999996
25850.0	4454819.249999999
25860.0	10189072.749999998
25870.0	1811030.2499999998
25880.0	3691771.4999999995
25890.0	3869824.9999999995
25900.0	6165803.499999997
25910.0	8867958.25
25920.0	6857873.624999999
25930.0	3037343.724999999
25940.0	3276558.9749999987
25950.0	2009750.0749999995
25960.0	2395568.849999999
25970.0	7398813.749999996
25980.0	3298293.1999999997
25990.0	11805272.499999996
