# Flux units: erg / (cm m2 s)
# Wavelength units: Angstrom
wave	flux
7000.0	183687.48499999996
7010.0	186674.39999999997
7020.0	184044.82499999995
7030.0	196306.22499999995
7040.0	200654.77499999994
7050.0	205412.02499999994
7060.0	205892.02499999994
7070.0	207864.19999999998
7080.0	212072.27499999997
7090.0	214343.94999999998
7100.0	217151.89999999997
7110.0	220180.42499999996
7120.0	224021.72499999998
7130.0	225422.24999999997
7140.0	227909.175
7150.0	231875.47499999995
7160.0	234713.44999999995
7170.0	237148.22499999998
7180.0	242205.7749999999
7190.0	245519.22499999998
7200.0	249289.6999999999
7210.0	251072.24999999994
7220.0	256007.69999999998
7230.0	259885.39999999997
7240.0	263037.35
7250.0	267499.42499999993
7260.0	270624.64999999997
7270.0	273922.8
7280.0	277453.12499999994
7290.0	281527.67499999993
7300.0	285257.6999999999
7310.0	288372.54999999993
7320.0	292395.42499999993
7330.0	296315.7249999999
7340.0	273977.6499999999
7350.0	250375.1749999999
7360.0	268182.57499999995
7370.0	280146.7499999999
7380.0	270171.02499999997
7390.0	256439.7499999999
7400.0	266125.7749999999
7410.0	264210.37499999994
7420.0	241971.24999999997
7430.0	265501.7249999999
7440.0	273294.92499999993
7450.0	244899.77499999994
7460.0	262058.44999999992
7470.0	277707.42499999993
7480.0	278545.39999999997
7490.0	297183.3249999999
7500.0	313948.19999999995
7510.0	303167.69999999995
7520.0	310802.3
7530.0	329627.8999999999
7540.0	336183.44999999995
7550.0	347561.42499999993
7560.0	361472.94999999995
7570.0	370488.7249999999
7580.0	368203.0999999999
7590.0	379972.8499999999
7600.0	389032.0249999999
7610.0	397168.19999999995
7620.0	403978.0499999999
7630.0	407454.64999999997
7640.0	407532.7249999999
7650.0	390953.0499999999
7660.0	259907.67749999987
7670.0	137338.13249999995
7680.0	372293.72499999986
7690.0	384314.2999999999
7700.0	155127.40999999997
7710.0	377059.8499999999
7720.0	447023.175
7730.0	463292.6749999999
7740.0	472717.2999999999
7750.0	479572.8749999999
7760.0	485987.87499999994
7770.0	491312.54999999993
7780.0	498055.7249999998
7790.0	503443.4999999998
7800.0	468434.5999999999
7810.0	514576.6749999999
7820.0	521936.3499999999
7830.0	527721.8499999999
7840.0	532291.4249999998
7850.0	537896.0249999999
7860.0	543272.8999999999
7870.0	539410.1
7880.0	551561.2249999999
7890.0	560605.7749999999
7900.0	567439.275
7910.0	561428.9749999999
7920.0	567245.7499999999
7930.0	556722.0999999999
7940.0	561963.5249999998
7950.0	516588.5249999999
7960.0	581397.1749999998
7970.0	577442.7749999999
7980.0	588303.2749999998
7990.0	590302.45
8000.0	592424.3749999999
8010.0	593752.2499999999
8020.0	602411.8249999998
8030.0	622694.0499999998
8040.0	632195.1249999999
8050.0	622827.2499999998
8060.0	634566.8749999999
8070.0	651866.3499999999
8080.0	662073.8249999998
8090.0	674614.3499999999
8100.0	685689.7749999999
8110.0	693740.9999999999
8120.0	701618.7749999998
8130.0	712780.3499999997
8140.0	721537.2749999999
8150.0	728963.9249999998
8160.0	740402.8999999997
8170.0	749048.5749999998
8180.0	755200.8999999999
8190.0	763967.7749999999
8200.0	772342.4499999996
8210.0	780188.8500000001
8220.0	788904.8999999998
8230.0	793344.6999999997
8240.0	803256.9999999999
8250.0	812569.1249999998
8260.0	820478.6749999998
8270.0	826593.5499999998
8280.0	836882.8249999997
8290.0	844396.9999999997
8300.0	852847.9499999998
8310.0	860019.8999999998
8320.0	869113.1999999998
8330.0	878070.3499999999
8340.0	886526.9999999999
8350.0	895043.6499999998
8360.0	903189.9249999998
8370.0	911732.6499999998
8380.0	920436.2749999999
8390.0	928311.7249999997
8400.0	936755.3749999998
8410.0	947085.8749999998
8420.0	955804.4999999998
8430.0	964464.9749999997
8440.0	972136.2249999995
8450.0	980513.7249999999
8460.0	989363.6999999998
8470.0	997720.4749999997
8480.0	1007979.9999999995
8490.0	1017188.4999999998
8500.0	1027074.4999999997
8510.0	1036576.7499999997
8520.0	1046168.4999999997
8530.0	1027898.9749999996
8540.0	1009637.5749999998
8550.0	1037378.4999999999
8560.0	1059024.7499999998
8570.0	1074817.4999999998
8580.0	1077272.7499999998
8590.0	1044822.7499999999
8600.0	1049058.4999999998
8610.0	1073148.2499999995
8620.0	1097759.9999999998
8630.0	1095877.7499999998
8640.0	1085975.9999999998
8650.0	1100361.7499999998
8660.0	1114731.2499999998
8670.0	1117435.7499999995
8680.0	1100194.25
8690.0	1137306.4999999998
8700.0	1145138.9999999998
8710.0	1169216.7499999998
8720.0	1189058.7499999998
8730.0	1211249.9999999998
8740.0	1224756.7499999998
8750.0	1221202.2499999998
8760.0	1247775.5
8770.0	1261413.4999999995
8780.0	1279395.2499999995
8790.0	1299582.9999999998
8800.0	1318275.2499999995
8810.0	1330545.4999999998
8820.0	1332924.4999999998
8830.0	1352939.2499999998
8840.0	1364226.2499999998
8850.0	1385491.9999999995
8860.0	1398309.9999999998
8870.0	1410186.7499999998
8880.0	1426025.2499999998
8890.0	1438807.9999999998
8900.0	1450863.7499999995
8910.0	1456820.75
8920.0	1467511.9999999995
8930.0	1482544.2499999998
8940.0	1496763.2499999995
8950.0	1508459.7499999998
8960.0	1523704.2499999995
8970.0	1519841.4999999998
8980.0	1549945.9999999995
8990.0	1547536.7499999998
9000.0	1572809.2499999995
9010.0	1583104.4999999998
9020.0	1602606.7499999998
9030.0	1613531.2499999995
9040.0	1627053.9999999998
9050.0	1640503.2499999998
9060.0	1652251.7499999998
9070.0	1666964.7499999998
9080.0	1678910.2499999998
9090.0	1692199.4999999998
9100.0	1706089.7499999998
9110.0	1720287.4999999993
9120.0	1736107.4999999998
9130.0	1748339.4999999995
9140.0	1761985.0
9150.0	1771579.2499999995
9160.0	1785785.5
9170.0	1798355.7499999998
9180.0	1816362.4999999998
9190.0	1827497.2499999993
9200.0	1838498.9999999995
9210.0	1851107.2499999998
9220.0	1868962.9999999995
9230.0	1887128.9999999998
9240.0	1900210.4999999995
9250.0	1907479.9999999993
9260.0	1913393.7499999998
9270.0	1919482.7499999995
9280.0	1897299.2499999998
9290.0	1881756.4999999995
9300.0	1965411.2499999998
9310.0	1918578.2499999998
9320.0	2008754.4999999993
9330.0	1996359.4999999995
9340.0	1949789.4999999995
9350.0	1907225.4999999995
9360.0	1989534.2499999993
9370.0	1955761.2499999993
9380.0	2087040.9999999998
9390.0	2105302.499999999
9400.0	2127220.249999999
9410.0	2147353.4999999995
9420.0	2157358.499999999
9430.0	2181108.2499999995
9440.0	2198623.2499999995
9450.0	2211324.4999999995
9460.0	2218708.749999999
9470.0	2147564.4999999995
9480.0	2253419.7499999995
9490.0	2267820.7499999995
9500.0	2182743.2499999995
9510.0	2293414.999999999
9520.0	2303994.499999999
9530.0	2324374.249999999
9540.0	2356421.7499999995
9550.0	2357494.75
9560.0	2278463.0
9570.0	2402473.0
9580.0	2417470.9999999995
9590.0	2441054.749999999
9600.0	2382372.75
9610.0	2474295.9999999986
9620.0	2366172.749999999
9630.0	2507031.7499999995
9640.0	2507466.7499999995
9650.0	2518913.2499999995
9660.0	2558335.4999999995
9670.0	2569705.249999999
9680.0	2595831.2499999995
9690.0	2612472.2499999995
9700.0	2632259.7499999995
9710.0	2648831.9999999995
9720.0	2662388.7499999995
9730.0	2671626.749999999
9740.0	2691203.7499999995
9750.0	2711636.499999999
9760.0	2737666.4999999995
9770.0	2759965.5
9780.0	2780053.249999999
9790.0	2793233.2499999995
9800.0	2809116.5
9810.0	2834365.2499999995
9820.0	2854973.2499999995
9830.0	2873771.0
9840.0	2890034.7499999995
9850.0	2907232.9999999995
9860.0	2918489.749999999
9870.0	2948856.249999999
9880.0	2949149.9999999986
9890.0	2978353.9999999995
9900.0	2998869.249999999
9910.0	3013063.249999999
9920.0	3032728.999999999
9930.0	3059372.7499999986
9940.0	3065774.2499999995
9950.0	3107432.7499999995
9960.0	3125218.7499999995
9970.0	3150651.9999999995
9980.0	3167391.4999999986
9990.0	3174756.499999999
10000.0	3196209.249999999
10010.0	3225531.249999999
10020.0	3247703.499999999
10030.0	3266078.2499999986
10040.0	3276808.499999999
10050.0	3306752.249999999
10060.0	3325838.249999999
10070.0	3342559.499999999
10080.0	3369399.2499999995
10090.0	3389624.999999999
10100.0	3413916.999999999
10110.0	3427322.4999999995
10120.0	3452073.249999999
10130.0	3476776.2499999986
10140.0	3499655.9999999995
10150.0	3517251.4999999995
10160.0	3538176.499999999
10170.0	3558203.749999999
10180.0	3584271.0
10190.0	3607455.4999999995
10200.0	3630785.4999999995
10210.0	3649865.9999999986
10220.0	3675578.4999999995
10230.0	3698293.249999999
10240.0	3721994.4999999986
10250.0	3735975.9999999995
10260.0	3754072.7499999995
10270.0	3776641.2499999986
10280.0	3805412.0
10290.0	3832001.249999999
10300.0	3856342.749999998
10310.0	3877716.2499999986
10320.0	3890022.9999999986
10330.0	3914746.999999999
10340.0	3946169.749999999
10350.0	3970099.9999999986
10360.0	3988443.999999998
10370.0	4016065.999999999
10380.0	4038551.2499999986
10390.0	4060694.9999999995
10400.0	4085081.4999999995
10410.0	4111268.2499999986
10420.0	4134530.5
10430.0	4155045.4999999995
10440.0	4176625.249999999
10450.0	4205096.749999999
10460.0	4225236.499999999
10470.0	4247916.999999999
10480.0	4269734.999999999
10490.0	4293387.249999999
10500.0	4306274.749999999
10510.0	4333895.499999998
10520.0	4361906.75
10530.0	4392663.249999999
10540.0	4415961.249999999
10550.0	4431540.499999999
10560.0	4457598.749999998
10570.0	4482563.499999999
10580.0	4512335.999999999
10590.0	4526382.499999999
10600.0	4550957.75
10610.0	4589877.749999999
10620.0	4617434.249999998
10630.0	4644629.749999999
10640.0	4672514.749999999
10650.0	4693302.749999998
10660.0	4727159.249999998
10670.0	4746523.249999998
10680.0	4769256.999999999
10690.0	4805910.249999998
10700.0	4826150.999999998
10710.0	4850381.749999999
10720.0	4879787.999999999
10730.0	4906554.499999999
10740.0	4932314.249999999
10750.0	4963357.249999998
10760.0	4988568.249999999
10770.0	5009875.749999999
10780.0	5035304.999999999
10790.0	5069626.999999998
10800.0	5095671.999999999
10810.0	5126259.999999999
10820.0	5149923.999999999
10830.0	5173990.999999998
10840.0	5207155.249999999
10850.0	5233593.499999999
10860.0	5255028.249999999
10870.0	5279600.0
10880.0	5308851.999999998
10890.0	5333057.749999998
10900.0	5350892.249999999
10910.0	5385187.999999998
10920.0	5407868.249999999
10930.0	5419161.999999999
10940.0	5450889.75
10950.0	5479982.749999999
10960.0	5496600.499999998
10970.0	5506149.749999998
10980.0	5486872.999999998
10990.0	5511857.999999999
11000.0	5617408.749999999
11010.0	5469710.249999999
11020.0	5647719.499999999
11030.0	5559051.749999999
11040.0	5713879.249999998
11050.0	5711194.749999999
11060.0	5755722.749999998
11070.0	5778718.749999999
11080.0	5804034.999999999
11090.0	5890815.249999998
11100.0	5906571.249999999
11110.0	5884261.749999998
11120.0	5952221.249999998
11130.0	5981173.75
11140.0	5965940.249999998
11150.0	5400107.999999998
11160.0	5914718.249999998
11170.0	5907369.749999999
11180.0	6082759.499999999
11190.0	5988410.749999999
11200.0	5453716.499999998
11210.0	6121010.999999998
11220.0	5714226.999999998
11230.0	6193778.499999998
11240.0	6005272.249999998
11250.0	5856102.249999999
11260.0	6178360.749999999
11270.0	6117960.999999999
11280.0	6397919.499999999
11290.0	6447446.749999998
11300.0	6460431.499999998
11310.0	6323597.749999998
11320.0	6537060.749999999
11330.0	6573719.999999998
11340.0	6550811.249999997
11350.0	5820443.749999998
11360.0	6490297.999999998
11370.0	6661413.249999998
11380.0	6623167.749999998
11390.0	6691172.249999998
11400.0	6770819.749999999
11410.0	6747986.0
11420.0	6690679.999999999
11430.0	6783622.249999998
11440.0	6559735.749999998
11450.0	6853763.499999999
11460.0	6843344.249999999
11470.0	6987205.749999998
11480.0	6630655.249999998
11490.0	7001047.999999997
11500.0	6449091.249999998
11510.0	7136792.999999999
11520.0	7184172.249999997
11530.0	7201682.249999997
11540.0	7130556.999999998
11550.0	7126107.749999999
11560.0	7292623.499999998
11570.0	7184381.749999998
11580.0	7229385.249999998
11590.0	7406743.999999998
11600.0	7069531.249999999
11610.0	7406320.999999998
11620.0	7498573.499999999
11630.0	7478362.749999999
11640.0	6874382.999999997
11650.0	7527677.249999998
11660.0	7284408.749999998
11670.0	7644163.749999998
11680.0	7684684.249999998
11690.0	7658481.749999998
11700.0	7545882.749999999
11710.0	7722796.749999999
11720.0	7823238.999999998
11730.0	7143623.999999998
11740.0	7783647.249999998
11750.0	7848953.499999998
11760.0	7939433.749999997
11770.0	7930049.249999998
11780.0	7650206.999999997
11790.0	8030317.0
11800.0	8001775.749999998
11810.0	8038052.749999999
11820.0	8046760.75
11830.0	8194132.5
11840.0	8205035.499999999
11850.0	8056860.999999999
11860.0	8157339.499999998
11870.0	8234982.249999998
11880.0	8338856.999999999
11890.0	8375342.749999999
11900.0	8412681.0
11910.0	8463026.0
11920.0	8481558.999999998
11930.0	8546256.749999998
11940.0	8550265.249999996
11950.0	8602037.999999998
11960.0	8630827.499999998
11970.0	8667636.5
11980.0	8595056.249999998
11990.0	8684633.999999998
12000.0	8771035.499999996
12010.0	8821665.249999998
12020.0	8823888.25
12030.0	8870178.749999998
12040.0	8892571.499999996
12050.0	8965538.499999998
12060.0	8994988.0
12070.0	9011074.999999996
12080.0	9057894.999999998
12090.0	9083971.499999996
12100.0	9127514.749999998
12110.0	9171190.749999996
12120.0	9182858.499999998
12130.0	9217351.499999998
12140.0	9254590.249999996
12150.0	9295072.749999998
12160.0	9350851.499999998
12170.0	9386972.499999998
12180.0	9401643.999999996
12190.0	9471103.999999996
12200.0	9470089.499999998
12210.0	9529635.749999998
12220.0	9549396.75
12230.0	9602882.0
12240.0	9634422.749999998
12250.0	9687245.25
12260.0	9718524.749999996
12270.0	9749347.249999996
12280.0	9776899.999999998
12290.0	9808601.999999998
12300.0	9865636.749999998
12310.0	9879916.499999996
12320.0	9929474.749999996
12330.0	9963816.999999998
12340.0	10013862.5
12350.0	10054862.5
12360.0	10087879.999999996
12370.0	10124574.999999998
12380.0	10167764.999999998
12390.0	10195887.499999998
12400.0	10237052.499999998
12410.0	10271312.5
12420.0	10308047.499999998
12430.0	10337119.999999998
12440.0	10380079.999999998
12450.0	10428000.0
12460.0	10458044.999999998
12470.0	10499034.999999998
12480.0	10538432.499999998
12490.0	10573667.499999998
12500.0	10607809.999999998
12510.0	10645749.999999996
12520.0	10671497.499999994
12530.0	10724462.499999996
12540.0	10721459.999999996
12550.0	10798179.999999998
12560.0	10839299.999999996
12570.0	10869927.499999998
12580.0	10914402.499999996
12590.0	10945272.499999998
12600.0	10993897.499999998
12610.0	11030639.999999998
12620.0	11066219.999999998
12630.0	11101940.0
12640.0	11142919.999999998
12650.0	11178919.999999998
12660.0	11209879.999999994
12670.0	11253184.999999996
12680.0	11301254.999999996
12690.0	11340314.999999996
12700.0	11378272.5
12710.0	11399992.499999996
12720.0	11432124.999999998
12730.0	11488814.999999998
12740.0	11513299.999999998
12750.0	11566459.999999996
12760.0	11587209.999999998
12770.0	11646659.999999996
12780.0	11690329.999999998
12790.0	11716599.999999998
12800.0	11749697.499999998
12810.0	11781522.499999996
12820.0	11840639.999999998
12830.0	11821749.999999998
12840.0	11915869.999999998
12850.0	11902059.999999996
12860.0	11994309.999999996
12870.0	12013042.499999996
12880.0	12078104.999999998
12890.0	12102534.999999998
12900.0	12104107.499999998
12910.0	12144619.999999998
12920.0	12180842.499999996
12930.0	12255397.5
12940.0	12286819.999999998
12950.0	12173682.499999998
12960.0	12233717.499999998
12970.0	12405199.999999994
12980.0	12457299.999999996
12990.0	12324917.499999994
13000.0	12546582.499999998
13010.0	12578424.999999998
13020.0	12627057.499999996
13030.0	12591797.499999996
13040.0	12694059.999999994
13050.0	12735754.999999998
13060.0	12793802.499999996
13070.0	12787262.499999994
13080.0	12844087.499999998
13090.0	12856654.999999996
13100.0	12905737.499999998
13110.0	12979277.499999998
13120.0	12986922.499999998
13130.0	13021379.999999998
13140.0	13043404.999999998
13150.0	13107707.499999996
13160.0	13076072.499999996
13170.0	13190994.999999998
13180.0	13230619.999999998
13190.0	13173174.999999996
13200.0	13315624.999999996
13210.0	13362167.499999994
13220.0	13387597.499999996
13230.0	12930114.999999998
13240.0	13453759.999999996
13250.0	13495839.999999996
13260.0	13448699.999999998
13270.0	13515572.499999998
13280.0	13445417.499999996
13290.0	13590649.999999998
13300.0	13707329.999999996
13310.0	13666519.999999998
13320.0	13548559.999999998
13330.0	13528587.499999996
13340.0	13701034.999999996
13350.0	12098935.249999996
13360.0	13491812.249999996
13370.0	11285736.499999996
13380.0	12617829.999999996
13390.0	12572188.249999996
13400.0	13783727.249999996
13410.0	13645142.75
13420.0	11887554.249999996
13430.0	13850394.999999996
13440.0	11958603.249999998
13450.0	10368735.249999996
13460.0	13828610.749999996
13470.0	11727452.749999998
13480.0	13188691.499999994
13490.0	13074511.999999998
13500.0	11849127.774999997
13510.0	13223465.824999997
13520.0	9580093.499999998
13530.0	14155377.499999998
13540.0	11245698.999999998
13550.0	10179094.999999998
13560.0	12154916.999999996
13570.0	13427704.999999996
13580.0	12551918.75
13590.0	9802704.249999998
13600.0	14381632.499999996
13610.0	14408337.499999994
13620.0	12044387.499999998
13630.0	10866065.249999998
13640.0	12175247.749999998
13650.0	13357572.499999996
13660.0	14135544.999999996
13670.0	13448612.499999996
13680.0	12800883.249999996
13690.0	11866546.999999996
13700.0	12596161.249999998
13710.0	13980097.499999994
13720.0	13972609.999999998
13730.0	15252604.999999996
13740.0	12050729.999999998
13750.0	13071992.499999996
13760.0	13595807.499999998
13770.0	14590290.0
13780.0	15051429.999999996
13790.0	15344504.999999994
13800.0	15426784.999999998
13810.0	13491517.499999996
13820.0	15562797.499999998
13830.0	13281821.499999996
13840.0	14688987.499999996
13850.0	15264904.999999996
13860.0	13244084.999999996
13870.0	14561982.499999996
13880.0	14770532.499999996
13890.0	12290958.599999996
13900.0	13086247.999999998
13910.0	13728092.499999998
13920.0	15630447.499999994
13930.0	14146863.999999996
13940.0	15214802.499999998
13950.0	10880451.999999998
13960.0	14292157.749999998
13970.0	12904491.749999998
13980.0	15284179.999999993
13990.0	16214642.499999994
14000.0	13933924.999999996
14010.0	15159070.0
14020.0	15682694.999999994
14030.0	15341652.499999998
14040.0	12013196.249999996
14050.0	11971151.649999997
14060.0	15964469.999999993
14070.0	15247294.999999994
14080.0	13394397.499999994
14090.0	15765854.999999998
14100.0	15227757.499999996
14110.0	16748142.499999998
14120.0	13994517.749999998
14130.0	15893935.249999998
14140.0	16359059.499999993
14150.0	13932480.999999996
14160.0	13708924.499999996
14170.0	16405798.999999998
14180.0	11456390.0
14190.0	14064119.249999996
14200.0	12833066.499999998
14210.0	14862990.749999994
14220.0	14975524.999999998
14230.0	14262749.499999993
14240.0	13354306.499999996
14250.0	15047754.999999998
14260.0	12995588.249999994
14270.0	15547127.249999998
14280.0	14010002.749999998
14290.0	13168914.749999998
14300.0	15862650.499999994
14310.0	14705705.999999996
14320.0	17230359.999999996
14330.0	15918767.499999998
14340.0	16766429.999999998
14350.0	17211482.499999993
14360.0	16595792.499999996
14370.0	17152415.0
14380.0	14511749.999999994
14390.0	14651023.249999996
14400.0	16660574.749999996
14410.0	16146119.999999994
14420.0	15326503.499999996
14430.0	17752982.499999993
14440.0	16790107.499999996
14450.0	15758740.999999994
14460.0	16836897.999999996
14470.0	17572739.999999993
14480.0	17350387.499999996
14490.0	18112244.999999996
14500.0	17828307.5
14510.0	13954994.999999996
14520.0	18195649.999999996
14530.0	17881639.999999996
14540.0	16941689.999999996
14550.0	16093667.999999996
14560.0	16342118.499999998
14570.0	17906637.499999996
14580.0	18574334.999999996
14590.0	18211662.499999996
14600.0	18642774.999999996
14610.0	18598752.499999996
14620.0	17138469.999999993
14630.0	16814177.499999996
14640.0	18871329.999999996
14650.0	17438477.499999996
14660.0	17407174.999999996
14670.0	18409789.999999996
14680.0	17443224.999999996
14690.0	17233857.499999993
14700.0	19116722.499999993
14710.0	18748799.999999996
14720.0	19182602.499999996
14730.0	17946357.499999993
14740.0	18344172.499999996
14750.0	18390460.0
14760.0	18030647.499999993
14770.0	19136227.499999996
14780.0	19156677.499999996
14790.0	18669044.999999993
14800.0	19293289.999999996
14810.0	19659164.999999993
14820.0	19205314.999999993
14830.0	17759719.999999996
14840.0	19905817.499999996
14850.0	19391782.499999996
14860.0	19058864.999999993
14870.0	19768442.499999996
14880.0	18691419.999999996
14890.0	19587797.499999996
14900.0	18418354.999999996
14910.0	18757174.999999996
14920.0	19135740.0
14930.0	20096262.499999996
14940.0	19861287.499999996
14950.0	20479142.499999996
14960.0	19728392.499999996
14970.0	20270007.499999993
14980.0	17191662.499999996
14990.0	20546277.499999993
15000.0	20373259.999999993
15010.0	19628234.999999993
15020.0	19608047.499999996
15030.0	20730614.999999996
15040.0	20194407.499999996
15050.0	20538332.499999996
15060.0	20819552.499999996
15070.0	20207229.999999993
15080.0	20719649.999999996
15090.0	20621922.499999993
15100.0	20650332.5
15110.0	20398337.499999996
15120.0	21111824.999999996
15130.0	20982359.999999996
15140.0	20489842.499999996
15150.0	21247959.999999996
15160.0	21236944.999999996
15170.0	20906652.499999996
15180.0	21264589.999999993
15190.0	21335027.5
15200.0	21411067.499999996
15210.0	21617504.999999993
15220.0	21176824.999999996
15230.0	21782437.499999993
15240.0	21630482.499999996
15250.0	21397269.999999996
15260.0	21756432.499999993
15270.0	21424364.999999993
15280.0	21118672.499999996
15290.0	21816499.999999993
15300.0	21236102.499999996
15310.0	21910694.999999996
15320.0	21101592.499999996
15330.0	22106269.999999996
15340.0	22222919.99999999
15350.0	21795392.499999996
15360.0	22015059.999999996
15370.0	22165374.999999996
15380.0	22325582.499999996
15390.0	22383744.999999996
15400.0	22293767.499999993
15410.0	22470037.499999993
15420.0	22474269.999999996
15430.0	22506864.999999993
15440.0	22340709.999999993
15450.0	22553369.999999996
15460.0	22726280.0
15470.0	22687074.999999996
15480.0	22773859.999999996
15490.0	22692802.499999996
15500.0	22872274.999999993
15510.0	22786919.999999996
15520.0	22949852.499999996
15530.0	22946057.499999996
15540.0	23075652.499999996
15550.0	23008432.499999993
15560.0	23115424.999999993
15570.0	23131389.999999993
15580.0	22946349.999999996
15590.0	23253207.499999993
15600.0	23171917.499999993
15610.0	23290939.999999996
15620.0	23354839.999999996
15630.0	23152249.999999993
15640.0	23471152.499999993
15650.0	23417642.499999993
15660.0	23516842.499999993
15670.0	23676939.999999993
15680.0	23681059.999999993
15690.0	23598137.499999993
15700.0	23817752.499999996
15710.0	23783604.999999996
15720.0	23418327.499999993
15730.0	23841145.0
15740.0	23929172.499999996
15750.0	23834457.499999996
15760.0	24045062.499999993
15770.0	24121299.999999993
15780.0	24081432.499999996
15790.0	24059127.499999993
15800.0	24190927.5
15810.0	24084632.499999996
15820.0	24271862.499999996
15830.0	24333259.999999993
15840.0	24397772.499999993
15850.0	24411837.499999993
15860.0	24423179.999999996
15870.0	24447447.499999993
15880.0	24558440.0
15890.0	24602304.999999993
15900.0	24616474.999999996
15910.0	24610967.499999993
15920.0	24720207.499999993
15930.0	24730224.999999996
15940.0	24831299.999999996
15950.0	24865679.999999993
15960.0	24852987.49999999
15970.0	24914384.999999996
15980.0	24934507.499999993
15990.0	24990599.999999993
16000.0	25084219.999999996
16010.0	25069854.99999999
16020.0	25123312.49999999
16030.0	25127782.499999996
16040.0	25210152.499999993
16050.0	25237797.499999996
16060.0	25306117.5
16070.0	25268782.499999993
16080.0	25374659.999999993
16090.0	25403997.499999996
16100.0	25364609.999999993
16110.0	25496232.499999993
16120.0	25569714.999999993
16130.0	25565372.499999996
16140.0	25610932.499999996
16150.0	25631699.999999993
16160.0	25672919.999999993
16170.0	25726204.999999993
16180.0	25801847.499999996
16190.0	25830047.499999993
16200.0	25859832.499999996
16210.0	25904527.499999996
16220.0	25965719.999999996
16230.0	25991137.499999996
16240.0	25977879.999999993
16250.0	26070525.0
16260.0	26100622.499999993
16270.0	26138289.999999993
16280.0	26212024.999999996
16290.0	26207572.499999993
16300.0	26289087.499999996
16310.0	26266499.999999996
16320.0	26305794.999999993
16330.0	26421064.999999993
16340.0	26260019.999999993
16350.0	26447129.999999996
16360.0	26530830.0
16370.0	26570580.0
16380.0	26582819.999999996
16390.0	26656339.999999993
16400.0	26644300.0
16410.0	26693199.999999993
16420.0	26572119.999999996
16430.0	26770182.499999996
16440.0	26861149.999999996
16450.0	26783015.0
16460.0	26853884.999999996
16470.0	26960327.499999993
16480.0	26968159.999999996
16490.0	27064519.999999993
16500.0	27089439.999999996
16510.0	27139400.0
16520.0	27151899.999999993
16530.0	27203524.999999993
16540.0	27263114.999999993
16550.0	27253689.99999999
16560.0	27303972.499999996
16570.0	27373182.499999993
16580.0	27404674.999999993
16590.0	27378219.999999993
16600.0	27493164.999999993
16610.0	27515354.999999993
16620.0	27368767.499999996
16630.0	27615342.499999993
16640.0	27588452.499999996
16650.0	27675857.499999993
16660.0	27731622.499999996
16670.0	27761954.99999999
16680.0	27809924.999999996
16690.0	27754274.999999993
16700.0	27866087.499999993
16710.0	27858269.999999996
16720.0	27914364.999999996
16730.0	27989819.99999999
16740.0	28044677.499999993
16750.0	28014439.999999993
16760.0	28104442.499999993
16770.0	28003439.999999993
16780.0	27959289.999999993
16790.0	28203944.999999996
16800.0	28198544.999999993
16810.0	28296007.499999993
16820.0	28320687.499999993
16830.0	28272150.0
16840.0	28199814.999999993
16850.0	28457719.999999996
16860.0	28510199.999999996
16870.0	28538122.499999993
16880.0	28549644.999999993
16890.0	28600712.499999993
16900.0	28656649.999999985
16910.0	28706149.99999999
16920.0	28603150.0
16930.0	28719654.999999993
16940.0	28780717.499999996
16950.0	28823739.99999999
16960.0	28880199.999999996
16970.0	28581737.49999999
16980.0	28930112.499999993
16990.0	28936947.499999996
17000.0	28985289.99999999
17010.0	28965124.999999993
17020.0	29065469.999999996
17030.0	29078794.999999996
17040.0	29140822.499999996
17050.0	28924929.999999993
17060.0	29217284.999999993
17070.0	29248407.5
17080.0	29138827.499999996
17090.0	29225199.999999993
17100.0	29401887.499999996
17110.0	29332899.999999996
17120.0	29412159.999999993
17130.0	29481559.999999996
17140.0	29459637.499999993
17150.0	29375839.999999993
17160.0	29511022.49999999
17170.0	29563774.999999993
17180.0	29435027.499999993
17190.0	29460914.999999993
17200.0	29715162.499999996
17210.0	29615047.499999993
17220.0	29393829.999999996
17230.0	29558307.499999996
17240.0	29646894.999999996
17250.0	29851054.999999993
17260.0	29599219.999999996
17270.0	29344294.999999996
17280.0	29219089.999999993
17290.0	29388059.999999993
17300.0	29191824.999999996
17310.0	28997712.499999993
17320.0	29065002.499999993
17330.0	29986214.99999999
17340.0	30156532.499999985
17350.0	29001182.499999993
17360.0	28886154.999999993
17370.0	28054209.99999999
17380.0	30330549.99999999
17390.0	30344224.999999993
17400.0	29971299.999999996
17410.0	29004324.999999993
17420.0	28576424.999999996
17430.0	29746102.499999993
17440.0	30084277.499999993
17450.0	29551452.499999996
17460.0	30157302.499999996
17470.0	30554507.499999996
17480.0	30581657.499999993
17490.0	30517639.999999996
17500.0	30671462.499999993
17510.0	30770142.499999996
17520.0	30291672.499999993
17530.0	29206744.999999996
17540.0	30177772.5
17550.0	28405582.499999996
17560.0	30621487.5
17570.0	30564614.99999999
17580.0	29463437.499999996
17590.0	30590807.499999996
17600.0	30867787.499999993
17610.0	30845607.499999985
17620.0	29934162.49999999
17630.0	28936419.99999999
17640.0	30962119.999999993
17650.0	30755937.499999993
17660.0	31270012.5
17670.0	30458669.999999996
17680.0	21984342.499999996
17690.0	30716017.499999993
17700.0	30776147.499999993
17710.0	31256917.499999993
17720.0	27763494.999999996
17730.0	29165922.49999999
17740.0	31246282.499999993
17750.0	30939387.499999993
17760.0	25145500.999999996
17770.0	31409957.499999993
17780.0	31670352.499999993
17790.0	30242162.49999999
17800.0	29425464.999999993
17810.0	28305402.499999993
17820.0	30833352.499999996
17830.0	29142837.499999993
17840.0	31932199.999999996
17850.0	28820154.99999999
17860.0	31837382.499999996
17870.0	31616142.499999996
17880.0	28884179.99999999
17890.0	26306913.999999993
17900.0	29488457.5
17910.0	24094519.499999996
17920.0	27093776.0
17930.0	30764547.499999993
17940.0	28912764.999999996
17950.0	30202967.499999993
17960.0	25205759.999999996
17970.0	28658399.999999993
17980.0	31639035.0
17990.0	31788779.99999999
18000.0	24043872.499999996
18010.0	20204403.499999993
18020.0	27294174.49999999
18030.0	28922787.499999993
18040.0	31919052.500000004
18050.0	32513117.49999999
18060.0	27375599.499999996
18070.0	24886120.999999993
18080.0	26245864.99999999
18090.0	22519074.499999993
18100.0	30750559.999999993
18110.0	22825327.999999993
18120.0	30901224.999999996
18130.0	31066355.0
18140.0	31982442.5
18150.0	27657110.99999999
18160.0	27345781.999999993
18170.0	25275624.49999999
18180.0	32313439.999999996
18190.0	30813009.999999996
18200.0	30322674.999999996
18210.0	25632048.499999993
18220.0	29165559.999999993
18230.0	32885252.499999993
18240.0	32886457.49999999
18250.0	31631782.499999993
18260.0	26930429.249999993
18270.0	30878567.75
18280.0	28582272.499999993
18290.0	27555830.999999996
18300.0	31366939.999999996
18310.0	27731888.49999999
18320.0	32287940.0
18330.0	30102004.999999993
18340.0	32969344.999999996
18350.0	30726662.5
18360.0	33577847.49999999
18370.0	33522199.999999993
18380.0	31772082.499999996
18390.0	29279604.999999996
18400.0	30924902.499999996
18410.0	30157052.749999996
18420.0	27652216.749999993
18430.0	32886967.5
18440.0	31704794.999999993
18450.0	28263660.0
18460.0	27979152.499999996
18470.0	22646024.999999996
18480.0	30114892.499999993
18490.0	30058592.499999993
18500.0	32099672.49999999
18510.0	33055997.499999993
18520.0	25974452.74999999
18530.0	32119118.24999999
18540.0	32418479.999999993
18550.0	28427478.999999993
18560.0	28324024.999999993
18570.0	25564314.499999996
18580.0	30200159.999999996
18590.0	31495399.99999999
18600.0	19070434.999999996
18610.0	33093196.999999993
18620.0	28103369.499999996
18630.0	27329549.999999993
18640.0	27023687.499999993
18650.0	30066549.99999999
18660.0	34028174.99999999
18670.0	31749759.999999996
18680.0	17274317.999999993
18690.0	33138954.999999993
18700.0	29507312.499999996
18710.0	34212614.99999999
18720.0	25776723.999999996
18730.0	25997259.999999993
18740.0	28293234.499999993
18750.0	23162650.749999996
18760.0	33132837.249999996
18770.0	33842954.99999999
18780.0	32581272.499999993
18790.0	28108429.999999996
18800.0	33288937.499999996
18810.0	30304749.999999996
18820.0	33560617.49999999
18830.0	34204795.0
18840.0	30306549.999999993
18850.0	23712248.499999993
18860.0	31065504.99999999
18870.0	33413064.99999999
18880.0	34096757.49999999
18890.0	32326422.499999993
18900.0	33354782.499999996
18910.0	34944499.99999999
18920.0	30826454.999999996
18930.0	31672822.49999999
18940.0	33621487.49999999
18950.0	34386887.49999999
18960.0	32123774.999999996
18970.0	33543312.499999985
18980.0	31411039.999999996
18990.0	34993224.99999999
19000.0	33595383.74999999
19010.0	27315178.749999996
19020.0	31908149.99999999
19030.0	29345444.999999996
19040.0	34441844.99999999
19050.0	32838627.499999993
19060.0	34295502.499999985
19070.0	32581382.499999993
19080.0	35611294.99999999
19090.0	34703887.49999999
19100.0	34768458.49999999
19110.0	23755714.499999993
19120.0	33137059.99999999
19130.0	34170909.999999985
19140.0	32179054.999999993
19150.0	35702669.999999985
19160.0	31996702.499999993
19170.0	35387737.49999999
19180.0	35693222.49999999
19190.0	35913367.49999999
19200.0	23461600.499999993
19210.0	30759398.499999993
19220.0	30716796.999999996
19230.0	30020138.499999996
19240.0	29362919.999999993
19250.0	35674739.999999985
19260.0	31665899.99999999
19270.0	30180559.499999993
19280.0	36004017.49999999
19290.0	35099867.49999999
19300.0	35651144.999999985
19310.0	27903843.499999993
19320.0	34947687.499999985
19330.0	32890297.49999999
19340.0	33527699.999999993
19350.0	34921652.499999985
19360.0	34072189.999999985
19370.0	35203517.5
19380.0	26716471.999999993
19390.0	33111794.999999996
19400.0	30577647.499999996
19410.0	32655847.499999993
19420.0	32174824.99999999
19430.0	30553092.749999993
19440.0	29744464.249999996
19450.0	23812820.0
19460.0	28333445.999999996
19470.0	34503057.49999999
19480.0	27481643.499999993
19490.0	27079042.999999993
19500.0	30923536.499999993
19510.0	33443442.499999996
19520.0	35610524.99999999
19530.0	31787497.499999996
19540.0	36023995.0
19550.0	28473216.99999999
19560.0	21725843.499999993
19570.0	32948155.499999993
19580.0	33983525.0
19590.0	32874202.749999993
19600.0	20350034.249999993
19610.0	30648857.499999996
19620.0	35232899.99999999
19630.0	33403332.49999999
19640.0	34208522.499999985
19650.0	36406909.99999999
19660.0	35083854.99999999
19670.0	36603437.49999999
19680.0	34049737.5
19690.0	33061697.499999996
19700.0	31760122.499999993
19710.0	36387757.49999999
19720.0	37069144.99999999
19730.0	36969314.99999999
19740.0	28599453.5
19750.0	36564232.499999985
19760.0	28518613.99999999
19770.0	35469494.999999985
19780.0	35800607.49999999
19790.0	34175847.49999999
19800.0	35670549.99999999
19810.0	36184202.49999999
19820.0	35047769.99999999
19830.0	36869534.999999985
19840.0	36153232.499999985
19850.0	34344932.49999999
19860.0	35262212.499999985
19870.0	36858559.99999999
19880.0	31259617.499999993
19890.0	36360909.999999985
19900.0	32967987.499999996
19910.0	32420247.49999999
19920.0	31163957.49999999
19930.0	36710354.999999985
19940.0	37027384.999999985
19950.0	35258319.99999999
19960.0	36839142.499999985
19970.0	36787954.99999999
19980.0	35654992.5
19990.0	34648189.99999999
20000.0	31647174.99999999
20010.0	32779009.999999993
20020.0	36149267.499999985
20030.0	32468757.499999996
20040.0	35968599.99999999
20050.0	36698209.99999999
20060.0	35943862.49999999
20070.0	33872447.49999999
20080.0	37994269.99999999
20090.0	34521097.5
20100.0	37905592.49999999
20110.0	37738344.99999999
20120.0	37727985.0
20130.0	37614979.999999985
20140.0	36200934.999999985
20150.0	36739462.499999985
20160.0	35636669.999999985
20170.0	36304929.99999999
20180.0	36733087.49999999
20190.0	37398512.5
20200.0	36549267.5
20210.0	37523634.999999985
20220.0	37968492.49999999
20230.0	38183537.499999985
20240.0	38636832.49999999
20250.0	38115809.99999999
20260.0	34749414.99999999
20270.0	35139287.49999999
20280.0	38264284.999999985
20290.0	35107307.499999985
20300.0	37396704.99999999
20310.0	32260679.999999993
20320.0	38363487.49999999
20330.0	37941594.99999999
20340.0	36212807.499999985
20350.0	38230207.49999999
20360.0	36216619.99999999
20370.0	38787124.99999999
20380.0	37965887.49999999
20390.0	37477844.99999999
20400.0	37039562.49999999
20410.0	34895622.49999999
20420.0	38280964.99999999
20430.0	38812112.499999985
20440.0	36709247.49999999
20450.0	38231084.999999985
20460.0	38844352.499999985
20470.0	38251130.0
20480.0	38529974.99999999
20490.0	36695554.99999999
20500.0	38608787.49999999
20510.0	39098699.99999999
20520.0	38912522.5
20530.0	37576672.49999999
20540.0	38941267.499999985
20550.0	38736812.49999999
20560.0	38204994.99999999
20570.0	39173710.0
20580.0	39006054.999999985
20590.0	39215004.99999999
20600.0	39037302.499999985
20610.0	37631662.499999985
20620.0	39173219.99999999
20630.0	39036704.99999999
20640.0	38088992.49999999
20650.0	39213124.99999999
20660.0	39271944.99999999
20670.0	39100775.0
20680.0	39106214.999999985
20690.0	39198607.499999985
20700.0	39335747.49999999
20710.0	39284302.499999985
20720.0	39416597.49999999
20730.0	39417305.0
20740.0	39314524.99999999
20750.0	39584912.49999999
20760.0	39591852.49999999
20770.0	39450809.999999985
20780.0	39587427.49999999
20790.0	39371342.49999999
20800.0	39334897.499999985
20810.0	38969637.5
20820.0	38926192.49999999
20830.0	38860677.499999985
20840.0	39802002.49999999
20850.0	39617682.49999999
20860.0	39469084.99999999
20870.0	39397522.5
20880.0	39819722.49999999
20890.0	39369607.5
20900.0	39900467.499999985
20910.0	39957989.99999999
20920.0	39780099.99999999
20930.0	40045282.5
20940.0	39759677.49999999
20950.0	39985499.999999985
20960.0	40017734.999999985
20970.0	39862274.999999985
20980.0	40211700.0
20990.0	39828287.49999999
21000.0	40052812.49999999
21010.0	40034650.0
21020.0	40126265.0
21030.0	40070585.0
21040.0	40234749.99999999
21050.0	40118272.5
21060.0	40235172.49999999
21070.0	40313459.999999985
21080.0	40339054.999999985
21090.0	39988099.99999999
21100.0	40318197.49999999
21110.0	40429817.49999999
21120.0	40033370.0
21130.0	40000652.49999999
21140.0	40418079.99999999
21150.0	40332962.49999999
21160.0	40173917.5
21170.0	40499787.49999999
21180.0	40360304.99999999
21190.0	40308969.99999999
21200.0	40546292.5
21210.0	40562580.0
21220.0	40518264.99999999
21230.0	40644422.49999999
21240.0	40544187.5
21250.0	40334084.99999999
21260.0	40640077.49999999
21270.0	40626244.999999985
21280.0	40609462.49999999
21290.0	40656144.99999999
21300.0	40749769.99999999
21310.0	40621684.99999999
21320.0	40782784.999999985
21330.0	40740407.49999999
21340.0	40806395.0
21350.0	40869579.99999999
21360.0	40764225.0
21370.0	40862554.99999999
21380.0	40834307.49999999
21390.0	40818097.499999985
21400.0	40718277.49999999
21410.0	40944989.99999999
21420.0	40942624.99999999
21430.0	40834775.0
21440.0	40975612.499999985
21450.0	40985114.99999999
21460.0	40945059.99999999
21470.0	40830494.99999999
21480.0	40931002.49999999
21490.0	40887322.49999999
21500.0	40945479.99999999
21510.0	41100902.499999985
21520.0	41105582.49999999
21530.0	41051207.49999999
21540.0	41164787.499999985
21550.0	41164867.499999985
21560.0	40756047.49999999
21570.0	41224064.999999985
21580.0	41155434.999999985
21590.0	41169724.999999985
21600.0	41228999.99999999
21610.0	41316714.99999999
21620.0	41276379.999999985
21630.0	41295355.0
21640.0	41274069.99999999
21650.0	41264759.99999999
21660.0	41202789.999999985
21670.0	41314389.999999985
21680.0	41342959.999999985
21690.0	41390809.99999999
21700.0	41390509.99999999
21710.0	41435774.999999985
21720.0	41462009.99999999
21730.0	41045919.99999999
21740.0	41378699.999999985
21750.0	41533767.49999999
21760.0	41401134.99999999
21770.0	41495869.999999985
21780.0	41383739.99999999
21790.0	41454954.999999985
21800.0	41502839.999999985
21810.0	41581567.49999998
21820.0	41612654.99999999
21830.0	41420472.499999985
21840.0	41572214.99999999
21850.0	41346907.49999999
21860.0	41445269.99999999
21870.0	41658499.999999985
21880.0	41648579.999999985
21890.0	41608559.999999985
21900.0	41715969.99999999
21910.0	41713517.499999985
21920.0	41715789.99999999
21930.0	41634382.49999999
21940.0	41711529.99999998
21950.0	41595867.49999999
21960.0	41821707.499999985
21970.0	41726254.999999985
21980.0	41670939.999999985
21990.0	41706999.999999985
22000.0	41867444.99999999
22010.0	41501697.49999999
22020.0	41968717.499999985
22030.0	41845812.499999985
22040.0	41707249.99999999
22050.0	41920519.99999999
22060.0	41954259.99999999
22070.0	41934969.99999999
22080.0	41935107.49999999
22090.0	42012267.5
22100.0	41848977.49999999
22110.0	41879927.49999999
22120.0	42026822.49999999
22130.0	42021937.49999999
22140.0	42140662.49999999
22150.0	41823059.99999999
22160.0	41924844.99999999
22170.0	42055985.0
22180.0	42065759.99999999
22190.0	41962572.49999999
22200.0	40734767.5
22210.0	41773129.99999999
22220.0	41935609.99999999
22230.0	41720234.999999985
22240.0	41908854.999999985
22250.0	42073259.99999999
22260.0	42034574.99999999
22270.0	42212089.99999999
22280.0	41571474.999999985
22290.0	42206304.999999985
22300.0	41886524.99999999
22310.0	42303469.99999999
22320.0	42322905.0
22330.0	41871939.99999999
22340.0	42299012.49999999
22350.0	42108032.49999999
22360.0	41710134.99999999
22370.0	42291497.49999999
22380.0	42291734.999999985
22390.0	41775284.99999999
22400.0	42444922.499999985
22410.0	42405822.49999999
22420.0	42382157.499999985
22430.0	42379642.49999999
22440.0	42235577.49999999
22450.0	41816054.99999999
22460.0	42501122.49999999
22470.0	42464462.49999999
22480.0	42476672.49999999
22490.0	42510927.49999999
22500.0	42498974.999999985
22510.0	42574689.99999999
22520.0	42545229.999999985
22530.0	42179304.99999999
22540.0	42489012.49999999
22550.0	42375885.0
22560.0	41722287.49999999
22570.0	42539467.49999999
22580.0	42235247.49999999
22590.0	42594542.49999999
22600.0	42431780.0
22610.0	42581989.99999999
22620.0	42327802.49999999
22630.0	41618967.499999985
22640.0	42497837.49999999
22650.0	42582274.99999999
22660.0	42143359.99999999
22670.0	42637789.99999999
22680.0	42583437.5
22690.0	42546617.5
22700.0	41386744.999999985
22710.0	42322729.999999985
22720.0	42305057.5
22730.0	42778697.499999985
22740.0	42724767.499999985
22750.0	42872272.499999985
22760.0	42585802.499999985
22770.0	42820472.49999999
22780.0	42696817.499999985
22790.0	41988472.5
22800.0	42160094.999999985
22810.0	42334707.499999985
22820.0	42808222.499999985
22830.0	42779264.999999985
22840.0	42754314.99999999
22850.0	42837727.499999985
22860.0	42830434.99999999
22870.0	41933949.999999985
22880.0	42828162.499999985
22890.0	42862782.49999999
22900.0	42995799.99999999
22910.0	42973587.499999985
22920.0	42846477.49999999
22930.0	42867622.49999999
22940.0	37695952.49999999
22950.0	37621927.49999999
22960.0	38526567.49999999
22970.0	41240247.499999985
22980.0	42941449.99999999
22990.0	42831229.99999999
23000.0	36931939.99999999
23010.0	42825847.499999985
23020.0	43042852.499999985
23030.0	37041154.999999985
23040.0	43052839.99999998
23050.0	35305944.99999999
23060.0	37932232.5
23070.0	35708125.999999985
23080.0	42483707.49999999
23090.0	42964354.999999985
23100.0	42899687.49999999
23110.0	42718912.49999999
23120.0	43124782.49999999
23130.0	43149489.999999985
23140.0	43186732.49999998
23150.0	33963697.49999999
23160.0	43060324.99999999
23170.0	42993027.499999985
23180.0	43085879.999999985
23190.0	43144999.99999999
23200.0	42032022.24999999
23210.0	36212415.749999985
23220.0	42991587.499999985
23230.0	39192259.99999999
23240.0	35901084.99999999
23250.0	33720394.5
23260.0	43090092.499999985
23270.0	36369512.49999999
23280.0	42026179.99999999
23290.0	42078400.0
23300.0	35316093.49999999
23310.0	40231499.999999985
23320.0	43214472.499999985
23330.0	43142470.0
23340.0	40046762.499999985
23350.0	41677224.999999985
23360.0	40745122.49999999
23370.0	36605645.74999999
23380.0	41876049.749999985
23390.0	43117599.999999985
23400.0	40041522.49999999
23410.0	43070207.499999985
23420.0	41188354.99999999
23430.0	43252527.5
23440.0	43383612.49999999
23450.0	38092037.5
23460.0	42146477.49999999
23470.0	37227450.0
23480.0	43022885.0
23490.0	42977319.999999985
23500.0	43022260.0
23510.0	41262397.49999999
23520.0	38990599.99999999
23530.0	35867824.999999985
23540.0	37923292.49999999
23550.0	42305645.0
23560.0	42405384.99999999
23570.0	42575522.499999985
23580.0	36130511.499999985
23590.0	41708361.99999999
23600.0	43165827.5
23610.0	37473932.49999999
23620.0	41247247.5
23630.0	39818254.999999985
23640.0	41305354.99999999
23650.0	41873232.499999985
23660.0	43092824.99999999
23670.0	39230134.99999999
23680.0	33173130.999999993
23690.0	43413692.49999999
23700.0	43132114.999999985
23710.0	36749787.49999999
23720.0	42391432.499999985
23730.0	43017784.99999999
23740.0	40792074.99999999
23750.0	42157649.99999999
23760.0	40379322.49999999
23770.0	41084382.499999985
23780.0	37267094.999999985
23790.0	41710257.49999999
23800.0	42014869.99999999
23810.0	29537597.499999996
23820.0	43041002.49999999
23830.0	41820649.999999985
23840.0	40299892.49999999
23850.0	43271199.99999999
23860.0	37671492.499999985
23870.0	41624124.99999999
23880.0	38762287.499999985
23890.0	43453657.49999999
23900.0	43289464.99999998
23910.0	43006242.499999985
23920.0	31011985.49999999
23930.0	39848047.49999999
23940.0	37999599.99999999
23950.0	39907744.99999999
23960.0	39633622.49999999
23970.0	40877042.49999999
23980.0	43038207.499999985
23990.0	43176569.99999999
24000.0	39853922.5
24010.0	40270737.49999999
24020.0	40016922.499999985
24030.0	35033767.49999999
24040.0	42296022.49999999
24050.0	43319309.99999999
24060.0	42661469.99999999
24070.0	35205442.99999999
24080.0	43199779.99999998
24090.0	43573834.999999985
24100.0	41414377.49999999
24110.0	42591267.49999999
24120.0	38228222.49999999
24130.0	42203984.999999985
24140.0	38850852.499999985
24150.0	43434352.499999985
24160.0	38200632.49999999
24170.0	42791432.499999985
24180.0	41360254.99999999
24190.0	41792122.49999999
24200.0	42272787.499999985
24210.0	42415082.499999985
24220.0	39094042.49999999
24230.0	38880027.49999999
24240.0	42415459.999999985
24250.0	41972739.999999985
24260.0	40323589.99999999
24270.0	43110330.0
24280.0	38645894.99999999
24290.0	43301914.99999999
24300.0	37881719.99999999
24310.0	37775462.49999999
24320.0	41126205.0
24330.0	41890732.49999999
24340.0	37984129.99999999
24350.0	31219017.49999999
24360.0	37917702.499999985
24370.0	32738604.999999993
24380.0	39337135.0
24390.0	43474552.499999985
24400.0	41917209.99999999
24410.0	37563117.49999999
24420.0	41905904.99999999
24430.0	39970032.49999999
24440.0	29013492.499999993
24450.0	41738299.99999999
24460.0	38537459.99999999
24470.0	36556237.5
24480.0	42626264.99999999
24490.0	42028634.999999985
24500.0	40859249.99999999
24510.0	43199939.99999999
24520.0	34494747.49999999
24530.0	40682269.999999985
24540.0	31649989.999999996
24550.0	41869872.499999985
24560.0	37206494.999999985
24570.0	37040757.49999999
24580.0	42720844.999999985
24590.0	39862484.99999999
24600.0	37715774.99999999
24610.0	33845525.99999999
24620.0	36466321.99999999
24630.0	40187587.49999999
24640.0	43622202.49999999
24650.0	41506934.999999985
24660.0	33826207.99999999
24670.0	38471447.49999999
24680.0	23409989.499999993
24690.0	37128040.49999999
24700.0	42473492.49999999
24710.0	35543672.49999999
24720.0	35743882.49999999
24730.0	37760777.499999985
24740.0	25921934.499999996
24750.0	26926210.5
24760.0	34784569.999999985
24770.0	42492537.499999985
24780.0	40885386.99999999
24790.0	31863938.999999996
24800.0	42579400.0
24810.0	34764527.49999999
24820.0	39445714.999999985
24830.0	27517451.99999999
24840.0	36323203.49999999
24850.0	37074277.49999999
24860.0	40145584.99999999
24870.0	41823167.499999985
24880.0	35444322.5
24890.0	28560800.999999996
24900.0	29472594.999999996
24910.0	31202440.0
24920.0	42193747.49999999
24930.0	30144916.999999993
24940.0	42905589.999999985
24950.0	39016154.999999985
24960.0	37407307.24999999
24970.0	35759758.25
24980.0	30872186.499999993
24990.0	41030942.49999999
25000.0	42789649.999999985
25010.0	40737927.49999999
25020.0	37389129.99999999
25030.0	31284399.499999996
25040.0	32825308.249999993
25050.0	35426210.25
25060.0	27089260.249999993
25070.0	31590112.74999999
25080.0	35122882.499999985
25090.0	42537082.499999985
25100.0	39313949.99999999
25110.0	39399542.49999999
25120.0	40450059.999999985
25130.0	24028152.999999993
25140.0	39634914.99999999
25150.0	37184284.99999999
25160.0	25321211.999999993
25170.0	39252852.49999999
25180.0	38304749.99999999
25190.0	37373898.24999999
25200.0	35351172.24999999
25210.0	34935764.0
25220.0	31486472.99999999
25230.0	34175562.99999999
25240.0	30118154.49999999
25250.0	31795997.499999993
25260.0	33248683.999999993
25270.0	35694974.99999999
25280.0	35086174.99999999
25290.0	35488907.49999999
25300.0	38824962.499999985
25310.0	42952059.99999999
25320.0	41837099.999999985
25330.0	22393695.999999996
25340.0	37683119.99999999
25350.0	37626442.49999999
25360.0	27957143.99999999
25370.0	42005733.499999985
25380.0	42437281.999999985
25390.0	31363791.499999993
25400.0	41861159.99999999
25410.0	37190099.99999999
25420.0	35881242.499999985
25430.0	38739247.5
25440.0	38663809.99999999
25450.0	39016344.999999985
25460.0	33896432.99999999
25470.0	37043689.99999999
25480.0	28731029.999999996
25490.0	34641047.49999999
25500.0	41410272.5
25510.0	34113433.99999999
25520.0	38972632.49999999
25530.0	26305069.599999994
25540.0	41606795.99999999
25550.0	37075834.99999999
25560.0	40189737.499999985
25570.0	34562999.99999999
25580.0	40101539.99999999
25590.0	39061099.999999985
25600.0	35857742.5
25610.0	30946197.49999999
25620.0	37543005.75
25630.0	26726516.74999999
25640.0	33954838.99999999
25650.0	29038093.249999993
25660.0	26896640.499999993
25670.0	35462855.74999999
25680.0	34164130.99999999
25690.0	40616782.49999999
25700.0	35267642.49999999
25710.0	41997062.49999999
25720.0	34304449.99999999
25730.0	41305188.99999999
25740.0	19044599.499999996
25750.0	41593762.49999999
25760.0	30532089.999999996
25770.0	22616412.499999996
25780.0	37777214.99999999
25790.0	33360715.499999993
25800.0	37669579.99999999
25810.0	40556617.5
25820.0	39153472.499999985
25830.0	23810648.999999993
25840.0	33020368.999999993
25850.0	36790552.49999999
25860.0	37833732.49999999
25870.0	25151900.499999993
25880.0	33721469.49999999
25890.0	33610944.99999999
25900.0	28692484.999999993
25910.0	41158397.499999985
25920.0	33334759.499999996
25930.0	11250724.499999998
25940.0	34141101.5
25950.0	38936091.999999985
25960.0	34354168.99999999
25970.0	38892562.49999999
25980.0	19446929.999999996
25990.0	35981639.99999999
