# Flux units: erg / (cm m2 s)
# Wavelength units: Angstrom
wave	flux
7000.0	13032384.749999998
7010.0	13339522.499999998
7020.0	13623626.999999994
7030.0	17086319.999999996
7040.0	14883174.999999998
7050.0	16692812.499999994
7060.0	9700849.5
7070.0	9115379.249999998
7080.0	11084662.999999996
7090.0	9854797.499999996
7100.0	9779475.25
7110.0	9693288.249999998
7120.0	10869215.249999996
7130.0	9592099.75
7140.0	9023355.499999998
7150.0	9563344.749999996
7160.0	10358412.999999996
7170.0	10004366.999999998
7180.0	11204242.499999996
7190.0	11000870.749999996
7200.0	11709915.249999994
7210.0	10369588.999999998
7220.0	12252102.499999998
7230.0	12899285.0
7240.0	12768817.499999996
7250.0	15091877.499999994
7260.0	15249602.499999998
7270.0	14350244.999999994
7280.0	15807264.999999998
7290.0	16347507.499999998
7300.0	21651609.99999999
7310.0	19029412.499999996
7320.0	22324619.999999993
7330.0	24846897.499999993
7340.0	19832537.499999996
7350.0	16430687.499999996
7360.0	19612802.499999996
7370.0	26029477.499999993
7380.0	23326277.499999993
7390.0	19895679.999999996
7400.0	21391332.499999996
7410.0	18467922.499999996
7420.0	13166869.999999998
7430.0	19907950.0
7440.0	20347575.0
7450.0	12124724.999999998
7460.0	14393012.499999996
7470.0	16769777.499999994
7480.0	16971047.499999996
7490.0	19988479.999999993
7500.0	25091999.999999996
7510.0	20315619.999999996
7520.0	21562744.999999993
7530.0	25595082.499999993
7540.0	26247487.499999993
7550.0	29035627.499999996
7560.0	33519454.999999993
7570.0	36809992.499999985
7580.0	31133972.499999996
7590.0	24158467.499999996
7600.0	17318277.499999993
7610.0	20268592.499999996
7620.0	22896894.999999993
7630.0	19208990.0
7640.0	19243177.499999996
7650.0	16969827.499999996
7660.0	10279313.649999997
7670.0	4472251.35
7680.0	14845612.499999996
7690.0	15573522.499999996
7700.0	5184708.999999999
7710.0	14880208.499999996
7720.0	18783607.5
7730.0	21142672.499999993
7740.0	24660704.999999993
7750.0	22581919.999999993
7760.0	22165949.999999996
7770.0	19887542.499999996
7780.0	22209847.499999993
7790.0	22958157.499999996
7800.0	23668839.999999996
7810.0	27994012.499999993
7820.0	29790747.499999993
7830.0	27459112.499999993
7840.0	24559434.999999996
7850.0	28067145.0
7860.0	28206160.0
7870.0	26880009.99999999
7880.0	33033142.5
7890.0	33868409.99999999
7900.0	31592459.99999999
7910.0	31967429.999999996
7920.0	27949509.999999996
7930.0	29948262.499999993
7940.0	29413999.999999996
7950.0	26257050.499999993
7960.0	37182434.99999999
7970.0	38697282.499999985
7980.0	40839849.999999985
7990.0	35081729.999999985
8000.0	36213882.49999999
8010.0	32566517.499999996
8020.0	43486194.99999999
8030.0	46729639.999999985
8040.0	54575452.49999999
8050.0	41704882.49999999
8060.0	42461562.49999999
8070.0	50578307.499999985
8080.0	67454337.5
8090.0	67815917.49999999
8100.0	82285754.99999999
8110.0	87537724.99999999
8120.0	116390614.99999997
8130.0	126597294.99999997
8140.0	136305172.49999997
8150.0	152043167.49999997
8160.0	144434220.0
8170.0	106322944.99999999
8180.0	119926902.49999999
8190.0	85692739.99999999
8200.0	67818844.99999997
8210.0	56174937.499999985
8220.0	83530852.49999999
8230.0	62566319.99999999
8240.0	86389019.99999999
8250.0	91524914.99999999
8260.0	80699867.49999999
8270.0	72396677.49999997
8280.0	69566647.49999999
8290.0	47842834.99999998
8300.0	52548374.99999999
8310.0	48930422.49999998
8320.0	46440829.999999985
8330.0	53353427.499999985
8340.0	63638269.99999998
8350.0	57074339.999999985
8360.0	58413939.999999985
8370.0	61202874.999999985
8380.0	74252232.49999999
8390.0	53062699.99999998
8400.0	57177639.999999985
8410.0	80427549.99999999
8420.0	63231297.49999998
8430.0	72996514.99999999
8440.0	37976877.5
8450.0	34198939.99999999
8460.0	33795162.49999999
8470.0	34305990.0
8480.0	35824567.499999985
8490.0	33840617.49999999
8500.0	36548744.99999999
8510.0	37121284.99999999
8520.0	37258799.999999985
8530.0	38429474.99999999
8540.0	34262212.499999985
8550.0	38715482.49999999
8560.0	42452859.999999985
8570.0	40292457.5
8580.0	45280657.49999999
8590.0	38467857.499999985
8600.0	38322504.99999999
8610.0	40605349.99999999
8620.0	46832844.999999985
8630.0	47348669.99999999
8640.0	42248519.99999999
8650.0	42595887.499999985
8660.0	51212869.999999985
8670.0	49032619.999999985
8680.0	44957367.49999998
8690.0	50876534.99999999
8700.0	42919799.99999999
8710.0	47375939.999999985
8720.0	47011977.499999985
8730.0	55528399.999999985
8740.0	55950657.49999999
8750.0	56963989.99999999
8760.0	77925052.49999999
8770.0	73215727.49999999
8780.0	81430334.99999999
8790.0	91224865.0
8800.0	83622277.49999997
8810.0	85501254.99999999
8820.0	119787067.49999999
8830.0	112302202.49999999
8840.0	109800557.49999996
8850.0	115785607.49999997
8860.0	88261352.49999999
8870.0	53726977.499999985
8880.0	49743277.49999999
8890.0	56141219.99999999
8900.0	59963237.499999985
8910.0	65962047.499999985
8920.0	50783514.99999998
8930.0	75824974.99999997
8940.0	68660722.49999999
8950.0	66860542.49999999
8960.0	62160994.99999999
8970.0	66074839.99999998
8980.0	84211137.5
8990.0	83710079.99999999
9000.0	63764172.49999998
9010.0	113621387.49999997
9020.0	109884132.49999997
9030.0	84963182.49999999
9040.0	82279319.99999997
9050.0	113536060.0
9060.0	100956759.99999997
9070.0	104527094.99999997
9080.0	161675369.99999997
9090.0	154884655.0
9100.0	153744789.99999997
9110.0	160954574.99999997
9120.0	234532324.99999997
9130.0	207990999.99999994
9140.0	174612000.0
9150.0	207385469.9999999
9160.0	261718674.99999994
9170.0	261313949.99999994
9180.0	245668064.99999994
9190.0	257778279.99999997
9200.0	186693404.99999997
9210.0	164750009.99999997
9220.0	130703447.49999997
9230.0	104127759.99999997
9240.0	74613787.49999999
9250.0	95890519.99999999
9260.0	98403364.99999999
9270.0	88075129.99999999
9280.0	72623882.49999999
9290.0	76568547.49999999
9300.0	76675244.99999999
9310.0	71765689.99999999
9320.0	78286634.99999999
9330.0	74677812.49999999
9340.0	110739067.49999996
9350.0	74401767.5
9360.0	94209559.99999997
9370.0	82220169.99999997
9380.0	114952622.49999999
9390.0	88876232.49999999
9400.0	107818372.49999996
9410.0	109235572.5
9420.0	136536772.49999997
9430.0	148318269.99999994
9440.0	102105772.49999997
9450.0	117255282.49999999
9460.0	120413779.99999996
9470.0	113782865.0
9480.0	159900174.99999997
9490.0	191688049.99999994
9500.0	141330704.99999997
9510.0	148558574.99999994
9520.0	187851849.99999997
9530.0	163232524.99999994
9540.0	191845292.49999994
9550.0	191268707.49999994
9560.0	196955144.99999994
9570.0	171513349.99999994
9580.0	295761649.9999999
9590.0	252333099.99999997
9600.0	189128574.99999997
9610.0	237601749.99999994
9620.0	212971399.9999999
9630.0	278133749.99999994
9640.0	199040874.99999994
9650.0	211632419.99999997
9660.0	300050499.99999994
9670.0	305394999.9999999
9680.0	261479199.99999997
9690.0	257421649.9999999
9700.0	329774649.99999994
9710.0	302046574.99999994
9720.0	246319024.99999994
9730.0	219306999.99999997
9740.0	197703897.5
9750.0	192168732.49999994
9760.0	215884749.99999994
9770.0	216831599.99999988
9780.0	185656454.99999997
9790.0	181006784.99999997
9800.0	292307774.99999994
9810.0	182230324.99999997
9820.0	158208674.99999997
9830.0	150975449.99999997
9840.0	190979349.99999997
9850.0	190530049.99999994
9860.0	226230049.9999999
9870.0	176640299.99999994
9880.0	216777549.99999994
9890.0	247629899.99999994
9900.0	107620704.99999999
9910.0	66365694.99999998
9920.0	67598124.99999999
9930.0	76102072.49999997
9940.0	90263144.99999999
9950.0	100338452.49999999
9960.0	106106804.99999999
9970.0	123730317.49999999
9980.0	99793417.49999997
9990.0	85189384.99999999
10000.0	103052634.99999996
10010.0	103494812.49999996
10020.0	116544149.99999999
10030.0	123661927.49999996
10040.0	98372434.99999997
10050.0	116668947.49999999
10060.0	88365512.49999997
10070.0	88836002.49999997
10080.0	130456362.49999997
10090.0	127328992.49999997
10100.0	140205797.49999997
10110.0	112927187.49999999
10120.0	126127737.49999994
10130.0	147934210.0
10140.0	114737179.99999997
10150.0	134535589.99999997
10160.0	120414974.99999996
10170.0	103849777.49999999
10180.0	158998237.49999997
10190.0	120196047.49999997
10200.0	114379862.49999999
10210.0	139667844.99999994
10220.0	127713889.99999997
10230.0	145350044.99999997
10240.0	171777224.99999997
10250.0	144077054.99999997
10260.0	97148479.99999999
10270.0	103548304.99999999
10280.0	108978084.99999999
10290.0	129414824.99999999
10300.0	112329500.0
10310.0	143177379.99999997
10320.0	113619382.49999996
10330.0	125091572.49999999
10340.0	124443682.49999997
10350.0	137966684.99999997
10360.0	154034927.49999997
10370.0	168249524.99999997
10380.0	158287949.99999997
10390.0	142173075.0
10400.0	165192649.99999994
10410.0	207873452.49999994
10420.0	152124742.5
10430.0	124600944.99999999
10440.0	156348499.99999994
10450.0	188351524.99999997
10460.0	258378030.0
10470.0	128068487.49999999
10480.0	139768622.49999997
10490.0	211387064.99999994
10500.0	200210899.99999997
10510.0	164422674.99999997
10520.0	129770667.49999999
10530.0	273270327.5
10540.0	228186574.99999997
10550.0	237723999.99999994
10560.0	164617549.99999997
10570.0	142856349.99999994
10580.0	233331649.99999994
10590.0	220198924.99999994
10600.0	242166599.99999997
10610.0	181804924.99999997
10620.0	171375824.99999994
10630.0	213527874.99999994
10640.0	301759249.9999999
10650.0	275554924.99999994
10660.0	253201999.99999994
10670.0	155518349.99999997
10680.0	187345499.99999997
10690.0	291987249.99999994
10700.0	228239549.99999994
10710.0	222889309.99999994
10720.0	214797899.99999997
10730.0	236837949.99999994
10740.0	312562549.99999994
10750.0	338377674.9999999
10760.0	392108024.99999994
10770.0	351390524.99999994
10780.0	344663969.99999994
10790.0	394782099.9999999
10800.0	416261474.9999999
10810.0	390688324.99999994
10820.0	389360974.99999994
10830.0	475214999.9999999
10840.0	514884649.9999998
10850.0	394511599.99999994
10860.0	343238099.9999999
10870.0	372091699.99999994
10880.0	458063299.9999999
10890.0	339592499.99999994
10900.0	395260199.99999994
10910.0	395351599.99999994
10920.0	378411199.99999994
10930.0	426648299.9999998
10940.0	415069274.9999999
10950.0	435708974.9999998
10960.0	409678749.9999999
10970.0	402807174.9999999
10980.0	300378399.99999994
10990.0	334594074.99999994
11000.0	314004099.99999994
11010.0	388680049.99999994
11020.0	396037549.9999999
11030.0	296091799.99999994
11040.0	287111149.99999994
11050.0	278393324.99999994
11060.0	275710825.0
11070.0	236193224.9999999
11080.0	239538274.9999999
11090.0	289653949.9999999
11100.0	307164149.9999999
11110.0	259236724.99999988
11120.0	350369725.0
11130.0	370184975.0
11140.0	377470874.99999994
11150.0	332715174.9999999
11160.0	366279024.9999999
11170.0	367887749.99999994
11180.0	280087999.9999999
11190.0	257203624.99999994
11200.0	306288424.9999999
11210.0	339883099.99999994
11220.0	332303429.9999999
11230.0	372305214.9999999
11240.0	346512124.9999999
11250.0	379062339.9999999
11260.0	366399019.9999999
11270.0	316244774.99999994
11280.0	371155324.99999994
11290.0	345402899.99999994
11300.0	417743649.9999998
11310.0	376385749.99999994
11320.0	414289774.99999994
11330.0	441420899.99999994
11340.0	319389549.99999994
11350.0	237045324.99999997
11360.0	341796649.99999994
11370.0	374618749.9999999
11380.0	233288699.99999994
11390.0	294692624.99999994
11400.0	321497449.99999994
11410.0	242265074.9999999
11420.0	357937775.0
11430.0	312630874.99999994
11440.0	279075374.99999994
11450.0	362457499.9999999
11460.0	319587149.99999994
11470.0	419121524.99999994
11480.0	331027549.99999994
11490.0	410959449.99999994
11500.0	348940474.99999994
11510.0	401336224.99999994
11520.0	422746874.99999994
11530.0	416840549.9999999
11540.0	388097749.99999994
11550.0	382328624.99999994
11560.0	467885474.9999998
11570.0	357821949.9999999
11580.0	415981099.99999994
11590.0	488878999.9999999
11600.0	363220899.99999994
11610.0	422492824.99999994
11620.0	446718549.9999999
11630.0	438209599.99999994
11640.0	331211524.99999994
11650.0	384904949.9999999
11660.0	297125524.99999994
11670.0	470375474.99999994
11680.0	432247524.9999998
11690.0	216699999.9999999
11700.0	270154399.99999994
11710.0	387314949.9999999
11720.0	474527649.99999994
11730.0	323229984.9999999
11740.0	348211650.0
11750.0	386121374.99999994
11760.0	385404074.99999994
11770.0	245825924.9999999
11780.0	185924224.99999997
11790.0	346372424.99999994
11800.0	368123974.9999999
11810.0	346256349.99999994
11820.0	367841249.99999994
11830.0	445210499.99999994
11840.0	383593624.9999999
11850.0	359573374.9999999
11860.0	350619274.99999994
11870.0	334581649.9999999
11880.0	421459124.9999999
11890.0	360930250.0
11900.0	430813149.9999998
11910.0	431631799.9999999
11920.0	439578175.0
11930.0	457402974.9999999
11940.0	372679749.99999994
11950.0	310874824.99999994
11960.0	348317874.9999999
11970.0	305157324.99999994
11980.0	232907974.99999994
11990.0	300255624.9999999
12000.0	263223699.99999994
12010.0	277306749.99999994
12020.0	273363024.99999994
12030.0	312249574.99999994
12040.0	362701574.9999999
12050.0	352407599.9999999
12060.0	401954974.99999994
12070.0	315067199.99999994
12080.0	417269399.99999994
12090.0	326106374.99999994
12100.0	385687124.99999994
12110.0	291336674.99999994
12120.0	333885099.99999994
12130.0	336123049.99999994
12140.0	368213724.99999994
12150.0	402439724.9999999
12160.0	385729000.0
12170.0	405221950.0
12180.0	393390024.99999994
12190.0	449628049.9999999
12200.0	341751274.9999999
12210.0	379274424.99999994
12220.0	372422600.0
12230.0	377908474.9999999
12240.0	382687899.99999994
12250.0	460935249.9999999
12260.0	447018599.99999994
12270.0	420397674.9999998
12280.0	430526724.99999994
12290.0	459604899.99999994
12300.0	417379674.99999994
12310.0	455828674.99999994
12320.0	398592024.99999994
12330.0	385307124.9999999
12340.0	461006799.99999994
12350.0	375229249.99999994
12360.0	407865699.9999999
12370.0	450715899.9999999
12380.0	396549774.9999999
12390.0	374314224.99999994
12400.0	366664099.9999999
12410.0	266028774.99999994
12420.0	285420875.0
12430.0	283266899.99999994
12440.0	249741324.99999994
12450.0	410686824.99999994
12460.0	420162349.99999994
12470.0	379672200.0
12480.0	357651999.99999994
12490.0	383939699.9999999
12500.0	354677424.99999994
12510.0	400757949.99999994
12520.0	269630350.0
12530.0	294067250.0
12540.0	384108949.9999999
12550.0	369942774.9999999
12560.0	423171924.99999994
12570.0	458810650.00000006
12580.0	389408349.9999999
12590.0	403123624.99999994
12600.0	399851299.99999994
12610.0	529943549.9999998
12620.0	395452674.99999994
12630.0	390458674.99999994
12640.0	321096049.99999994
12650.0	386807949.99999994
12660.0	427525149.99999994
12670.0	456363024.9999999
12680.0	444757799.9999999
12690.0	475474924.99999994
12700.0	456571324.9999999
12710.0	432522774.9999998
12720.0	470103374.9999999
12730.0	492481224.9999999
12740.0	426993274.9999999
12750.0	410403774.9999999
12760.0	459574074.99999994
12770.0	444526624.9999999
12780.0	455622799.9999999
12790.0	464374074.9999999
12800.0	448101574.9999999
12810.0	418133249.9999999
12820.0	464444324.99999994
12830.0	425942924.9999999
12840.0	459354949.99999994
12850.0	460165799.9999998
12860.0	386652349.9999999
12870.0	463440199.99999994
12880.0	457740999.99999994
12890.0	440971599.9999999
12900.0	378128574.9999999
12910.0	407842574.99999994
12920.0	406537299.99999994
12930.0	417899299.9999999
12940.0	468542474.9999999
12950.0	381875099.9999999
12960.0	464654149.9999998
12970.0	511896125.0
12980.0	509761449.9999999
12990.0	421709299.9999999
13000.0	490432999.9999999
13010.0	465707674.9999999
13020.0	490374799.99999994
13030.0	425945674.9999999
13040.0	532516249.9999999
13050.0	453013799.99999994
13060.0	539098724.9999998
13070.0	420546874.99999994
13080.0	490631749.9999999
13090.0	462815149.99999994
13100.0	478391424.99999994
13110.0	555794375.0
13120.0	530442599.99999994
13130.0	462754749.9999999
13140.0	481770349.9999999
13150.0	480735549.99999994
13160.0	430292774.99999994
13170.0	399553749.99999994
13180.0	495472849.9999999
13190.0	501380399.9999999
13200.0	447311399.9999999
13210.0	535569699.99999994
13220.0	409552149.99999994
13230.0	433010974.9999999
13240.0	444038099.99999994
13250.0	379689899.99999994
13260.0	422832024.99999994
13270.0	346864549.9999999
13280.0	368804100.0
13290.0	417322624.99999994
13300.0	434095899.9999999
13310.0	362958624.9999998
13320.0	261622949.99999997
13330.0	218724399.9999999
13340.0	313420374.9999999
13350.0	126000942.49999997
13360.0	239596939.9999999
13370.0	176390827.49999997
13380.0	167693674.99999994
13390.0	177393807.49999997
13400.0	236964697.5
13410.0	232846924.99999994
13420.0	192789084.99999994
13430.0	178227024.99999994
13440.0	195685220.0
13450.0	196688974.99999994
13460.0	242667689.99999994
13470.0	155642404.99999997
13480.0	212008674.99999997
13490.0	200230825.0
13500.0	178286672.4999999
13510.0	210069042.4999999
13520.0	135890199.99999997
13530.0	258903274.99999997
13540.0	155552399.99999997
13550.0	136912554.99999997
13560.0	197739474.99999994
13570.0	205206224.99999994
13580.0	208265404.99999994
13590.0	149945199.99999997
13600.0	218479799.99999994
13610.0	202826399.99999994
13620.0	153719454.99999997
13630.0	172177667.49999994
13640.0	192755827.5
13650.0	184077199.99999997
13660.0	180242149.99999994
13670.0	189622379.99999997
13680.0	184339114.99999994
13690.0	187358742.49999997
13700.0	185673187.49999994
13710.0	182702374.99999994
13720.0	200790924.99999997
13730.0	233936424.99999994
13740.0	159224074.99999994
13750.0	161855824.99999994
13760.0	179619449.99999994
13770.0	218238549.99999994
13780.0	253957899.99999994
13790.0	238399149.99999994
13800.0	252190899.99999994
13810.0	189056799.99999997
13820.0	260784374.99999997
13830.0	173747204.99999997
13840.0	246323524.99999997
13850.0	239476624.99999997
13860.0	195776012.49999997
13870.0	206390062.49999994
13880.0	193633724.99999994
13890.0	194697350.0
13900.0	197526884.99999997
13910.0	161774650.0
13920.0	193322874.99999997
13930.0	181080269.99999997
13940.0	203583449.99999997
13950.0	155072880.0
13960.0	181573052.49999997
13970.0	170347267.49999994
13980.0	201649449.99999997
13990.0	214863299.99999994
14000.0	158696324.99999997
14010.0	178981199.99999997
14020.0	205856200.0
14030.0	184998424.99999997
14040.0	135157999.99999997
14050.0	138065219.99999997
14060.0	227133399.99999994
14070.0	165385324.99999994
14080.0	141976842.49999994
14090.0	183525152.49999994
14100.0	172299724.99999997
14110.0	200537599.99999997
14120.0	179401957.49999997
14130.0	223519322.49999997
14140.0	201506734.9999999
14150.0	164719994.99999997
14160.0	154763699.99999997
14170.0	191326894.99999994
14180.0	125787019.99999999
14190.0	155469124.99999997
14200.0	152339059.99999997
14210.0	174389314.99999994
14220.0	148456624.99999997
14230.0	173629519.99999994
14240.0	137869140.0
14250.0	162549144.99999997
14260.0	124774982.49999997
14270.0	157119452.49999994
14280.0	164798887.49999994
14290.0	130791977.49999997
14300.0	192149199.99999994
14310.0	178830089.99999994
14320.0	182032274.99999994
14330.0	173455624.99999997
14340.0	175253024.99999994
14350.0	210702724.99999994
14360.0	166391124.99999994
14370.0	175154324.99999997
14380.0	163959849.99999997
14390.0	165158215.0
14400.0	167942069.99999994
14410.0	164553449.99999997
14420.0	153268464.99999997
14430.0	200784424.99999994
14440.0	173857324.99999997
14450.0	162514282.49999997
14460.0	181974272.49999997
14470.0	171276474.99999997
14480.0	168731224.99999997
14490.0	206151624.99999997
14500.0	202060099.99999994
14510.0	140131134.99999997
14520.0	220671899.99999997
14530.0	175261674.99999997
14540.0	157555699.99999997
14550.0	203465834.99999997
14560.0	174012009.99999994
14570.0	182136400.0
14580.0	217791874.99999994
14590.0	203995449.99999997
14600.0	208923574.99999994
14610.0	219886374.99999997
14620.0	176712774.99999994
14630.0	149013949.99999994
14640.0	204415374.99999994
14650.0	183184149.99999997
14660.0	200445574.99999994
14670.0	196259674.99999997
14680.0	170199199.99999997
14690.0	151481049.99999994
14700.0	211949824.99999997
14710.0	187318374.99999997
14720.0	212970574.99999994
14730.0	194217124.99999994
14740.0	163102699.99999997
14750.0	178775349.99999997
14760.0	184297924.99999994
14770.0	205781899.99999997
14780.0	197939024.99999997
14790.0	205501449.99999997
14800.0	198627999.99999997
14810.0	211987949.9999999
14820.0	176841874.99999994
14830.0	191726799.99999994
14840.0	240008724.9999999
14850.0	183908324.99999994
14860.0	178144824.99999994
14870.0	219814999.99999997
14880.0	175809199.99999994
14890.0	195908274.99999994
14900.0	190664599.99999997
14910.0	217769824.99999994
14920.0	192927674.99999997
14930.0	197527324.99999994
14940.0	184760899.9999999
14950.0	230003274.99999997
14960.0	183207399.99999994
14970.0	232071074.99999994
14980.0	175133599.99999994
14990.0	243999599.99999994
15000.0	196270874.99999997
15010.0	199932399.99999997
15020.0	177500049.99999994
15030.0	224618724.99999994
15040.0	199310949.99999997
15050.0	217029049.9999999
15060.0	209205199.99999994
15070.0	199741749.99999997
15080.0	211681624.99999994
15090.0	223265774.99999994
15100.0	210890799.99999997
15110.0	217501524.99999994
15120.0	228447349.99999997
15130.0	200454849.99999997
15140.0	199645999.99999997
15150.0	251634024.99999994
15160.0	233949799.99999994
15170.0	220050274.9999999
15180.0	233097024.99999994
15190.0	249889624.99999994
15200.0	214288824.99999997
15210.0	269315149.9999999
15220.0	217779299.99999994
15230.0	282001799.99999994
15240.0	226878674.99999994
15250.0	218801724.99999997
15260.0	224278699.99999994
15270.0	206427599.99999994
15280.0	215464474.99999994
15290.0	239210524.99999997
15300.0	199554425.0
15310.0	226116774.9999999
15320.0	199808074.99999997
15330.0	245060549.99999997
15340.0	266306199.9999999
15350.0	236734300.0
15360.0	236249999.99999994
15370.0	235519399.9999999
15380.0	243717649.99999994
15390.0	264141474.99999994
15400.0	221201149.9999999
15410.0	238566124.99999997
15420.0	265108224.9999999
15430.0	235743049.99999994
15440.0	215753274.99999997
15450.0	240622074.99999994
15460.0	258260699.99999997
15470.0	240308974.99999994
15480.0	237603299.9999999
15490.0	223865274.99999997
15500.0	270621949.99999994
15510.0	234577349.99999997
15520.0	269351374.9999999
15530.0	242290674.99999994
15540.0	277378574.99999994
15550.0	270360124.9999999
15560.0	257087549.99999994
15570.0	255858724.99999994
15580.0	232454149.99999994
15590.0	268975474.9999999
15600.0	273494150.0
15610.0	263877049.99999994
15620.0	279434849.99999994
15630.0	281773924.99999994
15640.0	297135274.99999994
15650.0	259198199.99999994
15660.0	249697149.99999994
15670.0	307862574.99999994
15680.0	291981249.9999999
15690.0	275791349.9999999
15700.0	292700299.99999994
15710.0	285128050.0
15720.0	243212624.99999994
15730.0	267919924.99999997
15740.0	305039524.99999994
15750.0	258602424.99999988
15760.0	298960649.99999994
15770.0	336338749.9999999
15780.0	320747524.99999994
15790.0	305161875.0
15800.0	294718100.0
15810.0	311702624.99999994
15820.0	293675999.99999994
15830.0	304185374.99999994
15840.0	287786475.0
15850.0	293551174.9999999
15860.0	306946775.0
15870.0	315960924.99999994
15880.0	322727574.99999994
15890.0	334874024.9999999
15900.0	301325024.99999994
15910.0	335264149.9999999
15920.0	334242874.9999999
15930.0	315185449.99999994
15940.0	334806674.99999994
15950.0	342326474.99999994
15960.0	339024500.0
15970.0	334206924.99999994
15980.0	314902799.99999994
15990.0	318160124.99999994
16000.0	349743074.99999994
16010.0	309463124.99999994
16020.0	319734049.99999994
16030.0	354014074.99999994
16040.0	343433725.0
16050.0	313977450.0
16060.0	332457424.99999994
16070.0	332249924.99999994
16080.0	331860724.99999994
16090.0	361822274.99999994
16100.0	313392399.99999994
16110.0	335909999.9999999
16120.0	352624124.9999999
16130.0	355736774.9999999
16140.0	332869424.99999994
16150.0	346007624.99999994
16160.0	313015849.99999994
16170.0	345782624.9999999
16180.0	374384724.99999994
16190.0	330056674.99999994
16200.0	325307749.99999994
16210.0	350581449.99999994
16220.0	346536349.9999999
16230.0	332398699.99999994
16240.0	338660399.9999999
16250.0	323785874.9999999
16260.0	353714924.9999999
16270.0	366089274.99999994
16280.0	374126149.9999999
16290.0	330231799.99999994
16300.0	370058774.9999999
16310.0	335218974.9999999
16320.0	337610625.00000006
16330.0	365494624.99999994
16340.0	340267149.99999994
16350.0	334930449.99999994
16360.0	359541749.99999994
16370.0	365371849.99999994
16380.0	364668549.9999999
16390.0	370591949.9999999
16400.0	372008549.9999998
16410.0	331500624.9999999
16420.0	319571024.99999994
16430.0	335587124.99999994
16440.0	372380049.9999999
16450.0	365307374.9999999
16460.0	369747249.9999999
16470.0	362444874.9999999
16480.0	361718624.99999994
16490.0	383959724.9999998
16500.0	387136899.9999999
16510.0	384095949.99999994
16520.0	350469874.99999994
16530.0	354552374.99999994
16540.0	386086649.99999994
16550.0	354249549.99999994
16560.0	383745949.99999994
16570.0	392682274.9999999
16580.0	374691049.9999999
16590.0	356945774.99999994
16600.0	384202049.9999999
16610.0	361178624.99999994
16620.0	337418799.99999994
16630.0	376354024.9999999
16640.0	350437349.99999994
16650.0	377905924.99999994
16660.0	391699324.99999994
16670.0	371487174.9999999
16680.0	371989900.0
16690.0	362394249.99999994
16700.0	371238524.99999994
16710.0	369723849.9999999
16720.0	364454124.99999994
16730.0	390431949.99999994
16740.0	392237150.0
16750.0	367720174.99999994
16760.0	379079824.99999994
16770.0	343417324.9999999
16780.0	369172349.9999999
16790.0	375077324.99999994
16800.0	355797724.99999994
16810.0	377449274.9999999
16820.0	379053999.99999994
16830.0	371574274.9999999
16840.0	357743150.0
16850.0	371362774.9999999
16860.0	393304749.99999994
16870.0	378997624.99999994
16880.0	370073274.99999994
16890.0	373114599.99999994
16900.0	387658349.99999994
16910.0	384625274.99999994
16920.0	349794024.99999994
16930.0	358126999.99999994
16940.0	381380224.99999994
16950.0	356013549.99999994
16960.0	353026574.99999994
16970.0	326783874.99999994
16980.0	368194249.9999999
16990.0	332358725.0
17000.0	342938374.9999999
17010.0	299978199.99999994
17020.0	358581324.99999994
17030.0	333740274.99999994
17040.0	338860224.9999999
17050.0	324638124.9999999
17060.0	356966349.99999994
17070.0	332338350.0
17080.0	320715849.9999999
17090.0	300386449.9999999
17100.0	363418949.99999994
17110.0	310056799.9999999
17120.0	313515175.0
17130.0	317325124.99999994
17140.0	300160699.9999999
17150.0	302074499.99999994
17160.0	309170249.9999999
17170.0	328195024.99999994
17180.0	271373124.99999994
17190.0	246892374.99999994
17200.0	306440099.9999999
17210.0	304432449.99999994
17220.0	316832149.99999994
17230.0	276968599.99999994
17240.0	270980325.0
17250.0	306252399.99999994
17260.0	279224549.99999994
17270.0	222371224.99999994
17280.0	266464324.99999994
17290.0	237376249.99999997
17300.0	272519024.99999994
17310.0	267092799.99999997
17320.0	261980624.99999997
17330.0	266968199.9999999
17340.0	279545399.99999994
17350.0	224859249.99999994
17360.0	239099724.99999994
17370.0	190586649.99999997
17380.0	296140549.99999994
17390.0	266146474.99999997
17400.0	257640975.0
17410.0	212843099.99999994
17420.0	217178049.99999997
17430.0	241699174.9999999
17440.0	232489149.99999994
17450.0	241172574.99999988
17460.0	241820774.99999994
17470.0	256675724.99999997
17480.0	231556024.99999997
17490.0	242539799.99999994
17500.0	274759974.9999999
17510.0	246010275.0
17520.0	217904524.99999997
17530.0	215609774.99999997
17540.0	224269332.5
17550.0	241535802.49999997
17560.0	201841724.99999994
17570.0	241708224.99999994
17580.0	204790599.99999994
17590.0	214642774.99999994
17600.0	232818749.99999994
17610.0	226808824.99999997
17620.0	232179849.99999997
17630.0	177859974.99999997
17640.0	242139074.99999997
17650.0	234480249.99999997
17660.0	279958499.9999999
17670.0	208074974.99999994
17680.0	138494044.99999997
17690.0	192702499.99999997
17700.0	240461024.9999999
17710.0	229041299.99999997
17720.0	181429907.49999994
17730.0	178362847.49999994
17740.0	242116299.99999988
17750.0	195719524.9999999
17760.0	159915539.99999997
17770.0	206822649.9999999
17780.0	208494949.99999997
17790.0	203427374.99999997
17800.0	195278749.99999997
17810.0	178774929.99999997
17820.0	225676874.99999997
17830.0	174973499.99999997
17840.0	246002924.9999999
17850.0	187946249.99999994
17860.0	195905399.99999994
17870.0	193911549.99999997
17880.0	183022049.99999994
17890.0	186369394.99999997
17900.0	213032549.99999994
17910.0	140764814.99999997
17920.0	161891990.0
17930.0	186814400.0
17940.0	173959924.99999997
17950.0	173035124.99999997
17960.0	162832629.99999997
17970.0	192607364.99999997
17980.0	197158999.99999994
17990.0	190503074.99999994
18000.0	133373219.99999999
18010.0	130616404.99999999
18020.0	177811669.99999994
18030.0	183291617.49999997
18040.0	216710627.49999994
18050.0	204560300.0
18060.0	146793837.49999997
18070.0	149195024.99999994
18080.0	138110477.49999994
18090.0	128459684.99999999
18100.0	180244224.99999997
18110.0	121338574.99999997
18120.0	170563474.99999994
18130.0	184714024.99999997
18140.0	202802924.99999997
18150.0	186766204.99999997
18160.0	170063064.99999997
18170.0	150050239.99999997
18180.0	178371849.99999997
18190.0	161614449.99999997
18200.0	170164139.99999997
18210.0	142031534.99999997
18220.0	144711474.99999994
18230.0	197932299.99999994
18240.0	217909649.99999994
18250.0	179283974.99999994
18260.0	146857854.99999994
18270.0	156364939.99999997
18280.0	164260164.99999994
18290.0	179845464.99999997
18300.0	178743974.99999994
18310.0	166551454.99999997
18320.0	190104474.99999997
18330.0	161740550.0
18340.0	196705199.99999994
18350.0	173615099.99999994
18360.0	201982699.99999997
18370.0	209286824.99999997
18380.0	173386349.99999994
18390.0	158815094.99999997
18400.0	167675324.99999997
18410.0	182448507.5
18420.0	140952552.49999997
18430.0	185130724.99999997
18440.0	169579604.99999997
18450.0	153104684.99999994
18460.0	141955699.99999997
18470.0	117507319.99999999
18480.0	148589774.99999994
18490.0	156766974.99999997
18500.0	163124324.99999997
18510.0	178564949.99999997
18520.0	156335842.49999997
18530.0	168407517.49999997
18540.0	172226549.99999997
18550.0	160281214.99999994
18560.0	139805324.99999997
18570.0	120583329.99999997
18580.0	143429824.99999997
18590.0	152577744.99999997
18600.0	110747357.5
18610.0	170887567.5
18620.0	156823889.99999997
18630.0	136947474.99999997
18640.0	141279424.99999997
18650.0	150152349.99999997
18660.0	189042099.99999994
18670.0	161083324.99999994
18680.0	101263069.99999997
18690.0	173515024.99999994
18700.0	154833474.99999997
18710.0	178369949.99999994
18720.0	153911537.5
18730.0	133157097.5
18740.0	158112215.0
18750.0	127011162.49999996
18760.0	170966347.5
18770.0	171124624.99999994
18780.0	161747174.99999994
18790.0	136521474.99999997
18800.0	161608539.99999997
18810.0	147908404.99999997
18820.0	183832199.99999997
18830.0	181471524.99999994
18840.0	164517899.99999997
18850.0	126381469.99999994
18860.0	164554184.99999994
18870.0	152661024.99999994
18880.0	169442349.99999994
18890.0	169200174.99999997
18900.0	183054649.99999994
18910.0	193806149.99999994
18920.0	147487324.99999997
18930.0	153900674.99999994
18940.0	180181075.0
18950.0	179415199.99999997
18960.0	161086995.0
18970.0	179350924.99999994
18980.0	153064459.99999997
18990.0	186960549.99999997
19000.0	159260954.99999997
19010.0	139424860.0
19020.0	165888574.99999997
19030.0	163996654.99999997
19040.0	175440174.99999997
19050.0	181972449.99999994
19060.0	172673149.99999997
19070.0	154793574.99999997
19080.0	197441049.99999994
19090.0	170602674.99999997
19100.0	191533397.49999997
19110.0	130761457.49999997
19120.0	182157274.99999994
19130.0	182669424.99999994
19140.0	164500149.99999997
19150.0	207543574.99999997
19160.0	155654475.0
19170.0	169499599.99999997
19180.0	179208724.99999997
19190.0	203531950.0
19200.0	138429089.99999997
19210.0	146519909.99999997
19220.0	172482799.99999994
19230.0	160562759.99999997
19240.0	146309484.99999997
19250.0	190052074.99999997
19260.0	171448034.99999997
19270.0	156180379.99999997
19280.0	200230099.99999997
19290.0	183739249.99999994
19300.0	188838449.99999994
19310.0	131763664.99999996
19320.0	164839424.99999994
19330.0	156233775.0
19340.0	154584874.99999997
19350.0	177070824.99999994
19360.0	160744824.99999997
19370.0	183898799.9999999
19380.0	140773709.99999997
19390.0	158322799.99999997
19400.0	148794709.99999997
19410.0	161091289.99999997
19420.0	166331254.99999994
19430.0	144589612.49999997
19440.0	156488387.5
19450.0	125293919.99999999
19460.0	136372439.99999994
19470.0	174779424.99999994
19480.0	142737292.49999997
19490.0	138006724.99999997
19500.0	167865422.49999997
19510.0	164154629.99999997
19520.0	162937449.99999994
19530.0	142375399.99999997
19540.0	172827874.99999994
19550.0	130606517.49999997
19560.0	105694384.99999999
19570.0	161810117.49999997
19580.0	174318274.99999997
19590.0	161603879.99999997
19600.0	97576429.99999997
19610.0	147664009.99999997
19620.0	163424749.99999997
19630.0	172739724.99999997
19640.0	168929299.99999997
19650.0	171781049.99999994
19660.0	184779149.99999997
19670.0	188266574.99999994
19680.0	162089259.99999997
19690.0	155120787.49999994
19700.0	150430604.99999994
19710.0	166895727.49999997
19720.0	183470624.99999997
19730.0	176300124.99999994
19740.0	137740489.99999994
19750.0	171963249.99999994
19760.0	127266139.99999996
19770.0	170742474.99999994
19780.0	158087074.99999997
19790.0	169413949.99999997
19800.0	161828674.99999997
19810.0	166035249.99999997
19820.0	153194024.99999997
19830.0	173106249.99999994
19840.0	163460149.99999997
19850.0	143201899.99999997
19860.0	168463749.99999994
19870.0	165157325.0
19880.0	139658755.0
19890.0	165259714.99999994
19900.0	141998394.99999997
19910.0	136734757.49999997
19920.0	135513602.49999997
19930.0	173525899.99999997
19940.0	183978249.99999997
19950.0	151541724.99999997
19960.0	159360049.99999994
19970.0	153047099.99999997
19980.0	151514449.99999994
19990.0	165054774.99999994
20000.0	144122115.0
20010.0	135479649.99999997
20020.0	163127924.99999994
20030.0	155933029.99999994
20040.0	164981465.0
20050.0	155706800.0
20060.0	154586597.49999994
20070.0	146601832.49999994
20080.0	200457174.99999997
20090.0	146395424.99999997
20100.0	174965474.99999997
20110.0	160449674.99999994
20120.0	161301199.99999994
20130.0	169667624.99999997
20140.0	153877599.99999997
20150.0	166172124.99999997
20160.0	155026924.99999997
20170.0	167514074.99999994
20180.0	168539599.99999997
20190.0	164002575.0
20200.0	144670124.99999997
20210.0	171420074.99999997
20220.0	168736574.99999997
20230.0	167668624.99999994
20240.0	202877974.99999997
20250.0	172108287.49999997
20260.0	136057762.49999997
20270.0	142603484.99999997
20280.0	166358099.99999997
20290.0	150158399.99999997
20300.0	167723894.99999994
20310.0	132187014.99999996
20320.0	178786174.99999997
20330.0	168638399.99999997
20340.0	159076924.99999997
20350.0	181766324.99999997
20360.0	148624599.99999997
20370.0	191691274.99999997
20380.0	168124574.99999997
20390.0	159292524.99999997
20400.0	160138799.99999997
20410.0	147689039.99999997
20420.0	182753844.99999997
20430.0	189062074.99999997
20440.0	147390624.99999997
20450.0	161507599.99999997
20460.0	182385624.99999997
20470.0	168502549.99999997
20480.0	173581074.99999994
20490.0	149849624.99999994
20500.0	164988949.99999997
20510.0	201772099.99999994
20520.0	179805074.99999997
20530.0	169189874.99999997
20540.0	179575049.99999997
20550.0	157968724.99999994
20560.0	154962974.99999994
20570.0	185911549.99999997
20580.0	195559549.99999994
20590.0	168938124.99999997
20600.0	188987949.99999994
20610.0	156343899.99999997
20620.0	177317399.99999994
20630.0	176608924.99999997
20640.0	152474849.99999997
20650.0	171401999.99999997
20660.0	176990399.99999997
20670.0	180780075.0
20680.0	172628249.99999997
20690.0	171538399.99999997
20700.0	183576524.99999994
20710.0	190126824.99999997
20720.0	174790799.99999997
20730.0	181210049.99999997
20740.0	169693699.99999997
20750.0	183235049.99999994
20760.0	182169524.99999997
20770.0	169860674.99999997
20780.0	173877874.99999997
20790.0	183730874.99999997
20800.0	177834674.99999997
20810.0	162401274.99999994
20820.0	180891099.99999994
20830.0	179618299.99999997
20840.0	187546374.99999994
20850.0	176755799.99999997
20860.0	184553249.99999997
20870.0	166404574.99999997
20880.0	191889449.99999997
20890.0	179715149.99999994
20900.0	177381699.99999997
20910.0	191809999.99999994
20920.0	181195474.99999994
20930.0	195350699.99999997
20940.0	173306699.99999994
20950.0	181521274.99999997
20960.0	187903724.99999994
20970.0	174652100.0
20980.0	209734724.99999997
20990.0	187618674.99999997
21000.0	182027899.99999997
21010.0	190224049.99999994
21020.0	184618524.99999997
21030.0	172588749.99999997
21040.0	191165349.99999997
21050.0	186755674.99999994
21060.0	187158224.99999994
21070.0	189000499.99999997
21080.0	192193749.99999994
21090.0	175982249.99999997
21100.0	192847899.99999994
21110.0	204827149.99999997
21120.0	181447974.99999997
21130.0	180190374.99999997
21140.0	188972524.99999994
21150.0	184659974.99999997
21160.0	183207674.99999994
21170.0	190934999.99999997
21180.0	191353174.99999994
21190.0	179792449.99999997
21200.0	196234774.99999997
21210.0	188873474.99999994
21220.0	179185250.0
21230.0	203647724.99999994
21240.0	192276249.99999997
21250.0	181337049.99999997
21260.0	197494474.99999997
21270.0	194294074.99999997
21280.0	194235274.99999994
21290.0	184190299.99999997
21300.0	197895124.99999997
21310.0	189574750.0
21320.0	197971874.9999999
21330.0	192601574.99999997
21340.0	199067374.99999994
21350.0	201834099.99999997
21360.0	190722124.99999997
21370.0	191766574.99999997
21380.0	190061349.99999997
21390.0	194051424.99999997
21400.0	186590824.99999997
21410.0	197599799.99999997
21420.0	196928374.99999997
21430.0	183873024.99999997
21440.0	197829774.99999994
21450.0	197194849.99999994
21460.0	193747849.99999994
21470.0	191224274.99999997
21480.0	187176724.99999997
21490.0	183245974.99999997
21500.0	183454750.0
21510.0	200115549.99999994
21520.0	196950224.99999997
21530.0	188651224.99999994
21540.0	195743899.9999999
21550.0	201850199.99999997
21560.0	187383274.99999994
21570.0	198972724.99999997
21580.0	190463099.99999994
21590.0	190981249.99999997
21600.0	199699299.99999994
21610.0	202410199.99999997
21620.0	194945049.99999994
21630.0	195138574.99999997
21640.0	198185474.99999994
21650.0	196627724.99999994
21660.0	186413249.99999997
21670.0	194975999.99999994
21680.0	193506424.99999997
21690.0	201967849.99999997
21700.0	194530324.99999994
21710.0	194254474.99999997
21720.0	199474974.99999994
21730.0	187767200.0
21740.0	188004449.99999997
21750.0	200548574.9999999
21760.0	194376674.99999997
21770.0	195332649.9999999
21780.0	187158824.99999997
21790.0	189691124.99999997
21800.0	193687674.99999997
21810.0	198897849.99999994
21820.0	199631824.99999994
21830.0	190087024.99999997
21840.0	195418099.99999997
21850.0	183466624.99999997
21860.0	192950899.99999997
21870.0	198217349.99999994
21880.0	191732249.99999994
21890.0	196756399.9999999
21900.0	196307624.99999994
21910.0	200348124.99999994
21920.0	194446449.99999997
21930.0	187131474.99999994
21940.0	190558024.99999994
21950.0	195165874.99999994
21960.0	201911249.99999997
21970.0	196337524.99999997
21980.0	188989874.99999997
21990.0	192454300.0
22000.0	200882799.99999997
22010.0	187224399.99999994
22020.0	203124474.9999999
22030.0	187973274.99999994
22040.0	185558574.99999997
22050.0	195771925.0
22060.0	194664949.99999997
22070.0	197437674.99999997
22080.0	193828924.99999994
22090.0	197658300.0
22100.0	193407674.99999994
22110.0	187371699.99999994
22120.0	195962974.99999994
22130.0	195898099.99999997
22140.0	204644724.99999994
22150.0	182656299.99999994
22160.0	198178225.0
22170.0	192640449.99999997
22180.0	193763899.99999997
22190.0	185066374.99999997
22200.0	175195974.99999994
22210.0	184782574.99999997
22220.0	188827024.99999997
22230.0	185275949.99999994
22240.0	191090049.99999994
22250.0	196081199.99999997
22260.0	189401199.99999994
22270.0	197203375.0
22280.0	174321674.99999997
22290.0	195303050.0
22300.0	179857324.99999997
22310.0	197658350.0
22320.0	199547349.99999994
22330.0	188381699.99999997
22340.0	196249949.9999999
22350.0	190409624.99999997
22360.0	174090949.99999994
22370.0	191271674.99999997
22380.0	192613249.99999994
22390.0	173400174.99999994
22400.0	199593849.99999997
22410.0	197682149.99999994
22420.0	192398299.99999997
22430.0	194415374.99999997
22440.0	188625124.99999997
22450.0	179573374.99999997
22460.0	196750324.99999997
22470.0	194291999.99999997
22480.0	196743175.0
22490.0	194522949.99999994
22500.0	191315799.99999997
22510.0	196789974.99999997
22520.0	193511649.99999994
22530.0	184251274.99999997
22540.0	189913799.99999997
22550.0	185838299.99999994
22560.0	187107024.99999997
22570.0	196025124.99999994
22580.0	181555549.99999997
22590.0	191235224.99999997
22600.0	186024724.99999994
22610.0	188538149.99999994
22620.0	186090424.99999994
22630.0	172043674.99999994
22640.0	181088399.99999997
22650.0	186744874.99999994
22660.0	182591449.99999994
22670.0	192212524.99999994
22680.0	189866249.99999994
22690.0	186936799.99999997
22700.0	174029974.99999997
22710.0	187517474.99999994
22720.0	182232699.99999997
22730.0	189210274.99999997
22740.0	186652549.99999997
22750.0	194376324.99999994
22760.0	183021424.99999997
22770.0	191231449.99999997
22780.0	189540999.99999997
22790.0	173487474.99999994
22800.0	173759474.99999997
22810.0	181513024.99999997
22820.0	190390049.99999994
22830.0	186446974.99999994
22840.0	183231574.99999994
22850.0	185595299.99999997
22860.0	186636749.99999994
22870.0	179815024.99999997
22880.0	192008199.99999997
22890.0	187868449.99999994
22900.0	192363649.99999997
22910.0	191566774.99999994
22920.0	179795349.99999994
22930.0	190029474.99999994
22940.0	132822274.99999997
22950.0	148554157.49999997
22960.0	153655097.49999997
22970.0	160986099.99999994
22980.0	178089274.9999999
22990.0	176944249.99999994
23000.0	158103629.99999997
23010.0	169729124.99999994
23020.0	183954374.99999997
23030.0	154230359.99999994
23040.0	183315099.99999997
23050.0	144883189.99999997
23060.0	160219154.99999997
23070.0	154058639.99999994
23080.0	168318899.99999994
23090.0	180437950.0
23100.0	174565049.99999997
23110.0	173893124.99999997
23120.0	181665724.99999994
23130.0	186554174.99999994
23140.0	183421324.99999997
23150.0	134713889.99999994
23160.0	179441874.99999994
23170.0	181104825.0
23180.0	176213549.99999994
23190.0	181403099.99999997
23200.0	172472102.49999997
23210.0	144044692.49999994
23220.0	174042949.99999997
23230.0	140192894.99999997
23240.0	134498765.0
23250.0	132375060.0
23260.0	172453299.99999994
23270.0	146798869.99999997
23280.0	162335274.99999997
23290.0	165752924.99999997
23300.0	147336914.99999994
23310.0	158629049.99999994
23320.0	174899449.99999997
23330.0	173344749.99999997
23340.0	154830199.99999997
23350.0	159545024.99999994
23360.0	162241199.99999994
23370.0	145158959.99999994
23380.0	157952679.99999997
23390.0	167862450.0
23400.0	151429350.0
23410.0	171670624.99999997
23420.0	157480649.99999997
23430.0	176968774.99999994
23440.0	180538449.99999994
23450.0	141704079.99999994
23460.0	174067414.99999994
23470.0	157302074.99999994
23480.0	162412974.99999994
23490.0	171114799.99999994
23500.0	169493624.99999994
23510.0	156086564.99999997
23520.0	153792854.99999997
23530.0	136247045.0
23540.0	149747854.99999994
23550.0	157886614.99999997
23560.0	153556674.99999994
23570.0	166733499.99999997
23580.0	145304527.50000003
23590.0	147120532.49999997
23600.0	167850724.99999994
23610.0	140055129.99999997
23620.0	144391324.99999997
23630.0	142034549.99999997
23640.0	152888574.99999994
23650.0	162453724.99999994
23660.0	162770424.99999997
23670.0	150153274.99999997
23680.0	119717569.99999997
23690.0	168411399.99999997
23700.0	160766074.99999997
23710.0	142338452.49999994
23720.0	168861447.49999994
23730.0	167848450.0
23740.0	146835094.99999997
23750.0	161416550.0
23760.0	147287124.99999994
23770.0	147304074.99999997
23780.0	136805264.99999997
23790.0	154474674.99999997
23800.0	162577799.99999997
23810.0	118837049.99999996
23820.0	158494600.0
23830.0	145356249.99999997
23840.0	143089875.0
23850.0	163376174.99999997
23860.0	141542539.99999997
23870.0	137576399.99999997
23880.0	128379449.99999996
23890.0	161006899.99999997
23900.0	163145074.99999997
23910.0	159426402.49999997
23920.0	109196644.99999999
23930.0	130785437.5
23940.0	148111694.99999997
23950.0	142852824.99999997
23960.0	137334634.99999997
23970.0	138694099.99999997
23980.0	142888099.99999997
23990.0	161133249.99999997
24000.0	153553759.99999997
24010.0	128326419.99999997
24020.0	141979959.99999994
24030.0	127545649.99999999
24040.0	154110549.99999997
24050.0	147808225.0
24060.0	147746124.99999997
24070.0	118174364.99999997
24080.0	149869449.99999997
24090.0	159283699.99999997
24100.0	131328999.99999996
24110.0	148173349.99999997
24120.0	135333480.0
24130.0	147113199.99999997
24140.0	132271234.99999997
24150.0	157078075.0
24160.0	138575214.99999997
24170.0	142458924.99999997
24180.0	125907949.99999997
24190.0	149188124.99999994
24200.0	138624049.99999997
24210.0	142854974.99999997
24220.0	116143859.99999996
24230.0	138040589.99999994
24240.0	148875869.99999997
24250.0	132262799.99999993
24260.0	134846849.99999997
24270.0	145410174.99999997
24280.0	130460034.99999999
24290.0	148072724.99999994
24300.0	134132074.99999996
24310.0	114523277.49999997
24320.0	139112362.49999994
24330.0	138709699.99999994
24340.0	115614362.5
24350.0	108652542.49999999
24360.0	129652289.99999996
24370.0	100088685.0
24380.0	123986574.99999999
24390.0	146044599.99999994
24400.0	126618824.99999999
24410.0	123047819.99999996
24420.0	135121549.99999997
24430.0	128350020.0
24440.0	98490945.00000001
24450.0	124498004.99999999
24460.0	123893127.49999997
24470.0	127066547.49999999
24480.0	130948334.99999997
24490.0	138144019.99999997
24500.0	133565549.99999999
24510.0	144980524.99999994
24520.0	106381644.99999999
24530.0	120668289.99999997
24540.0	92574479.99999999
24550.0	125123379.99999996
24560.0	125657984.99999999
24570.0	120532914.99999997
24580.0	134516024.99999997
24590.0	131857537.5
24600.0	116036382.49999996
24610.0	97990132.49999997
24620.0	120284677.49999997
24630.0	128506249.99999999
24640.0	147625774.99999994
24650.0	126591714.99999997
24660.0	100667284.99999999
24670.0	118452194.99999996
24680.0	72881669.99999999
24690.0	125132324.99999997
24700.0	126877849.99999997
24710.0	102683244.99999999
24720.0	112345769.99999999
24730.0	116263944.99999999
24740.0	76235594.99999999
24750.0	88970640.0
24760.0	105815099.99999997
24770.0	136671797.49999997
24780.0	127855039.99999996
24790.0	95139507.49999999
24800.0	129127257.49999996
24810.0	99269794.99999997
24820.0	111719654.99999997
24830.0	83602999.99999997
24840.0	116984329.99999997
24850.0	125498067.49999999
24860.0	122949644.99999999
24870.0	123055352.49999999
24880.0	111766222.49999999
24890.0	89092079.99999999
24900.0	90223702.49999997
24910.0	90917917.49999999
24920.0	126546649.99999999
24930.0	94847007.49999999
24940.0	137334572.49999997
24950.0	124797144.99999999
24960.0	114529174.99999999
24970.0	106749379.99999997
24980.0	89773664.99999997
24990.0	120437079.99999997
25000.0	131349899.99999996
25010.0	118464799.99999997
25020.0	112353947.49999999
25030.0	90923622.49999999
25040.0	99151722.49999996
25050.0	99729037.49999997
25060.0	78023747.49999999
25070.0	91207469.99999999
25080.0	99877512.49999997
25090.0	128791899.99999996
25100.0	117453484.99999999
25110.0	108379604.99999997
25120.0	116178409.99999997
25130.0	74339189.99999999
25140.0	107029749.99999997
25150.0	104738837.49999996
25160.0	87794752.49999997
25170.0	120571614.99999999
25180.0	113759369.99999997
25190.0	110823804.99999999
25200.0	104553362.49999997
25210.0	100106047.49999999
25220.0	95762624.99999999
25230.0	107147304.99999999
25240.0	86631402.49999997
25250.0	96354789.99999999
25260.0	97584309.99999997
25270.0	105110632.49999997
25280.0	96827557.49999997
25290.0	99724327.49999997
25300.0	104330039.99999997
25310.0	127547222.49999997
25320.0	124507282.49999997
25330.0	66693754.999999985
25340.0	117444139.99999997
25350.0	104807024.99999997
25360.0	79835546.49999999
25370.0	118555717.49999997
25380.0	120518777.49999996
25390.0	95127482.49999997
25400.0	117060877.5
25410.0	103674642.49999999
25420.0	98773294.99999999
25430.0	102937000.0
25440.0	105558899.99999997
25450.0	116242619.99999997
25460.0	96065889.99999997
25470.0	109948099.99999999
25480.0	86626637.49999997
25490.0	99766234.99999999
25500.0	116034022.49999996
25510.0	100029679.99999997
25520.0	111774174.99999999
25530.0	75772451.99999999
25540.0	119253259.99999999
25550.0	105373334.99999997
25560.0	112424529.99999999
25570.0	104623847.49999997
25580.0	124288907.49999999
25590.0	117097064.99999999
25600.0	98290754.99999997
25610.0	87422664.99999999
25620.0	111006637.49999997
25630.0	74968827.49999997
25640.0	91184018.99999999
25650.0	84698365.49999997
25660.0	83178539.99999997
25670.0	98045612.49999997
25680.0	98159159.99999997
25690.0	111149254.99999996
25700.0	100161229.99999997
25710.0	122426212.49999996
25720.0	101973602.49999999
25730.0	118980872.49999997
25740.0	58828127.49999998
25750.0	111569739.99999997
25760.0	87949262.49999999
25770.0	65001623.499999985
25780.0	99703287.49999999
25790.0	94212129.99999996
25800.0	115370397.49999999
25810.0	111968314.99999999
25820.0	109733367.49999997
25830.0	72998657.49999999
25840.0	94669069.99999997
25850.0	103628574.99999999
25860.0	115084839.99999997
25870.0	75975794.99999999
25880.0	93525824.99999999
25890.0	93982064.99999997
25900.0	86332027.49999999
25910.0	110934332.49999999
25920.0	101974044.99999999
25930.0	43138142.49999999
25940.0	95143914.49999999
25950.0	103256398.49999997
25960.0	96310897.49999997
25970.0	104547074.99999994
25980.0	64154462.49999999
25990.0	102762752.49999999
