# Flux units: erg / (cm m2 s)
# Wavelength units: Angstrom
wave	flux
7000.0	12447583499999.998
7010.0	12667364999999.998
7020.0	12577812499999.998
7030.0	13334944999999.998
7040.0	13673059999999.998
7050.0	14000387499999.998
7060.0	14230064999999.996
7070.0	14443354999999.994
7080.0	14699629999999.996
7090.0	14930425000000.0
7100.0	15134987499999.996
7110.0	15414862499999.998
7120.0	15663219999999.996
7130.0	15900919999999.992
7140.0	16152782499999.996
7150.0	16415624999999.998
7160.0	16617409999999.996
7170.0	16883687499999.996
7180.0	17192919999999.996
7190.0	17474684999999.996
7200.0	17735192499999.996
7210.0	18010649999999.996
7220.0	18288947499999.996
7230.0	18581194999999.996
7240.0	18864784999999.996
7250.0	19168667499999.992
7260.0	19454267499999.996
7270.0	19747237499999.996
7280.0	20030279999999.996
7290.0	20354567499999.992
7300.0	20650989999999.996
7310.0	20953017500000.0
7320.0	21273379999999.996
7330.0	21602009999999.996
7340.0	21354899999999.992
7350.0	21135887499999.996
7360.0	21797102499999.992
7370.0	22294299999999.996
7380.0	22291902499999.992
7390.0	22259942499999.996
7400.0	22735859999999.996
7410.0	22950629999999.996
7420.0	22576997499999.992
7430.0	23487419999999.996
7440.0	23940069999999.992
7450.0	23347277499999.996
7460.0	24126562499999.992
7470.0	24824022499999.996
7480.0	25099617499999.996
7490.0	25849440000000.0
7500.0	26500304999999.996
7510.0	26517952499999.992
7520.0	26980132499999.99
7530.0	27677974999999.99
7540.0	28060562499999.99
7550.0	28585434999999.992
7560.0	29120139999999.996
7570.0	29529137499999.992
7580.0	29689594999999.996
7590.0	30067482499999.992
7600.0	30295472499999.992
7610.0	30349982499999.992
7620.0	30165197499999.992
7630.0	29365139999999.996
7640.0	27262494999999.996
7650.0	21620870000000.0
7660.0	8689855749999.997
7670.0	3844867249999.999
7680.0	16508342499999.994
7690.0	17783781499999.992
7700.0	4284069499999.999
7710.0	17290819499999.998
7720.0	29360082499999.99
7730.0	33595959999999.996
7740.0	35659544999999.99
7750.0	36989027499999.99
7760.0	37980267499999.984
7770.0	38810354999999.984
7780.0	39537419999999.984
7790.0	40097917499999.99
7800.0	32344642499999.992
7810.0	40813947499999.984
7820.0	42109279999999.984
7830.0	42770222499999.99
7840.0	43357162499999.99
7850.0	43968364999999.99
7860.0	44564857499999.984
7870.0	44956782499999.984
7880.0	45688314999999.99
7890.0	46358589999999.99
7900.0	46976029999999.99
7910.0	47351667499999.99
7920.0	47942354999999.99
7930.0	48199609999999.984
7940.0	48655117499999.99
7950.0	39564459999999.984
7960.0	50090984999999.99
7970.0	50631002499999.99
7980.0	51392182499999.99
7990.0	51960194999999.984
8000.0	52502129999999.984
8010.0	53063257499999.99
8020.0	53782602499999.984
8030.0	54782272499999.984
8040.0	55533309999999.99
8050.0	55843294999999.984
8060.0	56662607499999.984
8070.0	57591430000000.0
8080.0	58386164999999.98
8090.0	59199507499999.984
8100.0	59991052499999.984
8110.0	60685099999999.98
8120.0	61472922499999.984
8130.0	62330522499999.98
8140.0	63056997499999.984
8150.0	63768044999999.98
8160.0	64698692499999.99
8170.0	65499099999999.984
8180.0	66164384999999.98
8190.0	67030042499999.98
8200.0	67823179999999.99
8210.0	68649159999999.98
8220.0	69471662499999.99
8230.0	70060322499999.99
8240.0	71003199999999.97
8250.0	71915939999999.98
8260.0	72735199999999.97
8270.0	73460347500000.0
8280.0	74434667499999.98
8290.0	75252764999999.97
8300.0	76130782499999.97
8310.0	76935882499999.98
8320.0	77856797499999.98
8330.0	78768464999999.98
8340.0	79663157499999.98
8350.0	80563319999999.98
8360.0	81435684999999.98
8370.0	82350782499999.98
8380.0	83263004999999.97
8390.0	84170264999999.98
8400.0	85070079999999.98
8410.0	86088977499999.97
8420.0	87049212499999.97
8430.0	87982714999999.98
8440.0	88930769999999.98
8450.0	89877459999999.98
8460.0	90844039999999.97
8470.0	91771237499999.98
8480.0	92861852499999.95
8490.0	93838199999999.98
8500.0	94899139999999.98
8510.0	95935584999999.97
8520.0	96939809999999.97
8530.0	97262809999999.98
8540.0	97593059999999.98
8550.0	99164587499999.97
8560.0	100548874999999.97
8570.0	101777774999999.97
8580.0	102655475000000.0
8590.0	102619674999999.97
8600.0	103556874999999.97
8610.0	105058199999999.95
8620.0	106299049999999.98
8630.0	106870674999999.98
8640.0	107409399999999.98
8650.0	108488774999999.98
8660.0	110346099999999.98
8670.0	111304024999999.97
8680.0	111578924999999.97
8690.0	113594849999999.97
8700.0	114520099999999.95
8710.0	116199274999999.95
8720.0	117639649999999.95
8730.0	119289874999999.98
8740.0	120289974999999.97
8750.0	121388974999999.97
8760.0	123134149999999.97
8770.0	124344799999999.97
8780.0	125886199999999.95
8790.0	127241175000000.0
8800.0	128825874999999.97
8810.0	130017449999999.97
8820.0	131107499999999.95
8830.0	132618049999999.95
8840.0	133289099999999.98
8850.0	135449249999999.97
8860.0	136592924999999.95
8870.0	138229849999999.97
8880.0	139629624999999.94
8890.0	140937774999999.97
8900.0	142299074999999.94
8910.0	143023449999999.97
8920.0	144586924999999.97
8930.0	146219199999999.94
8940.0	147606049999999.97
8950.0	149099924999999.94
8960.0	150748299999999.97
8970.0	150886149999999.94
8980.0	153615624999999.94
8990.0	153901824999999.97
9000.0	156405625000000.0
9010.0	157519024999999.97
9020.0	159579849999999.97
9030.0	161000724999999.97
9040.0	162546275000000.0
9050.0	164059799999999.97
9060.0	165520549999999.94
9070.0	167080999999999.97
9080.0	168511049999999.97
9090.0	170079700000000.0
9100.0	171712574999999.94
9110.0	173300949999999.94
9120.0	174965574999999.97
9130.0	176462174999999.97
9140.0	178105474999999.97
9150.0	179434724999999.94
9160.0	180968724999999.97
9170.0	182589874999999.97
9180.0	184608749999999.94
9190.0	186060474999999.94
9200.0	187513674999999.97
9210.0	189235474999999.97
9220.0	191161899999999.97
9230.0	193019524999999.94
9240.0	194716074999999.94
9250.0	195920949999999.97
9260.0	196762374999999.9
9270.0	198163099999999.97
9280.0	197071499999999.97
9290.0	195959324999999.94
9300.0	203506574999999.94
9310.0	200095299999999.97
9320.0	207934624999999.9
9330.0	207321549999999.94
9340.0	203976649999999.97
9350.0	201062624999999.94
9360.0	208944374999999.94
9370.0	206649174999999.97
9380.0	217833924999999.94
9390.0	220233324999999.97
9400.0	222527799999999.94
9410.0	224673449999999.94
9420.0	226302824999999.94
9430.0	228798324999999.9
9440.0	230847974999999.9
9450.0	232423049999999.97
9460.0	233610999999999.9
9470.0	228564449999999.94
9480.0	237811399999999.9
9490.0	239543924999999.94
9500.0	233094424999999.94
9510.0	243146899999999.97
9520.0	244620674999999.9
9530.0	246876574999999.88
9540.0	250295174999999.97
9550.0	251249499999999.94
9560.0	244752924999999.94
9570.0	256200024999999.9
9580.0	258006974999999.94
9590.0	260736799999999.94
9600.0	256851624999999.94
9610.0	264890074999999.97
9620.0	256647900000000.0
9630.0	269141999999999.94
9640.0	269762099999999.9
9650.0	271424099999999.94
9660.0	275378624999999.88
9670.0	276889574999999.9
9680.0	280188974999999.97
9690.0	282245174999999.94
9700.0	284415074999999.94
9710.0	286452324999999.94
9720.0	288380574999999.94
9730.0	290035124999999.94
9740.0	292455699999999.94
9750.0	294795149999999.94
9760.0	297682724999999.94
9770.0	300402574999999.94
9780.0	302867199999999.94
9790.0	304619724999999.94
9800.0	306858974999999.94
9810.0	309780699999999.94
9820.0	312465400000000.0
9830.0	314921599999999.94
9840.0	316775625000000.0
9850.0	319046174999999.94
9860.0	320890024999999.9
9870.0	324230174999999.94
9880.0	325084149999999.94
9890.0	328296850000000.0
9900.0	331474974999999.9
9910.0	334581099999999.94
9920.0	336687724999999.94
9930.0	339293824999999.94
9940.0	340665924999999.9
9950.0	344390924999999.94
9960.0	346779724999999.9
9970.0	349784799999999.94
9980.0	352067699999999.94
9990.0	354160749999999.9
10000.0	356451924999999.94
10010.0	359233024999999.94
10020.0	361765324999999.9
10030.0	364418899999999.94
10040.0	366925174999999.94
10050.0	369850549999999.94
10060.0	372371049999999.94
10070.0	374995674999999.94
10080.0	377551724999999.94
10090.0	380365799999999.9
10100.0	383354999999999.9
10110.0	385812324999999.9
10120.0	388554549999999.9
10130.0	391562349999999.94
10140.0	394253575000000.0
10150.0	396850149999999.9
10160.0	399761549999999.9
10170.0	402717974999999.94
10180.0	404973099999999.9
10190.0	408296999999999.94
10200.0	410961374999999.9
10210.0	413810174999999.9
10220.0	416678175000000.0
10230.0	419373749999999.94
10240.0	422450749999999.9
10250.0	425207799999999.9
10260.0	428155399999999.9
10270.0	431122999999999.8
10280.0	434111399999999.94
10290.0	437120599999999.94
10300.0	439770374999999.8
10310.0	442792974999999.9
10320.0	445657374999999.94
10330.0	448746399999999.9
10340.0	451648974999999.8
10350.0	454753299999999.94
10360.0	457721399999999.9
10370.0	460894399999999.9
10380.0	463875199999999.94
10390.0	466901750000000.0
10400.0	470111199999999.9
10410.0	472934174999999.94
10420.0	476184875000000.0
10430.0	479072199999999.94
10440.0	482198424999999.8
10450.0	485289599999999.8
10460.0	488427949999999.94
10470.0	491560024999999.94
10480.0	494540199999999.8
10490.0	497995574999999.94
10500.0	500524724999999.8
10510.0	503705199999999.94
10520.0	507225199999999.9
10530.0	510271574999999.8
10540.0	513807999999999.9
10550.0	516863924999999.9
10560.0	520266424999999.9
10570.0	523329774999999.8
10580.0	526533175000000.0
10590.0	529389624999999.9
10600.0	532660949999999.94
10610.0	537002674999999.8
10620.0	540537574999999.94
10630.0	544723449999999.94
10640.0	548498949999999.9
10650.0	551316800000000.06
10660.0	555169649999999.94
10670.0	558439549999999.8
10680.0	561598224999999.8
10690.0	565198224999999.9
10700.0	568330624999999.8
10710.0	572236924999999.9
10720.0	575738849999999.9
10730.0	579129549999999.9
10740.0	582372599999999.8
10750.0	586442674999999.9
10760.0	589896524999999.9
10770.0	592960049999999.9
10780.0	596486825000000.0
10790.0	600344374999999.8
10800.0	603672624999999.8
10810.0	607820924999999.9
10820.0	610977899999999.8
10830.0	614859299999999.8
10840.0	618337499999999.8
10850.0	621978899999999.8
10860.0	625461799999999.9
10870.0	628928199999999.9
10880.0	632740724999999.9
10890.0	636173874999999.9
10900.0	638853399999999.9
10910.0	643281799999999.9
10920.0	646882999999999.9
10930.0	648452699999999.9
10940.0	652399299999999.9
10950.0	656754399999999.9
10960.0	658967199999999.9
10970.0	661474274999999.9
10980.0	660691825000000.0
10990.0	663899149999999.8
11000.0	675005999999999.9
11010.0	661574474999999.9
11020.0	679972999999999.8
11030.0	672058424999999.8
11040.0	688728399999999.9
11050.0	690026549999999.9
11060.0	694247374999999.9
11070.0	698067549999999.8
11080.0	701263474999999.8
11090.0	711869774999999.9
11100.0	713442224999999.9
11110.0	712294024999999.8
11120.0	720821674999999.8
11130.0	723124599999999.8
11140.0	724366374999999.9
11150.0	661893150000000.0
11160.0	720255024999999.9
11170.0	720131449999999.9
11180.0	739950924999999.8
11190.0	730157949999999.9
11200.0	671097549999999.8
11210.0	747116774999999.8
11220.0	701492799999999.9
11230.0	754412074999999.8
11240.0	734564124999999.8
11250.0	718654199999999.8
11260.0	756989599999999.8
11270.0	752044599999999.9
11280.0	782958374999999.8
11290.0	789466749999999.9
11300.0	790780549999999.9
11310.0	777395924999999.9
11320.0	801272199999999.8
11330.0	805347774999999.8
11340.0	802513749999999.9
11350.0	722849649999999.9
11360.0	799435874999999.8
11370.0	818378324999999.9
11380.0	816995624999999.8
11390.0	825075349999999.9
11400.0	834999949999999.9
11410.0	833163899999999.9
11420.0	827789724999999.8
11430.0	837576774999999.6
11440.0	814664674999999.6
11450.0	847816824999999.9
11460.0	847974574999999.8
11470.0	863636849999999.9
11480.0	824754349999999.8
11490.0	867930274999999.8
11500.0	804029599999999.9
11510.0	884813774999999.8
11520.0	889412774999999.9
11530.0	891190349999999.9
11540.0	886228299999999.9
11550.0	886518400000000.0
11560.0	904847949999999.8
11570.0	893550874999999.6
11580.0	898914774999999.8
11590.0	920508974999999.8
11600.0	882332899999999.8
11610.0	922930874999999.8
11620.0	933691599999999.5
11630.0	933487899999999.9
11640.0	864813299999999.9
11650.0	939467299999999.8
11660.0	914954099999999.8
11670.0	954398874999999.9
11680.0	960289399999999.8
11690.0	958009349999999.8
11700.0	945559574999999.8
11710.0	967542199999999.6
11720.0	979964499999999.6
11730.0	902552749999999.9
11740.0	977088399999999.8
11750.0	985313024999999.9
11760.0	996465899999999.6
11770.0	997268924999999.8
11780.0	967876524999999.6
11790.0	1011067774999999.6
11800.0	1007398999999999.9
11810.0	1013301599999999.8
11820.0	1014892749999999.8
11830.0	1031580249999999.5
11840.0	1034317499999999.6
11850.0	1019670549999999.8
11860.0	1032563149999999.8
11870.0	1042318499999999.9
11880.0	1053851999999999.9
11890.0	1058163749999999.9
11900.0	1063078749999999.6
11910.0	1070841249999999.6
11920.0	1074179749999999.8
11930.0	1081872499999999.6
11940.0	1083377499999999.8
11950.0	1090439999999999.8
11960.0	1094655249999999.8
11970.0	1100719999999999.8
11980.0	1093517249999999.6
11990.0	1102425499999999.8
12000.0	1115382999999999.5
12010.0	1121955499999999.8
12020.0	1122685999999999.9
12030.0	1128640499999999.8
12040.0	1132404499999999.8
12050.0	1141238500000000.0
12060.0	1145973999999999.8
12070.0	1149277999999999.8
12080.0	1155116749999999.8
12090.0	1159447749999999.5
12100.0	1166144999999999.8
12110.0	1171189249999999.5
12120.0	1173283999999999.5
12130.0	1178633499999999.8
12140.0	1184487249999999.5
12150.0	1189809249999999.5
12160.0	1197362999999999.5
12170.0	1202682249999999.5
12180.0	1205045999999999.8
12190.0	1212833999999999.8
12200.0	1215005749999999.5
12210.0	1223070749999999.8
12220.0	1226736749999999.8
12230.0	1232612749999999.8
12240.0	1238301499999999.8
12250.0	1245084250000000.0
12260.0	1249612249999999.5
12270.0	1254873999999999.8
12280.0	1258929999999999.8
12290.0	1263007999999999.8
12300.0	1270425749999999.5
12310.0	1273874500000000.0
12320.0	1280933749999999.8
12330.0	1285956249999999.8
12340.0	1292337749999999.8
12350.0	1297780000000000.0
12360.0	1302569999999999.8
12370.0	1307980000000000.0
12380.0	1314087999999999.8
12390.0	1318867999999999.5
12400.0	1324265999999999.5
12410.0	1329302749999999.8
12420.0	1335368249999999.8
12430.0	1340218999999999.8
12440.0	1345859999999999.5
12450.0	1351449999999999.8
12460.0	1356515999999999.5
12470.0	1361991999999999.8
12480.0	1367729999999999.8
12490.0	1373409999999999.5
12500.0	1378477999999999.5
12510.0	1382931999999999.5
12520.0	1389235749999999.8
12530.0	1393962749999999.8
12540.0	1396379999999999.8
12550.0	1405321499999999.8
12560.0	1410589999999999.2
12570.0	1416529749999999.5
12580.0	1422904249999999.8
12590.0	1427004499999999.8
12600.0	1433510249999999.8
12610.0	1440045249999999.5
12620.0	1444777999999999.5
12630.0	1450857749999999.5
12640.0	1456046249999999.5
12650.0	1462179999999999.5
12660.0	1466227999999999.8
12670.0	1471807499999999.8
12680.0	1477665749999999.5
12690.0	1484572249999999.8
12700.0	1489618499999999.5
12710.0	1493843999999999.5
12720.0	1498047249999999.8
12730.0	1505484749999999.8
12740.0	1510171249999999.5
12750.0	1518362749999999.8
12760.0	1521255999999999.8
12770.0	1529681999999999.8
12780.0	1534619999999999.5
12790.0	1540279999999999.8
12800.0	1544629249999999.5
12810.0	1549623499999999.5
12820.0	1557939249999999.5
12830.0	1556889999999999.5
12840.0	1569459999999999.5
12850.0	1568265999999999.8
12860.0	1581249999999999.5
12870.0	1584989499999999.8
12880.0	1592852499999999.8
12890.0	1596343999999999.8
12900.0	1599125999999999.5
12910.0	1604013999999999.2
12920.0	1610097499999999.8
12930.0	1619392499999999.5
12940.0	1625129249999999.5
12950.0	1611422749999999.8
12960.0	1619085749999999.8
12970.0	1640706249999999.5
12980.0	1649775249999999.5
12990.0	1634337499999999.8
13000.0	1661691249999999.5
13010.0	1665809999999999.5
13020.0	1673111749999999.5
13030.0	1669786249999999.5
13040.0	1685001999999999.5
13050.0	1690441999999999.2
13060.0	1697557999999999.2
13070.0	1698933999999999.5
13080.0	1707270999999999.5
13090.0	1709731749999999.8
13100.0	1717039249999999.5
13110.0	1726735499999999.5
13120.0	1727250499999999.8
13130.0	1733923999999999.8
13140.0	1737055999999999.5
13150.0	1745533999999999.8
13160.0	1744408249999999.5
13170.0	1758233249999999.5
13180.0	1765244499999999.5
13190.0	1757268499999999.2
13200.0	1776579499999999.5
13210.0	1783514249999999.8
13220.0	1788655749999999.5
13230.0	1729327749999999.5
13240.0	1797394249999999.5
13250.0	1804057499999999.8
13260.0	1799078249999999.5
13270.0	1807945249999999.5
13280.0	1801992749999999.8
13290.0	1818302249999999.5
13300.0	1835491749999999.5
13310.0	1832555499999999.5
13320.0	1808021249999999.2
13330.0	1814775499999999.8
13340.0	1836896499999999.2
13350.0	1620703249999999.8
13360.0	1795600949999999.5
13370.0	1497284349999999.8
13380.0	1663269249999999.5
13390.0	1670519749999999.8
13400.0	1829801499999999.5
13410.0	1817584999999999.2
13420.0	1589059699999999.8
13430.0	1849313499999999.8
13440.0	1595722949999999.8
13450.0	1366000149999999.5
13460.0	1851885549999999.2
13470.0	1553850349999999.8
13480.0	1721232499999999.8
13490.0	1742488249999999.5
13500.0	1575159099999999.8
13510.0	1759871049999999.8
13520.0	1258827249999999.5
13530.0	1894096499999999.8
13540.0	1499717749999999.5
13550.0	1352080759999999.5
13560.0	1618303549999999.8
13570.0	1778545749999999.5
13580.0	1659407424999999.5
13590.0	1302512224999999.8
13600.0	1926349499999999.2
13610.0	1915976749999999.2
13620.0	1555227949999999.5
13630.0	1440357475000000.0
13640.0	1633556624999999.5
13650.0	1763384999999999.2
13660.0	1891149749999999.5
13670.0	1803650499999999.8
13680.0	1712249899999999.5
13690.0	1601484149999999.8
13700.0	1694598949999999.8
13710.0	1875703249999999.2
13720.0	1883195499999999.2
13730.0	2058348499999999.5
13740.0	1615963099999999.8
13750.0	1766954999999999.5
13760.0	1838362499999999.5
13770.0	1971606249999999.8
13780.0	2035502249999999.8
13790.0	2076949749999999.8
13800.0	2085854999999999.5
13810.0	1784255749999999.2
13820.0	2103627999999999.2
13830.0	1781079199999999.2
13840.0	1994161999999999.2
13850.0	2061490249999999.2
13860.0	1781486474999999.2
13870.0	1980666174999999.2
13880.0	1987311499999999.2
13890.0	1671815379999999.5
13900.0	1774354949999999.8
13910.0	1856008499999999.5
13920.0	2105563499999999.8
13930.0	1887593199999999.5
13940.0	2046081999999999.5
13950.0	1460717789999999.5
13960.0	1926937374999999.8
13970.0	1745389624999999.8
13980.0	2064948499999999.5
13990.0	2195664249999999.2
14000.0	1873127749999999.8
14010.0	2029356749999999.8
14020.0	2131492249999999.8
14030.0	2083992749999999.5
14040.0	1610357599999999.8
14050.0	1614712949999999.8
14060.0	2174047499999999.2
14070.0	2079113749999999.0
14080.0	1795605999999999.8
14090.0	2131123749999999.2
14100.0	2050824999999999.2
14110.0	2286570499999999.5
14120.0	1883748999999999.2
14130.0	2172548249999999.8
14140.0	2214287499999999.0
14150.0	1891862749999999.8
14160.0	1867684999999999.5
14170.0	2236191499999999.2
14180.0	1515886999999999.5
14190.0	1879115249999999.8
14200.0	1744367649999999.8
14210.0	2023984199999999.8
14220.0	2024487249999999.8
14230.0	1927832249999999.5
14240.0	1794887249999999.2
14250.0	2043926999999999.2
14260.0	1737707349999999.5
14270.0	2123651299999999.5
14280.0	1904264049999999.8
14290.0	1748508849999999.2
14300.0	2172648499999999.8
14310.0	2010100149999999.2
14320.0	2343912749999999.5
14330.0	2182694499999999.5
14340.0	2261812999999999.5
14350.0	2358107499999999.5
14360.0	2265994999999999.5
14370.0	2330911499999999.5
14380.0	1975215900000000.0
14390.0	1997456799999999.5
14400.0	2260832399999999.0
14410.0	2208899999999999.5
14420.0	2084740750000000.0
14430.0	2443704749999999.5
14440.0	2303472499999999.5
14450.0	2138125149999999.2
14460.0	2300272449999999.5
14470.0	2399306999999999.0
14480.0	2386180250000000.0
14490.0	2492177499999999.5
14500.0	2436619499999999.5
14510.0	1858123499999999.8
14520.0	2512998499999999.5
14530.0	2469732999999999.5
14540.0	2326873499999999.0
14550.0	2209275999999999.8
14560.0	2253257249999999.5
14570.0	2439967999999999.5
14580.0	2581009000000000.0
14590.0	2523340999999999.5
14600.0	2587963249999999.0
14610.0	2580581249999999.5
14620.0	2353218250000000.0
14630.0	2274263749999999.5
14640.0	2617142249999999.0
14650.0	2409455499999999.5
14660.0	2406365749999999.5
14670.0	2557131500000000.0
14680.0	2405022249999999.0
14690.0	2371630999999999.5
14700.0	2650357499999999.0
14710.0	2605070749999999.0
14720.0	2672123999999999.5
14730.0	2490762499999999.0
14740.0	2534090999999999.0
14750.0	2542160249999999.5
14760.0	2501653499999999.0
14770.0	2662360749999999.5
14780.0	2665933499999999.5
14790.0	2588735249999999.5
14800.0	2676739500000000.0
14810.0	2743501499999999.0
14820.0	2654494499999999.0
14830.0	2471762749999999.5
14840.0	2782801500000000.0
14850.0	2699843999999999.5
14860.0	2655595499999999.5
14870.0	2759811499999999.5
14880.0	2598508499999999.5
14890.0	2737897999999999.5
14900.0	2561685999999999.5
14910.0	2619412749999999.5
14920.0	2669962249999999.5
14930.0	2813910249999999.0
14940.0	2772650249999999.5
14950.0	2870938499999999.0
14960.0	2752374000000000.0
14970.0	2840371499999999.5
14980.0	2390063749999999.5
14990.0	2887686749999999.0
15000.0	2858868999999999.0
15010.0	2748590249999999.5
15020.0	2723359499999999.5
15030.0	2911127750000000.0
15040.0	2819902749999999.0
15050.0	2886517499999999.5
15060.0	2930903999999999.0
15070.0	2830344999999999.5
15080.0	2912271749999998.5
15090.0	2897386499999999.5
15100.0	2903366999999999.0
15110.0	2862980999999999.5
15120.0	2977644249999999.0
15130.0	2951877750000000.0
15140.0	2881335999999999.0
15150.0	3000707749999999.5
15160.0	2997738249999999.5
15170.0	2945563749999999.0
15180.0	3000226499999999.0
15190.0	3011361749999999.0
15200.0	3021649999999999.5
15210.0	3058520249999999.5
15220.0	2990634999999999.5
15230.0	3085357499999999.5
15240.0	3060248999999999.5
15250.0	3021002999999999.5
15260.0	3078865499999999.0
15270.0	3027284749999999.5
15280.0	2981244249999999.0
15290.0	3092113249999999.0
15300.0	2999144749999999.5
15310.0	3103965749999999.5
15320.0	2979654999999999.0
15330.0	3134943499999999.0
15340.0	3154831749999999.0
15350.0	3090429249999999.5
15360.0	3125541249999999.5
15370.0	3149830249999999.0
15380.0	3172699499999999.0
15390.0	3180794749999999.0
15400.0	3169456249999999.5
15410.0	3198934749999999.0
15420.0	3199386999999999.0
15430.0	3203661249999999.5
15440.0	3169865499999998.5
15450.0	3210817499999999.5
15460.0	3238025749999999.0
15470.0	3231697499999999.0
15480.0	3246287999999999.0
15490.0	3232341499999999.0
15500.0	3263513249999999.0
15510.0	3247284999999999.0
15520.0	3274417749999999.0
15530.0	3273129999999999.0
15540.0	3297085999999999.5
15550.0	3284851749999999.5
15560.0	3302948999999999.0
15570.0	3303920999999999.0
15580.0	3274145999999999.0
15590.0	3321328999999998.5
15600.0	3312878749999999.0
15610.0	3330917249999999.0
15620.0	3341249499999999.5
15630.0	3308602249999998.0
15640.0	3356886499999999.0
15650.0	3349413249999999.0
15660.0	3366512999999999.5
15670.0	3392737249999999.0
15680.0	3394314499999998.5
15690.0	3379939749999999.0
15700.0	3412717999999999.0
15710.0	3413915999999999.5
15720.0	3350925499999999.0
15730.0	3419623749999999.5
15740.0	3434812749999999.0
15750.0	3418345499999999.5
15760.0	3451642499999999.5
15770.0	3465773999999999.0
15780.0	3456689999999999.0
15790.0	3453889999999999.5
15800.0	3477181999999999.0
15810.0	3457558999999999.0
15820.0	3490424999999999.5
15830.0	3498041749999999.5
15840.0	3510348249999999.0
15850.0	3513995249999999.0
15860.0	3515240999999999.5
15870.0	3517909749999999.5
15880.0	3536717999999999.0
15890.0	3542826499999999.5
15900.0	3545485499999999.5
15910.0	3547358499999999.0
15920.0	3564941999999999.0
15930.0	3564757499999999.0
15940.0	3580754249999998.5
15950.0	3586127749999999.0
15960.0	3585739249999999.0
15970.0	3594808999999999.5
15980.0	3600617499999999.5
15990.0	3608920249999999.0
16000.0	3622429999999998.5
16010.0	3620573749999999.5
16020.0	3631209499999999.0
16030.0	3630404999999999.0
16040.0	3647128499999999.5
16050.0	3649863249999999.0
16060.0	3657846749999999.5
16070.0	3654167249999999.0
16080.0	3672825999999999.0
16090.0	3675829750000000.0
16100.0	3672865999999999.5
16110.0	3693614249999999.0
16120.0	3702759999999999.0
16130.0	3703838499999998.5
16140.0	3712147499999999.0
16150.0	3713449749999999.0
16160.0	3721136999999999.0
16170.0	3730369249999999.0
16180.0	3740041249999999.0
16190.0	3749084749999999.5
16200.0	3749954749999999.0
16210.0	3758385999999999.0
16220.0	3770295249999999.5
16230.0	3775508249999999.5
16240.0	3769253499999999.0
16250.0	3783996499999999.0
16260.0	3788362249999999.0
16270.0	3795572999999999.5
16280.0	3801062499999999.0
16290.0	3807389499999999.5
16300.0	3820988499999998.5
16310.0	3819475999999999.0
16320.0	3826718499999999.0
16330.0	3836861499999999.0
16340.0	3815501749999999.5
16350.0	3828989499999999.5
16360.0	3858835499999999.0
16370.0	3872357249999999.0
16380.0	3874365999999998.5
16390.0	3885079999999998.5
16400.0	3881543999999998.5
16410.0	3894037999999998.5
16420.0	3872665249999998.5
16430.0	3903698749999998.5
16440.0	3918550249999998.5
16450.0	3905377499999998.5
16460.0	3915704499999999.0
16470.0	3932786499999998.5
16480.0	3934387249999999.0
16490.0	3950029999999999.0
16500.0	3957313999999999.0
16510.0	3964607999999999.0
16520.0	3968263999999999.0
16530.0	3973978749999999.0
16540.0	3982677249999999.0
16550.0	3983135499999998.5
16560.0	3988427249999999.0
16570.0	3999233249999999.0
16580.0	4007056999999999.0
16590.0	4003214499999998.5
16600.0	4025086499999999.0
16610.0	4029025999999998.5
16620.0	4003541999999999.0
16630.0	4040173999999999.0
16640.0	4035784499999999.0
16650.0	4051137999999999.0
16660.0	4044889499999999.0
16670.0	4048895749999998.5
16680.0	4065613249999999.0
16690.0	4066159499999999.0
16700.0	4086978999999999.5
16710.0	4084678749999999.0
16720.0	4090999749999999.5
16730.0	4102045999999999.5
16740.0	4113648499999999.0
16750.0	4106157999999998.5
16760.0	4128105499999998.5
16770.0	4103370249999999.0
16780.0	4093796749999999.5
16790.0	4143950500000000.0
16800.0	4142182500000000.0
16810.0	4154334749999999.0
16820.0	4158199249999998.5
16830.0	4155403999999999.5
16840.0	4138186999999999.0
16850.0	4184324999999999.0
16860.0	4193729999999999.5
16870.0	4197831999999999.5
16880.0	4199297999999998.5
16890.0	4207283999999999.5
16900.0	4218429499999999.0
16910.0	4221354499999998.5
16920.0	4207431749999998.5
16930.0	4226252499999999.5
16940.0	4230621499999998.5
16950.0	4246698249999998.5
16960.0	4254269499999998.5
16970.0	4195770499999998.5
16980.0	4268506249999999.5
16990.0	4263862999999999.0
17000.0	4268326249999999.0
17010.0	4266796249999998.5
17020.0	4283289499999999.0
17030.0	4290930749999998.5
17040.0	4298610749999999.5
17050.0	4261745249999999.0
17060.0	4310458749999998.5
17070.0	4312253749999999.0
17080.0	4293645249999998.5
17090.0	4309432249999999.0
17100.0	4345099999999999.5
17110.0	4330954749999999.0
17120.0	4344389749999999.0
17130.0	4356382499999998.5
17140.0	4354655749999999.0
17150.0	4337109499999999.5
17160.0	4361827749999998.5
17170.0	4366864249999998.5
17180.0	4347108249999998.5
17190.0	4348953749999999.5
17200.0	4394705749999998.0
17210.0	4381889249999998.0
17220.0	4337650249999999.5
17230.0	4366302249999999.5
17240.0	4382632749999998.5
17250.0	4419929499999999.0
17260.0	4375199999999999.5
17270.0	4314495749999999.0
17280.0	4289247499999999.5
17290.0	4330560499999998.5
17300.0	4298501000000000.0
17310.0	4258473250000000.0
17320.0	4284501249999999.0
17330.0	4439739249999999.5
17340.0	4470264499999999.0
17350.0	4243881749999998.5
17360.0	4222362249999999.0
17370.0	4078523999999999.5
17380.0	4500195999999999.5
17390.0	4505069249999998.0
17400.0	4419781499999999.0
17410.0	4205876499999999.5
17420.0	4185653250000000.0
17430.0	4377827999999998.5
17440.0	4446288499999998.5
17450.0	4353138999999999.0
17460.0	4442182499999999.0
17470.0	4510952749999999.0
17480.0	4534606749999999.0
17490.0	4507818999999998.0
17500.0	4552715249999999.0
17510.0	4547711499999998.0
17520.0	4467749249999999.0
17530.0	4289572000000000.0
17540.0	4431321249999998.0
17550.0	4154576999999998.5
17560.0	4523427249999999.0
17570.0	4532502249999999.0
17580.0	4261358999999999.5
17590.0	4475445499999998.5
17600.0	4583189499999999.0
17610.0	4552182499999999.0
17620.0	4352463749999999.0
17630.0	4203475499999998.5
17640.0	4589993250000000.0
17650.0	4539880749999998.0
17660.0	4662345749999998.0
17670.0	4475462499999998.5
17680.0	3024696999999999.5
17690.0	4520667249999999.0
17700.0	4532479499999998.0
17710.0	4631726749999999.0
17720.0	4055140749999999.0
17730.0	4208839999999998.0
17740.0	4650507999999999.0
17750.0	4507350999999999.0
17760.0	3637676799999999.0
17770.0	4637337499999999.0
17780.0	4682665000000000.0
17790.0	4403246749999999.0
17800.0	4310808749999999.0
17810.0	4016142999999998.0
17820.0	4507878249999999.0
17830.0	4178183499999999.0
17840.0	4737996749999999.0
17850.0	4182686999999999.0
17860.0	4666367499999999.0
17870.0	4630361249999999.0
17880.0	4116092749999999.5
17890.0	3854976999999999.5
17900.0	4271349249999999.0
17910.0	3429689074999999.0
17920.0	3931609474999999.0
17930.0	4472988749999998.5
17940.0	4116528249999999.5
17950.0	4400994999999999.5
17960.0	3588458999999999.5
17970.0	4126760999999999.5
17980.0	4676382999999999.0
17990.0	4676984499999999.0
18000.0	3296765999999999.5
18010.0	2794865249999999.0
18020.0	3987059049999999.0
18030.0	4201848749999999.0
18040.0	4758365749999999.0
18050.0	4808206249999999.0
18060.0	3864352174999999.0
18070.0	3556778774999999.5
18080.0	3709182249999998.5
18090.0	3210039400000000.0
18100.0	4513470999999998.0
18110.0	3127397599999999.5
18120.0	4483408249999998.5
18130.0	4468055999999999.5
18140.0	4755895749999999.0
18150.0	4054809924999998.0
18160.0	4047031974999999.5
18170.0	3695990399999999.0
18180.0	4769305749999998.0
18190.0	4492780499999999.5
18200.0	4399161249999999.0
18210.0	3636319649999999.0
18220.0	4076027249999999.0
18230.0	4878993249999999.0
18240.0	4930045999999999.0
18250.0	4657944249999999.0
18260.0	3853171649999999.5
18270.0	4456900449999998.0
18280.0	4129394499999999.5
18290.0	4102751799999999.0
18300.0	4570251499999999.0
18310.0	4064939399999999.0
18320.0	4738051499999999.0
18330.0	4350955749999998.0
18340.0	4929385249999998.0
18350.0	4406976249999999.5
18360.0	4961206999999999.0
18370.0	4996079499999999.0
18380.0	4507091499999999.0
18390.0	4218115249999999.5
18400.0	4417586749999998.5
18410.0	4440132399999999.5
18420.0	3900948049999999.0
18430.0	4882518749999999.0
18440.0	4605725499999998.0
18450.0	4095468749999998.0
18460.0	3921510249999999.5
18470.0	3136344499999999.5
18480.0	4198863499999998.5
18490.0	4223293749999999.0
18500.0	4603002249999998.0
18510.0	4895444749999999.0
18520.0	3764231599999999.0
18530.0	4631828299999999.0
18540.0	4466888249999999.0
18550.0	4163302499999999.0
18560.0	4042403749999999.0
18570.0	3584785999999999.0
18580.0	4230901499999999.0
18590.0	4524102749999999.0
18600.0	2689139674999999.0
18610.0	4699726524999999.0
18620.0	4171734699999998.0
18630.0	3864485249999999.0
18640.0	3636898499999999.5
18650.0	4111956999999999.5
18660.0	5060462249999998.0
18670.0	4496954749999999.0
18680.0	2284150099999999.5
18690.0	4923279999999999.0
18700.0	4249378749999999.5
18710.0	4935447999999999.0
18720.0	3775607699999998.5
18730.0	3590699249999999.0
18740.0	4162605049999999.0
18750.0	3285449599999999.0
18760.0	4892681299999998.0
18770.0	4940821249999998.0
18780.0	4807019999999998.0
18790.0	3954875000000000.0
18800.0	4942531249999999.0
18810.0	4241373749999999.5
18820.0	4948409249999998.0
18830.0	5113391499999998.0
18840.0	4414144499999999.5
18850.0	3386872949999999.0
18860.0	4586014999999999.0
18870.0	4932335499999999.0
18880.0	5056329499999999.0
18890.0	4669684499999999.0
18900.0	4975416999999998.0
18910.0	5275337999999999.0
18920.0	4388622749999999.5
18930.0	4616747249999999.0
18940.0	4934733749999999.0
18950.0	5143520499999999.0
18960.0	4705819499999999.0
18970.0	4945249750000000.0
18980.0	4566773749999998.0
18990.0	5257697999999999.0
19000.0	4998258599999999.0
19010.0	3940201949999999.0
19020.0	4708775499999999.0
19030.0	4408275649999998.5
19040.0	5149357249999998.0
19050.0	4686742499999999.0
19060.0	5054761749999998.0
19070.0	4703266750000000.0
19080.0	5428228999999999.0
19090.0	5219800249999998.0
19100.0	5277608499999999.0
19110.0	3485692475000000.0
19120.0	4882093174999999.0
19130.0	5119330500000000.0
19140.0	4607045249999999.0
19150.0	5418575249999999.0
19160.0	4603318499999999.0
19170.0	5304080999999999.0
19180.0	5426647500000000.0
19190.0	5487134749999999.0
19200.0	3466673500000000.0
19210.0	4328750799999998.5
19220.0	4633442099999999.0
19230.0	4527357749999999.0
19240.0	4034022999999998.5
19250.0	5374600999999999.0
19260.0	4756649999999998.0
19270.0	4471325799999999.5
19280.0	5470768249999998.0
19290.0	5191124999999999.0
19300.0	5366466499999999.0
19310.0	4051269049999999.0
19320.0	5160216999999998.0
19330.0	4820511499999999.0
19340.0	4706984499999999.0
19350.0	5224471499999998.0
19360.0	4904688499999999.0
19370.0	5051597499999999.0
19380.0	3913582399999999.5
19390.0	4714295249999999.0
19400.0	4317038249999998.5
19410.0	4665221499999999.0
19420.0	4725956749999999.0
19430.0	4399130725000000.0
19440.0	4413935074999999.0
19450.0	3322775249999999.0
19460.0	4166780449999999.0
19470.0	5150043499999999.0
19480.0	3956222749999998.5
19490.0	3863548674999998.5
19500.0	4580759274999999.0
19510.0	5053740499999999.0
19520.0	5371549749999999.0
19530.0	4418435999999998.5
19540.0	5342141749999999.0
19550.0	4004294599999999.0
19560.0	2919368499999999.0
19570.0	4784782000000000.0
19580.0	4890875249999998.0
19590.0	4869203749999998.0
19600.0	2778529000000000.0
19610.0	4459819499999998.5
19620.0	5151493999999999.0
19630.0	4924043999999999.0
19640.0	5019701249999999.0
19650.0	5403484749999999.0
19660.0	5180285499999999.0
19670.0	5566047749999999.0
19680.0	5000466749999998.0
19690.0	4763948999999998.0
19700.0	4628279749999999.0
19710.0	5363679749999999.0
19720.0	5470353999999999.0
19730.0	5562343999999998.0
19740.0	4115592799999999.5
19750.0	5387368499999998.0
19760.0	4027077999999999.0
19770.0	5331002249999998.0
19780.0	5343171499999998.0
19790.0	5071732249999999.0
19800.0	5163433749999999.0
19810.0	5426868499999998.0
19820.0	5114613249999999.0
19830.0	5488264250000000.0
19840.0	5420592499999998.0
19850.0	5050795499999999.0
19860.0	5262398500000000.0
19870.0	5616963749999999.0
19880.0	4620580500000000.0
19890.0	5394071000000000.0
19900.0	4772666999999998.0
19910.0	4640880499999999.0
19920.0	4497647499999999.0
19930.0	5505912249999998.0
19940.0	5640036999999998.0
19950.0	5171794249999999.0
19960.0	5510945249999998.0
19970.0	5515733749999999.0
19980.0	5246537249999999.0
19990.0	5234907249999999.0
20000.0	4670915499999999.0
20010.0	4744699499999999.0
20020.0	5409089749999999.0
20030.0	4820698749999999.0
20040.0	5430054499999999.0
20050.0	5551605499999998.0
20060.0	5395112249999999.0
20070.0	4991479249999999.0
20080.0	5875955749999998.0
20090.0	4935181499999998.0
20100.0	5781292999999998.0
20110.0	5693169999999999.0
20120.0	5749356999999998.0
20130.0	5761969749999998.0
20140.0	5428739249999998.0
20150.0	5551418749999998.0
20160.0	5290113999999999.0
20170.0	5438451750000000.0
20180.0	5630074499999998.0
20190.0	5685011249999998.0
20200.0	5320003999999998.0
20210.0	5721028749999999.0
20220.0	5833612249999999.0
20230.0	5855596749999999.0
20240.0	6024646249999998.0
20250.0	5875918499999999.0
20260.0	5132440499999998.0
20270.0	5244245000000000.0
20280.0	5856196499999999.0
20290.0	5233576249999999.0
20300.0	5715339999999999.0
20310.0	4747527999999999.0
20320.0	5941606000000000.0
20330.0	5848808999999998.0
20340.0	5474712999999999.0
20350.0	5883107499999999.0
20360.0	5377012249999999.0
20370.0	6044161749999999.0
20380.0	5849334249999998.0
20390.0	5736332749999999.0
20400.0	5647137999999999.0
20410.0	5226274749999998.0
20420.0	5929029249999998.0
20430.0	6060599749999998.0
20440.0	5521031749999998.0
20450.0	5874060499999999.0
20460.0	6041324499999998.0
20470.0	5881879749999999.0
20480.0	5963657999999999.0
20490.0	5566588249999998.0
20500.0	5981389499999999.0
20510.0	6115482999999999.0
20520.0	6050161999999999.0
20530.0	5764610999999998.0
20540.0	6045201499999999.0
20550.0	5991759249999999.0
20560.0	5833856999999999.0
20570.0	6132673499999998.0
20580.0	6104198749999999.0
20590.0	6124718999999999.0
20600.0	6105048499999998.0
20610.0	5765632249999999.0
20620.0	6107248749999999.0
20630.0	6097264249999999.0
20640.0	5813174999999999.0
20650.0	6141022499999998.0
20660.0	6137416249999999.0
20670.0	6083554999999999.0
20680.0	6096093499999998.0
20690.0	6129704249999998.0
20700.0	6160237749999999.0
20710.0	6161943249999999.0
20720.0	6173070999999998.0
20730.0	6180320999999998.0
20740.0	6130217749999999.0
20750.0	6213629249999999.0
20760.0	6209033999999999.0
20770.0	6166694999999998.0
20780.0	6218873499999998.0
20790.0	6174653999999999.0
20800.0	6144065999999999.0
20810.0	6076215999999998.0
20820.0	6088705249999998.0
20830.0	6041867250000000.0
20840.0	6272523249999999.0
20850.0	6222872499999998.0
20860.0	6195568749999999.0
20870.0	6138766249999998.0
20880.0	6275812249999998.0
20890.0	6176723749999998.0
20900.0	6293011999999998.0
20910.0	6307874999999999.0
20920.0	6263459499999998.0
20930.0	6337272499999998.0
20940.0	6236076999999999.0
20950.0	6315513999999999.0
20960.0	6317670749999998.0
20970.0	6281320499999998.0
20980.0	6368414999999999.0
20990.0	6247975749999998.0
21000.0	6328641499999998.0
21010.0	6321643249999998.0
21020.0	6338523249999999.0
21030.0	6327422499999997.0
21040.0	6376066499999998.0
21050.0	6336477249999998.0
21060.0	6364203999999998.0
21070.0	6390005499999999.0
21080.0	6401443000000000.0
21090.0	6312424499999999.0
21100.0	6392246749999999.0
21110.0	6418076499999999.0
21120.0	6304855749999998.0
21130.0	6323596499999998.0
21140.0	6419512249999999.0
21150.0	6383798499999998.0
21160.0	6343702249999999.0
21170.0	6432130749999999.0
21180.0	6391291999999998.0
21190.0	6381619749999999.0
21200.0	6448775749999998.0
21210.0	6448754499999998.0
21220.0	6433927999999998.0
21230.0	6468097749999998.0
21240.0	6436967749999998.0
21250.0	6378941249999999.0
21260.0	6458630249999999.0
21270.0	6451281749999999.0
21280.0	6451408999999998.0
21290.0	6459992749999999.0
21300.0	6481149749999998.0
21310.0	6444003499999998.0
21320.0	6488280499999998.0
21330.0	6489366999999999.0
21340.0	6488312249999999.0
21350.0	6510296749999998.0
21360.0	6476109999999997.0
21370.0	6508811999999998.0
21380.0	6513297499999999.0
21390.0	6494336499999999.0
21400.0	6473870749999998.0
21410.0	6527562499999998.0
21420.0	6519686249999999.0
21430.0	6496022499999999.0
21440.0	6538463249999998.0
21450.0	6538118249999998.0
21460.0	6528403999999999.0
21470.0	6489341749999998.0
21480.0	6514161999999999.0
21490.0	6498650249999999.0
21500.0	6513633999999998.0
21510.0	6553553249999997.0
21520.0	6556563249999998.0
21530.0	6551668999999997.0
21540.0	6571669249999999.0
21550.0	6572463749999998.0
21560.0	6473533999999998.0
21570.0	6593643499999999.0
21580.0	6577027750000000.0
21590.0	6564625499999998.0
21600.0	6588390749999999.0
21610.0	6602754999999998.0
21620.0	6599755749999998.0
21630.0	6604301999999999.0
21640.0	6599389499999999.0
21650.0	6588609249999998.0
21660.0	6580063750000000.0
21670.0	6601651749999998.0
21680.0	6612696999999999.0
21690.0	6615806999999997.0
21700.0	6628672999999998.0
21710.0	6627892499999998.0
21720.0	6644321999999998.0
21730.0	6527872499999998.0
21740.0	6621479499999998.0
21750.0	6655806999999999.0
21760.0	6618482499999998.0
21770.0	6634565249999998.0
21780.0	6620836749999998.0
21790.0	6637105499999999.0
21800.0	6651681749999997.0
21810.0	6671930749999998.0
21820.0	6680750249999998.0
21830.0	6628046249999998.0
21840.0	6668950749999997.0
21850.0	6592968749999998.0
21860.0	6621989249999999.0
21870.0	6684047499999999.0
21880.0	6678076499999998.0
21890.0	6659927249999999.0
21900.0	6684716499999998.0
21910.0	6693112999999999.0
21920.0	6697329499999998.0
21930.0	6669716499999999.0
21940.0	6690206249999999.0
21950.0	6662088499999998.0
21960.0	6717040249999998.0
21970.0	6678634749999999.0
21980.0	6660099249999999.0
21990.0	6683370999999999.0
22000.0	6722055999999998.0
22010.0	6618801499999998.0
22020.0	6737926499999998.0
22030.0	6718973999999998.0
22040.0	6677736749999997.0
22050.0	6727908249999999.0
22060.0	6741468999999998.0
22070.0	6735633499999999.0
22080.0	6744240499999998.0
22090.0	6760465249999998.0
22100.0	6727336749999998.0
22110.0	6721902249999998.0
22120.0	6762443249999998.0
22130.0	6762809249999999.0
22140.0	6786190249999998.0
22150.0	6693866749999998.0
22160.0	6737442249999998.0
22170.0	6764462499999998.0
22180.0	6766426249999997.0
22190.0	6742733999999998.0
22200.0	6439928249999998.0
22210.0	6658158499999998.0
22220.0	6711616499999999.0
22230.0	6664754249999998.0
22240.0	6728897999999999.0
22250.0	6764618499999998.0
22260.0	6746352249999997.0
22270.0	6788316249999999.0
22280.0	6624349999999999.0
22290.0	6801110749999998.0
22300.0	6705981499999998.0
22310.0	6810462749999999.0
22320.0	6812425499999999.0
22330.0	6706349499999998.0
22340.0	6824406999999998.0
22350.0	6769337499999998.0
22360.0	6638707249999998.0
22370.0	6813050999999998.0
22380.0	6810351999999999.0
22390.0	6667165999999999.0
22400.0	6858047999999999.0
22410.0	6856084249999998.0
22420.0	6816929749999999.0
22430.0	6833580499999997.0
22440.0	6767887499999998.0
22450.0	6683368999999999.0
22460.0	6858066749999998.0
22470.0	6830906249999998.0
22480.0	6857653999999998.0
22490.0	6871493999999999.0
22500.0	6855046999999999.0
22510.0	6877851749999998.0
22520.0	6847960249999999.0
22530.0	6771029999999997.0
22540.0	6867947000000000.0
22550.0	6812105249999997.0
22560.0	6614349500000000.0
22570.0	6866891249999997.0
22580.0	6798851999999999.0
22590.0	6886717249999998.0
22600.0	6836118499999998.0
22610.0	6888937999999998.0
22620.0	6813478499999999.0
22630.0	6626464499999998.0
22640.0	6835061499999999.0
22650.0	6874854749999999.0
22660.0	6746723999999999.0
22670.0	6887061249999999.0
22680.0	6835845749999997.0
22690.0	6835027499999998.0
22700.0	6603867749999998.0
22710.0	6827892499999997.0
22720.0	6786618499999998.0
22730.0	6917685749999998.0
22740.0	6914041999999998.0
22750.0	6940695000000000.0
22760.0	6878632249999999.0
22770.0	6943879249999998.0
22780.0	6913692499999998.0
22790.0	6725344249999998.0
22800.0	6760514499999999.0
22810.0	6760186249999999.0
22820.0	6928005999999998.0
22830.0	6926000249999998.0
22840.0	6908162999999999.0
22850.0	6927174499999999.0
22860.0	6941134499999998.0
22870.0	6717112999999998.0
22880.0	6900324999999998.0
22890.0	6945721499999998.0
22900.0	6957530499999997.0
22910.0	6963505749999999.0
22920.0	6891011249999999.0
22930.0	6929562999999998.0
22940.0	5544299499999999.0
22950.0	5782339750000000.0
22960.0	5950954749999998.0
22970.0	6510509749999999.0
22980.0	6906989999999998.0
22990.0	6859287999999999.0
23000.0	5850073999999998.0
23010.0	6854268499999999.0
23020.0	6954105499999998.0
23030.0	5784752249999999.0
23040.0	6937035749999998.0
23050.0	5620275149999998.0
23060.0	5944547999999998.0
23070.0	5716157049999998.0
23080.0	6647240249999999.0
23090.0	6898345999999999.0
23100.0	6832661999999998.0
23110.0	6723820749999999.0
23120.0	6909402749999998.0
23130.0	6997706249999998.0
23140.0	6973884749999998.0
23150.0	5385924749999999.0
23160.0	6921294749999999.0
23170.0	6898446499999998.0
23180.0	6883912500000000.0
23190.0	6906572499999999.0
23200.0	6748233349999999.0
23210.0	5830499449999999.0
23220.0	6878370499999997.0
23230.0	6044692249999999.0
23240.0	5469821249999998.0
23250.0	5247001499999999.0
23260.0	6985190749999998.0
23270.0	5754710499999999.0
23280.0	6653352249999999.0
23290.0	6637512749999998.0
23300.0	5685715899999998.0
23310.0	6326604249999998.0
23320.0	6935108999999998.0
23330.0	6981483499999999.0
23340.0	6221841249999998.0
23350.0	6610707250000000.0
23360.0	6326047499999998.0
23370.0	5802219799999999.0
23380.0	6716926899999999.0
23390.0	6975924749999998.0
23400.0	6240656499999999.0
23410.0	6903334749999998.0
23420.0	6478224749999998.0
23430.0	6960447249999998.0
23440.0	7043794749999997.0
23450.0	5819523749999999.0
23460.0	6650124749999998.0
23470.0	5905565499999998.0
23480.0	6819029249999998.0
23490.0	6946552999999998.0
23500.0	6856998000000000.0
23510.0	6412407249999998.0
23520.0	6117154749999998.0
23530.0	5472214750000000.0
23540.0	5936034499999998.0
23550.0	6815581999999999.0
23560.0	6615380999999998.0
23570.0	6856487499999999.0
23580.0	5757728249999999.0
23590.0	6570557249999998.0
23600.0	7002294749999999.0
23610.0	5833511499999998.0
23620.0	6417338249999999.0
23630.0	6067411499999999.0
23640.0	6464500249999998.0
23650.0	6682499249999997.0
23660.0	6916098249999998.0
23670.0	6072167249999999.0
23680.0	5027548849999999.0
23690.0	7014681249999997.0
23700.0	6885903999999998.0
23710.0	5498793499999999.0
23720.0	6825778749999999.0
23730.0	6882536999999998.0
23740.0	6308198499999999.0
23750.0	6716370999999999.0
23760.0	6305026749999998.0
23770.0	6464227249999997.0
23780.0	5677775749999999.0
23790.0	6615662499999999.0
23800.0	6741226499999998.0
23810.0	4594556149999999.0
23820.0	6966791749999998.0
23830.0	6505241249999998.0
23840.0	6138923999999998.0
23850.0	7040453249999999.0
23860.0	5765914249999998.0
23870.0	6498647249999998.0
23880.0	5781883499999999.0
23890.0	7016203499999999.0
23900.0	7042666749999998.0
23910.0	6980952499999998.0
23920.0	4622537149999999.0
23930.0	6087725999999998.0
23940.0	6002429499999999.0
23950.0	6245116499999998.0
23960.0	6288344499999998.0
23970.0	6279257749999999.0
23980.0	6786595000000000.0
23990.0	7017618999999999.0
24000.0	6320651749999998.0
24010.0	6129696249999998.0
24020.0	6308767249999998.0
24030.0	5338372749999999.0
24040.0	6656557249999999.0
24050.0	6969538999999998.0
24060.0	6800410999999998.0
24070.0	5514669599999998.0
24080.0	6840556749999999.0
24090.0	7089819249999999.0
24100.0	6334899249999999.0
24110.0	6793616999999997.0
24120.0	5888471249999999.0
24130.0	6668242249999999.0
24140.0	6110403249999999.0
24150.0	7078967749999997.0
24160.0	5987258499999998.0
24170.0	6688117999999998.0
24180.0	6301306249999998.0
24190.0	6369439999999998.0
24200.0	6440128749999998.0
24210.0	6773363249999998.0
24220.0	5748344999999999.0
24230.0	6046404999999999.0
24240.0	6713949499999998.0
24250.0	6445109249999998.0
24260.0	6262785499999998.0
24270.0	6819805749999998.0
24280.0	5873106499999998.0
24290.0	6992330999999999.0
24300.0	5968561499999999.0
24310.0	5594805999999998.0
24320.0	6407736749999998.0
24330.0	6597985749999998.0
24340.0	5564422249999999.0
24350.0	4471334749999999.0
24360.0	5819099499999998.0
24370.0	4586101499999999.0
24380.0	6010147249999999.0
24390.0	7061938999999999.0
24400.0	6363000999999998.0
24410.0	5714667499999999.0
24420.0	6480604499999998.0
24430.0	6020246999999999.0
24440.0	4088199249999999.5
24450.0	6388999999999998.0
24460.0	5886037249999998.0
24470.0	5669772999999999.0
24480.0	6287044499999998.0
24490.0	6462267999999998.0
24500.0	6408916499999999.0
24510.0	6876777749999998.0
24520.0	5001873999999999.0
24530.0	5671339999999998.0
24540.0	4148978999999998.5
24550.0	6296826999999999.0
24560.0	5890531749999998.0
24570.0	5548835499999999.0
24580.0	6780100499999999.0
24590.0	6132724499999999.0
24600.0	5655412999999999.0
24610.0	4329984049999999.0
24620.0	5663093599999999.0
24630.0	6141940749999998.0
24640.0	7072143749999997.0
24650.0	6409762749999998.0
24660.0	5067737249999999.0
24670.0	5706074750000000.0
24680.0	3271309524999999.5
24690.0	5789547474999998.0
24700.0	6410817749999999.0
24710.0	5080584249999999.0
24720.0	5282138749999999.0
24730.0	5554690999999999.0
24740.0	3387271349999999.0
24750.0	3650683999999999.5
24760.0	5146651999999999.0
24770.0	6451748999999997.0
24780.0	6075872499999998.0
24790.0	4408828749999998.5
24800.0	6709812499999998.0
24810.0	4887411249999998.0
24820.0	5213367999999998.0
24830.0	3766146499999999.5
24840.0	5331704749999999.0
24850.0	5869243249999999.0
24860.0	6110818499999998.0
24870.0	6177065749999998.0
24880.0	5256175874999998.0
24890.0	4177317049999998.5
24900.0	4057158224999999.0
24910.0	3934665599999999.5
24920.0	6574052999999998.0
24930.0	4335161599999998.5
24940.0	6936718249999998.0
24950.0	5927060999999999.0
24960.0	5582600149999999.0
24970.0	5132063799999999.0
24980.0	3909423749999999.5
24990.0	6127820999999998.0
25000.0	6525554249999999.0
25010.0	5833489499999999.0
25020.0	5602966249999999.0
25030.0	4151631549999999.0
25040.0	4717480749999999.0
25050.0	5194611750000000.0
25060.0	3042849474999999.0
25070.0	4489684074999999.0
25080.0	4922527499999999.0
25090.0	6386928999999999.0
25100.0	5913034249999999.0
25110.0	5018050749999999.0
25120.0	5449835749999999.0
25130.0	3095635999999999.0
25140.0	5752014999999999.0
25150.0	3959905749999999.5
25160.0	3603702449999999.0
25170.0	5334134249999999.0
25180.0	4784326999999998.0
25190.0	5157027299999998.0
25200.0	5327898949999999.0
25210.0	4912219699999998.0
25220.0	4604303449999999.0
25230.0	5234717749999999.0
25240.0	3503557699999999.5
25250.0	4369563924999998.5
25260.0	4255905224999998.5
25270.0	4706034499999999.0
25280.0	4213917249999999.5
25290.0	4775565899999998.0
25300.0	5548176749999998.0
25310.0	6426599499999998.0
25320.0	5442228249999999.0
25330.0	2208979649999999.8
25340.0	5581215499999999.0
25350.0	4827500999999998.0
25360.0	3981278224999999.5
25370.0	5825756624999999.0
25380.0	5873545524999998.0
25390.0	4247943174999999.5
25400.0	6275026749999998.0
25410.0	5143094249999998.0
25420.0	5149207199999999.0
25430.0	3805085249999999.0
25440.0	4520576749999999.0
25450.0	5475632749999998.0
25460.0	4886897249999999.0
25470.0	5316970999999998.0
25480.0	3186688999999999.0
25490.0	4190572499999998.5
25500.0	6072056749999998.0
25510.0	4846551399999998.0
25520.0	5681297749999998.0
25530.0	2911196149999999.5
25540.0	5991443199999998.0
25550.0	5043934749999999.0
25560.0	5311040249999999.0
25570.0	4561403249999999.0
25580.0	6112820249999997.0
25590.0	5776131249999999.0
25600.0	3976618499999999.5
25610.0	2931016249999999.0
25620.0	5266278599999998.0
25630.0	3120714049999999.0
25640.0	4059677549999999.5
25650.0	3874922499999998.5
25660.0	3806633024999999.0
25670.0	5069514824999999.0
25680.0	4727055649999999.0
25690.0	5596215749999999.0
25700.0	4293432499999999.0
25710.0	6679002949999998.0
25720.0	4901552899999998.0
25730.0	5366235299999998.0
25740.0	2352818599999999.5
25750.0	5326328499999999.0
25760.0	4252914499999999.5
25770.0	2081044950000000.0
25780.0	4657817749999999.0
25790.0	4823540349999999.0
25800.0	6037306249999998.0
25810.0	5023466499999999.0
25820.0	5629683749999998.0
25830.0	3081180649999999.0
25840.0	4100652399999999.0
25850.0	4879562999999999.0
25860.0	5724136749999998.0
25870.0	2909130499999999.5
25880.0	4410821549999998.5
25890.0	4056663449999999.0
25900.0	3856604499999999.0
25910.0	6131005249999999.0
25920.0	5133075799999999.0
25930.0	1281911049999999.8
25940.0	4853771200000000.0
25950.0	4081628349999999.0
25960.0	4682551049999999.0
25970.0	5163274749999998.0
25980.0	2118951299999999.2
25990.0	5270711249999998.0
