# Flux units: erg / (cm m2 s)
# Wavelength units: Angstrom
wave	flux
7000.0	5985745499999999.0
7010.0	6333777499999998.0
7020.0	6647383749999997.0
7030.0	1.0600068499999994e+16
7040.0	6979105749999999.0
7050.0	8641263749999996.0
7060.0	2474528249999999.0
7070.0	2134554749999999.8
7080.0	4753266249999999.0
7090.0	2733815250000000.0
7100.0	2328377249999999.0
7110.0	2294992999999999.0
7120.0	2983894999999999.0
7130.0	2301670749999999.5
7140.0	1978500249999999.8
7150.0	2145298999999999.5
7160.0	2378767999999999.5
7170.0	2260852999999999.5
7180.0	2785901249999999.0
7190.0	2624438749999999.5
7200.0	2966033249999999.0
7210.0	2299083499999999.0
7220.0	3062294749999999.0
7230.0	3371011249999999.5
7240.0	3250416749999999.0
7250.0	5097114999999999.0
7260.0	5335360249999998.0
7270.0	4121114499999998.5
7280.0	5320619749999999.0
7290.0	5615215499999999.0
7300.0	1.2332343999999994e+16
7310.0	8426371249999998.0
7320.0	1.1854052499999998e+16
7330.0	1.5441529999999996e+16
7340.0	1.0444732249999998e+16
7350.0	9261489749999996.0
7360.0	1.1226418999999998e+16
7370.0	1.7399280499999996e+16
7380.0	1.5003933749999996e+16
7390.0	1.2975128999999994e+16
7400.0	1.3499636999999996e+16
7410.0	1.0496906999999998e+16
7420.0	7227800499999999.0
7430.0	1.2242195749999996e+16
7440.0	1.2546822749999998e+16
7450.0	6207565749999998.0
7460.0	7659487749999998.0
7470.0	8774954749999999.0
7480.0	9171530999999996.0
7490.0	1.0825031999999998e+16
7500.0	1.43273225e+16
7510.0	1.1119636e+16
7520.0	1.2033297499999996e+16
7530.0	1.4910087499999996e+16
7540.0	1.5829567499999996e+16
7550.0	1.8019529999999996e+16
7560.0	2.311711249999999e+16
7570.0	2.684189749999999e+16
7580.0	2.1948169999999988e+16
7590.0	1.4129187749999998e+16
7600.0	5205942999999999.0
7610.0	8716076749999996.0
7620.0	1.4152980499999996e+16
7630.0	7280859749999999.0
7640.0	7862983499999997.0
7650.0	5404616749999998.0
7660.0	4767902049999999.0
7670.0	2234075099999999.5
7680.0	4698929499999999.0
7690.0	5036541749999998.0
7700.0	2723593699999999.0
7710.0	4655424000000000.0
7720.0	5088882499999998.0
7730.0	6460155999999998.0
7740.0	1.0473735999999996e+16
7750.0	8024140749999999.0
7760.0	6895452499999998.0
7770.0	4817523249999999.0
7780.0	6286219500000000.0
7790.0	7137718749999998.0
7800.0	1.0667961999999996e+16
7810.0	1.2435579749999996e+16
7820.0	1.4369116999999994e+16
7830.0	1.0508056749999998e+16
7840.0	7844436249999999.0
7850.0	1.1651620999999998e+16
7860.0	1.2008022999999996e+16
7870.0	1.0229598999999996e+16
7880.0	1.8573738499999996e+16
7890.0	1.7433775999999998e+16
7900.0	1.4171047499999998e+16
7910.0	1.5854640249999996e+16
7920.0	1.061272825e+16
7930.0	1.4736229999999996e+16
7940.0	1.3281053249999998e+16
7950.0	1.2769659249999998e+16
7960.0	2.147243749999999e+16
7970.0	2.265300499999999e+16
7980.0	2.453248249999999e+16
7990.0	1.8177995e+16
8000.0	1.950919749999999e+16
8010.0	1.5135284999999996e+16
8020.0	2.4852474999999996e+16
8030.0	2.628139249999999e+16
8040.0	3.353266499999999e+16
8050.0	2.431496749999999e+16
8060.0	2.19440625e+16
8070.0	2.806268749999999e+16
8080.0	3.899802499999999e+16
8090.0	4.009233749999999e+16
8100.0	4.865294749999998e+16
8110.0	5.080796249999998e+16
8120.0	6.628966499999999e+16
8130.0	7.208798749999998e+16
8140.0	7.606790999999998e+16
8150.0	8.285507249999997e+16
8160.0	8.353546999999998e+16
8170.0	6.806734999999999e+16
8180.0	7.319976249999998e+16
8190.0	5.24891825e+16
8200.0	4.053017749999999e+16
8210.0	3.686730499999999e+16
8220.0	5.520007999999999e+16
8230.0	3.813143999999999e+16
8240.0	5.411746249999999e+16
8250.0	6.343624499999999e+16
8260.0	5.433536999999998e+16
8270.0	4.952184749999999e+16
8280.0	4.769918999999998e+16
8290.0	2.512282749999999e+16
8300.0	3.135974249999999e+16
8310.0	2.7160157499999988e+16
8320.0	2.4255832499999996e+16
8330.0	3.0255527499999996e+16
8340.0	3.8949025e+16
8350.0	3.251414499999999e+16
8360.0	3.231095749999999e+16
8370.0	3.5803027499999996e+16
8380.0	4.833305249999999e+16
8390.0	2.847772749999999e+16
8400.0	3.281320249999999e+16
8410.0	5.609652999999999e+16
8420.0	3.718074999999999e+16
8430.0	4.864364799999998e+16
8440.0	1.4150490749999998e+16
8450.0	9741962249999998.0
8460.0	9152792499999998.0
8470.0	9554001749999998.0
8480.0	1.0784329249999998e+16
8490.0	8711574999999999.0
8500.0	1.0909011999999996e+16
8510.0	1.1529159499999996e+16
8520.0	1.1130953499999996e+16
8530.0	1.4555770999999996e+16
8540.0	1.1022980499999996e+16
8550.0	1.4239859999999998e+16
8560.0	1.7522169999999994e+16
8570.0	1.4438387499999994e+16
8580.0	2.0056297499999996e+16
8590.0	1.5097937499999996e+16
8600.0	1.4812774999999996e+16
8610.0	1.5676629999999996e+16
8620.0	2.0953024999999996e+16
8630.0	2.1852877499999996e+16
8640.0	1.812837999999999e+16
8650.0	1.7375504999999994e+16
8660.0	2.345204749999999e+16
8670.0	2.1767992499999996e+16
8680.0	1.9412387499999996e+16
8690.0	2.2784312499999996e+16
8700.0	1.9151729999999996e+16
8710.0	2.239726249999999e+16
8720.0	2.189282249999999e+16
8730.0	2.7282969999999996e+16
8740.0	2.8835172499999988e+16
8750.0	2.8353455e+16
8760.0	4.161950249999999e+16
8770.0	3.735538249999998e+16
8780.0	4.242185999999999e+16
8790.0	4.800868749999998e+16
8800.0	4.756282499999998e+16
8810.0	5.396529499999998e+16
8820.0	6.291359999999998e+16
8830.0	6.649809749999998e+16
8840.0	5.872371249999999e+16
8850.0	7.682414749999997e+16
8860.0	4.814217399999998e+16
8870.0	2.464951999999999e+16
8880.0	1.8665804999999996e+16
8890.0	2.4683662499999996e+16
8900.0	2.809499749999999e+16
8910.0	3.4189622499999988e+16
8920.0	1.8392292499999996e+16
8930.0	4.600916749999998e+16
8940.0	3.5485382499999984e+16
8950.0	3.5195174999999996e+16
8960.0	2.813854249999999e+16
8970.0	3.2027004999999996e+16
8980.0	4.913339749999998e+16
8990.0	4.268551749999999e+16
9000.0	2.6658909999999988e+16
9010.0	7.0114772499999976e+16
9020.0	5.708095999999998e+16
9030.0	4.783901249999998e+16
9040.0	4.01650925e+16
9050.0	6.053653749999998e+16
9060.0	5.443389749999998e+16
9070.0	5.632736999999998e+16
9080.0	9.394360999999998e+16
9090.0	8.108106499999997e+16
9100.0	7.916781999999997e+16
9110.0	8.509228499999998e+16
9120.0	1.2255343749999997e+17
9130.0	1.0652041499999997e+17
9140.0	1.0403467749999997e+17
9150.0	1.1094858499999998e+17
9160.0	1.3137995999999998e+17
9170.0	1.2850716249999997e+17
9180.0	1.2165380999999995e+17
9190.0	1.2264849249999998e+17
9200.0	9.531473999999998e+16
9210.0	8.370661749999998e+16
9220.0	7.96947975e+16
9230.0	6.302857999999998e+16
9240.0	3.963474249999999e+16
9250.0	6.076483249999999e+16
9260.0	5.964828999999998e+16
9270.0	5.086425999999998e+16
9280.0	3.470089999999999e+16
9290.0	4.219542499999999e+16
9300.0	3.993240249999998e+16
9310.0	3.477561749999999e+16
9320.0	4.041415249999998e+16
9330.0	3.667806249999999e+16
9340.0	6.700408999999998e+16
9350.0	3.829692749999999e+16
9360.0	5.287026499999998e+16
9370.0	4.148988249999998e+16
9380.0	6.598112249999998e+16
9390.0	4.584456999999999e+16
9400.0	6.019611249999999e+16
9410.0	5.64871825e+16
9420.0	7.577737749999998e+16
9430.0	8.055050499999998e+16
9440.0	5.391010249999998e+16
9450.0	6.268670249999998e+16
9460.0	6.506520749999999e+16
9470.0	6.067606249999998e+16
9480.0	8.469513249999998e+16
9490.0	1.0099152499999997e+17
9500.0	7.6697185e+16
9510.0	7.933589999999997e+16
9520.0	9.647337749999998e+16
9530.0	8.292977999999998e+16
9540.0	9.597160499999998e+16
9550.0	9.401132249999997e+16
9560.0	9.793161499999998e+16
9570.0	8.661908249999997e+16
9580.0	1.3573400999999998e+17
9590.0	1.2319174999999997e+17
9600.0	1.0402640249999998e+17
9610.0	1.1901574249999998e+17
9620.0	1.0721953999999997e+17
9630.0	1.3019472499999997e+17
9640.0	1.0924592749999997e+17
9650.0	1.0734056249999997e+17
9660.0	1.3381060999999998e+17
9670.0	1.4417967499999997e+17
9680.0	1.2954906999999997e+17
9690.0	1.2580950999999998e+17
9700.0	1.5015679999999994e+17
9710.0	1.4843452499999997e+17
9720.0	1.2301561999999997e+17
9730.0	1.1508278499999997e+17
9740.0	1.0191703749999998e+17
9750.0	1.0125524999999997e+17
9760.0	1.0739622999999998e+17
9770.0	1.0318972249999998e+17
9780.0	9.505164499999997e+16
9790.0	9.458961999999997e+16
9800.0	1.4023058999999997e+17
9810.0	9.352372249999998e+16
9820.0	8.290573499999998e+16
9830.0	7.921436749999997e+16
9840.0	9.896887999999998e+16
9850.0	9.435016249999998e+16
9860.0	1.0857374249999998e+17
9870.0	8.913232749999998e+16
9880.0	1.0709664999999997e+17
9890.0	1.1791868249999997e+17
9900.0	6.220811999999999e+16
9910.0	2.640641749999999e+16
9920.0	2.934890749999999e+16
9930.0	3.395193749999999e+16
9940.0	5.1039842499999976e+16
9950.0	5.840032999999998e+16
9960.0	6.529808249999998e+16
9970.0	7.829530249999998e+16
9980.0	6.073692249999998e+16
9990.0	4.580416499999999e+16
10000.0	6.163426499999998e+16
10010.0	5.597196999999999e+16
10020.0	7.424489749999998e+16
10030.0	7.455848749999998e+16
10040.0	5.36349725e+16
10050.0	6.9201117499999976e+16
10060.0	4.803871249999999e+16
10070.0	4.121737999999998e+16
10080.0	8.265013999999997e+16
10090.0	7.54471075e+16
10100.0	8.189366249999997e+16
10110.0	6.263687249999998e+16
10120.0	7.762171749999998e+16
10130.0	1.0378575999999997e+17
10140.0	6.778969999999998e+16
10150.0	7.902846999999998e+16
10160.0	7.803339499999998e+16
10170.0	5.545444749999998e+16
10180.0	1.0623151999999997e+17
10190.0	6.573606749999999e+16
10200.0	6.993232999999998e+16
10210.0	8.097761499999998e+16
10220.0	8.519998749999997e+16
10230.0	9.577686999999998e+16
10240.0	1.1086044749999998e+17
10250.0	8.505466249999998e+16
10260.0	4.550277999999998e+16
10270.0	5.120429749999999e+16
10280.0	5.494370749999998e+16
10290.0	7.318431999999998e+16
10300.0	5.965765249999999e+16
10310.0	8.706891999999998e+16
10320.0	6.013467499999999e+16
10330.0	6.535347499999998e+16
10340.0	7.1083462499999976e+16
10350.0	7.386863249999998e+16
10360.0	8.776937499999998e+16
10370.0	1.0033906499999997e+17
10380.0	9.221943249999998e+16
10390.0	8.644728249999998e+16
10400.0	9.673723999999998e+16
10410.0	1.1110978749999998e+17
10420.0	9.227966499999997e+16
10430.0	7.082318249999999e+16
10440.0	8.476190999999998e+16
10450.0	1.0890686749999998e+17
10460.0	1.2284262749999995e+17
10470.0	7.009833499999999e+16
10480.0	8.049852499999997e+16
10490.0	1.1753133499999998e+17
10500.0	1.1870826999999997e+17
10510.0	9.211669499999997e+16
10520.0	6.718055499999999e+16
10530.0	1.4146225499999997e+17
10540.0	1.2192929499999997e+17
10550.0	1.2039482499999997e+17
10560.0	9.445167499999998e+16
10570.0	8.296190999999998e+16
10580.0	1.1901685999999998e+17
10590.0	1.2186700999999995e+17
10600.0	1.2876771499999997e+17
10610.0	9.419029249999998e+16
10620.0	9.898354749999998e+16
10630.0	1.1616443999999995e+17
10640.0	1.4217853999999995e+17
10650.0	1.3789422499999997e+17
10660.0	1.3375460499999998e+17
10670.0	8.287096749999998e+16
10680.0	9.131531249999998e+16
10690.0	1.3479740999999997e+17
10700.0	1.1354161249999997e+17
10710.0	1.0107424999999997e+17
10720.0	1.0680039749999998e+17
10730.0	1.1659272999999998e+17
10740.0	1.4669774999999997e+17
10750.0	1.4074020499999998e+17
10760.0	1.6903250749999997e+17
10770.0	1.4559507749999994e+17
10780.0	1.4218922499999997e+17
10790.0	1.5901124999999997e+17
10800.0	1.7062412499999997e+17
10810.0	1.6431699999999997e+17
10820.0	1.5289862999999997e+17
10830.0	1.8551667499999994e+17
10840.0	1.8949387499999997e+17
10850.0	1.6495254499999997e+17
10860.0	1.5039930499999997e+17
10870.0	1.4661838749999997e+17
10880.0	1.7614206749999997e+17
10890.0	1.4307157999999998e+17
10900.0	1.6053089499999994e+17
10910.0	1.5115705499999997e+17
10920.0	1.4964024499999997e+17
10930.0	1.6948697499999997e+17
10940.0	1.6758599999999997e+17
10950.0	1.7481527499999994e+17
10960.0	1.5689454999999994e+17
10970.0	1.6167810999999997e+17
10980.0	1.3294797249999994e+17
10990.0	1.3588604749999998e+17
11000.0	1.3054932749999995e+17
11010.0	1.5508556249999997e+17
11020.0	1.6631634999999997e+17
11030.0	1.2342829999999997e+17
11040.0	1.2677902499999997e+17
11050.0	1.2188240749999997e+17
11060.0	1.2321090999999997e+17
11070.0	1.0733258749999995e+17
11080.0	1.1744555499999998e+17
11090.0	1.2732228499999997e+17
11100.0	1.3732420749999995e+17
11110.0	1.1167954249999998e+17
11120.0	1.32118465e+17
11130.0	1.5020263499999997e+17
11140.0	1.4363486999999997e+17
11150.0	1.4247279499999995e+17
11160.0	1.4984012499999997e+17
11170.0	1.5560436999999997e+17
11180.0	1.2074573499999995e+17
11190.0	1.0541772999999998e+17
11200.0	1.3516286749999997e+17
11210.0	1.4037705249999995e+17
11220.0	1.3696702499999997e+17
11230.0	1.5670969999999997e+17
11240.0	1.4470279999999997e+17
11250.0	1.4617256249999997e+17
11260.0	1.4458868749999997e+17
11270.0	1.3229927999999997e+17
11280.0	1.5186822249999994e+17
11290.0	1.3342065749999997e+17
11300.0	1.6059079999999994e+17
11310.0	1.5234891999999997e+17
11320.0	1.6369817499999994e+17
11330.0	1.7294712499999997e+17
11340.0	1.4124072999999997e+17
11350.0	1.1307889499999997e+17
11360.0	1.4073169999999998e+17
11370.0	1.6245024499999997e+17
11380.0	1.0044246499999997e+17
11390.0	1.2704731999999997e+17
11400.0	1.3689738749999998e+17
11410.0	1.0305615249999997e+17
11420.0	1.5033117499999994e+17
11430.0	1.3850964999999997e+17
11440.0	1.2408820499999997e+17
11450.0	1.4896677499999997e+17
11460.0	1.3198117499999995e+17
11470.0	1.6480119999999997e+17
11480.0	1.3867204999999995e+17
11490.0	1.6228877499999997e+17
11500.0	1.4677747999999997e+17
11510.0	1.6350422499999997e+17
11520.0	1.6539904999999994e+17
11530.0	1.6599339999999997e+17
11540.0	1.5525774999999997e+17
11550.0	1.5396247499999997e+17
11560.0	1.8099644999999997e+17
11570.0	1.4199028999999995e+17
11580.0	1.6817499999999997e+17
11590.0	1.8577284999999997e+17
11600.0	1.3848195249999995e+17
11610.0	1.6817916749999997e+17
11620.0	1.7504779999999994e+17
11630.0	1.6905659999999997e+17
11640.0	1.3622213999999995e+17
11650.0	1.5305338749999997e+17
11660.0	1.2267281749999997e+17
11670.0	1.8315334999999997e+17
11680.0	1.7556464999999994e+17
11690.0	1.0338053499999998e+17
11700.0	1.3427769999999998e+17
11710.0	1.5780984999999997e+17
11720.0	1.8022279999999994e+17
11730.0	1.2787509499999997e+17
11740.0	1.5019819999999997e+17
11750.0	1.6027022499999997e+17
11760.0	1.6589829999999994e+17
11770.0	1.1594581624999997e+17
11780.0	8.907134374999998e+16
11790.0	1.4548589749999997e+17
11800.0	1.5208911749999997e+17
11810.0	1.3796538499999997e+17
11820.0	1.5091002499999997e+17
11830.0	1.6896234999999997e+17
11840.0	1.5672757499999997e+17
11850.0	1.3939437249999997e+17
11860.0	1.4245104249999997e+17
11870.0	1.3552109999999997e+17
11880.0	1.6051652499999997e+17
11890.0	1.3912099999999997e+17
11900.0	1.6318849999999997e+17
11910.0	1.6830324999999997e+17
11920.0	1.6611262499999997e+17
11930.0	1.7411329999999994e+17
11940.0	1.5275437499999997e+17
11950.0	1.3218119999999998e+17
11960.0	1.5161889999999997e+17
11970.0	1.3553413499999998e+17
11980.0	1.0316403499999998e+17
11990.0	1.4114036999999997e+17
12000.0	1.2318637499999997e+17
12010.0	1.3088777999999997e+17
12020.0	1.2875398999999998e+17
12030.0	1.4475908249999997e+17
12040.0	1.5081291249999997e+17
12050.0	1.5291517499999994e+17
12060.0	1.5667629999999994e+17
12070.0	1.3882129999999995e+17
12080.0	1.6572454999999994e+17
12090.0	1.3586660499999998e+17
12100.0	1.6059579999999994e+17
12110.0	1.3408682499999998e+17
12120.0	1.4613339999999997e+17
12130.0	1.3928198249999995e+17
12140.0	1.4004262749999997e+17
12150.0	1.6372606499999997e+17
12160.0	1.5022794999999997e+17
12170.0	1.6192564999999997e+17
12180.0	1.5183739999999997e+17
12190.0	1.7295042499999994e+17
12200.0	1.4046357499999998e+17
12210.0	1.5389919999999997e+17
12220.0	1.5842564999999997e+17
12230.0	1.5893942499999994e+17
12240.0	1.5885937499999997e+17
12250.0	1.7074834999999997e+17
12260.0	1.7087737499999997e+17
12270.0	1.6572389999999997e+17
12280.0	1.6137932499999997e+17
12290.0	1.7602694999999997e+17
12300.0	1.6592824999999997e+17
12310.0	1.7218232499999997e+17
12320.0	1.6210599999999997e+17
12330.0	1.5955477499999997e+17
12340.0	1.7104734999999997e+17
12350.0	1.6155739999999997e+17
12360.0	1.6372102499999997e+17
12370.0	1.6929554999999994e+17
12380.0	1.5305459999999997e+17
12390.0	1.4452379999999997e+17
12400.0	1.4891884999999997e+17
12410.0	1.1879181499999995e+17
12420.0	1.2336279999999997e+17
12430.0	1.2773333499999997e+17
12440.0	1.1709471999999997e+17
12450.0	1.5913022499999997e+17
12460.0	1.5731207499999997e+17
12470.0	1.4362227999999997e+17
12480.0	1.4654402499999997e+17
12490.0	1.5168662499999997e+17
12500.0	1.4358861999999997e+17
12510.0	1.6444584999999997e+17
12520.0	1.1652552249999998e+17
12530.0	1.2320365749999997e+17
12540.0	1.4987034999999997e+17
12550.0	1.4387017499999995e+17
12560.0	1.6209694999999997e+17
12570.0	1.6342847499999997e+17
12580.0	1.4519737999999997e+17
12590.0	1.4946092499999994e+17
12600.0	1.4916829999999994e+17
12610.0	1.7778232499999997e+17
12620.0	1.4984407499999997e+17
12630.0	1.4968579249999997e+17
12640.0	1.2851507249999998e+17
12650.0	1.4832554999999997e+17
12660.0	1.5912044999999997e+17
12670.0	1.6254387499999997e+17
12680.0	1.5951839999999997e+17
12690.0	1.6988797499999997e+17
12700.0	1.6702879999999994e+17
12710.0	1.6045669999999997e+17
12720.0	1.6506239999999997e+17
12730.0	1.7499219999999997e+17
12740.0	1.5480892499999994e+17
12750.0	1.5630222499999997e+17
12760.0	1.6591867499999994e+17
12770.0	1.6273399999999997e+17
12780.0	1.6625962499999997e+17
12790.0	1.6565912499999997e+17
12800.0	1.6309919999999997e+17
12810.0	1.5494522499999997e+17
12820.0	1.6552344999999997e+17
12830.0	1.5552214999999997e+17
12840.0	1.6618537499999997e+17
12850.0	1.6102439999999997e+17
12860.0	1.4566087499999997e+17
12870.0	1.6203269999999997e+17
12880.0	1.6324027499999997e+17
12890.0	1.5900399749999997e+17
12900.0	1.3796398249999995e+17
12910.0	1.4918819999999997e+17
12920.0	1.5039667499999994e+17
12930.0	1.4584918499999997e+17
12940.0	1.6224322499999997e+17
12950.0	1.3901702499999997e+17
12960.0	1.5818329999999994e+17
12970.0	1.7084259999999997e+17
12980.0	1.6952787499999997e+17
12990.0	1.4708305499999997e+17
13000.0	1.6890044999999997e+17
13010.0	1.6333457499999997e+17
13020.0	1.6760067499999994e+17
13030.0	1.5412627499999997e+17
13040.0	1.7510984999999997e+17
13050.0	1.6223577499999997e+17
13060.0	1.7479552499999994e+17
13070.0	1.4821049999999997e+17
13080.0	1.6287757499999997e+17
13090.0	1.5874852499999997e+17
13100.0	1.5906077499999997e+17
13110.0	1.7782897499999997e+17
13120.0	1.7466214999999994e+17
13130.0	1.5723769999999997e+17
13140.0	1.6292962499999997e+17
13150.0	1.6159904999999994e+17
13160.0	1.5637687499999997e+17
13170.0	1.3827388499999997e+17
13180.0	1.6908182499999997e+17
13190.0	1.6940904999999994e+17
13200.0	1.5582905999999997e+17
13210.0	1.7533279999999994e+17
13220.0	1.4673759999999997e+17
13230.0	1.5331489999999997e+17
13240.0	1.5875394999999997e+17
13250.0	1.3835692499999995e+17
13260.0	1.4624797499999997e+17
13270.0	1.2781951249999997e+17
13280.0	1.2734019249999997e+17
13290.0	1.4563392999999997e+17
13300.0	1.5680519999999997e+17
13310.0	1.3346650499999997e+17
13320.0	1.0442274499999997e+17
13330.0	8.127006749999998e+16
13340.0	1.2160586499999998e+17
13350.0	3.525956999999999e+16
13360.0	9.687760999999998e+16
13370.0	6.7861367499999976e+16
13380.0	6.5404382499999976e+16
13390.0	6.477851999999999e+16
13400.0	1.0059815249999997e+17
13410.0	1.0473374749999997e+17
13420.0	8.110137999999997e+16
13430.0	6.385078499999998e+16
13440.0	7.945924249999997e+16
13450.0	7.872791999999998e+16
13460.0	9.672052499999997e+16
13470.0	5.972706499999998e+16
13480.0	8.768185749999998e+16
13490.0	8.607120499999997e+16
13500.0	7.248905074999998e+16
13510.0	8.941269474999997e+16
13520.0	5.429587749999999e+16
13530.0	1.1023273249999997e+17
13540.0	5.949589999999998e+16
13550.0	5.421776899999999e+16
13560.0	8.265525249999998e+16
13570.0	8.894224249999997e+16
13580.0	8.759077499999997e+16
13590.0	5.976467499999999e+16
13600.0	9.066670249999998e+16
13610.0	8.420625999999998e+16
13620.0	5.514103999999998e+16
13630.0	6.226227249999998e+16
13640.0	7.530082499999998e+16
13650.0	7.595778249999998e+16
13660.0	6.9210457499999976e+16
13670.0	6.870370249999997e+16
13680.0	7.083556749999998e+16
13690.0	6.8805277499999976e+16
13700.0	7.1672552499999976e+16
13710.0	7.079485749999998e+16
13720.0	7.797455999999998e+16
13730.0	9.17042975e+16
13740.0	6.103462999999999e+16
13750.0	6.01917475e+16
13760.0	6.571928499999998e+16
13770.0	8.834947999999997e+16
13780.0	1.0149137749999998e+17
13790.0	9.518262249999998e+16
13800.0	1.0100429749999997e+17
13810.0	7.258896499999998e+16
13820.0	1.0052259999999998e+17
13830.0	6.502103499999998e+16
13840.0	9.707128999999998e+16
13850.0	9.731729249999997e+16
13860.0	7.719170249999998e+16
13870.0	7.0755367499999976e+16
13880.0	7.256458249999997e+16
13890.0	7.253609349999998e+16
13900.0	7.49894225e+16
13910.0	5.341207249999998e+16
13920.0	6.8989382499999976e+16
13930.0	6.540604999999998e+16
13940.0	7.961396499999998e+16
13950.0	6.1468833499999976e+16
13960.0	6.8079554999999976e+16
13970.0	6.401688999999998e+16
13980.0	7.649898999999998e+16
13990.0	8.314832499999998e+16
14000.0	5.214184749999998e+16
14010.0	6.505284749999999e+16
14020.0	7.248338749999998e+16
14030.0	6.394922999999998e+16
14040.0	4.361946749999999e+16
14050.0	4.808334649999999e+16
14060.0	8.582909499999998e+16
14070.0	5.623148249999998e+16
14080.0	4.659828249999998e+16
14090.0	6.6407742499999976e+16
14100.0	6.0046727499999976e+16
14110.0	7.4791e+16
14120.0	6.5634197499999976e+16
14130.0	8.445250999999997e+16
14140.0	7.609934249999998e+16
14150.0	5.765711499999999e+16
14160.0	5.058365999999998e+16
14170.0	6.959888749999998e+16
14180.0	3.995734249999999e+16
14190.0	4.958045249999998e+16
14200.0	5.4571372e+16
14210.0	6.228479249999998e+16
14220.0	4.626294499999998e+16
14230.0	6.018354499999998e+16
14240.0	4.336112499999998e+16
14250.0	5.311125999999998e+16
14260.0	3.719137499999998e+16
14270.0	4.964877499999999e+16
14280.0	5.9228064999999976e+16
14290.0	4.183394499999998e+16
14300.0	6.841351249999998e+16
14310.0	6.161904999999998e+16
14320.0	6.333308999999999e+16
14330.0	5.837143749999998e+16
14340.0	6.3727219999999976e+16
14350.0	7.690001749999998e+16
14360.0	5.524705999999998e+16
14370.0	5.7763602499999976e+16
14380.0	5.253649249999999e+16
14390.0	5.624749749999998e+16
14400.0	5.543863999999998e+16
14410.0	5.258275499999999e+16
14420.0	4.831275749999998e+16
14430.0	7.275964999999998e+16
14440.0	5.6278429999999976e+16
14450.0	5.613093999999999e+16
14460.0	6.575174249999999e+16
14470.0	5.658694249999999e+16
14480.0	5.337647249999998e+16
14490.0	7.341565249999998e+16
14500.0	7.310222749999998e+16
14510.0	4.398284499999998e+16
14520.0	7.693892249999998e+16
14530.0	5.2900257499999976e+16
14540.0	4.738631499999999e+16
14550.0	6.921448499999998e+16
14560.0	5.5326285e+16
14570.0	5.750768499999998e+16
14580.0	7.562878999999998e+16
14590.0	6.6642867499999976e+16
14600.0	6.9539959999999976e+16
14610.0	7.394551749999997e+16
14620.0	5.638680249999999e+16
14630.0	4.396501499999999e+16
14640.0	6.771888499999999e+16
14650.0	6.293249999999998e+16
14660.0	6.8862772499999976e+16
14670.0	6.565148249999998e+16
14680.0	5.264377249999998e+16
14690.0	4.296025999999998e+16
14700.0	7.084409749999998e+16
14710.0	5.834687749999999e+16
14720.0	7.274060749999998e+16
14730.0	6.477186499999999e+16
14740.0	4.711762999999999e+16
14750.0	5.606762749999999e+16
14760.0	5.97187e+16
14770.0	6.727873999999999e+16
14780.0	6.130058999999999e+16
14790.0	6.739459249999998e+16
14800.0	6.5860147499999976e+16
14810.0	7.078644249999998e+16
14820.0	5.339702249999999e+16
14830.0	6.335990249999999e+16
14840.0	8.274705999999997e+16
14850.0	5.608602249999998e+16
14860.0	5.369499249999999e+16
14870.0	7.1005729999999976e+16
14880.0	5.524769999999998e+16
14890.0	6.4004384999999976e+16
14900.0	6.1441764999999976e+16
14910.0	7.205982749999998e+16
14920.0	6.334397749999998e+16
14930.0	5.989974999999997e+16
14940.0	5.646639999999998e+16
14950.0	7.833427499999997e+16
14960.0	5.5232504999999976e+16
14970.0	8.224375499999997e+16
14980.0	5.422066999999999e+16
14990.0	8.146579499999998e+16
15000.0	6.0645692499999976e+16
15010.0	6.247845e+16
15020.0	5.4782742499999976e+16
15030.0	7.153694499999999e+16
15040.0	6.380660999999999e+16
15050.0	7.072354249999999e+16
15060.0	6.654438749999999e+16
15070.0	6.255593249999999e+16
15080.0	6.8420352499999976e+16
15090.0	7.450661999999998e+16
15100.0	6.686861e+16
15110.0	7.396618499999998e+16
15120.0	7.216939749999997e+16
15130.0	6.203411499999999e+16
15140.0	6.0976219999999976e+16
15150.0	7.685810499999998e+16
15160.0	7.552126249999998e+16
15170.0	6.948628499999998e+16
15180.0	7.745686999999998e+16
15190.0	8.551109749999998e+16
15200.0	6.7867045e+16
15210.0	8.955736749999998e+16
15220.0	7.005322499999999e+16
15230.0	9.708039499999997e+16
15240.0	7.282997749999998e+16
15250.0	7.133961249999998e+16
15260.0	6.9765464999999976e+16
15270.0	6.388943749999998e+16
15280.0	6.561865249999998e+16
15290.0	7.439746499999998e+16
15300.0	6.215890249999999e+16
15310.0	7.0800084999999976e+16
15320.0	6.0325037499999976e+16
15330.0	7.964208499999998e+16
15340.0	8.649147999999998e+16
15350.0	7.559656249999998e+16
15360.0	7.530797499999998e+16
15370.0	7.38986525e+16
15380.0	7.809901249999998e+16
15390.0	8.428557999999998e+16
15400.0	6.671291999999998e+16
15410.0	7.538604999999998e+16
15420.0	8.429769999999997e+16
15430.0	7.242139749999998e+16
15440.0	6.852925249999998e+16
15450.0	7.369776749999997e+16
15460.0	8.100859249999998e+16
15470.0	7.427609749999998e+16
15480.0	7.242409999999998e+16
15490.0	6.878474999999997e+16
15500.0	8.558666499999998e+16
15510.0	6.919390749999998e+16
15520.0	8.449943499999998e+16
15530.0	7.62639975e+16
15540.0	8.881079499999998e+16
15550.0	8.387769749999997e+16
15560.0	8.007683749999998e+16
15570.0	7.926052499999997e+16
15580.0	7.041649999999998e+16
15590.0	8.505197749999998e+16
15600.0	8.499857749999998e+16
15610.0	8.34678625e+16
15620.0	8.710458499999997e+16
15630.0	8.9236485e+16
15640.0	9.362355499999998e+16
15650.0	7.845555999999998e+16
15660.0	7.680117999999998e+16
15670.0	9.720758999999997e+16
15680.0	9.135130499999997e+16
15690.0	8.461788999999998e+16
15700.0	8.968293749999998e+16
15710.0	8.899930249999998e+16
15720.0	7.203587249999998e+16
15730.0	8.399244499999997e+16
15740.0	9.437098999999997e+16
15750.0	7.767742749999997e+16
15760.0	9.113585249999997e+16
15770.0	1.0437459749999998e+17
15780.0	9.970482749999997e+16
15790.0	9.687196999999998e+16
15800.0	9.227967999999997e+16
15810.0	9.837718249999997e+16
15820.0	9.063778249999998e+16
15830.0	9.465439249999998e+16
15840.0	8.69039375e+16
15850.0	8.939788499999997e+16
15860.0	9.639078249999998e+16
15870.0	9.686470249999997e+16
15880.0	1.0001184499999998e+17
15890.0	1.0265559999999998e+17
15900.0	8.518100749999998e+16
15910.0	1.0045908999999997e+17
15920.0	1.0219702499999997e+17
15930.0	9.569247499999998e+16
15940.0	1.0330315749999997e+17
15950.0	1.0511479749999998e+17
15960.0	1.0391623999999998e+17
15970.0	1.0416609999999998e+17
15980.0	9.710887499999998e+16
15990.0	9.825577749999997e+16
16000.0	1.0766156499999997e+17
16010.0	9.326356499999997e+16
16020.0	9.956406249999998e+16
16030.0	1.0941061749999998e+17
16040.0	1.0426248499999997e+17
16050.0	9.584868249999998e+16
16060.0	1.0053156249999998e+17
16070.0	9.760356749999998e+16
16080.0	1.0133588499999997e+17
16090.0	1.0993949999999997e+17
16100.0	9.564687999999997e+16
16110.0	1.0173060499999998e+17
16120.0	1.0812632249999998e+17
16130.0	1.1017632249999998e+17
16140.0	1.0356463999999995e+17
16150.0	1.0523207499999997e+17
16160.0	9.470525749999997e+16
16170.0	1.0502413249999997e+17
16180.0	1.1393631249999997e+17
16190.0	1.0074360499999997e+17
16200.0	9.724957249999997e+16
16210.0	1.0678818749999997e+17
16220.0	1.0652183749999997e+17
16230.0	1.0064734499999998e+17
16240.0	1.0409322749999997e+17
16250.0	1.0037302999999997e+17
16260.0	1.0527935249999998e+17
16270.0	1.0963119499999997e+17
16280.0	1.1183114999999997e+17
16290.0	1.0173716499999998e+17
16300.0	1.1129039999999997e+17
16310.0	1.0247867999999998e+17
16320.0	1.050582575e+17
16330.0	1.1095715749999997e+17
16340.0	1.0450939249999998e+17
16350.0	1.0095770749999998e+17
16360.0	1.1182648499999998e+17
16370.0	1.1112654999999997e+17
16380.0	1.1035712499999997e+17
16390.0	1.1176309999999998e+17
16400.0	1.1613434749999997e+17
16410.0	1.0169508249999997e+17
16420.0	9.824625499999998e+16
16430.0	1.0354142499999998e+17
16440.0	1.1313202499999997e+17
16450.0	1.1239388499999998e+17
16460.0	1.1382799999999997e+17
16470.0	1.1177529999999997e+17
16480.0	1.1309814999999997e+17
16490.0	1.1759739999999997e+17
16500.0	1.1832672499999998e+17
16510.0	1.1581139999999997e+17
16520.0	1.0861336999999997e+17
16530.0	1.0694135249999997e+17
16540.0	1.1929799249999998e+17
16550.0	1.1039424499999997e+17
16560.0	1.2026634999999998e+17
16570.0	1.2089909999999998e+17
16580.0	1.1716994999999997e+17
16590.0	1.0929120499999997e+17
16600.0	1.1887077499999997e+17
16610.0	1.0623332499999997e+17
16620.0	1.0590713499999998e+17
16630.0	1.1824844999999997e+17
16640.0	1.0961712499999997e+17
16650.0	1.1824492499999997e+17
16660.0	1.2065927499999997e+17
16670.0	1.1480300499999998e+17
16680.0	1.1459813999999995e+17
16690.0	1.1427882749999998e+17
16700.0	1.1425875749999997e+17
16710.0	1.1250071999999997e+17
16720.0	1.1363874499999997e+17
16730.0	1.2281402499999997e+17
16740.0	1.2303136999999997e+17
16750.0	1.1384866499999997e+17
16760.0	1.1725707499999997e+17
16770.0	1.0733948499999998e+17
16780.0	1.1708844999999997e+17
16790.0	1.1677969999999997e+17
16800.0	1.1179379499999997e+17
16810.0	1.1858287499999997e+17
16820.0	1.1888154999999997e+17
16830.0	1.1691692499999997e+17
16840.0	1.1312819999999997e+17
16850.0	1.1477644999999997e+17
16860.0	1.2292119999999997e+17
16870.0	1.1947909999999998e+17
16880.0	1.1915649999999997e+17
16890.0	1.1663097499999998e+17
16900.0	1.2088084999999998e+17
16910.0	1.1593186749999998e+17
16920.0	1.1072599499999997e+17
16930.0	1.1324743749999997e+17
16940.0	1.2200379999999997e+17
16950.0	1.1267630999999998e+17
16960.0	1.0887673499999998e+17
16970.0	1.0385658999999997e+17
16980.0	1.1506043249999997e+17
16990.0	1.0276388999999997e+17
17000.0	1.0622413999999995e+17
17010.0	9.351213249999997e+16
17020.0	1.1279197999999998e+17
17030.0	1.0397128499999998e+17
17040.0	1.0657063999999998e+17
17050.0	1.0138502749999997e+17
17060.0	1.1187778749999998e+17
17070.0	1.0025451499999997e+17
17080.0	9.928343249999997e+16
17090.0	9.538442249999998e+16
17100.0	1.1468229999999997e+17
17110.0	9.470817249999997e+16
17120.0	9.868356999999998e+16
17130.0	1.0314855749999997e+17
17140.0	9.510044749999997e+16
17150.0	9.463282999999998e+16
17160.0	9.575403749999998e+16
17170.0	1.0201435749999997e+17
17180.0	8.606281249999998e+16
17190.0	7.494647749999997e+16
17200.0	9.718847749999998e+16
17210.0	9.595478749999998e+16
17220.0	9.752824499999998e+16
17230.0	8.801166999999998e+16
17240.0	8.451865999999998e+16
17250.0	1.0002385749999998e+17
17260.0	8.936893249999997e+16
17270.0	6.7417569999999976e+16
17280.0	8.082083499999998e+16
17290.0	7.383288249999997e+16
17300.0	8.335171999999998e+16
17310.0	8.232385499999997e+16
17320.0	8.858762999999998e+16
17330.0	8.760317249999997e+16
17340.0	8.831701249999997e+16
17350.0	6.371122999999998e+16
17360.0	7.002842249999998e+16
17370.0	5.486476249999998e+16
17380.0	9.620855999999997e+16
17390.0	8.669336e+16
17400.0	7.911355749999998e+16
17410.0	6.3455057499999976e+16
17420.0	6.364879249999998e+16
17430.0	7.333120249999998e+16
17440.0	7.0619069999999976e+16
17450.0	7.906402249999997e+16
17460.0	7.544332249999998e+16
17470.0	8.348855499999998e+16
17480.0	7.425933749999998e+16
17490.0	7.449036499999998e+16
17500.0	8.845850999999997e+16
17510.0	8.391237749999997e+16
17520.0	6.557735249999999e+16
17530.0	6.377776999999999e+16
17540.0	7.4020175e+16
17550.0	7.509299249999997e+16
17560.0	5.9600469999999976e+16
17570.0	7.752385499999998e+16
17580.0	6.3055404999999976e+16
17590.0	6.471770999999998e+16
17600.0	6.8836539999999976e+16
17610.0	7.089138999999997e+16
17620.0	6.8026024999999976e+16
17630.0	4.749265499999999e+16
17640.0	7.629397749999998e+16
17650.0	7.400575999999998e+16
17660.0	8.813662999999998e+16
17670.0	6.210126499999998e+16
17680.0	3.841370999999999e+16
17690.0	5.723268749999998e+16
17700.0	7.490809249999998e+16
17710.0	7.036284249999998e+16
17720.0	5.132695499999999e+16
17730.0	5.303722499999998e+16
17740.0	7.680040749999998e+16
17750.0	5.589496499999999e+16
17760.0	4.663236449999999e+16
17770.0	6.226555249999999e+16
17780.0	6.20329975e+16
17790.0	6.003719249999999e+16
17800.0	5.484072249999998e+16
17810.0	4.934544499999998e+16
17820.0	6.9467177499999976e+16
17830.0	4.609425499999998e+16
17840.0	7.767572999999998e+16
17850.0	5.597114749999999e+16
17860.0	5.928855249999999e+16
17870.0	5.812934e+16
17880.0	5.255693499999998e+16
17890.0	5.324945999999998e+16
17900.0	6.5275782499999976e+16
17910.0	3.679339949999998e+16
17920.0	4.363688849999998e+16
17930.0	5.044988999999998e+16
17940.0	4.821100999999998e+16
17950.0	4.422008249999999e+16
17960.0	4.645943499999999e+16
17970.0	5.804280749999998e+16
17980.0	5.640146999999998e+16
17990.0	5.063916999999998e+16
18000.0	3.310181999999999e+16
18010.0	3.699179499999999e+16
18020.0	5.695136999999998e+16
18030.0	5.2671174999999976e+16
18040.0	6.2545384999999976e+16
18050.0	6.131526249999998e+16
18060.0	3.657530749999999e+16
18070.0	4.000467249999999e+16
18080.0	3.211761499999999e+16
18090.0	3.1470659999999996e+16
18100.0	4.751848249999999e+16
18110.0	3.059859699999999e+16
18120.0	4.626542749999998e+16
18130.0	5.166478999999998e+16
18140.0	5.740351499999998e+16
18150.0	5.6112559249999976e+16
18160.0	5.032459224999999e+16
18170.0	4.133757249999998e+16
18180.0	4.799398249999999e+16
18190.0	3.87741175e+16
18200.0	4.311120249999999e+16
18210.0	3.882502499999999e+16
18220.0	3.214787e+16
18230.0	5.584252499999998e+16
18240.0	7.020665499999998e+16
18250.0	4.706969249999998e+16
18260.0	3.772396574999998e+16
18270.0	3.839506224999999e+16
18280.0	4.261057249999998e+16
18290.0	5.075093499999999e+16
18300.0	4.901521499999999e+16
18310.0	4.729156999999998e+16
18320.0	5.396481749999999e+16
18330.0	4.116620749999998e+16
18340.0	5.334566999999998e+16
18350.0	4.720165999999998e+16
18360.0	5.831191749999998e+16
18370.0	6.276727249999998e+16
18380.0	4.523028499999999e+16
18390.0	3.826472999999999e+16
18400.0	4.517121249999999e+16
18410.0	5.014326999999999e+16
18420.0	3.4820419999999996e+16
18430.0	5.026006999999999e+16
18440.0	4.467792749999999e+16
18450.0	3.657707999999998e+16
18460.0	3.3555502499999996e+16
18470.0	2.6008934999999996e+16
18480.0	3.411109499999999e+16
18490.0	3.633396499999999e+16
18500.0	3.990261999999998e+16
18510.0	4.700310749999998e+16
18520.0	4.381863999999999e+16
18530.0	4.422148249999998e+16
18540.0	4.624582749999999e+16
18550.0	4.212962749999999e+16
18560.0	3.140618499999999e+16
18570.0	2.6397665499999996e+16
18580.0	3.125260499999999e+16
18590.0	3.5876059999999988e+16
18600.0	2.8747446999999996e+16
18610.0	4.541104499999998e+16
18620.0	4.196854499999999e+16
18630.0	3.1331994999999996e+16
18640.0	3.4228802499999996e+16
18650.0	3.5344169999999996e+16
18660.0	5.074589499999999e+16
18670.0	3.962489499999998e+16
18680.0	2.411150749999999e+16
18690.0	4.318953749999999e+16
18700.0	3.834864499999998e+16
18710.0	4.930155999999999e+16
18720.0	4.336311499999999e+16
18730.0	3.2176942499999996e+16
18740.0	4.078266499999999e+16
18750.0	2.932776249999999e+16
18760.0	4.250049999999998e+16
18770.0	4.418551999999998e+16
18780.0	3.92287725e+16
18790.0	3.0333922499999988e+16
18800.0	3.689394249999999e+16
18810.0	3.5098525e+16
18820.0	4.980398249999998e+16
18830.0	4.762874999999999e+16
18840.0	4.139074499999999e+16
18850.0	3.31089075e+16
18860.0	4.171940999999999e+16
18870.0	3.283928749999999e+16
18880.0	4.208346499999999e+16
18890.0	4.431819499999999e+16
18900.0	4.906436749999998e+16
18910.0	5.247566999999999e+16
18920.0	3.388451499999999e+16
18930.0	3.5040532499999984e+16
18940.0	4.593732249999999e+16
18950.0	4.531337249999999e+16
18960.0	3.931820249999999e+16
18970.0	4.598987749999998e+16
18980.0	3.814340499999999e+16
18990.0	4.858041749999999e+16
19000.0	3.6010662499999988e+16
19010.0	3.4379794999999988e+16
19020.0	4.132346499999999e+16
19030.0	4.346936499999999e+16
19040.0	4.357475749999999e+16
19050.0	4.785115e+16
19060.0	4.347068749999999e+16
19070.0	3.680974999999999e+16
19080.0	5.295727499999999e+16
19090.0	3.907334499999998e+16
19100.0	5.102062499999999e+16
19110.0	3.175613499999999e+16
19120.0	4.830737499999999e+16
19130.0	4.601108249999999e+16
19140.0	4.329374999999999e+16
19150.0	5.6706514999999976e+16
19160.0	3.5733434999999996e+16
19170.0	4.0524375e+16
19180.0	4.423778749999998e+16
19190.0	5.2160287499999976e+16
19200.0	3.859245249999999e+16
19210.0	3.439110999999999e+16
19220.0	4.408798999999999e+16
19230.0	4.163895249999999e+16
19240.0	3.393841499999999e+16
19250.0	4.971256999999998e+16
19260.0	4.154026249999998e+16
19270.0	4.014288749999998e+16
19280.0	5.369379249999998e+16
19290.0	4.869251749999999e+16
19300.0	4.931291249999998e+16
19310.0	2.831132499999999e+16
19320.0	3.910166499999999e+16
19330.0	3.5851737499999996e+16
19340.0	3.584283499999999e+16
19350.0	4.549145249999999e+16
19360.0	3.922663499999998e+16
19370.0	4.927833749999999e+16
19380.0	3.5678267e+16
19390.0	4.072749249999999e+16
19400.0	3.59056575e+16
19410.0	4.343979749999999e+16
19420.0	4.377473249999998e+16
19430.0	3.2604044999999988e+16
19440.0	3.917720499999999e+16
19450.0	2.9310197499999996e+16
19460.0	3.040040749999999e+16
19470.0	4.526256999999998e+16
19480.0	3.566162749999999e+16
19490.0	3.3082277499999996e+16
19500.0	4.455222999999998e+16
19510.0	3.749711249999999e+16
19520.0	3.707110249999999e+16
19530.0	3.2685532499999984e+16
19540.0	4.400981749999999e+16
19550.0	3.073137599999999e+16
19560.0	2.359466074999999e+16
19570.0	4.006027974999999e+16
19580.0	4.695785499999999e+16
19590.0	4.047382299999998e+16
19600.0	2.1212870999999996e+16
19610.0	3.789039999999999e+16
19620.0	4.031283249999999e+16
19630.0	4.670119999999998e+16
19640.0	4.302172499999999e+16
19650.0	4.596824749999999e+16
19660.0	5.230083999999998e+16
19670.0	5.1664284999999976e+16
19680.0	4.247101249999998e+16
19690.0	3.967151749999999e+16
19700.0	3.623106999999998e+16
19710.0	4.294268499999998e+16
19720.0	4.981250499999998e+16
19730.0	4.445468999999998e+16
19740.0	3.415594299999999e+16
19750.0	4.5138805e+16
19760.0	2.9289579499999996e+16
19770.0	4.335148499999999e+16
19780.0	3.5213739999999996e+16
19790.0	4.27373675e+16
19800.0	4.0529835e+16
19810.0	4.163442499999999e+16
19820.0	3.5291824999999996e+16
19830.0	4.379002999999998e+16
19840.0	4.059732249999998e+16
19850.0	3.0105164999999988e+16
19860.0	4.174078249999999e+16
19870.0	3.715426749999999e+16
19880.0	3.221981249999999e+16
19890.0	4.245661499999999e+16
19900.0	3.208925999999999e+16
19910.0	2.894313749999999e+16
19920.0	3.011159249999999e+16
19930.0	4.482100999999999e+16
19940.0	4.703829999999999e+16
19950.0	3.5851064999999988e+16
19960.0	3.710513249999998e+16
19970.0	3.2973589999999996e+16
19980.0	3.4952052499999988e+16
19990.0	4.25064325e+16
20000.0	3.719312249999999e+16
20010.0	2.7960389999999996e+16
20020.0	4.006311999999998e+16
20030.0	4.023470499999998e+16
20040.0	3.901633249999999e+16
20050.0	3.4431262499999996e+16
20060.0	3.5299549999999996e+16
20070.0	3.337098249999999e+16
20080.0	5.685847499999998e+16
20090.0	3.415887749999999e+16
20100.0	4.472289499999998e+16
20110.0	3.672145749999998e+16
20120.0	3.718997499999999e+16
20130.0	4.066498999999999e+16
20140.0	3.422791249999999e+16
20150.0	3.930990249999998e+16
20160.0	3.709968499999999e+16
20170.0	4.059220499999999e+16
20180.0	4.100046249999999e+16
20190.0	3.872155249999999e+16
20200.0	3.0616414999999988e+16
20210.0	4.249301749999999e+16
20220.0	3.987702749999998e+16
20230.0	3.982197e+16
20240.0	5.614038749999998e+16
20250.0	4.069769499999999e+16
20260.0	2.7333869999999996e+16
20270.0	3.0148289999999988e+16
20280.0	3.842320499999999e+16
20290.0	3.395982749999999e+16
20300.0	4.045198749999999e+16
20310.0	2.807307499999999e+16
20320.0	4.506118999999999e+16
20330.0	4.043515499999998e+16
20340.0	3.59889925e+16
20350.0	4.544177249999999e+16
20360.0	3.202544499999999e+16
20370.0	4.948972249999998e+16
20380.0	3.978670499999999e+16
20390.0	3.5133807499999988e+16
20400.0	3.558432999999999e+16
20410.0	3.2522942499999988e+16
20420.0	4.478816499999999e+16
20430.0	4.800723749999999e+16
20440.0	3.164130499999999e+16
20450.0	3.675234499999999e+16
20460.0	4.493401499999999e+16
20470.0	3.878726249999998e+16
20480.0	4.139924749999999e+16
20490.0	3.20659675e+16
20500.0	3.7179835e+16
20510.0	5.161595749999999e+16
20520.0	4.164450749999998e+16
20530.0	4.173460249999999e+16
20540.0	4.222496499999998e+16
20550.0	3.3931229999999988e+16
20560.0	3.262307499999999e+16
20570.0	4.5145527499999976e+16
20580.0	5.032209749999998e+16
20590.0	3.855306499999999e+16
20600.0	4.789735749999998e+16
20610.0	3.35118125e+16
20620.0	4.110226999999999e+16
20630.0	4.141878499999999e+16
20640.0	3.323701499999999e+16
20650.0	3.843453e+16
20660.0	4.033458249999999e+16
20670.0	4.358117999999999e+16
20680.0	4.006615249999999e+16
20690.0	3.944053249999998e+16
20700.0	4.549347499999999e+16
20710.0	4.788489999999999e+16
20720.0	4.168119499999999e+16
20730.0	4.4487305e+16
20740.0	3.839567749999999e+16
20750.0	4.388967999999999e+16
20760.0	4.471342999999999e+16
20770.0	3.807510249999998e+16
20780.0	3.84797725e+16
20790.0	4.397055749999999e+16
20800.0	4.137746499999998e+16
20810.0	3.5665357499999988e+16
20820.0	4.299829749999999e+16
20830.0	4.335115249999998e+16
20840.0	4.478841499999999e+16
20850.0	4.063522499999999e+16
20860.0	4.547266249999998e+16
20870.0	3.705089249999999e+16
20880.0	4.866530249999998e+16
20890.0	4.262618749999999e+16
20900.0	4.13825925e+16
20910.0	4.886991999999998e+16
20920.0	4.334707499999998e+16
20930.0	4.913714749999998e+16
20940.0	4.038932999999999e+16
20950.0	4.23845325e+16
20960.0	4.535328999999998e+16
20970.0	3.959743249999999e+16
20980.0	5.38729475e+16
20990.0	4.753881999999998e+16
21000.0	4.319357499999999e+16
21010.0	4.819358499999999e+16
21020.0	4.430267749999999e+16
21030.0	3.955065749999998e+16
21040.0	4.800804249999998e+16
21050.0	4.553882749999999e+16
21060.0	4.713677999999999e+16
21070.0	4.604064999999999e+16
21080.0	4.654166249999998e+16
21090.0	4.180690249999999e+16
21100.0	4.9057942499999976e+16
21110.0	5.476756999999999e+16
21120.0	4.24719375e+16
21130.0	4.193121499999998e+16
21140.0	4.623905499999998e+16
21150.0	4.472637499999999e+16
21160.0	4.464881499999998e+16
21170.0	4.7102339999999976e+16
21180.0	4.895483999999999e+16
21190.0	4.271961499999998e+16
21200.0	4.974464749999998e+16
21210.0	4.588613749999998e+16
21220.0	4.069453499999999e+16
21230.0	5.462484999999998e+16
21240.0	4.892148499999999e+16
21250.0	4.530663249999999e+16
21260.0	5.017525749999999e+16
21270.0	5.085912749999999e+16
21280.0	4.877337499999999e+16
21290.0	4.388808249999999e+16
21300.0	5.190257749999998e+16
21310.0	4.858705999999999e+16
21320.0	5.181112499999998e+16
21330.0	4.828419249999998e+16
21340.0	5.3119535e+16
21350.0	5.455398999999999e+16
21360.0	4.826374749999998e+16
21370.0	4.762160249999998e+16
21380.0	4.709449749999998e+16
21390.0	5.112582749999998e+16
21400.0	4.644292499999999e+16
21410.0	5.2980685e+16
21420.0	5.1989139999999976e+16
21430.0	4.437022749999999e+16
21440.0	5.2654377499999976e+16
21450.0	5.1888504999999976e+16
21460.0	5.082987749999999e+16
21470.0	5.113206749999998e+16
21480.0	4.896993499999998e+16
21490.0	4.613394249999998e+16
21500.0	4.518823249999999e+16
21510.0	5.3330995e+16
21520.0	5.180811749999999e+16
21530.0	4.744286499999998e+16
21540.0	5.045828999999998e+16
21550.0	5.575291249999998e+16
21560.0	4.858180749999998e+16
21570.0	5.3002264999999976e+16
21580.0	4.699301499999998e+16
21590.0	4.977608499999999e+16
21600.0	5.574259749999998e+16
21610.0	5.597912749999999e+16
21620.0	5.064030249999999e+16
21630.0	5.066477749999998e+16
21640.0	5.3410632499999976e+16
21650.0	5.430283749999999e+16
21660.0	4.777568249999999e+16
21670.0	5.160193499999998e+16
21680.0	5.157146999999999e+16
21690.0	5.575094999999998e+16
21700.0	5.037330749999999e+16
21710.0	5.070710749999998e+16
21720.0	5.451523499999998e+16
21730.0	5.067827499999998e+16
21740.0	4.775222999999998e+16
21750.0	5.493157499999998e+16
21760.0	5.032634499999999e+16
21770.0	5.298722999999999e+16
21780.0	4.905463249999998e+16
21790.0	4.915677249999998e+16
21800.0	5.154170499999999e+16
21810.0	5.364858499999998e+16
21820.0	5.470458749999999e+16
21830.0	5.017048999999998e+16
21840.0	5.2775052499999976e+16
21850.0	4.944612249999998e+16
21860.0	5.228559499999999e+16
21870.0	5.447837999999999e+16
21880.0	5.080209249999998e+16
21890.0	5.444014999999999e+16
21900.0	5.382023999999999e+16
21910.0	5.731730749999998e+16
21920.0	5.266865499999999e+16
21930.0	4.948573999999999e+16
21940.0	5.1547379999999976e+16
21950.0	5.350938999999998e+16
21960.0	5.893362249999998e+16
21970.0	5.615929999999999e+16
21980.0	5.202867499999999e+16
21990.0	5.236147249999998e+16
22000.0	5.706142999999999e+16
22010.0	5.173812e+16
22020.0	5.8886867499999976e+16
22030.0	4.968975499999998e+16
22040.0	4.959108999999998e+16
22050.0	5.466044749999999e+16
22060.0	5.037661249999999e+16
22070.0	5.490810249999998e+16
22080.0	5.3768194999999976e+16
22090.0	5.275707499999998e+16
22100.0	5.308296999999999e+16
22110.0	4.985536749999999e+16
22120.0	5.595370249999998e+16
22130.0	5.495495499999998e+16
22140.0	6.071497749999998e+16
22150.0	5.025162499999998e+16
22160.0	5.760591249999998e+16
22170.0	5.306397249999998e+16
22180.0	5.519648249999999e+16
22190.0	5.0029717499999976e+16
22200.0	4.531112999999999e+16
22210.0	5.020023749999999e+16
22220.0	5.251980249999999e+16
22230.0	5.121165499999998e+16
22240.0	5.436644249999999e+16
22250.0	5.730517249999999e+16
22260.0	5.424854999999999e+16
22270.0	5.7637569999999976e+16
22280.0	4.534780499999999e+16
22290.0	5.5654554999999976e+16
22300.0	4.813171999999998e+16
22310.0	5.903738999999998e+16
22320.0	5.892231749999999e+16
22330.0	5.263076749999999e+16
22340.0	5.700902499999998e+16
22350.0	5.412182499999998e+16
22360.0	4.480640499999998e+16
22370.0	5.457923249999998e+16
22380.0	5.565845749999998e+16
22390.0	4.650807249999998e+16
22400.0	6.029075999999998e+16
22410.0	5.8596935e+16
22420.0	5.592541249999998e+16
22430.0	5.728934999999998e+16
22440.0	5.326756499999999e+16
22450.0	4.851591499999998e+16
22460.0	5.790979749999998e+16
22470.0	5.756095499999998e+16
22480.0	5.766754499999998e+16
22490.0	5.616083499999998e+16
22500.0	5.669148499999999e+16
22510.0	6.0163629999999976e+16
22520.0	5.640553499999998e+16
22530.0	5.163139499999998e+16
22540.0	5.424045249999998e+16
22550.0	5.183425249999999e+16
22560.0	5.4755902499999976e+16
22570.0	5.8904969999999976e+16
22580.0	4.955364499999999e+16
22590.0	5.565450999999998e+16
22600.0	5.346399249999999e+16
22610.0	5.388303249999998e+16
22620.0	5.269611999999998e+16
22630.0	4.656551249999998e+16
22640.0	5.194217999999998e+16
22650.0	5.561840749999998e+16
22660.0	5.289740249999999e+16
22670.0	5.809738499999998e+16
22680.0	5.733813999999998e+16
22690.0	5.4155677499999976e+16
22700.0	4.729267249999999e+16
22710.0	5.603166999999998e+16
22720.0	5.182931999999998e+16
22730.0	5.661530499999999e+16
22740.0	5.285794499999999e+16
22750.0	5.953800249999998e+16
22760.0	5.325165749999998e+16
22770.0	5.694054749999998e+16
22780.0	5.519951749999999e+16
22790.0	4.631707249999998e+16
22800.0	4.902222249999998e+16
22810.0	5.251429749999998e+16
22820.0	5.596928749999998e+16
22830.0	5.358528749999998e+16
22840.0	5.204930999999998e+16
22850.0	5.4531092499999976e+16
22860.0	5.488934999999998e+16
22870.0	5.197004749999998e+16
22880.0	5.756279499999998e+16
22890.0	5.4254337499999976e+16
22900.0	5.892182749999998e+16
22910.0	5.9014964999999976e+16
22920.0	5.339227749999999e+16
22930.0	5.736625249999999e+16
22940.0	2.8243882499999988e+16
22950.0	3.722636999999998e+16
22960.0	3.812654499999999e+16
22970.0	4.0366805e+16
22980.0	4.870647499999998e+16
22990.0	4.977009499999999e+16
23000.0	4.312515249999999e+16
23010.0	4.648814499999998e+16
23020.0	5.377581499999999e+16
23030.0	4.067965499999999e+16
23040.0	5.432396499999999e+16
23050.0	4.107173299999998e+16
23060.0	4.431196999999999e+16
23070.0	4.502922699999998e+16
23080.0	4.465015749999999e+16
23090.0	5.145388499999998e+16
23100.0	4.966309249999999e+16
23110.0	4.738530499999999e+16
23120.0	5.440585249999998e+16
23130.0	5.542804999999999e+16
23140.0	5.502438249999999e+16
23150.0	3.407322549999999e+16
23160.0	5.062558249999998e+16
23170.0	5.387918499999998e+16
23180.0	5.041934999999998e+16
23190.0	5.346747749999998e+16
23200.0	4.741392624999998e+16
23210.0	3.643752624999999e+16
23220.0	4.792778999999999e+16
23230.0	2.945795999999999e+16
23240.0	3.121104249999999e+16
23250.0	3.513579749999999e+16
23260.0	4.340784749999998e+16
23270.0	3.775122999999998e+16
23280.0	4.344035499999998e+16
23290.0	4.271281499999999e+16
23300.0	4.068557099999999e+16
23310.0	3.895599249999999e+16
23320.0	4.663065249999999e+16
23330.0	4.707964999999999e+16
23340.0	3.830029249999999e+16
23350.0	3.980796249999999e+16
23360.0	4.265813749999998e+16
23370.0	3.65071225e+16
23380.0	3.791944499999998e+16
23390.0	4.028946749999999e+16
23400.0	3.746200249999998e+16
23410.0	4.784111999999998e+16
23420.0	3.824331749999999e+16
23430.0	5.051616499999999e+16
23440.0	5.062656999999998e+16
23450.0	3.4372607499999988e+16
23460.0	5.087742499999999e+16
23470.0	4.435708999999999e+16
23480.0	4.103463999999999e+16
23490.0	4.619804249999999e+16
23500.0	4.517502499999999e+16
23510.0	3.716858499999999e+16
23520.0	3.714972749999998e+16
23530.0	3.0556952499999996e+16
23540.0	3.5149199999999988e+16
23550.0	3.667960499999999e+16
23560.0	3.634161249999999e+16
23570.0	4.355806999999998e+16
23580.0	3.604279249999998e+16
23590.0	3.317552999999999e+16
23600.0	4.427125749999999e+16
23610.0	3.258786749999999e+16
23620.0	3.194074999999999e+16
23630.0	3.1544682499999996e+16
23640.0	3.695985249999998e+16
23650.0	4.17319925e+16
23660.0	4.156681249999999e+16
23670.0	3.679770249999999e+16
23680.0	2.884449099999999e+16
23690.0	4.341100499999998e+16
23700.0	4.0783377499999976e+16
23710.0	3.617294249999999e+16
23720.0	4.573350499999999e+16
23730.0	4.394067999999998e+16
23740.0	3.3747924999999996e+16
23750.0	3.951273249999999e+16
23760.0	3.5063942499999988e+16
23770.0	3.347445249999999e+16
23780.0	3.120377249999999e+16
23790.0	3.684627249999999e+16
23800.0	4.065354249999999e+16
23810.0	3.149036499999999e+16
23820.0	3.687728499999998e+16
23830.0	3.1898477499999988e+16
23840.0	3.085207499999999e+16
23850.0	3.966413999999999e+16
23860.0	3.336456999999999e+16
23870.0	2.7489587499999996e+16
23880.0	2.598804999999999e+16
23890.0	3.913242749999999e+16
23900.0	3.806766249999999e+16
23910.0	3.5169834999999996e+16
23920.0	2.312346049999999e+16
23930.0	2.5646442499999996e+16
23940.0	3.728087749999999e+16
23950.0	3.2789382499999984e+16
23960.0	3.003966749999999e+16
23970.0	2.991882499999999e+16
23980.0	2.916894999999999e+16
23990.0	3.707529999999999e+16
24000.0	3.681369249999999e+16
24010.0	2.456762249999999e+16
24020.0	2.962565499999999e+16
24030.0	2.780511749999999e+16
24040.0	3.653776249999999e+16
24050.0	3.152168749999999e+16
24060.0	3.078659499999999e+16
24070.0	2.395166549999999e+16
24080.0	3.239247499999999e+16
24090.0	3.692202749999999e+16
24100.0	2.539973999999999e+16
24110.0	3.2530682499999996e+16
24120.0	2.8729542499999996e+16
24130.0	3.1977334999999996e+16
24140.0	2.7727942499999996e+16
24150.0	3.4814364999999988e+16
24160.0	3.119251999999999e+16
24170.0	2.9865214999999996e+16
24180.0	2.2957804999999996e+16
24190.0	3.606571e+16
24200.0	2.853039249999999e+16
24210.0	2.902095499999999e+16
24220.0	2.0432962499999996e+16
24230.0	3.030743499999999e+16
24240.0	3.445075999999999e+16
24250.0	2.566990749999999e+16
24260.0	2.694623499999999e+16
24270.0	3.2097567499999996e+16
24280.0	2.6948712499999996e+16
24290.0	3.0207377499999988e+16
24300.0	2.8922609999999988e+16
24310.0	2.0730167499999996e+16
24320.0	2.900829999999999e+16
24330.0	2.841691749999999e+16
24340.0	2.164910999999999e+16
24350.0	2.1222004999999996e+16
24360.0	2.6890077499999996e+16
24370.0	1.7677435999999998e+16
24380.0	2.3431137499999996e+16
24390.0	3.0889452499999988e+16
24400.0	2.2797744999999996e+16
24410.0	2.4741375499999996e+16
24420.0	2.6675887499999996e+16
24430.0	2.4727959999999996e+16
24440.0	1.8977753499999996e+16
24450.0	2.215651299999999e+16
24460.0	2.416528499999999e+16
24470.0	2.925063749999999e+16
24480.0	2.640179749999999e+16
24490.0	2.888661249999999e+16
24500.0	2.602837999999999e+16
24510.0	3.152932249999999e+16
24520.0	1.898798324999999e+16
24530.0	2.2947272249999996e+16
24540.0	1.6197843999999998e+16
24550.0	2.282714249999999e+16
24560.0	2.6045077999999996e+16
24570.0	2.2614769999999996e+16
24580.0	2.621806999999999e+16
24590.0	2.6599252499999996e+16
24600.0	2.2106677499999996e+16
24610.0	1.6745466749999996e+16
24620.0	2.4199814749999996e+16
24630.0	2.432459499999999e+16
24640.0	3.0921137499999984e+16
24650.0	2.298109499999999e+16
24660.0	1.7497593499999994e+16
24670.0	2.298080249999999e+16
24680.0	1.3980066999999998e+16
24690.0	2.609307149999999e+16
24700.0	2.3048922499999996e+16
24710.0	1.7215169999999998e+16
24720.0	2.155603499999999e+16
24730.0	2.1959048749999996e+16
24740.0	1.3249335249999996e+16
24750.0	1.7701160499999998e+16
24760.0	1.9324951499999996e+16
24770.0	2.663167999999999e+16
24780.0	2.4980488499999996e+16
24790.0	1.6862341999999996e+16
24800.0	2.395109249999999e+16
24810.0	1.6966601999999994e+16
24820.0	1.922164024999999e+16
24830.0	1.4435055999999996e+16
24840.0	2.3138664249999996e+16
24850.0	2.5274657499999996e+16
24860.0	2.2786409999999996e+16
24870.0	2.204416249999999e+16
24880.0	2.074213024999999e+16
24890.0	1.7637664249999994e+16
24900.0	1.6857016999999996e+16
24910.0	1.6278321499999998e+16
24920.0	2.2874669999999996e+16
24930.0	1.7035037999999996e+16
24940.0	2.609132999999999e+16
24950.0	2.427323249999999e+16
24960.0	2.250915624999999e+16
24970.0	2.0333459749999996e+16
24980.0	1.6732414999999996e+16
24990.0	2.1867844999999996e+16
25000.0	2.5324664999999996e+16
25010.0	2.063624999999999e+16
25020.0	2.0035747749999996e+16
25030.0	1.6686640749999994e+16
25040.0	1.8113408749999996e+16
25050.0	1.7249350249999992e+16
25060.0	1.3843968249999996e+16
25070.0	1.5530226249999994e+16
25080.0	1.6573459999999996e+16
25090.0	2.4015734999999996e+16
25100.0	2.1295212499999996e+16
25110.0	1.7915317499999996e+16
25120.0	2.1055319999999996e+16
25130.0	1.2962641999999994e+16
25140.0	1.7059207499999996e+16
25150.0	1.8313884999999996e+16
25160.0	1.7457399499999996e+16
25170.0	2.308962999999999e+16
25180.0	2.091827999999999e+16
25190.0	2.0646592999999996e+16
25200.0	1.9113637749999996e+16
25210.0	1.7654297249999992e+16
25220.0	1.777321749999999e+16
25230.0	2.1183019999999996e+16
25240.0	1.4863547499999996e+16
25250.0	1.8195659249999996e+16
25260.0	1.7963078749999996e+16
25270.0	1.899991249999999e+16
25280.0	1.6101799999999996e+16
25290.0	1.7300361499999994e+16
25300.0	1.6781164999999994e+16
25310.0	2.3456562499999996e+16
25320.0	2.390521999999999e+16
25330.0	1.1587121499999996e+16
25340.0	2.239289499999999e+16
25350.0	1.7691454999999994e+16
25360.0	1.3965231e+16
25370.0	2.126024499999999e+16
25380.0	2.2519427499999996e+16
25390.0	1.7064694999999996e+16
25400.0	1.982911499999999e+16
25410.0	1.6768727499999996e+16
25420.0	1.6341290499999996e+16
25430.0	1.7507599999999994e+16
25440.0	1.72847975e+16
25450.0	2.156658249999999e+16
25460.0	1.6627201499999998e+16
25470.0	2.038216349999999e+16
25480.0	1.5218965499999998e+16
25490.0	1.7526071499999994e+16
25500.0	2.0078362499999996e+16
25510.0	1.811310049999999e+16
25520.0	2.002812049999999e+16
25530.0	1.4468242499999994e+16
25540.0	2.165963849999999e+16
25550.0	1.8437338999999996e+16
25560.0	1.9906764499999996e+16
25570.0	1.87721475e+16
25580.0	2.335480999999999e+16
25590.0	2.246998674999999e+16
25600.0	1.6287537749999996e+16
25610.0	1.4899172499999996e+16
25620.0	1.960485274999999e+16
25630.0	1.3564841749999998e+16
25640.0	1.4541344499999998e+16
25650.0	1.5844085249999994e+16
25660.0	1.4596641249999998e+16
25670.0	1.7000210499999994e+16
25680.0	1.833989899999999e+16
25690.0	1.9320387499999996e+16
25700.0	1.7160092499999994e+16
25710.0	2.182479499999999e+16
25720.0	1.8510382499999996e+16
25730.0	2.2049500249999996e+16
25740.0	1.0668892749999998e+16
25750.0	1.8960999999999996e+16
25760.0	1.4715016999999994e+16
25770.0	1.1192209999999994e+16
25780.0	1.5967832499999996e+16
25790.0	1.5775006999999994e+16
25800.0	2.0392249999999996e+16
25810.0	1.8982847499999996e+16
25820.0	1.836212e+16
25830.0	1.2846343999999998e+16
25840.0	1.7015446499999994e+16
25850.0	1.7385035e+16
25860.0	2.1048877499999996e+16
25870.0	1.2953729499999994e+16
25880.0	1.6407321499999998e+16
25890.0	1.5846554499999998e+16
25900.0	1.4671046999999996e+16
25910.0	1.8516218499999996e+16
25920.0	1.893789e+16
25930.0	8040430249999998.0
25940.0	1.6732957749999994e+16
25950.0	1.7427117999999994e+16
25960.0	1.6756019499999994e+16
25970.0	1.689034e+16
25980.0	1.0988133249999998e+16
25990.0	1.808045674999999e+16
