# Flux units: erg / (cm m2 s)
# Wavelength units: Angstrom
wave	flux
7000.0	990811799.9999999
7010.0	1024748575.0000001
7020.0	987345924.9999999
7030.0	1482701774.9999998
7040.0	1274466074.9999998
7050.0	1512600824.9999998
7060.0	518242224.9999999
7070.0	352164449.99999994
7080.0	752850374.9999999
7090.0	467313799.9999999
7100.0	403679049.99999994
7110.0	385489924.99999994
7120.0	513690749.9999998
7130.0	363484775.0
7140.0	235960049.99999994
7150.0	258946749.99999994
7160.0	329201324.99999994
7170.0	293479724.99999994
7180.0	475034774.99999976
7190.0	402062949.9999998
7200.0	518006099.9999998
7210.0	264725874.99999997
7220.0	518530674.9999999
7230.0	635513049.9999998
7240.0	526205624.9999998
7250.0	1043508324.9999996
7260.0	1067431474.9999995
7270.0	759001874.9999998
7280.0	1033557699.9999999
7290.0	1099193649.9999998
7300.0	1786397899.9999998
7310.0	1364955599.9999995
7320.0	1763461749.9999995
7330.0	1841590649.9999998
7340.0	1567936449.9999998
7350.0	2025345999.9999995
7360.0	1975828999.9999998
7370.0	2368597499.9999995
7380.0	2446989249.9999995
7390.0	2634311749.999999
7400.0	2416127499.999999
7410.0	2332821749.9999995
7420.0	2338435249.9999995
7430.0	2682026250.0
7440.0	2729636499.999999
7450.0	2223797749.9999995
7460.0	2398301249.9999995
7470.0	2313605749.9999995
7480.0	2643369249.999999
7490.0	2623080249.9999995
7500.0	2767241749.9999995
7510.0	2804504999.9999995
7520.0	2824181749.9999995
7530.0	2803431749.999999
7540.0	2957455249.9999995
7550.0	2951802999.999999
7560.0	3147326249.9999995
7570.0	3172481249.9999995
7580.0	3028580749.999999
7590.0	2103161599.9999993
7600.0	1251691124.9999998
7610.0	1782960774.9999995
7620.0	2190466749.9999995
7630.0	1460871949.9999995
7640.0	1667023499.9999995
7650.0	1060315050.0
7660.0	1862799399.9999998
7670.0	802965299.9999998
7680.0	984817449.9999998
7690.0	1121359850.0
7700.0	1059605149.9999998
7710.0	832884924.9999996
7720.0	847515374.9999999
7730.0	1198381074.9999998
7740.0	1704270074.9999995
7750.0	1233939650.0
7760.0	1171874499.9999998
7770.0	639720124.9999999
7780.0	1004224599.9999999
7790.0	1182523875.0
7800.0	1808971249.9999993
7810.0	1752158249.9999993
7820.0	2037112999.9999993
7830.0	1575789199.9999998
7840.0	1198399750.0
7850.0	1742659799.9999993
7860.0	1669305525.0000002
7870.0	1509112574.9999998
7880.0	2143240249.999999
7890.0	2036683249.9999995
7900.0	1984622499.9999998
7910.0	2122397249.9999995
7920.0	1606633249.9999998
7930.0	2217074249.9999995
7940.0	1859879499.9999998
7950.0	1971754999.9999995
7960.0	2579380999.9999995
7970.0	2573583749.999999
7980.0	2815855249.9999995
7990.0	2356377999.9999995
8000.0	2526098749.9999995
8010.0	2158993250.0
8020.0	2858483999.999999
8030.0	2767103749.999999
8040.0	3179096249.9999995
8050.0	2988604249.9999995
8060.0	2565949499.999999
8070.0	2791627749.9999995
8080.0	3300737499.999999
8090.0	3230522499.9999986
8100.0	3371965999.999999
8110.0	3434730749.999999
8120.0	3811808749.9999995
8130.0	3845892999.9999986
8140.0	3838988249.999999
8150.0	3887007749.999999
8160.0	3908246749.9999986
8170.0	3723546999.9999995
8180.0	3721181499.9999995
8190.0	3173605499.9999995
8200.0	2883883499.9999995
8210.0	3132536749.999999
8220.0	3414776499.999999
8230.0	2993404999.9999995
8240.0	3290774499.9999995
8250.0	3689877750.0
8260.0	3591926249.9999986
8270.0	3436965999.9999986
8280.0	3422725499.9999995
8290.0	2527201249.9999995
8300.0	2790422999.9999995
8310.0	2771447499.9999995
8320.0	2719732999.999999
8330.0	2820269249.999999
8340.0	3096002749.9999995
8350.0	2861314499.999999
8360.0	2773419999.9999995
8370.0	2947775499.9999995
8380.0	3318423749.999999
8390.0	2490150499.9999995
8400.0	2950099249.999999
8410.0	3604998749.999998
8420.0	2957327749.999999
8430.0	3384868574.9999995
8440.0	1684817824.9999998
8450.0	1652900749.9999998
8460.0	1535088274.9999995
8470.0	1552782174.9999998
8480.0	1808758249.9999995
8490.0	1351052499.9999998
8500.0	1570988499.9999995
8510.0	1730440749.9999995
8520.0	1653126749.9999995
8530.0	2042010999.9999993
8540.0	1849094499.9999995
8550.0	2073436999.9999995
8560.0	2344441499.999999
8570.0	2044799999.9999998
8580.0	2420841999.9999995
8590.0	2313923999.9999995
8600.0	2271685499.9999995
8610.0	2260092499.9999995
8620.0	2577181999.999999
8630.0	2753465249.9999995
8640.0	2628855249.9999995
8650.0	2403294749.999999
8660.0	2771957250.0
8670.0	2796152999.9999995
8680.0	2771709999.9999995
8690.0	2844891749.9999995
8700.0	2809228499.999999
8710.0	2914835499.999999
8720.0	2874709249.9999995
8730.0	3080597499.9999995
8740.0	3017934500.0
8750.0	3180738749.999999
8760.0	3446324499.9999986
8770.0	3394934499.999999
8780.0	3405071499.9999995
8790.0	3475160749.9999995
8800.0	3492138999.9999986
8810.0	3776862999.9999995
8820.0	3821673249.9999986
8830.0	3836755999.999999
8840.0	3544253499.9999995
8850.0	3942602249.999999
8860.0	3108383749.9999995
8870.0	2408240249.999999
8880.0	2032037999.9999993
8890.0	2416046749.999999
8900.0	2365474249.9999995
8910.0	2865796500.0
8920.0	1709572249.9999995
8930.0	3031854249.999999
8940.0	2813333249.9999995
8950.0	2993140499.9999995
8960.0	2425446249.9999995
8970.0	2527430999.9999995
8980.0	3311003749.9999995
8990.0	2824197499.9999995
9000.0	2193509749.9999995
9010.0	3589805499.9999995
9020.0	3139300999.999999
9030.0	3192152999.9999995
9040.0	2867514249.9999995
9050.0	3264509999.9999995
9060.0	3080274749.9999995
9070.0	3246812749.999999
9080.0	3960703749.999999
9090.0	3585291249.999999
9100.0	3659977749.999998
9110.0	3743157499.999999
9120.0	4311199999.999998
9130.0	4055804749.999999
9140.0	4259924749.9999986
9150.0	4179600249.999999
9160.0	4279244499.9999986
9170.0	4290981499.999999
9180.0	4225319499.9999995
9190.0	4164144249.9999986
9200.0	3947764499.999999
9210.0	3743870499.9999995
9220.0	3966774749.9999995
9230.0	3679915749.999999
9240.0	3379969999.9999995
9250.0	3656556250.0
9260.0	3657948249.999999
9270.0	3404898250.0
9280.0	3021663249.999999
9290.0	3386318749.9999995
9300.0	3265473999.999999
9310.0	2988206249.999999
9320.0	3239908749.9999986
9330.0	3101847999.999999
9340.0	3762781249.9999986
9350.0	3160118999.9999995
9360.0	3395994749.999999
9370.0	3136765499.9999995
9380.0	3722197999.9999995
9390.0	3225872999.999999
9400.0	3590861249.999999
9410.0	3426046000.0
9420.0	3752967999.999999
9430.0	3866949499.999999
9440.0	3337775749.9999986
9450.0	3548951999.9999995
9460.0	3579024749.9999995
9470.0	3510823249.9999995
9480.0	3886050249.9999986
9490.0	4084766749.9999986
9500.0	3722599249.999999
9510.0	3751955749.999999
9520.0	3979465999.999998
9530.0	3759230999.9999986
9540.0	3924425249.9999986
9550.0	3850569749.999999
9560.0	3949198499.999999
9570.0	3792388249.9999986
9580.0	4369633499.999999
9590.0	4238641499.999999
9600.0	4099469999.999998
9610.0	4199366750.0
9620.0	4133840999.999999
9630.0	4307741749.999999
9640.0	4041375249.9999986
9650.0	3619741299.999999
9660.0	4224663999.9999995
9670.0	4339435000.0
9680.0	4075160749.999999
9690.0	4200510249.999999
9700.0	4446788500.0
9710.0	4387211499.999999
9720.0	4161459749.9999995
9730.0	4180502499.9999986
9740.0	3941733249.999999
9750.0	3889868249.9999986
9760.0	4001208749.9999995
9770.0	3904909749.9999995
9780.0	3904353749.999999
9790.0	3484465499.999999
9800.0	4350189999.999998
9810.0	3877523999.9999995
9820.0	3753590249.9999986
9830.0	3638604749.999999
9840.0	3856190249.999999
9850.0	3887415749.999999
9860.0	4016740249.9999995
9870.0	3780235999.999999
9880.0	3980022749.9999986
9890.0	4069816249.999999
9900.0	3365738749.9999995
9910.0	2408165249.9999995
9920.0	2617219749.9999995
9930.0	2837622249.9999995
9940.0	3301014499.9999995
9950.0	3392771249.9999995
9960.0	3757460999.999999
9970.0	3897197749.9999995
9980.0	3696539499.999999
9990.0	3008301249.999999
10000.0	3450017749.9999995
10010.0	3344634999.999999
10020.0	3829687249.9999986
10030.0	3900073249.9999986
10040.0	3230800249.9999995
10050.0	3518851499.9999986
10060.0	3389223249.999999
10070.0	2748181999.9999995
10080.0	3942008749.999999
10090.0	3681491999.9999995
10100.0	3699963499.9999986
10110.0	3353589499.9999995
10120.0	3732123750.0
10130.0	4002262750.0
10140.0	3824548750.0
10150.0	3374285750.0
10160.0	3579447250.0
10170.0	3049933999.999999
10180.0	4132698499.9999995
10190.0	3503229249.999999
10200.0	3806155999.999999
10210.0	3363150749.9999995
10220.0	3949334499.9999995
10230.0	4023678999.9999995
10240.0	4269128999.999998
10250.0	3628541999.999999
10260.0	2907054999.9999995
10270.0	3165465249.999999
10280.0	3390181249.9999995
10290.0	3646084499.9999986
10300.0	3463821499.999999
10310.0	3940825249.999999
10320.0	3331223999.999999
10330.0	3181796749.9999995
10340.0	3703077749.999999
10350.0	3506563999.9999995
10360.0	3651163749.999999
10370.0	3894397999.9999995
10380.0	3963073499.999999
10390.0	3888844249.9999986
10400.0	3929755999.9999986
10410.0	4008482499.9999995
10420.0	3898027999.999999
10430.0	3687396249.9999995
10440.0	3685820999.999999
10450.0	4056596749.9999995
10460.0	3985175249.9999986
10470.0	3627008749.999999
10480.0	3704155749.9999995
10490.0	4124382249.999999
10500.0	4175852749.9999995
10510.0	3757449499.999999
10520.0	3412604249.9999995
10530.0	4170423999.999999
10540.0	4099417749.9999995
10550.0	4206172499.999999
10560.0	4011886249.999999
10570.0	3945088500.0
10580.0	4038870999.9999995
10590.0	4010562499.9999986
10600.0	4218163249.9999986
10610.0	3892418499.999999
10620.0	4066972249.999999
10630.0	4110898999.9999995
10640.0	4189546999.999999
10650.0	4201263500.0
10660.0	4256410499.999999
10670.0	3676313749.999999
10680.0	3519929249.999999
10690.0	4045396249.9999986
10700.0	3888333499.9999986
10710.0	3575254249.999999
10720.0	3804261999.999999
10730.0	3994958499.9999995
10740.0	4243508500.0000005
10750.0	4004195999.999999
10760.0	4287675249.999999
10770.0	4015763749.999999
10780.0	3938619999.9999986
10790.0	4167503749.999999
10800.0	4318967999.999998
10810.0	4173011499.9999995
10820.0	4135939749.9999995
10830.0	4359149999.999999
10840.0	4226536749.999999
10850.0	4309688000.0
10860.0	4155615499.9999986
10870.0	3983441249.9999995
10880.0	4243217999.999999
10890.0	4107107249.9999995
10900.0	4301040749.999999
10910.0	3973266999.999999
10920.0	4062374749.999999
10930.0	4356896499.999999
10940.0	4322982249.999999
10950.0	4368009749.999999
10960.0	4003867249.9999986
10970.0	4248475749.9999986
10980.0	3988874749.9999995
10990.0	3902507749.9999995
11000.0	3847516249.999999
11010.0	4198522749.999999
11020.0	4308449249.999999
11030.0	3815826249.999999
11040.0	3950501999.9999995
11050.0	3964391999.9999986
11060.0	3970183749.999999
11070.0	3693745749.999999
11080.0	3920455749.9999995
11090.0	3910646500.0
11100.0	4042762749.9999995
11110.0	3651998749.9999995
11120.0	3897491749.9999995
11130.0	4150709249.9999995
11140.0	3873882000.0
11150.0	4047131999.999998
11160.0	4033618499.9999995
11170.0	4237202249.9999995
11180.0	3858749499.999999
11190.0	3576493749.9999995
11200.0	4008467499.9999986
11210.0	4025523750.0
11220.0	4017196749.999999
11230.0	4090796499.9999995
11240.0	4101042999.9999995
11250.0	3874000499.999999
11260.0	3673889749.999999
11270.0	3844851999.9999995
11280.0	4041211999.9999995
11290.0	3706190749.9999995
11300.0	3927228749.999998
11310.0	4120978749.9999995
11320.0	4187357749.9999995
11330.0	4183618749.9999995
11340.0	3986135499.9999986
11350.0	3959041999.9999995
11360.0	3896380499.999999
11370.0	4187484249.999999
11380.0	3426035999.9999986
11390.0	3812486999.999999
11400.0	3934635749.999999
11410.0	3474308249.999999
11420.0	4053928249.999999
11430.0	3962328749.9999995
11440.0	3872298749.9999995
11450.0	4058781499.9999995
11460.0	3888475249.999999
11470.0	4070476499.9999995
11480.0	3907220750.0
11490.0	4113593249.9999995
11500.0	4121699999.999999
11510.0	4145933999.9999986
11520.0	4128307749.999999
11530.0	4098308999.9999986
11540.0	4043667999.9999986
11550.0	4065019749.999999
11560.0	4222552249.999999
11570.0	3853829749.999999
11580.0	4115136999.9999995
11590.0	4235466249.999999
11600.0	3858093999.9999986
11610.0	4083090749.9999986
11620.0	4171077499.999999
11630.0	4147335249.999999
11640.0	3945890749.999999
11650.0	3947503249.9999986
11660.0	3763341749.9999995
11670.0	4195147499.9999986
11680.0	4171608500.0
11690.0	3761642749.999999
11700.0	4036552499.9999995
11710.0	4026884749.999998
11720.0	4169346999.9999986
11730.0	3833515249.999999
11740.0	4043645249.999999
11750.0	4099832499.999998
11760.0	4115892249.999999
11770.0	3813279574.9999986
11780.0	3288281774.999999
11790.0	3874580500.0
11800.0	4005605499.9999995
11810.0	3801906249.9999986
11820.0	4010515249.999999
11830.0	4006325749.9999995
11840.0	4019689499.9999995
11850.0	3876259499.9999986
11860.0	3917924749.999999
11870.0	3834476499.9999995
11880.0	3967835249.999999
11890.0	3482549749.999999
11900.0	3928089999.9999986
11910.0	4059613499.999999
11920.0	4061579499.9999986
11930.0	4085405499.999999
11940.0	3974807999.999999
11950.0	3827319249.999999
11960.0	3992864999.999999
11970.0	3831039499.9999995
11980.0	3457305249.999999
11990.0	3945368999.9999995
12000.0	3798446999.999999
12010.0	3929959749.9999995
12020.0	3838234249.999999
12030.0	3939603249.9999995
12040.0	3901427249.999999
12050.0	4050673999.9999986
12060.0	3798977749.9999995
12070.0	3882222999.9999986
12080.0	4039634499.999999
12090.0	3762932500.0
12100.0	4024202249.999998
12110.0	3874252999.9999995
12120.0	3904669749.9999995
12130.0	3813183749.999999
12140.0	3682515499.9999995
12150.0	3967555249.999999
12160.0	3824392749.999999
12170.0	3943348749.9999995
12180.0	3880853499.999999
12190.0	4067221999.9999986
12200.0	3805587499.999999
12210.0	3794655249.999999
12220.0	3985354249.999999
12230.0	3964629749.9999986
12240.0	3922833249.9999995
12250.0	3984502499.9999986
12260.0	3990287999.999999
12270.0	3942776499.999999
12280.0	3835077499.999999
12290.0	3992934749.9999976
12300.0	3950117499.999999
12310.0	3994051249.999999
12320.0	3903354499.9999986
12330.0	3913633749.999999
12340.0	3981060749.9999986
12350.0	3905832999.999999
12360.0	3919392499.9999986
12370.0	3959608499.9999995
12380.0	3804358999.999999
12390.0	3685140499.9999995
12400.0	3836402999.9999986
12410.0	3720477749.9999995
12420.0	3784169249.9999986
12430.0	3762290249.999999
12440.0	3518010999.9999995
12450.0	3862355749.999999
12460.0	3850897499.999999
12470.0	3671298499.9999995
12480.0	3780956999.9999986
12490.0	3719905999.999999
12500.0	3648015249.999999
12510.0	3939717249.9999995
12520.0	3580402749.9999995
12530.0	3670412249.9999995
12540.0	3778937999.999999
12550.0	3790927499.999999
12560.0	3844075749.999999
12570.0	3849150249.999999
12580.0	3676445249.9999986
12590.0	3699654999.9999995
12600.0	3771187249.999999
12610.0	3863635499.9999986
12620.0	3674425499.9999986
12630.0	3657040749.999999
12640.0	3541014999.9999995
12650.0	3690517999.9999995
12660.0	3807064749.999999
12670.0	3787141999.9999995
12680.0	3728260499.9999995
12690.0	3717492499.999999
12700.0	3859100749.9999986
12710.0	3882533249.9999986
12720.0	3812841499.9999986
12730.0	3878936999.9999995
12740.0	3541300249.999999
12750.0	3739868249.9999995
12760.0	3742664499.9999986
12770.0	3708075749.999999
12780.0	3886252749.9999995
12790.0	3696423999.9999986
12800.0	3808235249.999999
12810.0	3821537499.9999995
12820.0	3776003749.9999995
12830.0	3748626749.999998
12840.0	3862845249.999999
12850.0	3728937999.9999995
12860.0	3602730749.9999986
12870.0	3702878999.9999995
12880.0	3779167749.9999995
12890.0	3759266249.9999995
12900.0	3556738999.9999995
12910.0	3710404999.999999
12920.0	3686242749.9999995
12930.0	3544338249.999999
12940.0	3708192999.999999
12950.0	3590975249.9999995
12960.0	3740773499.999999
12970.0	3792673999.9999995
12980.0	3752876499.999999
12990.0	3667859999.9999995
13000.0	3803310999.999999
13010.0	3684056249.999999
13020.0	3745523499.9999986
13030.0	3674424749.999999
13040.0	3734093499.9999995
13050.0	3717008499.9999986
13060.0	3787242999.9999995
13070.0	3588170749.999999
13080.0	3713089249.999999
13090.0	3521888499.9999986
13100.0	3545039249.9999995
13110.0	3719610249.9999995
13120.0	3710684999.9999995
13130.0	3468762249.999999
13140.0	3652656249.9999986
13150.0	3526960749.999999
13160.0	3581072499.999999
13170.0	3455550249.9999995
13180.0	3693387749.999999
13190.0	3718975499.999999
13200.0	3606007499.999999
13210.0	3738710999.999999
13220.0	3509003500.0
13230.0	3657876999.9999986
13240.0	3639386999.999999
13250.0	3483394499.9999986
13260.0	3572983999.999999
13270.0	3399815249.9999995
13280.0	3353327999.999999
13290.0	3514782999.9999995
13300.0	3593623499.9999986
13310.0	3442805750.0
13320.0	3165269249.9999995
13330.0	2998291999.9999995
13340.0	3303533749.9999986
13350.0	2004958999.9999993
13360.0	3066562999.999999
13370.0	2529393999.9999995
13380.0	2782855749.9999995
13390.0	2607918249.9999995
13400.0	3187474499.999999
13410.0	3329017249.999999
13420.0	3009398749.9999995
13430.0	2698554249.9999995
13440.0	2799774749.9999995
13450.0	2664274249.9999995
13460.0	3142320249.9999995
13470.0	2583057499.9999995
13480.0	2946567999.9999995
13490.0	2987329999.999999
13500.0	2735052249.9999995
13510.0	3119106749.9999995
13520.0	2377359999.9999995
13530.0	3309732499.999999
13540.0	2657633249.9999995
13550.0	2458360599.9999995
13560.0	2964937999.999999
13570.0	3152375999.999999
13580.0	3100389749.999999
13590.0	2658024749.9999995
13600.0	2954694249.9999995
13610.0	3061322749.999999
13620.0	2676063249.9999995
13630.0	2602025249.999999
13640.0	2810191249.9999995
13650.0	2927575749.9999995
13660.0	2834055250.0
13670.0	2631294999.9999995
13680.0	2801605249.9999986
13690.0	2562554999.999999
13700.0	2790676999.9999995
13710.0	2846002999.999999
13720.0	2940126749.999999
13730.0	3037895999.999999
13740.0	2818381499.9999995
13750.0	2733964999.9999995
13760.0	2782712499.9999995
13770.0	3093272999.9999995
13780.0	3105948749.9999986
13790.0	3089352749.999999
13800.0	3132996749.999999
13810.0	2843231249.9999995
13820.0	3089450249.9999995
13830.0	2731046499.999999
13840.0	3038209999.999999
13850.0	3090230499.999999
13860.0	2888610249.9999995
13870.0	2579782749.999999
13880.0	2802607999.9999995
13890.0	2586532599.9999995
13900.0	2607307999.9999995
13910.0	2249137499.9999995
13920.0	2566719749.9999995
13930.0	2411855749.9999995
13940.0	2629828499.9999995
13950.0	2325992249.999999
13960.0	2782115249.9999995
13970.0	2618386749.9999995
13980.0	2659408499.999999
13990.0	2863836499.999999
14000.0	2444319749.9999995
14010.0	2571156749.9999995
14020.0	2567793499.9999995
14030.0	2558979249.9999995
14040.0	2191306749.9999995
14050.0	2286803249.9999995
14060.0	2918335999.999999
14070.0	2569430499.999999
14080.0	2326454999.999999
14090.0	2616102249.999999
14100.0	2572864749.999999
14110.0	2729699749.9999995
14120.0	2605267499.9999995
14130.0	2758275749.999999
14140.0	2748830249.999999
14150.0	2442145499.9999995
14160.0	2413959249.999999
14170.0	2701722250.0
14180.0	2137413999.9999998
14190.0	2213142749.9999995
14200.0	2300994249.9999995
14210.0	2471607249.999999
14220.0	2352310249.999999
14230.0	2528868499.9999995
14240.0	2193412249.9999995
14250.0	2323475999.999999
14260.0	2075924999.9999998
14270.0	2221210499.9999995
14280.0	2500286749.9999995
14290.0	2249042500.0
14300.0	2627367249.999999
14310.0	2437226999.999999
14320.0	2537079249.9999995
14330.0	2535749999.9999995
14340.0	2614529249.999999
14350.0	2747011249.999999
14360.0	2512083749.9999995
14370.0	2486440749.9999995
14380.0	2281769499.9999995
14390.0	2405816249.999999
14400.0	2447456999.9999995
14410.0	2321553499.999999
14420.0	2303717999.9999995
14430.0	2677519250.0
14440.0	2412064499.9999995
14450.0	2376643750.0
14460.0	2649281249.9999995
14470.0	2456632999.999999
14480.0	2379774749.9999995
14490.0	2600963749.9999995
14500.0	2670959749.9999995
14510.0	2194461499.9999995
14520.0	2636425499.999999
14530.0	2289839249.9999995
14540.0	2262685249.9999995
14550.0	2419975499.9999995
14560.0	2085411249.9999995
14570.0	2242140249.9999995
14580.0	2600117749.999999
14590.0	2442712250.0
14600.0	2436740749.9999995
14610.0	2267395249.9999995
14620.0	2168768500.0
14630.0	1997011249.9999998
14640.0	2490814249.9999995
14650.0	2490782499.9999995
14660.0	2433551749.9999995
14670.0	2485814749.9999995
14680.0	2128576999.9999995
14690.0	2119000999.9999995
14700.0	2120847499.999999
14710.0	2296639499.9999995
14720.0	2536094999.9999995
14730.0	2449209249.999999
14740.0	2110428499.9999993
14750.0	2339196250.0
14760.0	2342670999.9999995
14770.0	2256819999.9999995
14780.0	2102693499.9999998
14790.0	2396213999.999999
14800.0	2418858999.9999995
14810.0	2427606499.9999995
14820.0	2200159250.0
14830.0	2414121249.9999995
14840.0	2641938249.9999995
14850.0	2266764249.9999995
14860.0	2215146499.9999995
14870.0	2492309499.9999995
14880.0	2098067499.999999
14890.0	2292387500.0
14900.0	2373792999.9999995
14910.0	2351769749.9999995
14920.0	2414851249.999999
14930.0	2161644249.999999
14940.0	2281017500.0
14950.0	2521019249.9999995
14960.0	2159802499.9999995
14970.0	2680019249.999999
14980.0	2298817500.0
14990.0	2579597499.9999995
15000.0	2290681249.9999995
15010.0	2273397249.999999
15020.0	2200946749.999999
15030.0	2364507750.0
15040.0	2300523499.9999995
15050.0	2347679000.0
15060.0	2334805999.9999995
15070.0	2290120000.0
15080.0	2445006499.9999995
15090.0	2535324249.999999
15100.0	2350449499.999999
15110.0	2466419249.9999995
15120.0	2395266999.9999995
15130.0	2222966250.0
15140.0	2242911749.999999
15150.0	1920265999.9999998
15160.0	2470311999.9999995
15170.0	2378585749.9999995
15180.0	2450867499.9999995
15190.0	2640941999.9999995
15200.0	2365249749.9999995
15210.0	2645635499.9999995
15220.0	2380935999.9999995
15230.0	2744387749.999999
15240.0	2426718499.9999995
15250.0	2456147749.9999995
15260.0	2327728499.9999995
15270.0	2277782000.0
15280.0	2285486999.9999995
15290.0	2270720499.9999995
15300.0	2369905749.9999995
15310.0	2378058499.9999995
15320.0	2224140000.0
15330.0	2341655249.9999995
15340.0	2504009999.9999995
15350.0	2412806000.0
15360.0	2434494499.9999995
15370.0	2380386499.9999995
15380.0	2255957999.9999995
15390.0	2319546499.999999
15400.0	2255747749.999999
15410.0	2319809499.999999
15420.0	2414781249.9999995
15430.0	2128834249.9999998
15440.0	2323431749.999999
15450.0	2326200999.9999995
15460.0	2350595499.999999
15470.0	2188747999.9999995
15480.0	2318223249.999999
15490.0	2258285999.9999995
15500.0	2495487749.9999995
15510.0	2106837249.9999998
15520.0	2374073749.9999995
15530.0	2383451749.9999995
15540.0	2438039499.9999995
15550.0	2277989499.9999995
15560.0	2319778749.9999995
15570.0	2227618749.999999
15580.0	2224504750.0
15590.0	2478156499.9999995
15600.0	2401728999.9999995
15610.0	2432095999.9999995
15620.0	2454576249.999999
15630.0	2396379999.9999995
15640.0	2541454999.9999995
15650.0	2370652499.999999
15660.0	2192521249.9999995
15670.0	2592414249.9999995
15680.0	2489701750.0
15690.0	2444545999.999999
15700.0	2466599749.9999995
15710.0	2529816749.999999
15720.0	2091564499.9999995
15730.0	2372862750.0
15740.0	2509189499.9999995
15750.0	2312950749.9999995
15760.0	2340881249.9999995
15770.0	2550846249.999999
15780.0	2565882249.9999995
15790.0	2603066999.999999
15800.0	2522311499.9999995
15810.0	2599230499.999999
15820.0	2469307999.9999995
15830.0	2436221249.9999995
15840.0	2365533999.9999995
15850.0	2402626999.999999
15860.0	2528724249.999999
15870.0	2533687249.9999995
15880.0	2544774499.9999995
15890.0	2426118249.999999
15900.0	1971348000.0
15910.0	2569883999.999999
15920.0	2564285999.9999995
15930.0	2488602749.9999995
15940.0	2591957999.999999
15950.0	2628527249.9999995
15960.0	2630848500.0
15970.0	2610417749.999999
15980.0	2492991500.0
15990.0	2491769999.9999995
16000.0	2619011749.9999995
16010.0	2422047999.9999995
16020.0	2499317749.999999
16030.0	2658752249.9999995
16040.0	2526080249.9999995
16050.0	2483488499.9999995
16060.0	2324219249.9999995
16070.0	2145906749.9999995
16080.0	2390128750.0
16090.0	2656334999.9999995
16100.0	2508483499.999999
16110.0	2557339249.9999995
16120.0	2622715249.9999995
16130.0	2592459499.9999995
16140.0	2470252499.9999995
16150.0	2514692749.999999
16160.0	2198406499.9999995
16170.0	2542015749.9999995
16180.0	2654739749.9999995
16190.0	2439044999.9999995
16200.0	2262981749.9999995
16210.0	2381141749.9999995
16220.0	2459594749.999999
16230.0	2284682749.9999995
16240.0	2435249749.9999995
16250.0	2305264749.9999995
16260.0	2336140999.9999995
16270.0	2446551000.0
16280.0	2493110999.9999995
16290.0	2513581750.0
16300.0	2433388999.9999995
16310.0	2478628749.9999995
16320.0	2493634500.0
16330.0	2581988249.9999995
16340.0	2458393249.9999995
16350.0	2313220249.9999995
16360.0	2491595749.9999995
16370.0	2504216750.0
16380.0	2552745499.9999995
16390.0	2532300249.999999
16400.0	2618063249.999999
16410.0	2421350499.999999
16420.0	2456366250.0
16430.0	2479774749.999999
16440.0	2501873750.0
16450.0	2375045999.9999995
16460.0	2621130249.9999995
16470.0	2568316749.999999
16480.0	2535149249.999999
16490.0	2617503249.999999
16500.0	2609227249.999999
16510.0	2606519749.999999
16520.0	2531901999.9999995
16530.0	2284424499.9999995
16540.0	2582230499.999999
16550.0	2512830249.999999
16560.0	2652829999.9999995
16570.0	2656191249.999999
16580.0	2598452749.9999995
16590.0	2437869999.9999995
16600.0	2629856250.0
16610.0	2147093749.9999993
16620.0	2506318999.9999995
16630.0	2588005249.9999995
16640.0	2523245249.9999995
16650.0	2605061749.9999995
16660.0	2603886999.9999995
16670.0	2558957999.9999995
16680.0	2540842000.0
16690.0	2538368749.999999
16700.0	2532875499.999999
16710.0	2312096250.0
16720.0	2407503749.9999995
16730.0	2530125499.9999995
16740.0	2614630250.0
16750.0	2387324499.9999995
16760.0	2400095749.9999995
16770.0	2407671999.9999995
16780.0	2598553499.9999995
16790.0	2550661749.999999
16800.0	2541669499.999999
16810.0	2570846749.9999995
16820.0	2577108749.9999995
16830.0	2579887499.9999995
16840.0	2501991249.999999
16850.0	2507893249.999999
16860.0	2611420749.999999
16870.0	2571449749.9999995
16880.0	2601665999.9999995
16890.0	2484324749.9999995
16900.0	2363011499.9999995
16910.0	2179632249.999999
16920.0	2453170249.999999
16930.0	2516252249.9999995
16940.0	2591562499.9999995
16950.0	2491858499.9999995
16960.0	2426181749.9999995
16970.0	2433781249.9999995
16980.0	2514190750.0
16990.0	2352144249.9999995
17000.0	2418494499.9999995
17010.0	2293404249.9999995
17020.0	2465383749.9999995
17030.0	2401047249.999999
17040.0	2413645749.9999995
17050.0	2403093250.0
17060.0	2421480250.0
17070.0	2171309749.9999995
17080.0	2255136249.9999995
17090.0	2291780249.9999995
17100.0	2409113499.999999
17110.0	2178638999.9999995
17120.0	2224513999.999999
17130.0	2364900250.0
17140.0	2296383999.999999
17150.0	2264217249.999999
17160.0	2295232749.9999995
17170.0	2278330500.0
17180.0	2185118249.9999995
17190.0	1977940499.9999993
17200.0	2247607749.9999995
17210.0	2159351499.999999
17220.0	2182630999.9999995
17230.0	2110708499.9999995
17240.0	2114242999.9999995
17250.0	2188620249.9999995
17260.0	2210728499.9999995
17270.0	1926180999.9999993
17280.0	2049218749.9999998
17290.0	2027508499.999999
17300.0	2081183249.9999993
17310.0	2060283749.9999995
17320.0	2191041249.999999
17330.0	2184854249.9999995
17340.0	2158473749.999999
17350.0	1819226249.9999995
17360.0	1914207749.9999995
17370.0	1773616749.9999995
17380.0	2239846249.9999995
17390.0	2153354250.0
17400.0	2089357999.9999998
17410.0	1881969499.9999995
17420.0	1768361249.9999995
17430.0	1974378249.9999995
17440.0	1927633999.9999995
17450.0	2041721249.9999995
17460.0	2042155249.9999998
17470.0	2107439749.9999995
17480.0	2068306249.999999
17490.0	2020121249.9999995
17500.0	2104425999.9999995
17510.0	2106904499.9999998
17520.0	1950515999.9999995
17530.0	1735699249.9999998
17540.0	2034898124.9999993
17550.0	1901562624.9999995
17560.0	1824314499.9999993
17570.0	2070394999.9999995
17580.0	1879417250.0
17590.0	1912250999.9999993
17600.0	1830159499.9999995
17610.0	1955089999.9999995
17620.0	1831130999.9999998
17630.0	1530811749.9999998
17640.0	2012491999.9999998
17650.0	1891024749.9999995
17660.0	2055871249.9999993
17670.0	1726581749.9999995
17680.0	1440029199.9999995
17690.0	1804315750.0
17700.0	2006857999.9999998
17710.0	1890573749.9999993
17720.0	1552862274.9999998
17730.0	1732598074.9999995
17740.0	1953015499.9999993
17750.0	1712438249.9999995
17760.0	1431327799.9999995
17770.0	1814313249.9999995
17780.0	1798377249.9999993
17790.0	1773154999.9999993
17800.0	1649232999.9999995
17810.0	1568477849.9999998
17820.0	1849014999.9999995
17830.0	1428270999.9999998
17840.0	1939138249.9999998
17850.0	1745245249.9999995
17860.0	1750926249.9999998
17870.0	1775357499.9999998
17880.0	1577874499.9999998
17890.0	1592907050.0
17900.0	1796838999.9999998
17910.0	1157807649.9999995
17920.0	1491999899.9999998
17930.0	1619019749.9999995
17940.0	1542301549.9999995
17950.0	1422577899.9999998
17960.0	1471283874.9999998
17970.0	1678235075.0
17980.0	1687078999.9999995
17990.0	1495718499.9999998
18000.0	1298182899.9999998
18010.0	1270917099.9999995
18020.0	1721957699.9999995
18030.0	1601953249.9999998
18040.0	1724133499.9999995
18050.0	1718392749.9999995
18060.0	1358363000.0
18070.0	1382032874.9999998
18080.0	1198303399.9999998
18090.0	1253077974.9999998
18100.0	1525451749.9999995
18110.0	1167243999.9999998
18120.0	1551800999.9999995
18130.0	1698463249.9999998
18140.0	1716844249.9999998
18150.0	1610352424.9999998
18160.0	1536116574.9999995
18170.0	1301600349.9999995
18180.0	1515520449.9999998
18190.0	1383328749.9999995
18200.0	1353362299.9999998
18210.0	1295750250.0
18220.0	1209777499.9999998
18230.0	1622960999.9999995
18240.0	1835746999.9999995
18250.0	1405799699.9999998
18260.0	1281360324.9999998
18270.0	1276774974.9999998
18280.0	1427957949.9999995
18290.0	1533768249.9999995
18300.0	1544313749.9999998
18310.0	1500217249.9999995
18320.0	1567481574.9999998
18330.0	1458440274.9999995
18340.0	1532813249.9999998
18350.0	1518872249.9999998
18360.0	1655146999.9999995
18370.0	1715838749.9999995
18380.0	1442576199.9999995
18390.0	1260649899.9999998
18400.0	1471815249.9999998
18410.0	1577694749.9999995
18420.0	1299194500.0
18430.0	1478459199.9999995
18440.0	1438007249.9999998
18450.0	1212238049.9999998
18460.0	1320362799.9999998
18470.0	1091037374.9999998
18480.0	1195174924.9999998
18490.0	1233443749.9999998
18500.0	1320954749.9999995
18510.0	1420620999.9999998
18520.0	1307083549.9999998
18530.0	1407808349.9999995
18540.0	1555841499.9999995
18550.0	1320977699.9999995
18560.0	1140460449.9999998
18570.0	1002068099.9999999
18580.0	1193387249.9999998
18590.0	1223823150.0000002
18600.0	1135275874.9999998
18610.0	1471130174.9999995
18620.0	1357784799.9999995
18630.0	1199093649.9999998
18640.0	1275971599.9999998
18650.0	1282846999.9999995
18660.0	1473722499.9999995
18670.0	1379733249.9999998
18680.0	1019558649.9999998
18690.0	1375954299.9999995
18700.0	1372423999.9999998
18710.0	1470885749.9999995
18720.0	1323025774.9999995
18730.0	1148274724.9999998
18740.0	1320289649.9999998
18750.0	1069737099.9999999
18760.0	1341985749.9999998
18770.0	1415191499.9999998
18780.0	1367915749.9999995
18790.0	1070679350.0
18800.0	1222331524.9999998
18810.0	1207883574.9999998
18820.0	1449182499.9999995
18830.0	1452452749.9999995
18840.0	1242883299.9999998
18850.0	1139900349.9999998
18860.0	1314832599.9999995
18870.0	1112797124.9999998
18880.0	1358278624.9999998
18890.0	1324456049.9999998
18900.0	1476802249.9999995
18910.0	1451839499.9999998
18920.0	1187281449.9999998
18930.0	1221478549.9999998
18940.0	1398625749.9999998
18950.0	1416067999.9999995
18960.0	1277120899.9999995
18970.0	1326459249.9999998
18980.0	1251644249.9999998
18990.0	1339153999.9999995
19000.0	1176676524.9999998
19010.0	1203051874.9999998
19020.0	1280469299.9999998
19030.0	1295236999.9999998
19040.0	1307250199.9999995
19050.0	1374427749.9999995
19060.0	1338159249.9999998
19070.0	1224388199.9999998
19080.0	1464685449.9999998
19090.0	1210591249.9999995
19100.0	1394506174.9999998
19110.0	1086176699.9999998
19120.0	1417169824.9999998
19130.0	1313410249.9999998
19140.0	1393915499.9999998
19150.0	1531133999.9999998
19160.0	1187977349.9999995
19170.0	1246668749.9999998
19180.0	1307402749.9999998
19190.0	1436050749.9999998
19200.0	1259036599.9999998
19210.0	1142130024.9999995
19220.0	1290099524.9999995
19230.0	1257168099.9999995
19240.0	1159975549.9999995
19250.0	1348667499.9999995
19260.0	1256043849.9999995
19270.0	1237839649.9999998
19280.0	1435204249.9999998
19290.0	1390352499.9999998
19300.0	1334415499.9999998
19310.0	986587599.9999996
19320.0	1207135499.9999998
19330.0	1185198749.9999998
19340.0	1193645549.9999998
19350.0	1337621749.9999998
19360.0	1261723499.9999995
19370.0	1388506249.9999993
19380.0	1146450849.9999995
19390.0	1289383349.9999995
19400.0	1207561499.9999995
19410.0	1338908249.9999998
19420.0	1304402749.9999995
19430.0	1086033999.9999998
19440.0	1166812949.9999995
19450.0	995055924.9999996
19460.0	882589674.9999998
19470.0	1270457824.9999998
19480.0	1123605174.9999995
19490.0	1092348974.9999998
19500.0	1242485299.9999998
19510.0	1065439574.9999996
19520.0	1116298724.9999998
19530.0	1136168449.9999998
19540.0	1297936974.9999998
19550.0	1087548999.9999998
19560.0	952879349.9999998
19570.0	1242820800.0
19580.0	1340562749.9999998
19590.0	1296730449.9999995
19600.0	841602974.9999999
19610.0	1197704049.9999998
19620.0	1241615199.9999998
19630.0	1298794424.9999998
19640.0	1214338150.0
19650.0	1370207499.9999998
19660.0	1401508899.9999998
19670.0	1414071749.9999998
19680.0	1255144499.9999998
19690.0	1275788299.9999998
19700.0	1149210799.9999998
19710.0	1309984299.9999998
19720.0	1405970749.9999998
19730.0	1324460499.9999995
19740.0	1083799749.9999998
19750.0	1322249150.0
19760.0	986516099.9999995
19770.0	1185031549.9999998
19780.0	922026724.9999996
19790.0	1179304249.9999998
19800.0	1189836374.9999998
19810.0	1189279299.9999998
19820.0	1116260825.0
19830.0	1258547224.9999998
19840.0	1198963349.9999998
19850.0	1035998749.9999998
19860.0	1136238974.9999998
19870.0	1036877574.9999996
19880.0	1078591549.9999998
19890.0	1284885149.9999998
19900.0	1072943249.9999999
19910.0	981913449.9999998
19920.0	1019584099.9999998
19930.0	1248214449.9999995
19940.0	1220812824.9999998
19950.0	1149517924.9999995
19960.0	1182692999.9999995
19970.0	1077276450.0
19980.0	1152730474.9999998
19990.0	1237148049.9999995
20000.0	1128600099.9999998
20010.0	951674474.9999999
20020.0	1173227699.9999998
20030.0	1170403399.9999995
20040.0	1185824799.9999998
20050.0	1048457924.9999998
20060.0	1133014349.9999998
20070.0	1025554574.9999998
20080.0	1418440874.9999995
20090.0	1047688949.9999996
20100.0	1262148874.9999998
20110.0	1122748100.0
20120.0	1147159874.9999998
20130.0	1166646974.9999995
20140.0	1007116874.9999996
20150.0	1138030975.0
20160.0	1148041724.9999998
20170.0	1149092374.9999998
20180.0	1175140025.0
20190.0	1138090274.9999998
20200.0	1015014524.9999999
20210.0	1188721524.9999995
20220.0	1126009074.9999995
20230.0	1178959474.9999998
20240.0	1403406249.9999995
20250.0	1156375750.0
20260.0	923553649.9999996
20270.0	949811049.9999999
20280.0	1066624099.9999998
20290.0	1018012349.9999999
20300.0	1072060524.9999999
20310.0	894243375.0000001
20320.0	1195929874.9999998
20330.0	1173957624.9999995
20340.0	1082440600.0
20350.0	1191599249.9999998
20360.0	990856949.9999999
20370.0	1246044499.9999998
20380.0	1166508249.9999998
20390.0	1013486474.9999999
20400.0	1072397524.9999996
20410.0	1012871524.9999999
20420.0	1186356174.9999998
20430.0	1224781424.9999998
20440.0	969029774.9999998
20450.0	1026111999.9999998
20460.0	1196344499.9999998
20470.0	1039529724.9999996
20480.0	1086574299.9999998
20490.0	1000234574.9999999
20500.0	1083002899.9999998
20510.0	1245585150.0
20520.0	1130366199.9999995
20530.0	1145620699.9999995
20540.0	1135260250.0
20550.0	964992374.9999998
20560.0	950560724.9999998
20570.0	1130498699.9999998
20580.0	1260706749.9999998
20590.0	1064124874.9999995
20600.0	1218870924.9999998
20610.0	959637349.9999998
20620.0	1124783699.9999998
20630.0	1113549049.9999998
20640.0	980898249.9999999
20650.0	1053459024.9999998
20660.0	1046452124.9999999
20670.0	1088901449.9999998
20680.0	1047047349.9999998
20690.0	1069062449.9999999
20700.0	1100080099.9999998
20710.0	1227334249.9999998
20720.0	1129479349.9999998
20730.0	1128899050.0
20740.0	993512949.9999999
20750.0	1122629749.9999998
20760.0	1099510624.9999998
20770.0	1012977074.9999999
20780.0	1015113199.9999998
20790.0	1122191599.9999998
20800.0	1037491899.9999998
20810.0	997925599.9999998
20820.0	1115000249.9999998
20830.0	1056464449.9999996
20840.0	1118304850.0
20850.0	1043923399.9999996
20860.0	1124093324.9999995
20870.0	970992074.9999998
20880.0	1161957049.9999998
20890.0	1089100174.9999998
20900.0	1019895724.9999998
20910.0	1168315499.9999995
20920.0	1084696849.9999998
20930.0	1161061899.9999998
20940.0	1008890224.9999999
20950.0	1055217649.9999998
20960.0	1111365249.9999995
20970.0	981683074.9999998
20980.0	1188997499.9999998
20990.0	1114393774.9999998
21000.0	1069757949.9999996
21010.0	1120958574.9999998
21020.0	1069789924.9999998
21030.0	994891699.9999996
21040.0	1119406874.9999998
21050.0	1103505224.9999998
21060.0	1101150399.9999998
21070.0	1090220224.9999998
21080.0	1098366274.9999998
21090.0	1036004599.9999999
21100.0	1132458599.9999998
21110.0	1187798199.9999998
21120.0	1007006724.9999999
21130.0	1023507399.9999995
21140.0	1082536449.9999998
21150.0	1064135349.9999995
21160.0	1075590225.0
21170.0	1065015424.9999996
21180.0	1123866249.9999998
21190.0	1061166699.9999996
21200.0	1106246924.9999998
21210.0	1056247274.9999999
21220.0	993765349.9999996
21230.0	1165394949.9999998
21240.0	1109967200.0
21250.0	1062104249.9999998
21260.0	1110892449.9999998
21270.0	1111465000.0
21280.0	1105797749.9999998
21290.0	1041831249.9999999
21300.0	1126588999.9999998
21310.0	1081635549.9999998
21320.0	1129913249.9999998
21330.0	1091911500.0
21340.0	1142649499.9999998
21350.0	1157857499.9999995
21360.0	1066588299.9999996
21370.0	1078818524.9999998
21380.0	1049997475.0
21390.0	1110592849.9999998
21400.0	1063657874.9999996
21410.0	1139452249.9999998
21420.0	1124011750.0
21430.0	1041326774.9999996
21440.0	1139107249.9999998
21450.0	1116015999.9999998
21460.0	1096155899.9999998
21470.0	1131929500.0
21480.0	1100132349.9999998
21490.0	1048107749.9999998
21500.0	1031362749.9999999
21510.0	1128095924.9999998
21520.0	1115558974.9999998
21530.0	1064390500.0
21540.0	1083820949.9999998
21550.0	1152195999.9999998
21560.0	1095029749.9999998
21570.0	1109798499.9999998
21580.0	1019055349.9999996
21590.0	1098298674.9999998
21600.0	1136042875.0
21610.0	1146603499.9999998
21620.0	1095178499.9999998
21630.0	1097551599.9999998
21640.0	1112377424.9999998
21650.0	1140370024.9999998
21660.0	1066629249.9999998
21670.0	1113624750.0
21680.0	1103576999.9999998
21690.0	1125989499.9999998
21700.0	1073277999.9999998
21710.0	1087376575.0
21720.0	1119590524.9999998
21730.0	1110955399.9999998
21740.0	1055143749.9999998
21750.0	1110730249.9999998
21760.0	1069094749.9999998
21770.0	1110526999.9999998
21780.0	1080707500.0
21790.0	1064105874.9999995
21800.0	1089352874.9999998
21810.0	1094635649.9999998
21820.0	1096031250.0
21830.0	1072381499.9999998
21840.0	1095986249.9999998
21850.0	1096424499.9999998
21860.0	1114374999.9999995
21870.0	1111801749.9999998
21880.0	1087249999.9999998
21890.0	1106241000.0
21900.0	1097214499.9999998
21910.0	1142257249.9999998
21920.0	1094722099.9999998
21930.0	1076346499.9999995
21940.0	1088520999.9999995
21950.0	1097357499.9999998
21960.0	1161058750.0
21970.0	1125790749.9999998
21980.0	1102418499.9999998
21990.0	1082970650.0
22000.0	1127037999.9999995
22010.0	1113137499.9999998
22020.0	1143358999.9999998
22030.0	1049792949.9999998
22040.0	1083281249.9999998
22050.0	1104132674.9999998
22060.0	964802349.9999998
22070.0	1090568324.9999995
22080.0	1108215499.9999998
22090.0	1006480699.9999996
22100.0	1088655900.0
22110.0	1066280300.0
22120.0	1123632999.9999998
22130.0	1114664499.9999995
22140.0	1160199249.9999998
22150.0	1083057049.9999998
22160.0	1129843999.9999998
22170.0	1092459649.9999998
22180.0	1113864999.9999998
22190.0	1065210149.9999998
22200.0	1038283649.9999999
22210.0	1066987699.9999996
22220.0	1082404199.9999998
22230.0	1076440699.9999998
22240.0	1105794499.9999998
22250.0	1129403250.0
22260.0	1114301500.0
22270.0	1124832649.9999995
22280.0	976128599.9999999
22290.0	1103099499.9999998
22300.0	1047999574.9999998
22310.0	1125244524.9999998
22320.0	1118241999.9999995
22330.0	1091587899.9999998
22340.0	1117821124.9999998
22350.0	1107738449.9999998
22360.0	1037489074.9999999
22370.0	1100931350.0
22380.0	1115456499.9999998
22390.0	1047747799.9999998
22400.0	1144796500.0
22410.0	1131644999.9999998
22420.0	1111434749.9999998
22430.0	1112671924.9999998
22440.0	1090680474.9999998
22450.0	1026187449.9999998
22460.0	1113871499.9999998
22470.0	1130769750.0
22480.0	1126058250.0
22490.0	1090380249.9999998
22500.0	1118988249.9999998
22510.0	1140938249.9999995
22520.0	1104267749.9999998
22530.0	1061300399.9999999
22540.0	1093362749.9999995
22550.0	1023995299.9999996
22560.0	1093766549.9999998
22570.0	1116458900.0
22580.0	1057346849.9999999
22590.0	1089554249.9999998
22600.0	1086714549.9999998
22610.0	1054926149.9999999
22620.0	1057136399.9999996
22630.0	968975549.9999996
22640.0	1073475999.9999996
22650.0	1106580249.9999995
22660.0	1053234374.9999999
22670.0	1111290374.9999998
22680.0	1117675499.9999998
22690.0	1082558000.0
22700.0	1026387424.9999999
22710.0	1097915525.0
22720.0	1069205349.9999998
22730.0	1105968249.9999998
22740.0	1062877599.9999998
22750.0	1120157500.0
22760.0	1086929749.9999998
22770.0	1097554999.9999995
22780.0	1080791574.9999998
22790.0	1014196849.9999996
22800.0	1048935124.9999996
22810.0	1062476099.9999996
22820.0	1081824749.9999998
22830.0	1037752349.9999998
22840.0	1060251499.9999998
22850.0	1079559249.9999998
22860.0	1080200749.9999998
22870.0	1068180649.9999999
22880.0	1090810849.9999998
22890.0	1069207499.9999996
22900.0	1104355999.9999998
22910.0	1107953249.9999998
22920.0	1069306250.0
22930.0	1086221224.9999998
22940.0	742836749.9999999
22950.0	876738999.9999998
22960.0	879247749.9999998
22970.0	904791974.9999998
22980.0	987069424.9999999
22990.0	1034679274.9999996
23000.0	909615024.9999998
23010.0	1006863174.9999996
23020.0	1051091499.9999998
23030.0	908595899.9999998
23040.0	1053618899.9999998
23050.0	900925599.9999996
23060.0	951482074.9999998
23070.0	918961274.9999999
23080.0	966538099.9999999
23090.0	1039454199.9999998
23100.0	1039160699.9999996
23110.0	994635574.9999999
23120.0	1059288624.9999999
23130.0	1057460999.9999998
23140.0	1053103574.9999998
23150.0	815403574.9999998
23160.0	1015248524.9999996
23170.0	1055147574.9999996
23180.0	1014675474.9999999
23190.0	1034442324.9999998
23200.0	971605624.9999998
23210.0	840765724.9999999
23220.0	977949324.9999999
23230.0	723730624.9999999
23240.0	782902674.9999998
23250.0	769372424.9999999
23260.0	907252174.9999998
23270.0	868342949.9999998
23280.0	974410549.9999998
23290.0	875555774.9999998
23300.0	877185999.9999999
23310.0	883237224.9999998
23320.0	949197824.9999999
23330.0	967545574.9999996
23340.0	868534949.9999998
23350.0	858590824.9999998
23360.0	866303899.9999999
23370.0	842807974.9999999
23380.0	860202849.9999996
23390.0	847537074.9999996
23400.0	868337774.9999998
23410.0	989600449.9999996
23420.0	883453674.9999998
23430.0	998745149.9999999
23440.0	1016017199.9999998
23450.0	788747149.9999998
23460.0	993261099.9999999
23470.0	886056849.9999999
23480.0	874583699.9999998
23490.0	953635799.9999998
23500.0	940447074.9999999
23510.0	876347749.9999998
23520.0	855986550.0
23530.0	717082874.9999999
23540.0	799716149.9999999
23550.0	791247124.9999999
23560.0	833598624.9999998
23570.0	927294349.9999999
23580.0	799872575.0
23590.0	812166399.9999999
23600.0	939794449.9999998
23610.0	765672599.9999999
23620.0	780289474.9999999
23630.0	768970499.9999998
23640.0	823206049.9999999
23650.0	901623599.9999998
23660.0	913600349.9999998
23670.0	859208524.9999999
23680.0	683191724.9999998
23690.0	908751424.9999998
23700.0	864232449.9999998
23710.0	808676749.9999998
23720.0	955855374.9999998
23730.0	929758574.9999998
23740.0	740587399.9999998
23750.0	875940124.9999998
23760.0	825945649.9999999
23770.0	789840149.9999998
23780.0	775858874.9999999
23790.0	813683624.9999998
23800.0	884550599.9999998
23810.0	738444149.9999999
23820.0	826820124.9999998
23830.0	706004249.9999998
23840.0	752158699.9999998
23850.0	833740524.9999999
23860.0	795368199.9999999
23870.0	676386575.0
23880.0	653466199.9999998
23890.0	848511449.9999998
23900.0	805619774.9999999
23910.0	780596324.9999999
23920.0	610551299.9999998
23930.0	649052274.9999998
23940.0	823279674.9999998
23950.0	778213949.9999999
23960.0	730219974.9999999
23970.0	717582149.9999999
23980.0	722929549.9999998
23990.0	805465099.9999998
24000.0	790798549.9999996
24010.0	667052025.0
24020.0	705451624.9999999
24030.0	665140549.9999999
24040.0	781176950.0
24050.0	732815974.9999999
24060.0	722635624.9999999
24070.0	606642624.9999999
24080.0	758053799.9999999
24090.0	815440474.9999998
24100.0	617944124.9999999
24110.0	725812025.0
24120.0	734492049.9999999
24130.0	772515049.9999998
24140.0	669978349.9999999
24150.0	715278024.9999998
24160.0	762584224.9999998
24170.0	718744474.9999998
24180.0	595453599.9999998
24190.0	822070799.9999996
24200.0	711776100.0
24210.0	692780699.9999998
24220.0	569192674.9999998
24230.0	722625099.9999998
24240.0	756859274.9999999
24250.0	645260824.9999999
24260.0	686499049.9999998
24270.0	763369199.9999999
24280.0	681305700.0
24290.0	694635424.9999999
24300.0	683291074.9999998
24310.0	542404574.9999999
24320.0	706005874.9999999
24330.0	722771699.9999999
24340.0	565942574.9999999
24350.0	590120549.9999999
24360.0	689883474.9999999
24370.0	523814924.99999994
24380.0	595620299.9999998
24390.0	713589374.9999999
24400.0	603889824.9999999
24410.0	620383199.9999998
24420.0	648228299.9999999
24430.0	642979349.9999998
24440.0	543355649.9999999
24450.0	560417524.9999999
24460.0	596585974.9999998
24470.0	662245899.9999999
24480.0	677551049.9999999
24490.0	695381324.9999999
24500.0	618629774.9999999
24510.0	727469124.9999999
24520.0	521730349.9999999
24530.0	614547025.0
24540.0	493287724.99999994
24550.0	574825799.9999999
24560.0	617659074.9999998
24570.0	585974449.9999999
24580.0	625268549.9999999
24590.0	650778549.9999999
24600.0	579101824.9999999
24610.0	474551749.9999999
24620.0	602896824.9999999
24630.0	629024099.9999999
24640.0	709254774.9999999
24650.0	559886875.0
24660.0	482447999.9999999
24670.0	602655700.0
24680.0	437434549.9999999
24690.0	618427999.9999999
24700.0	586574199.9999999
24710.0	488479499.9999998
24720.0	554478274.9999999
24730.0	606931774.9999998
24740.0	400706999.99999994
24750.0	501997124.9999998
24760.0	513892524.9999999
24770.0	633227349.9999999
24780.0	622865149.9999999
24790.0	500291099.99999994
24800.0	583773625.0
24810.0	473899699.9999999
24820.0	518329124.9999998
24830.0	427214849.9999998
24840.0	581386124.9999999
24850.0	566332024.9999999
24860.0	526824099.9999999
24870.0	530139574.9999998
24880.0	516031699.99999994
24890.0	460596124.9999999
24900.0	472610724.9999999
24910.0	447029724.99999994
24920.0	535357949.99999994
24930.0	479739224.9999999
24940.0	570066699.9999998
24950.0	551762849.9999999
24960.0	543902099.9999999
24970.0	524336749.99999994
24980.0	461796799.9999999
24990.0	517981449.9999998
25000.0	561741399.9999999
25010.0	499343174.9999999
25020.0	487019899.9999999
25030.0	443684649.9999998
25040.0	466960999.9999999
25050.0	471528974.9999999
25060.0	416725224.99999994
25070.0	425407149.99999994
25080.0	452029374.9999999
25090.0	557235999.9999999
25100.0	527151674.9999999
25110.0	484703574.9999998
25120.0	525945949.9999999
25130.0	401418824.99999994
25140.0	440156999.99999994
25150.0	504121024.9999998
25160.0	480335899.9999999
25170.0	563597749.9999999
25180.0	521014749.9999999
25190.0	520891249.9999998
25200.0	477513099.99999994
25210.0	483452899.99999994
25220.0	475691499.99999994
25230.0	515448149.9999999
25240.0	430553199.9999999
25250.0	483229999.9999998
25260.0	481814524.9999999
25270.0	486595574.9999998
25280.0	445574549.9999998
25290.0	462803149.9999998
25300.0	434668024.9999998
25310.0	539262574.9999999
25320.0	557966124.9999999
25330.0	387721149.9999999
25340.0	550360449.9999998
25350.0	467707449.99999994
25360.0	400993424.99999994
25370.0	529550349.9999998
25380.0	570065674.9999998
25390.0	487346199.9999999
25400.0	496116074.9999999
25410.0	452969474.99999994
25420.0	434498674.9999999
25430.0	486340399.9999999
25440.0	462106050.0
25450.0	527617574.99999994
25460.0	463655699.9999999
25470.0	507889649.9999999
25480.0	462364074.99999994
25490.0	467891849.9999999
25500.0	502744324.99999994
25510.0	459200224.9999998
25520.0	480382149.99999994
25530.0	435147074.9999999
25540.0	528096074.9999998
25550.0	482617924.99999994
25560.0	510522799.99999994
25570.0	501368324.9999999
25580.0	569215149.9999998
25590.0	528765824.9999999
25600.0	453339325.0
25610.0	448273399.99999994
25620.0	491327049.9999998
25630.0	424418099.99999994
25640.0	407017049.99999994
25650.0	447049699.9999998
25660.0	417124199.99999994
25670.0	459780974.9999998
25680.0	496246975.0
25690.0	493716224.9999999
25700.0	452969449.99999994
25710.0	528948599.9999999
25720.0	482899049.9999999
25730.0	563674774.9999998
25740.0	358338374.9999999
25750.0	492803425.0
25760.0	416919274.9999999
25770.0	376289024.99999994
25780.0	439414424.99999976
25790.0	436684624.99999994
25800.0	486635199.99999994
25810.0	494162874.9999999
25820.0	441646975.0
25830.0	398031224.9999998
25840.0	466370699.9999998
25850.0	453038349.9999999
25860.0	520779199.9999999
25870.0	398315349.99999994
25880.0	433324949.9999999
25890.0	447978274.9999998
25900.0	426258624.99999994
25910.0	454046174.9999998
25920.0	489679174.9999999
25930.0	325228874.9999999
25940.0	450602374.9999999
25950.0	466260999.9999998
25960.0	446102974.9999999
25970.0	442067775.0
25980.0	371850874.99999994
25990.0	476115775.0
