# Flux units: erg / (cm m2 s)
# Wavelength units: Angstrom
wave	flux
7000.0	1206696399999999.8
7010.0	1252663949999999.5
7020.0	1297499149999999.8
7030.0	1608204749999999.5
7040.0	1387621249999999.5
7050.0	1499977899999999.8
7060.0	793604474999999.6
7070.0	733956149999999.8
7080.0	984140774999999.9
7090.0	816061949999999.9
7100.0	794642874999999.8
7110.0	785828974999999.9
7120.0	916562049999999.6
7130.0	779304224999999.9
7140.0	719231524999999.8
7150.0	769963249999999.9
7160.0	838338524999999.6
7170.0	806391149999999.8
7180.0	927268474999999.9
7190.0	902431199999999.8
7200.0	977097574999999.8
7210.0	835478949999999.9
7220.0	1020702674999999.9
7230.0	1087620249999999.6
7240.0	1071652749999999.8
7250.0	1329820249999999.8
7260.0	1341718499999999.8
7270.0	1232419499999999.8
7280.0	1392662749999999.5
7290.0	1447839749999999.5
7300.0	2077080499999999.0
7310.0	1725476249999999.8
7320.0	2057909999999999.8
7330.0	2361260249999999.5
7340.0	1744424049999999.8
7350.0	1339824149999999.5
7360.0	1636294249999999.8
7370.0	2220926249999999.5
7380.0	1941624249999999.5
7390.0	1500503999999999.8
7400.0	1656800699999999.2
7410.0	1411460774999999.8
7420.0	970035224999999.8
7430.0	1462191749999999.5
7440.0	1528629999999999.8
7450.0	887576249999999.9
7460.0	1073431074999999.8
7470.0	1266208124999999.8
7480.0	1261216249999999.8
7490.0	1539604999999999.5
7500.0	2010423999999999.2
7510.0	1566775999999999.8
7520.0	1669031249999999.5
7530.0	2110660499999999.0
7540.0	2187692999999999.8
7550.0	2491895749999999.5
7560.0	3071473499999999.5
7570.0	3523798249999999.0
7580.0	2882435749999999.0
7590.0	2233024749999999.0
7600.0	1481148999999999.5
7610.0	1857918000000000.0
7620.0	2262778749999999.5
7630.0	1750939499999999.5
7640.0	1818490249999999.2
7650.0	1595912499999999.8
7660.0	1219779470000000.0
7670.0	569243099999999.9
7680.0	1455400999999999.8
7690.0	1530578499999999.8
7700.0	681165775000000.0
7710.0	1441873874999999.5
7720.0	1675594749999999.8
7730.0	1904535249999999.8
7740.0	2340362999999999.5
7750.0	2068327999999999.5
7760.0	1980336749999999.5
7770.0	1703575999999999.8
7780.0	1962118249999999.8
7790.0	2052470249999999.2
7800.0	2345887250000000.0
7810.0	2632744999999999.5
7820.0	2809610499999999.0
7830.0	2528268749999999.5
7840.0	2196915499999999.5
7850.0	2597842749999999.0
7860.0	2577244499999999.0
7870.0	2438632499999999.5
7880.0	3183507999999999.0
7890.0	3154195749999999.5
7900.0	2904608749999999.5
7910.0	2916963999999999.0
7920.0	2510654249999999.5
7930.0	2650758499999999.5
7940.0	2610799999999999.5
7950.0	2498420249999999.5
7960.0	3380750499999999.0
7970.0	3398917249999999.0
7980.0	3582235999999999.0
7990.0	3072664749999999.0
8000.0	3160733749999999.5
8010.0	2787748499999999.5
8020.0	3690136999999999.5
8030.0	4042353249999998.0
8040.0	4735426999999999.0
8050.0	3592832499999999.5
8060.0	3626566999999999.0
8070.0	4345336999999999.5
8080.0	6012123999999999.0
8090.0	6102810499999999.0
8100.0	7491191749999998.0
8110.0	8048994249999999.0
8120.0	1.0454358999999998e+16
8130.0	1.1300801499999996e+16
8140.0	1.3046198999999996e+16
8150.0	1.4453187999999996e+16
8160.0	1.4096607999999994e+16
8170.0	1.1148104499999994e+16
8180.0	1.3465133999999996e+16
8190.0	9737485999999998.0
8200.0	6914908499999998.0
8210.0	5452113999999998.0
8220.0	8793288499999997.0
8230.0	5995426749999999.0
8240.0	9100905249999998.0
8250.0	8995503999999999.0
8260.0	7594072999999999.0
8270.0	7018315499999998.0
8280.0	6810658249999999.0
8290.0	4400582999999999.5
8300.0	4903803749999999.0
8310.0	4438529249999999.5
8320.0	4294355249999998.5
8330.0	4981266499999999.0
8340.0	6057266999999998.0
8350.0	5266103250000000.0
8360.0	5435187249999999.0
8370.0	5655404499999997.0
8380.0	7131795999999999.0
8390.0	4985648749999999.0
8400.0	5383549249999998.0
8410.0	7786250999999997.0
8420.0	5913399249999999.0
8430.0	7200728999999998.0
8440.0	3463215999999999.5
8450.0	3038086749999999.0
8460.0	3001740499999999.0
8470.0	3052581499999999.5
8480.0	3226491499999999.5
8490.0	2977088499999999.0
8500.0	3302073999999999.5
8510.0	3339307999999999.0
8520.0	3380057999999998.5
8530.0	3491239249999999.0
8540.0	2998554749999999.5
8550.0	3484976499999999.0
8560.0	3883206999999999.0
8570.0	3645432499999999.5
8580.0	4131199499999998.5
8590.0	3370523250000000.0
8600.0	3341829749999998.5
8610.0	3569668999999999.5
8620.0	4210330749999998.0
8630.0	4230633499999999.0
8640.0	3688804749999999.5
8650.0	3750011249999998.5
8660.0	4459279499999998.5
8670.0	4205196499999999.0
8680.0	3763028749999999.0
8690.0	4373572499999999.0
8700.0	4040539499999999.0
8710.0	4503419249999999.0
8720.0	4519970749999998.0
8730.0	5334578999999998.0
8740.0	5613098250000000.0
8750.0	5347116999999999.0
8760.0	7551995249999998.0
8770.0	6866632999999998.0
8780.0	7755987999999997.0
8790.0	8628422249999999.0
8800.0	9050172999999996.0
8810.0	9208634749999998.0
8820.0	1.1677534999999998e+16
8830.0	1.2412583499999998e+16
8840.0	1.0647424499999996e+16
8850.0	1.3813767499999994e+16
8860.0	9382781499999998.0
8870.0	5425441749999999.0
8880.0	4728224999999999.0
8890.0	5557201249999999.0
8900.0	5901735999999998.0
8910.0	6595775249999997.0
8920.0	4845318249999998.0
8930.0	8065693999999998.0
8940.0	6836387499999998.0
8950.0	6737125749999999.0
8960.0	6173799999999999.0
8970.0	6516984249999998.0
8980.0	8662861499999999.0
8990.0	7990381749999999.0
9000.0	6111732249999998.0
9010.0	1.2333690999999998e+16
9020.0	1.0659657999999998e+16
9030.0	8905075499999999.0
9040.0	7764589249999997.0
9050.0	1.1194767499999998e+16
9060.0	1.0303567749999996e+16
9070.0	1.0196637499999998e+16
9080.0	1.7636265999999992e+16
9090.0	1.5780719999999994e+16
9100.0	1.49198e+16
9110.0	1.5839264749999998e+16
9120.0	2.4960686749999996e+16
9130.0	2.1516187499999996e+16
9140.0	1.8773822499999996e+16
9150.0	2.257659199999999e+16
9160.0	2.7880802499999996e+16
9170.0	2.7292969999999988e+16
9180.0	2.5699093499999996e+16
9190.0	2.766653199999999e+16
9200.0	2.0241747499999996e+16
9210.0	1.7619073249999994e+16
9220.0	1.2577809749999998e+16
9230.0	1.0028882499999998e+16
9240.0	6925165999999998.0
9250.0	9569348500000000.0
9260.0	9497256499999998.0
9270.0	8427602999999997.0
9280.0	6691644999999998.0
9290.0	7089312749999998.0
9300.0	7207470999999998.0
9310.0	6772503999999999.0
9320.0	7358503749999997.0
9330.0	7078525999999998.0
9340.0	1.0591127999999998e+16
9350.0	7194185749999998.0
9360.0	8840612749999998.0
9370.0	7707957499999998.0
9380.0	1.1041160749999996e+16
9390.0	8650020999999997.0
9400.0	1.0394574749999998e+16
9410.0	1.0140636999999996e+16
9420.0	1.3614621499999996e+16
9430.0	1.3782074749999996e+16
9440.0	9977197499999996.0
9450.0	1.0981116249999998e+16
9460.0	1.1762674499999998e+16
9470.0	1.0339074999999998e+16
9480.0	1.5207714999999996e+16
9490.0	1.8762094999999996e+16
9500.0	1.3578421499999998e+16
9510.0	1.4316502499999996e+16
9520.0	1.7741895e+16
9530.0	1.5545099999999996e+16
9540.0	1.8756583999999996e+16
9550.0	1.8634517999999996e+16
9560.0	1.8763622499999996e+16
9570.0	1.7440567499999994e+16
9580.0	2.9751464999999996e+16
9590.0	2.5512572499999996e+16
9600.0	1.9649324999999996e+16
9610.0	2.4833824999999996e+16
9620.0	2.1114790499999996e+16
9630.0	2.838016249999999e+16
9640.0	2.0933374999999996e+16
9650.0	2.2870710999999996e+16
9660.0	3.12387875e+16
9670.0	3.238026999999999e+16
9680.0	2.831088249999999e+16
9690.0	2.837675999999999e+16
9700.0	3.4594424999999996e+16
9710.0	3.3932057499999996e+16
9720.0	2.738179999999999e+16
9730.0	2.2477872499999996e+16
9740.0	2.107088749999999e+16
9750.0	1.977477699999999e+16
9760.0	2.252796749999999e+16
9770.0	2.2168444999999996e+16
9780.0	1.7562551249999996e+16
9790.0	2.0650668749999996e+16
9800.0	3.1574557499999988e+16
9810.0	1.8942134999999996e+16
9820.0	1.6007667499999996e+16
9830.0	1.5796601249999998e+16
9840.0	2.0751126249999996e+16
9850.0	1.81014325e+16
9860.0	2.1894707499999996e+16
9870.0	1.7903197499999998e+16
9880.0	2.0925072499999996e+16
9890.0	2.658809999999999e+16
9900.0	1.3184546499999998e+16
9910.0	7296211249999999.0
9920.0	7799700499999999.0
9930.0	8753779499999998.0
9940.0	1.1145867499999994e+16
9950.0	1.2518015249999998e+16
9960.0	1.3458003999999998e+16
9970.0	1.6683999499999994e+16
9980.0	1.2765699749999996e+16
9990.0	1.0394207749999998e+16
10000.0	1.3024185499999998e+16
10010.0	1.2318813999999998e+16
10020.0	1.5095759999999994e+16
10030.0	1.4891727499999996e+16
10040.0	1.1481246999999996e+16
10050.0	1.4911835999999998e+16
10060.0	1.1052799249999998e+16
10070.0	9788152749999996.0
10080.0	1.6650767499999994e+16
10090.0	1.5589838999999998e+16
10100.0	1.6792823999999996e+16
10110.0	1.3188383999999996e+16
10120.0	1.6590960999999998e+16
10130.0	2.1028614499999996e+16
10140.0	1.4421647499999998e+16
10150.0	1.71374185e+16
10160.0	1.5873587499999996e+16
10170.0	1.2280510999999996e+16
10180.0	2.1639137499999996e+16
10190.0	1.41914675e+16
10200.0	1.4719419999999998e+16
10210.0	1.7259851249999996e+16
10220.0	1.7015242249999998e+16
10230.0	1.9851382499999996e+16
10240.0	2.3164564999999996e+16
10250.0	1.8340102499999996e+16
10260.0	1.0757570999999998e+16
10270.0	1.1780608999999998e+16
10280.0	1.2468562499999996e+16
10290.0	1.5676109999999996e+16
10300.0	1.3384969999999998e+16
10310.0	1.7740184999999996e+16
10320.0	1.3247403999999998e+16
10330.0	1.3705392499999994e+16
10340.0	1.5755530499999996e+16
10350.0	1.5876553499999996e+16
10360.0	1.9229432999999996e+16
10370.0	2.105452249999999e+16
10380.0	1.9612617499999996e+16
10390.0	1.7805769999999992e+16
10400.0	2.0554629999999996e+16
10410.0	2.481820499999999e+16
10420.0	1.988551499999999e+16
10430.0	1.5838412999999996e+16
10440.0	1.8325882499999996e+16
10450.0	2.410615749999999e+16
10460.0	2.915124249999999e+16
10470.0	1.6309319999999998e+16
10480.0	1.7889889999999996e+16
10490.0	2.567832999999999e+16
10500.0	2.5540942499999996e+16
10510.0	1.9944584999999996e+16
10520.0	1.5420358249999998e+16
10530.0	3.608647225e+16
10540.0	2.8635047499999988e+16
10550.0	2.619950499999999e+16
10560.0	2.054730249999999e+16
10570.0	1.8269855e+16
10580.0	2.806712249999999e+16
10590.0	2.839802999999999e+16
10600.0	3.0057822499999996e+16
10610.0	2.0138117499999996e+16
10620.0	2.206248249999999e+16
10630.0	2.5380614999999996e+16
10640.0	3.682085999999999e+16
10650.0	3.2301619999999996e+16
10660.0	3.069171249999999e+16
10670.0	1.896642499999999e+16
10680.0	2.1258309999999996e+16
10690.0	3.3140997499999988e+16
10700.0	2.6370744999999996e+16
10710.0	2.5768442999999988e+16
10720.0	2.478265749999999e+16
10730.0	2.587036499999999e+16
10740.0	3.639792499999999e+16
10750.0	3.782235249999999e+16
10760.0	4.631419999999999e+16
10770.0	3.865018999999999e+16
10780.0	4.042927499999999e+16
10790.0	4.247680749999999e+16
10800.0	4.701044249999998e+16
10810.0	4.320414499999998e+16
10820.0	4.363866999999998e+16
10830.0	5.473376749999999e+16
10840.0	5.874564749999998e+16
10850.0	4.653735249999998e+16
10860.0	4.079906999999999e+16
10870.0	4.232886499999999e+16
10880.0	5.173839249999999e+16
10890.0	3.816072999999998e+16
10900.0	4.318653499999999e+16
10910.0	4.328907749999999e+16
10920.0	4.242012499999999e+16
10930.0	4.515005999999998e+16
10940.0	4.523702499999999e+16
10950.0	4.786771249999998e+16
10960.0	4.395952499999998e+16
10970.0	4.170633999999998e+16
10980.0	3.189122999999999e+16
10990.0	3.4867967499999996e+16
11000.0	3.4568357499999988e+16
11010.0	4.323992249999999e+16
11020.0	4.468304499999998e+16
11030.0	2.989314749999999e+16
11040.0	3.0607797499999988e+16
11050.0	2.974657999999999e+16
11060.0	2.9617702499999996e+16
11070.0	2.4900839999999996e+16
11080.0	2.6829449999999996e+16
11090.0	3.198839999999999e+16
11100.0	3.3845342499999984e+16
11110.0	2.816348499999999e+16
11120.0	3.606565249999998e+16
11130.0	3.906942749999999e+16
11140.0	3.990014249999999e+16
11150.0	3.863002949999999e+16
11160.0	4.037014499999999e+16
11170.0	3.772450499999999e+16
11180.0	3.017281249999999e+16
11190.0	2.659920499999999e+16
11200.0	3.4269462999999996e+16
11210.0	3.562755149999999e+16
11220.0	3.49083295e+16
11230.0	4.138306349999999e+16
11240.0	3.5645844999999984e+16
11250.0	4.049151699999998e+16
11260.0	3.884143349999999e+16
11270.0	3.398474249999999e+16
11280.0	4.167821749999999e+16
11290.0	3.659944999999999e+16
11300.0	4.469636499999999e+16
11310.0	3.970651249999998e+16
11320.0	4.445477499999999e+16
11330.0	4.803342749999999e+16
11340.0	3.5500332499999996e+16
11350.0	2.426606199999999e+16
11360.0	3.757691749999998e+16
11370.0	4.137829999999999e+16
11380.0	2.574187249999999e+16
11390.0	3.173547e+16
11400.0	3.607844249999999e+16
11410.0	2.8158409999999996e+16
11420.0	3.953089499999998e+16
11430.0	3.4710549999999996e+16
11440.0	2.830301749999999e+16
11450.0	3.859641499999998e+16
11460.0	3.2946937499999984e+16
11470.0	4.611461999999999e+16
11480.0	3.4771059999999988e+16
11490.0	4.3183379999999976e+16
11500.0	3.541172749999999e+16
11510.0	4.361168249999999e+16
11520.0	4.597137999999998e+16
11530.0	4.499472749999998e+16
11540.0	3.995876749999999e+16
11550.0	3.960199999999998e+16
11560.0	5.126132999999998e+16
11570.0	3.701100999999998e+16
11580.0	4.518309999999998e+16
11590.0	5.4276092499999976e+16
11600.0	3.889748749999998e+16
11610.0	4.783689249999999e+16
11620.0	4.900330499999999e+16
11630.0	4.613598999999999e+16
11640.0	3.534405849999999e+16
11650.0	4.065084749999999e+16
11660.0	3.2082122499999988e+16
11670.0	5.194854749999998e+16
11680.0	5.051907249999999e+16
11690.0	2.6156339999999996e+16
11700.0	3.111013499999999e+16
11710.0	4.230617249999999e+16
11720.0	5.240983499999999e+16
11730.0	3.4292497499999988e+16
11740.0	3.626506999999999e+16
11750.0	4.23274925e+16
11760.0	4.503425249999998e+16
11770.0	3.0319332999999996e+16
11780.0	2.1853820999999996e+16
11790.0	3.936406249999999e+16
11800.0	4.142645749999999e+16
11810.0	3.672541749999998e+16
11820.0	3.751039249999999e+16
11830.0	4.849969249999999e+16
11840.0	4.093663999999999e+16
11850.0	3.7890095e+16
11860.0	3.642515249999998e+16
11870.0	3.434589249999999e+16
11880.0	4.470709499999998e+16
11890.0	3.893272249999998e+16
11900.0	4.592470249999999e+16
11910.0	4.648237499999999e+16
11920.0	4.505662499999999e+16
11930.0	5.019807499999999e+16
11940.0	4.044854249999999e+16
11950.0	3.262860499999999e+16
11960.0	3.989827999999999e+16
11970.0	3.4189432499999988e+16
11980.0	2.5786354999999996e+16
11990.0	3.581283499999999e+16
12000.0	3.048653999999999e+16
12010.0	3.296221249999999e+16
12020.0	3.0853814999999996e+16
12030.0	3.729902499999999e+16
12040.0	3.979049499999999e+16
12050.0	4.096934499999999e+16
12060.0	4.316297749999999e+16
12070.0	3.4885527499999996e+16
12080.0	4.607574999999999e+16
12090.0	3.6012887499999988e+16
12100.0	4.329730999999999e+16
12110.0	3.3261412499999984e+16
12120.0	3.7192055e+16
12130.0	3.569822749999999e+16
12140.0	3.988392249999999e+16
12150.0	4.511792999999998e+16
12160.0	4.096725249999999e+16
12170.0	4.548253499999999e+16
12180.0	4.19526025e+16
12190.0	5.003287499999998e+16
12200.0	3.665446999999999e+16
12210.0	4.312029249999998e+16
12220.0	4.310102749999999e+16
12230.0	4.354725249999999e+16
12240.0	4.482771499999999e+16
12250.0	5.078705499999998e+16
12260.0	5.017408249999999e+16
12270.0	4.684819249999998e+16
12280.0	4.616608499999999e+16
12290.0	5.317877249999998e+16
12300.0	4.795425249999999e+16
12310.0	5.058342499999999e+16
12320.0	4.547744249999999e+16
12330.0	4.430171499999999e+16
12340.0	5.094752749999999e+16
12350.0	4.593945749999999e+16
12360.0	4.801507499999999e+16
12370.0	4.976244499999998e+16
12380.0	4.487289999999998e+16
12390.0	4.155555249999998e+16
12400.0	4.116664249999999e+16
12410.0	3.121159499999999e+16
12420.0	3.2076827499999996e+16
12430.0	3.3666857499999996e+16
12440.0	3.157602499999999e+16
12450.0	4.656658999999999e+16
12460.0	4.59709025e+16
12470.0	4.294911999999999e+16
12480.0	4.152203999999999e+16
12490.0	4.401385499999998e+16
12500.0	4.073271999999999e+16
12510.0	4.758850999999998e+16
12520.0	3.1483389999999996e+16
12530.0	3.5103769999999988e+16
12540.0	4.227567749999999e+16
12550.0	3.981905749999998e+16
12560.0	4.733245499999999e+16
12570.0	4.943616999999998e+16
12580.0	4.181033999999999e+16
12590.0	4.281222749999998e+16
12600.0	4.371336249999999e+16
12610.0	5.833507249999998e+16
12620.0	4.313258749999999e+16
12630.0	4.283834499999998e+16
12640.0	3.671535999999999e+16
12650.0	4.214364999999999e+16
12660.0	4.713564749999999e+16
12670.0	4.884183749999999e+16
12680.0	4.993284499999999e+16
12690.0	5.271592499999999e+16
12700.0	5.048851499999998e+16
12710.0	4.773284499999999e+16
12720.0	5.001909499999999e+16
12730.0	5.485112249999998e+16
12740.0	4.667449749999999e+16
12750.0	4.717661749999999e+16
12760.0	5.040336249999998e+16
12770.0	4.935303999999998e+16
12780.0	5.088211999999998e+16
12790.0	5.076582999999999e+16
12800.0	4.970265999999998e+16
12810.0	4.492682249999999e+16
12820.0	5.137436499999998e+16
12830.0	4.530319499999999e+16
12840.0	5.106609999999998e+16
12850.0	4.996112999999998e+16
12860.0	4.252546749999999e+16
12870.0	5.102675249999998e+16
12880.0	5.16431825e+16
12890.0	4.874602999999999e+16
12900.0	4.13386175e+16
12910.0	4.311640249999998e+16
12920.0	4.454401249999998e+16
12930.0	4.5782535e+16
12940.0	5.115409499999998e+16
12950.0	3.924127749999999e+16
12960.0	4.729828249999998e+16
12970.0	5.418690249999999e+16
12980.0	5.420383749999999e+16
12990.0	4.323591749999998e+16
13000.0	5.337785499999999e+16
13010.0	4.975488999999999e+16
13020.0	5.327142749999999e+16
13030.0	4.590224499999999e+16
13040.0	5.811652249999999e+16
13050.0	5.040455999999998e+16
13060.0	5.633958499999998e+16
13070.0	4.553318249999999e+16
13080.0	5.039222249999998e+16
13090.0	4.783584749999998e+16
13100.0	4.824464749999998e+16
13110.0	5.947947499999998e+16
13120.0	5.691101499999998e+16
13130.0	5.061968499999999e+16
13140.0	5.090962999999999e+16
13150.0	5.211327749999999e+16
13160.0	4.547752499999999e+16
13170.0	4.208425499999998e+16
13180.0	5.2841202499999976e+16
13190.0	5.196074749999998e+16
13200.0	4.892048749999999e+16
13210.0	5.638952999999999e+16
13220.0	4.309026999999999e+16
13230.0	4.522363999999999e+16
13240.0	4.807563749999998e+16
13250.0	3.962025749999999e+16
13260.0	4.285682749999999e+16
13270.0	3.526796999999999e+16
13280.0	3.846848749999999e+16
13290.0	4.3560555e+16
13300.0	4.691713999999998e+16
13310.0	3.665680499999999e+16
13320.0	2.7846774999999996e+16
13330.0	2.002306249999999e+16
13340.0	3.347818624999999e+16
13350.0	1.161571075e+16
13360.0	2.603222324999999e+16
13370.0	1.837016324999999e+16
13380.0	1.7017442749999998e+16
13390.0	1.7598968249999998e+16
13400.0	2.6263657499999996e+16
13410.0	2.579875249999999e+16
13420.0	2.058514899999999e+16
13430.0	1.7644912499999994e+16
13440.0	2.055029599999999e+16
13450.0	2.1312024499999996e+16
13460.0	2.4764989249999996e+16
13470.0	1.5520132249999996e+16
13480.0	2.3198206499999996e+16
13490.0	2.2292226999999996e+16
13500.0	1.837972849999999e+16
13510.0	2.1612939499999996e+16
13520.0	1.4113965999999996e+16
13530.0	2.780398749999999e+16
13540.0	1.5875673999999996e+16
13550.0	1.4120887999999998e+16
13560.0	2.0889367499999996e+16
13570.0	2.1391744999999996e+16
13580.0	2.251274974999999e+16
13590.0	1.5299425749999994e+16
13600.0	2.3723309999999996e+16
13610.0	2.051568999999999e+16
13620.0	1.5151902499999996e+16
13630.0	1.7597116249999994e+16
13640.0	1.9506094749999996e+16
13650.0	1.8833175999999996e+16
13660.0	1.7647789999999996e+16
13670.0	1.9160488499999996e+16
13680.0	1.8714997e+16
13690.0	1.896233524999999e+16
13700.0	1.8329356249999996e+16
13710.0	1.7919662499999994e+16
13720.0	2.02991675e+16
13730.0	2.380943499999999e+16
13740.0	1.4850937499999996e+16
13750.0	1.5543908499999998e+16
13760.0	1.7382799999999996e+16
13770.0	2.112491999999999e+16
13780.0	2.7051602499999996e+16
13790.0	2.4149884999999996e+16
13800.0	2.571362999999999e+16
13810.0	1.9118682499999996e+16
13820.0	2.644442999999999e+16
13830.0	1.7197347499999992e+16
13840.0	2.533810599999999e+16
13850.0	2.472950749999999e+16
13860.0	1.929147549999999e+16
13870.0	1.943549149999999e+16
13880.0	1.8912742499999996e+16
13890.0	1.872591249999999e+16
13900.0	1.9734349749999996e+16
13910.0	1.5239524249999994e+16
13920.0	1.8365544999999996e+16
13930.0	1.7480980499999994e+16
13940.0	2.107788699999999e+16
13950.0	1.5676526999999998e+16
13960.0	1.7355996749999994e+16
13970.0	1.6784552249999996e+16
13980.0	2.0585114999999996e+16
13990.0	2.2155068249999996e+16
14000.0	1.4768616999999994e+16
14010.0	1.7532770249999994e+16
14020.0	2.0949269999999996e+16
14030.0	1.7704159999999992e+16
14040.0	1.2832401499999996e+16
14050.0	1.3056365999999996e+16
14060.0	2.242205999999999e+16
14070.0	1.5382752499999998e+16
14080.0	1.3517390249999998e+16
14090.0	1.8351252749999996e+16
14100.0	1.6075757499999998e+16
14110.0	2.0273367499999996e+16
14120.0	1.8146670499999996e+16
14130.0	2.2532568999999996e+16
14140.0	2.019697224999999e+16
14150.0	1.5643381999999998e+16
14160.0	1.4582979249999994e+16
14170.0	1.8783698249999996e+16
14180.0	1.1829574249999996e+16
14190.0	1.4679298249999998e+16
14200.0	1.5039242999999994e+16
14210.0	1.6918244749999998e+16
14220.0	1.3793156999999998e+16
14230.0	1.65815655e+16
14240.0	1.2806096999999994e+16
14250.0	1.5729071999999996e+16
14260.0	1.1549941749999998e+16
14270.0	1.4805103249999996e+16
14280.0	1.5761457999999994e+16
14290.0	1.2273334999999998e+16
14300.0	1.8803462999999996e+16
14310.0	1.7148730499999994e+16
14320.0	1.7875027499999992e+16
14330.0	1.6209137499999996e+16
14340.0	1.7612342499999994e+16
14350.0	2.0709724999999996e+16
14360.0	1.5599562499999996e+16
14370.0	1.6792897499999996e+16
14380.0	1.5382706999999996e+16
14390.0	1.5425726749999998e+16
14400.0	1.6000282749999994e+16
14410.0	1.5729537499999996e+16
14420.0	1.4275539999999996e+16
14430.0	2.0047792499999996e+16
14440.0	1.6208734499999998e+16
14450.0	1.5570990749999998e+16
14460.0	1.732114675e+16
14470.0	1.6339789999999996e+16
14480.0	1.5815164999999996e+16
14490.0	2.0431947499999996e+16
14500.0	2.0102453499999996e+16
14510.0	1.2962533499999998e+16
14520.0	2.129893499999999e+16
14530.0	1.6176025e+16
14540.0	1.4496304999999994e+16
14550.0	1.982127299999999e+16
14560.0	1.6611524999999998e+16
14570.0	1.7604604999999996e+16
14580.0	2.1069239999999996e+16
14590.0	1.917607999999999e+16
14600.0	2.028175249999999e+16
14610.0	2.2011285e+16
14620.0	1.6750690999999994e+16
14630.0	1.3759384999999996e+16
14640.0	1.9681634999999996e+16
14650.0	1.7520924999999994e+16
14660.0	1.9409987999999996e+16
14670.0	1.8429622499999996e+16
14680.0	1.6341560999999994e+16
14690.0	1.3890317499999996e+16
14700.0	2.0854914999999996e+16
14710.0	1.7467232499999998e+16
14720.0	2.074239249999999e+16
14730.0	1.8397424999999996e+16
14740.0	1.5023187499999996e+16
14750.0	1.6721014999999996e+16
14760.0	1.7291124999999996e+16
14770.0	2.0016112499999996e+16
14780.0	1.8941242499999996e+16
14790.0	1.944435199999999e+16
14800.0	1.9258547499999996e+16
14810.0	2.011712749999999e+16
14820.0	1.6717217499999994e+16
14830.0	1.8157251999999996e+16
14840.0	2.3500169999999996e+16
14850.0	1.7244302499999998e+16
14860.0	1.6546654999999998e+16
14870.0	2.0707289999999996e+16
14880.0	1.6686558249999994e+16
14890.0	1.875305724999999e+16
14900.0	1.7780742499999996e+16
14910.0	2.126006499999999e+16
14920.0	1.7987414999999996e+16
14930.0	1.850575499999999e+16
14940.0	1.7266837499999994e+16
14950.0	2.2840797499999996e+16
14960.0	1.7207537499999994e+16
14970.0	2.269256499999999e+16
14980.0	1.6081027499999996e+16
14990.0	2.3533424999999988e+16
15000.0	1.8364109999999996e+16
15010.0	1.9003429999999996e+16
15020.0	1.6731189999999994e+16
15030.0	2.0930609999999996e+16
15040.0	1.894209499999999e+16
15050.0	2.044306499999999e+16
15060.0	1.965825249999999e+16
15070.0	1.8579397499999996e+16
15080.0	2.000163999999999e+16
15090.0	2.143971499999999e+16
15100.0	1.9905054999999996e+16
15110.0	2.0957524999999996e+16
15120.0	2.136056749999999e+16
15130.0	1.8811749999999996e+16
15140.0	1.8610762499999996e+16
15150.0	2.3769847499999996e+16
15160.0	2.2382979999999996e+16
15170.0	2.2096587499999996e+16
15180.0	2.2888544999999996e+16
15190.0	2.407442749999999e+16
15200.0	2.006253249999999e+16
15210.0	2.573912749999999e+16
15220.0	2.0246664999999996e+16
15230.0	2.802295499999999e+16
15240.0	2.1280794999999996e+16
15250.0	2.0812554999999996e+16
15260.0	2.1198617499999996e+16
15270.0	1.89946125e+16
15280.0	1.9969787499999996e+16
15290.0	2.3186759999999996e+16
15300.0	1.7977464999999992e+16
15310.0	2.0808649999999996e+16
15320.0	1.8585527499999996e+16
15330.0	2.358616999999999e+16
15340.0	2.5777574999999996e+16
15350.0	2.264015749999999e+16
15360.0	2.2143914999999996e+16
15370.0	2.1935407499999996e+16
15380.0	2.2976579999999996e+16
15390.0	2.503313749999999e+16
15400.0	2.0354632499999996e+16
15410.0	2.2770244999999996e+16
15420.0	2.521863749999999e+16
15430.0	2.213178749999999e+16
15440.0	2.0439622499999996e+16
15450.0	2.228594749999999e+16
15460.0	2.4182012499999996e+16
15470.0	2.23366375e+16
15480.0	2.1974649999999996e+16
15490.0	2.1017367499999996e+16
15500.0	2.5008914999999996e+16
15510.0	2.1704227499999996e+16
15520.0	2.498386499999999e+16
15530.0	2.27127625e+16
15540.0	2.6147752499999988e+16
15550.0	2.532509749999999e+16
15560.0	2.4294049999999996e+16
15570.0	2.4125592499999988e+16
15580.0	2.129861e+16
15590.0	2.522348749999999e+16
15600.0	2.6264967499999984e+16
15610.0	2.5071049999999988e+16
15620.0	2.662552249999999e+16
15630.0	2.6842472499999996e+16
15640.0	2.848608499999999e+16
15650.0	2.4005367499999996e+16
15660.0	2.3375814999999996e+16
15670.0	2.8919219999999996e+16
15680.0	2.764519999999999e+16
15690.0	2.559294749999999e+16
15700.0	2.7580277499999996e+16
15710.0	2.6358887499999996e+16
15720.0	2.148869749999999e+16
15730.0	2.519739749999999e+16
15740.0	2.872004999999999e+16
15750.0	2.355306999999999e+16
15760.0	2.796785499999999e+16
15770.0	3.2028504999999988e+16
15780.0	3.0335377499999988e+16
15790.0	2.8653494999999996e+16
15800.0	2.754257249999999e+16
15810.0	2.9817954999999988e+16
15820.0	2.7691489999999996e+16
15830.0	2.854376249999999e+16
15840.0	2.7143044999999996e+16
15850.0	2.7587752499999988e+16
15860.0	2.9265689999999996e+16
15870.0	3.0025254999999996e+16
15880.0	3.0783772499999996e+16
15890.0	3.2239942499999988e+16
15900.0	2.79309975e+16
15910.0	3.101076999999999e+16
15920.0	3.161708749999999e+16
15930.0	3.006196749999999e+16
15940.0	3.1850362499999988e+16
15950.0	3.2897979999999988e+16
15960.0	3.232783249999999e+16
15970.0	3.222284249999999e+16
15980.0	2.9979214999999996e+16
15990.0	3.0347609999999996e+16
16000.0	3.382845999999999e+16
16010.0	2.916314749999999e+16
16020.0	3.090078749999999e+16
16030.0	3.3814377499999988e+16
16040.0	3.3129277499999996e+16
16050.0	2.981653999999999e+16
16060.0	3.188055499999999e+16
16070.0	3.1555972499999996e+16
16080.0	3.2065372499999996e+16
16090.0	3.497329749999999e+16
16100.0	2.938331749999999e+16
16110.0	3.215938749999999e+16
16120.0	3.427753749999999e+16
16130.0	3.437546749999999e+16
16140.0	3.2444354999999996e+16
16150.0	3.3231997499999996e+16
16160.0	2.963942999999999e+16
16170.0	3.324785999999999e+16
16180.0	3.703699249999999e+16
16190.0	3.201316749999999e+16
16200.0	3.160455249999999e+16
16210.0	3.407188999999999e+16
16220.0	3.3822487499999996e+16
16230.0	3.2084194999999988e+16
16240.0	3.205569499999999e+16
16250.0	3.156616499999999e+16
16260.0	3.4171792499999996e+16
16270.0	3.5762349999999988e+16
16280.0	3.694798999999999e+16
16290.0	3.189404249999999e+16
16300.0	3.655833999999998e+16
16310.0	3.2253789999999988e+16
16320.0	3.2550984999999988e+16
16330.0	3.603723249999999e+16
16340.0	3.265814249999999e+16
16350.0	3.213417749999999e+16
16360.0	3.5693125e+16
16370.0	3.606286499999999e+16
16380.0	3.5682912499999996e+16
16390.0	3.660961999999998e+16
16400.0	3.670236499999999e+16
16410.0	3.199879249999999e+16
16420.0	3.044977999999999e+16
16430.0	3.236392749999999e+16
16440.0	3.679263499999999e+16
16450.0	3.611349249999999e+16
16460.0	3.636389999999999e+16
16470.0	3.586079749999999e+16
16480.0	3.593978249999999e+16
16490.0	3.85811475e+16
16500.0	3.872753499999998e+16
16510.0	3.836088999999999e+16
16520.0	3.454227499999999e+16
16530.0	3.512326749999999e+16
16540.0	3.865558249999998e+16
16550.0	3.4535582499999988e+16
16560.0	3.8827165e+16
16570.0	3.983364499999999e+16
16580.0	3.768578749999998e+16
16590.0	3.492958749999999e+16
16600.0	3.887060499999998e+16
16610.0	3.567084499999999e+16
16620.0	3.308863249999999e+16
16630.0	3.849180749999999e+16
16640.0	3.421688999999999e+16
16650.0	3.832902999999999e+16
16660.0	3.99139e+16
16670.0	3.752123749999999e+16
16680.0	3.760410249999999e+16
16690.0	3.613938499999998e+16
16700.0	3.728286999999999e+16
16710.0	3.728751499999999e+16
16720.0	3.6491e+16
16730.0	3.992962999999998e+16
16740.0	4.048623249999999e+16
16750.0	3.715836749999999e+16
16760.0	3.875850749999999e+16
16770.0	3.3258512499999988e+16
16780.0	3.685345999999999e+16
16790.0	3.798180249999999e+16
16800.0	3.503556249999999e+16
16810.0	3.828240249999999e+16
16820.0	3.859992749999999e+16
16830.0	3.738908249999998e+16
16840.0	3.5521377499999988e+16
16850.0	3.780523249999999e+16
16860.0	4.060007749999999e+16
16870.0	3.914707749999999e+16
16880.0	3.793574499999998e+16
16890.0	3.842106249999999e+16
16900.0	4.003188749999998e+16
16910.0	3.970901999999998e+16
16920.0	3.524272749999999e+16
16930.0	3.629953499999999e+16
16940.0	3.969025249999999e+16
16950.0	3.619712499999999e+16
16960.0	3.5712519999999988e+16
16970.0	3.2902739999999988e+16
16980.0	3.744776249999998e+16
16990.0	3.3777034999999996e+16
17000.0	3.431091249999999e+16
17010.0	2.907316499999999e+16
17020.0	3.683150999999998e+16
17030.0	3.2906689999999996e+16
17040.0	3.43652825e+16
17050.0	3.205818749999999e+16
17060.0	3.679217749999999e+16
17070.0	3.312301499999999e+16
17080.0	3.2875019999999996e+16
17090.0	3.008076999999999e+16
17100.0	3.751054499999999e+16
17110.0	3.0868034999999996e+16
17120.0	3.1757502499999996e+16
17130.0	3.2571367499999996e+16
17140.0	3.0047929999999984e+16
17150.0	3.0889629999999988e+16
17160.0	3.095109499999999e+16
17170.0	3.3755689999999988e+16
17180.0	2.608039749999999e+16
17190.0	2.4317502499999996e+16
17200.0	3.102643749999999e+16
17210.0	3.0747202499999988e+16
17220.0	3.2120504999999988e+16
17230.0	2.710358499999999e+16
17240.0	2.631260499999999e+16
17250.0	3.1111254999999988e+16
17260.0	2.772267999999999e+16
17270.0	2.165778499999999e+16
17280.0	2.661133249999999e+16
17290.0	2.3374149999999996e+16
17300.0	2.7239935e+16
17310.0	2.628801749999999e+16
17320.0	2.7008284999999996e+16
17330.0	2.651528749999999e+16
17340.0	2.8289097499999988e+16
17350.0	2.1810402499999996e+16
17360.0	2.3318179999999996e+16
17370.0	1.7790206999999998e+16
17380.0	3.071862249999999e+16
17390.0	2.6963064999999996e+16
17400.0	2.6023582499999996e+16
17410.0	2.0663894999999996e+16
17420.0	2.052289799999999e+16
17430.0	2.354962249999999e+16
17440.0	2.321752249999999e+16
17450.0	2.5293019999999996e+16
17460.0	2.423662749999999e+16
17470.0	2.671005499999999e+16
17480.0	2.315236999999999e+16
17490.0	2.384095749999999e+16
17500.0	2.7492259999999996e+16
17510.0	2.6027822499999996e+16
17520.0	2.1181122499999996e+16
17530.0	2.0936107499999996e+16
17540.0	2.2964039249999988e+16
17550.0	2.462138724999999e+16
17560.0	1.982819749999999e+16
17570.0	2.450896499999999e+16
17580.0	2.0671762499999996e+16
17590.0	2.1149519999999996e+16
17600.0	2.3467437499999996e+16
17610.0	2.2917432499999996e+16
17620.0	2.3262867499999996e+16
17630.0	1.6853942499999994e+16
17640.0	2.4421249999999996e+16
17650.0	2.439416749999999e+16
17660.0	2.780119749999999e+16
17670.0	2.0907869999999996e+16
17680.0	1.3289869249999996e+16
17690.0	1.9155337749999996e+16
17700.0	2.4156002499999996e+16
17710.0	2.2639057499999996e+16
17720.0	1.7979166249999998e+16
17730.0	1.7649068749999994e+16
17740.0	2.447332249999999e+16
17750.0	1.8897384999999996e+16
17760.0	1.6050272999999998e+16
17770.0	2.0462399999999996e+16
17780.0	2.0803424999999996e+16
17790.0	2.028646999999999e+16
17800.0	1.862109899999999e+16
17810.0	1.7657794999999994e+16
17820.0	2.3086297499999996e+16
17830.0	1.6694602499999996e+16
17840.0	2.51916375e+16
17850.0	1.843473999999999e+16
17860.0	1.9918982499999996e+16
17870.0	1.9368564999999996e+16
17880.0	1.7987778999999998e+16
17890.0	1.86796485e+16
17900.0	2.081070199999999e+16
17910.0	1.3589135749999994e+16
17920.0	1.5467209249999996e+16
17930.0	1.7877949999999996e+16
17940.0	1.6698311999999994e+16
17950.0	1.6460799499999996e+16
17960.0	1.5768030749999996e+16
17970.0	1.9111980749999996e+16
17980.0	1.908045499999999e+16
17990.0	1.8423974999999996e+16
18000.0	1.2572120999999996e+16
18010.0	1.2887203999999996e+16
18020.0	1.8219339499999996e+16
18030.0	1.7765436249999994e+16
18040.0	2.134958374999999e+16
18050.0	2.0482054999999996e+16
18060.0	1.4015050249999996e+16
18070.0	1.4338906499999994e+16
18080.0	1.2617723999999998e+16
18090.0	1.1698070249999998e+16
18100.0	1.7266609999999992e+16
18110.0	1.1715890499999996e+16
18120.0	1.6309989999999996e+16
18130.0	1.8010074999999996e+16
18140.0	1.9103479999999996e+16
18150.0	1.8290492249999996e+16
18160.0	1.6573808749999996e+16
18170.0	1.4616868499999996e+16
18180.0	1.7364349499999996e+16
18190.0	1.4997234999999996e+16
18200.0	1.6018558999999996e+16
18210.0	1.3857030999999996e+16
18220.0	1.3437651499999994e+16
18230.0	1.9114114999999996e+16
18240.0	2.1547129999999996e+16
18250.0	1.7151989999999994e+16
18260.0	1.4093974249999996e+16
18270.0	1.4957045249999998e+16
18280.0	1.5768339499999994e+16
18290.0	1.7386903499999996e+16
18300.0	1.7154687499999996e+16
18310.0	1.6429674999999996e+16
18320.0	1.8820089999999996e+16
18330.0	1.5140522499999998e+16
18340.0	1.903619025e+16
18350.0	1.6878601749999998e+16
18360.0	2.0357987499999996e+16
18370.0	2.1049735e+16
18380.0	1.681234e+16
18390.0	1.4987173999999996e+16
18400.0	1.6357172499999996e+16
18410.0	1.7107500249999996e+16
18420.0	1.3354981749999998e+16
18430.0	1.8003537499999994e+16
18440.0	1.6516934249999994e+16
18450.0	1.4340642249999996e+16
18460.0	1.2965234999999996e+16
18470.0	1.0770056999999998e+16
18480.0	1.3957882499999994e+16
18490.0	1.4744357499999998e+16
18500.0	1.5476934999999994e+16
18510.0	1.7297764999999998e+16
18520.0	1.5287953249999996e+16
18530.0	1.6391214249999994e+16
18540.0	1.6781989999999994e+16
18550.0	1.5466974499999998e+16
18560.0	1.2956734999999998e+16
18570.0	1.1234870999999996e+16
18580.0	1.3290303999999996e+16
18590.0	1.4401520749999998e+16
18600.0	1.0585698999999998e+16
18610.0	1.6781310249999998e+16
18620.0	1.5007677499999996e+16
18630.0	1.2504154499999996e+16
18640.0	1.3232433499999996e+16
18650.0	1.4151989999999996e+16
18660.0	1.8446997499999996e+16
18670.0	1.5162149999999994e+16
18680.0	9275280499999996.0
18690.0	1.6271635249999994e+16
18700.0	1.4377972749999998e+16
18710.0	1.7736882499999996e+16
18720.0	1.4814502999999996e+16
18730.0	1.2603514999999998e+16
18740.0	1.5179362499999996e+16
18750.0	1.1699555249999998e+16
18760.0	1.6236804249999998e+16
18770.0	1.6426629999999998e+16
18780.0	1.5073919999999994e+16
18790.0	1.2726339499999998e+16
18800.0	1.4877060249999996e+16
18810.0	1.3862886749999996e+16
18820.0	1.8050707499999996e+16
18830.0	1.7267267499999998e+16
18840.0	1.5674973999999998e+16
18850.0	1.2175422999999996e+16
18860.0	1.5403502999999996e+16
18870.0	1.4097564999999996e+16
18880.0	1.5861912499999998e+16
18890.0	1.6304514499999996e+16
18900.0	1.76732475e+16
18910.0	1.8748687499999996e+16
18920.0	1.3751514249999998e+16
18930.0	1.4245790249999996e+16
18940.0	1.7087782499999996e+16
18950.0	1.6798544999999998e+16
18960.0	1.4900688499999994e+16
18970.0	1.7186889999999996e+16
18980.0	1.4494649499999996e+16
18990.0	1.8144679999999996e+16
19000.0	1.4726751999999998e+16
19010.0	1.2925272249999996e+16
19020.0	1.5499122749999996e+16
19030.0	1.5711023499999996e+16
19040.0	1.6565862499999996e+16
19050.0	1.7447372499999994e+16
19060.0	1.6368599999999996e+16
19070.0	1.4325334999999994e+16
19080.0	1.8915539999999996e+16
19090.0	1.5644952499999996e+16
19100.0	1.8487797999999996e+16
19110.0	1.2166108999999998e+16
19120.0	1.7621241499999996e+16
19130.0	1.7313089499999998e+16
19140.0	1.5696303999999994e+16
19150.0	1.9725149999999996e+16
19160.0	1.4388534999999996e+16
19170.0	1.60630775e+16
19180.0	1.6759437499999996e+16
19190.0	1.9085914999999996e+16
19200.0	1.3250150999999994e+16
19210.0	1.3789434249999996e+16
19220.0	1.6279874749999996e+16
19230.0	1.5060077999999996e+16
19240.0	1.3546345999999996e+16
19250.0	1.8384212499999996e+16
19260.0	1.5873511999999994e+16
19270.0	1.4982258499999996e+16
19280.0	1.8889389999999996e+16
19290.0	1.7774074999999996e+16
19300.0	1.8088627499999996e+16
19310.0	1.2145533499999996e+16
19320.0	1.5571887499999998e+16
19330.0	1.4269924999999996e+16
19340.0	1.4371269999999996e+16
19350.0	1.6505872499999994e+16
19360.0	1.5076439999999996e+16
19370.0	1.7714754999999994e+16
19380.0	1.3327650749999994e+16
19390.0	1.5155092749999996e+16
19400.0	1.3942534999999994e+16
19410.0	1.5514064249999998e+16
19420.0	1.5999197249999998e+16
19430.0	1.3206026749999998e+16
19440.0	1.4932877249999996e+16
19450.0	1.1706767499999998e+16
19460.0	1.3139626499999998e+16
19470.0	1.6632892499999998e+16
19480.0	1.3540299499999996e+16
19490.0	1.2824912999999996e+16
19500.0	1.6405461749999994e+16
19510.0	1.557485325e+16
19520.0	1.5081462499999996e+16
19530.0	1.3316159249999998e+16
19540.0	1.6622240249999998e+16
19550.0	1.2206751499999998e+16
19560.0	9606752499999996.0
19570.0	1.5164778499999996e+16
19580.0	1.6990597249999994e+16
19590.0	1.4766257749999992e+16
19600.0	8991797999999997.0
19610.0	1.4150378999999998e+16
19620.0	1.5597307499999996e+16
19630.0	1.7065384999999994e+16
19640.0	1.6239217499999994e+16
19650.0	1.678225249999999e+16
19660.0	1.8342547499999996e+16
19670.0	1.806185999999999e+16
19680.0	1.5668944e+16
19690.0	1.4692327499999996e+16
19700.0	1.3996910499999998e+16
19710.0	1.6134223999999998e+16
19720.0	1.7952034999999996e+16
19730.0	1.6766912499999994e+16
19740.0	1.3168337999999996e+16
19750.0	1.6835354999999996e+16
19760.0	1.1979632499999996e+16
19770.0	1.6592126749999996e+16
19780.0	1.5254927749999998e+16
19790.0	1.6659793499999996e+16
19800.0	1.5777184999999998e+16
19810.0	1.5944769999999996e+16
19820.0	1.4371117499999994e+16
19830.0	1.6531435e+16
19840.0	1.5590159999999996e+16
19850.0	1.2989109999999998e+16
19860.0	1.6221367999999998e+16
19870.0	1.5489787499999996e+16
19880.0	1.2922594999999996e+16
19890.0	1.5888812499999996e+16
19900.0	1.3353070499999994e+16
19910.0	1.2489852249999998e+16
19920.0	1.2575178249999996e+16
19930.0	1.6882962499999998e+16
19940.0	1.7698662499999994e+16
19950.0	1.4149597499999996e+16
19960.0	1.4902594999999998e+16
19970.0	1.4097229999999998e+16
19980.0	1.4229386249999996e+16
19990.0	1.5788176249999994e+16
20000.0	1.4044820999999996e+16
20010.0	1.2274269999999996e+16
20020.0	1.5709544999999998e+16
20030.0	1.4981579499999994e+16
20040.0	1.5363350999999996e+16
20050.0	1.4546924999999996e+16
20060.0	1.4253299499999996e+16
20070.0	1.3868206499999996e+16
20080.0	1.993380549999999e+16
20090.0	1.3875425999999998e+16
20100.0	1.6919447499999998e+16
20110.0	1.5172462499999996e+16
20120.0	1.51613475e+16
20130.0	1.5913264999999996e+16
20140.0	1.4276661999999996e+16
20150.0	1.5601244749999998e+16
20160.0	1.4709963249999998e+16
20170.0	1.5818592499999994e+16
20180.0	1.5716349999999996e+16
20190.0	1.5445339999999998e+16
20200.0	1.3572049999999996e+16
20210.0	1.6233707499999994e+16
20220.0	1.5877999999999992e+16
20230.0	1.5794162499999992e+16
20240.0	1.9885069999999996e+16
20250.0	1.6215064749999996e+16
20260.0	1.2412505749999998e+16
20270.0	1.3081169999999998e+16
20280.0	1.5675712499999996e+16
20290.0	1.40033805e+16
20300.0	1.5901346499999996e+16
20310.0	1.2271915999999998e+16
20320.0	1.6899664999999996e+16
20330.0	1.5751904999999994e+16
20340.0	1.4670815499999998e+16
20350.0	1.7382524999999998e+16
20360.0	1.3818857999999994e+16
20370.0	1.832250999999999e+16
20380.0	1.5675369999999996e+16
20390.0	1.4693427499999996e+16
20400.0	1.4596812499999992e+16
20410.0	1.3560973749999998e+16
20420.0	1.7168068749999994e+16
20430.0	1.7888556499999994e+16
20440.0	1.3786302999999996e+16
20450.0	1.5254139999999996e+16
20460.0	1.7407724999999994e+16
20470.0	1.5948107499999994e+16
20480.0	1.6377889999999996e+16
20490.0	1.3761979999999996e+16
20500.0	1.5203892499999994e+16
20510.0	1.9065429999999996e+16
20520.0	1.6382387499999994e+16
20530.0	1.6030645999999994e+16
20540.0	1.6949004999999994e+16
20550.0	1.4581267499999998e+16
20560.0	1.4199707499999996e+16
20570.0	1.7342939999999994e+16
20580.0	1.842690999999999e+16
20590.0	1.5713542499999996e+16
20600.0	1.7853878749999996e+16
20610.0	1.4392621249999998e+16
20620.0	1.6245657499999998e+16
20630.0	1.6343862499999996e+16
20640.0	1.4061089999999996e+16
20650.0	1.5790502499999998e+16
20660.0	1.6424367499999996e+16
20670.0	1.7073112499999996e+16
20680.0	1.6056664999999998e+16
20690.0	1.5855557499999996e+16
20700.0	1.7505309999999994e+16
20710.0	1.7662477499999996e+16
20720.0	1.6223624999999996e+16
20730.0	1.7160629999999996e+16
20740.0	1.5848997499999998e+16
20750.0	1.7420769999999992e+16
20760.0	1.7333224999999994e+16
20770.0	1.5653932499999996e+16
20780.0	1.5971412499999996e+16
20790.0	1.7266899999999998e+16
20800.0	1.6547749999999996e+16
20810.0	1.4804162499999996e+16
20820.0	1.6838159749999994e+16
20830.0	1.7135523249999998e+16
20840.0	1.7625984999999996e+16
20850.0	1.6254719999999998e+16
20860.0	1.7386477499999996e+16
20870.0	1.5389527499999996e+16
20880.0	1.82802375e+16
20890.0	1.6701372499999994e+16
20900.0	1.6616952499999996e+16
20910.0	1.8164632499999996e+16
20920.0	1.6921959999999994e+16
20930.0	1.854823e+16
20940.0	1.6390587499999998e+16
20950.0	1.6929019999999996e+16
20960.0	1.7781507499999996e+16
20970.0	1.6258039999999996e+16
20980.0	2.0398379999999996e+16
20990.0	1.8053882499999996e+16
21000.0	1.7060067499999994e+16
21010.0	1.8109574999999996e+16
21020.0	1.7338582499999996e+16
21030.0	1.5909229999999998e+16
21040.0	1.8189715e+16
21050.0	1.7613829999999994e+16
21060.0	1.7919097499999996e+16
21070.0	1.7831742499999996e+16
21080.0	1.816072e+16
21090.0	1.6444829999999994e+16
21100.0	1.8298789999999996e+16
21110.0	2.0127949999999996e+16
21120.0	1.7228354999999996e+16
21130.0	1.67945275e+16
21140.0	1.7842469999999996e+16
21150.0	1.7427754999999994e+16
21160.0	1.7230179999999996e+16
21170.0	1.8358804999999996e+16
21180.0	1.8144164999999996e+16
21190.0	1.6750072499999994e+16
21200.0	1.875732999999999e+16
21210.0	1.7817764999999998e+16
21220.0	1.6452017499999998e+16
21230.0	1.9963634999999996e+16
21240.0	1.829906e+16
21250.0	1.7141924999999996e+16
21260.0	1.9021524999999996e+16
21270.0	1.869614e+16
21280.0	1.847516e+16
21290.0	1.7265232499999998e+16
21300.0	1.912651749999999e+16
21310.0	1.8242177499999996e+16
21320.0	1.920439249999999e+16
21330.0	1.82912725e+16
21340.0	1.948680249999999e+16
21350.0	1.962240749999999e+16
21360.0	1.8225912499999996e+16
21370.0	1.812837999999999e+16
21380.0	1.8021379999999996e+16
21390.0	1.8825664999999996e+16
21400.0	1.7705089999999996e+16
21410.0	1.9255914999999996e+16
21420.0	1.9023477499999996e+16
21430.0	1.7263289999999996e+16
21440.0	1.915457999999999e+16
21450.0	1.9109779999999996e+16
21460.0	1.8544594999999996e+16
21470.0	1.8300654999999996e+16
21480.0	1.7805457499999992e+16
21490.0	1.7442419999999998e+16
21500.0	1.7318152499999996e+16
21510.0	1.9487274999999996e+16
21520.0	1.9066772499999996e+16
21530.0	1.7869242499999996e+16
21540.0	1.88124025e+16
21550.0	1.9795769999999996e+16
21560.0	1.7811649999999998e+16
21570.0	1.936384999999999e+16
21580.0	1.8076447499999996e+16
21590.0	1.8321984999999996e+16
21600.0	1.9755342499999996e+16
21610.0	2.0031969999999996e+16
21620.0	1.8887852499999996e+16
21630.0	1.8940587499999996e+16
21640.0	1.9374825e+16
21650.0	1.928872499999999e+16
21660.0	1.7671774999999998e+16
21670.0	1.8718414999999996e+16
21680.0	1.8722597499999996e+16
21690.0	1.9970284999999996e+16
21700.0	1.875845499999999e+16
21710.0	1.8691459999999996e+16
21720.0	1.9622702499999996e+16
21730.0	1.813712e+16
21740.0	1.7903759999999994e+16
21750.0	1.988824999999999e+16
21760.0	1.8919609999999996e+16
21770.0	1.9076284999999996e+16
21780.0	1.7823759999999994e+16
21790.0	1.8165722499999996e+16
21800.0	1.88093625e+16
21810.0	1.9560092499999996e+16
21820.0	1.9675609999999996e+16
21830.0	1.8325309999999996e+16
21840.0	1.9111379999999996e+16
21850.0	1.7531479999999996e+16
21860.0	1.8864164999999996e+16
21870.0	1.95122475e+16
21880.0	1.8451234999999996e+16
21890.0	1.939086249999999e+16
21900.0	1.9385579999999996e+16
21910.0	1.99221725e+16
21920.0	1.8998227499999996e+16
21930.0	1.7884517499999994e+16
21940.0	1.851632499999999e+16
21950.0	1.924704999999999e+16
21960.0	2.0099657499999996e+16
21970.0	1.9675272499999996e+16
21980.0	1.850138999999999e+16
21990.0	1.8786007499999996e+16
22000.0	2.0034289999999996e+16
22010.0	1.81751875e+16
22020.0	2.03970825e+16
22030.0	1.8259072499999996e+16
22040.0	1.7890247499999994e+16
22050.0	1.9335532499999996e+16
22060.0	1.9232572499999996e+16
22070.0	1.9639337499999996e+16
22080.0	1.898634499999999e+16
22090.0	1.9687147499999996e+16
22100.0	1.8983307499999996e+16
22110.0	1.8071972499999996e+16
22120.0	1.935972499999999e+16
22130.0	1.92635425e+16
22140.0	2.072312749999999e+16
22150.0	1.7772907499999994e+16
22160.0	1.9879374999999996e+16
22170.0	1.8948997499999996e+16
22180.0	1.914816999999999e+16
22190.0	1.7932302499999994e+16
22200.0	1.6716474999999994e+16
22210.0	1.810523e+16
22220.0	1.8578147499999996e+16
22230.0	1.814591999999999e+16
22240.0	1.8684789999999996e+16
22250.0	1.957584749999999e+16
22260.0	1.85900775e+16
22270.0	1.986393499999999e+16
22280.0	1.6542219999999998e+16
22290.0	1.9433399999999996e+16
22300.0	1.7283037499999994e+16
22310.0	1.9905142499999996e+16
22320.0	2.016526999999999e+16
22330.0	1.8506059999999996e+16
22340.0	1.9645449999999996e+16
22350.0	1.8867572499999996e+16
22360.0	1.6244669999999998e+16
22370.0	1.8875979999999996e+16
22380.0	1.9097404999999996e+16
22390.0	1.6677384999999998e+16
22400.0	2.0286909999999996e+16
22410.0	1.988731749999999e+16
22420.0	1.939945e+16
22430.0	1.958919249999999e+16
22440.0	1.843443999999999e+16
22450.0	1.7308807499999998e+16
22460.0	1.9806874999999996e+16
22470.0	1.9446709999999996e+16
22480.0	1.951735999999999e+16
22490.0	1.9412732499999996e+16
22500.0	1.925562749999999e+16
22510.0	1.9992239999999996e+16
22520.0	1.9415234999999996e+16
22530.0	1.8188289999999996e+16
22540.0	1.872612999999999e+16
22550.0	1.8346087499999996e+16
22560.0	1.876933749999999e+16
22570.0	1.99009175e+16
22580.0	1.7589037499999994e+16
22590.0	1.9080717499999996e+16
22600.0	1.8405289999999996e+16
22610.0	1.860326749999999e+16
22620.0	1.834551999999999e+16
22630.0	1.6776287499999998e+16
22640.0	1.7872804999999996e+16
22650.0	1.8590217499999996e+16
22660.0	1.7937072499999998e+16
22670.0	1.94149525e+16
22680.0	1.9070029999999996e+16
22690.0	1.8407352499999996e+16
22700.0	1.6807459999999996e+16
22710.0	1.8890147499999996e+16
22720.0	1.7936232499999998e+16
22730.0	1.906013749999999e+16
22740.0	1.8340949999999996e+16
22750.0	1.9866615e+16
22760.0	1.8003072499999998e+16
22770.0	1.912261499999999e+16
22780.0	1.8851377499999996e+16
22790.0	1.66417775e+16
22800.0	1.6842419999999994e+16
22810.0	1.8054417499999996e+16
22820.0	1.8926779999999996e+16
22830.0	1.85165125e+16
22840.0	1.7933942499999996e+16
22850.0	1.8409709999999996e+16
22860.0	1.83746825e+16
22870.0	1.7770212499999998e+16
22880.0	1.9371829999999996e+16
22890.0	1.8521549999999996e+16
22900.0	1.95661525e+16
22910.0	1.940137499999999e+16
22920.0	1.8055814999999996e+16
22930.0	1.9306164999999996e+16
22940.0	1.2329839499999996e+16
22950.0	1.4171151749999996e+16
22960.0	1.4532955749999996e+16
22970.0	1.5417589999999996e+16
22980.0	1.7450792499999998e+16
22990.0	1.7525184999999998e+16
23000.0	1.5579192499999996e+16
23010.0	1.6596469999999994e+16
23020.0	1.8467262499999996e+16
23030.0	1.4903121e+16
23040.0	1.8398784999999996e+16
23050.0	1.4154708999999996e+16
23060.0	1.5686332499999994e+16
23070.0	1.5442852499999998e+16
23080.0	1.6309869999999994e+16
23090.0	1.7865337499999998e+16
23100.0	1.7117157499999996e+16
23110.0	1.7076304999999996e+16
23120.0	1.835712249999999e+16
23130.0	1.8819734999999996e+16
23140.0	1.8666567499999996e+16
23150.0	1.2915291499999994e+16
23160.0	1.760587749999999e+16
23170.0	1.8129794999999996e+16
23180.0	1.7505677499999998e+16
23190.0	1.81643425e+16
23200.0	1.6800857749999996e+16
23210.0	1.3685934249999994e+16
23220.0	1.71391175e+16
23230.0	1.2944008749999996e+16
23240.0	1.2602712249999998e+16
23250.0	1.2989352999999996e+16
23260.0	1.6498017499999998e+16
23270.0	1.4127628499999998e+16
23280.0	1.5681119999999996e+16
23290.0	1.6106447499999996e+16
23300.0	1.4523610999999996e+16
23310.0	1.5020499999999996e+16
23320.0	1.7188812499999996e+16
23330.0	1.6940477499999996e+16
23340.0	1.4676192499999996e+16
23350.0	1.5203926999999998e+16
23360.0	1.5779157999999998e+16
23370.0	1.3890861999999996e+16
23380.0	1.4862110999999996e+16
23390.0	1.5817199999999996e+16
23400.0	1.4488030999999994e+16
23410.0	1.6804577499999996e+16
23420.0	1.4888772499999998e+16
23430.0	1.7623172499999992e+16
23440.0	1.8072402499999996e+16
23450.0	1.3540165249999996e+16
23460.0	1.7387838249999996e+16
23470.0	1.5627197499999996e+16
23480.0	1.5515009999999996e+16
23490.0	1.6509782499999994e+16
23500.0	1.6327167499999996e+16
23510.0	1.4454773999999996e+16
23520.0	1.4449825499999994e+16
23530.0	1.2590855999999998e+16
23540.0	1.3717591499999998e+16
23550.0	1.4737291999999994e+16
23560.0	1.4477662499999996e+16
23570.0	1.6062577499999996e+16
23580.0	1.3644643249999996e+16
23590.0	1.3594887249999996e+16
23600.0	1.6047244999999996e+16
23610.0	1.3124022499999998e+16
23620.0	1.3228587499999996e+16
23630.0	1.3259313999999996e+16
23640.0	1.4342151749999998e+16
23650.0	1.5343470249999998e+16
23660.0	1.5501864999999996e+16
23670.0	1.4217873249999998e+16
23680.0	1.1263256249999998e+16
23690.0	1.6264179999999994e+16
23700.0	1.5503454999999994e+16
23710.0	1.3747989249999996e+16
23720.0	1.6171644749999998e+16
23730.0	1.6014317499999998e+16
23740.0	1.3829782499999994e+16
23750.0	1.5200557499999996e+16
23760.0	1.3857154999999996e+16
23770.0	1.3618959499999998e+16
23780.0	1.2728003999999996e+16
23790.0	1.4502886999999996e+16
23800.0	1.5249412499999996e+16
23810.0	1.1485171499999996e+16
23820.0	1.45791025e+16
23830.0	1.3598202499999996e+16
23840.0	1.3241619999999998e+16
23850.0	1.5430034999999996e+16
23860.0	1.3236035749999996e+16
23870.0	1.2486586749999998e+16
23880.0	1.1798190999999998e+16
23890.0	1.5349102499999996e+16
23900.0	1.5272914999999996e+16
23910.0	1.4503361249999994e+16
23920.0	1.01155365e+16
23930.0	1.1861824749999996e+16
23940.0	1.4089054e+16
23950.0	1.3385069999999998e+16
23960.0	1.2674180499999998e+16
23970.0	1.2791722999999996e+16
23980.0	1.2966252499999998e+16
23990.0	1.5023762499999998e+16
24000.0	1.4650032499999994e+16
24010.0	1.1503636249999996e+16
24020.0	1.3104521999999998e+16
24030.0	1.1880927249999998e+16
24040.0	1.4381877499999996e+16
24050.0	1.3534304999999996e+16
24060.0	1.3410494999999998e+16
24070.0	1.0765003999999996e+16
24080.0	1.3884254999999996e+16
24090.0	1.4878694999999998e+16
24100.0	1.1989209999999998e+16
24110.0	1.3821443749999996e+16
24120.0	1.2245858249999996e+16
24130.0	1.3472134999999996e+16
24140.0	1.2101988999999996e+16
24150.0	1.4575564999999998e+16
24160.0	1.2898859499999998e+16
24170.0	1.3045462499999994e+16
24180.0	1.1271583999999996e+16
24190.0	1.4124141999999994e+16
24200.0	1.2765271499999996e+16
24210.0	1.2826626499999998e+16
24220.0	1.0410321999999998e+16
24230.0	1.2872344249999996e+16
24240.0	1.3970113749999998e+16
24250.0	1.2088368499999998e+16
24260.0	1.2198446749999998e+16
24270.0	1.3713465249999996e+16
24280.0	1.2053738249999998e+16
24290.0	1.3557617249999996e+16
24300.0	1.2490564999999996e+16
24310.0	1.0321654999999996e+16
24320.0	1.2679976499999998e+16
24330.0	1.2676207499999998e+16
24340.0	1.0540248249999996e+16
24350.0	9893827249999998.0
24360.0	1.1916475999999996e+16
24370.0	9073068500000000.0
24380.0	1.1218672499999996e+16
24390.0	1.3369529999999996e+16
24400.0	1.1383974249999996e+16
24410.0	1.1284978249999994e+16
24420.0	1.2240849499999998e+16
24430.0	1.1568807749999998e+16
24440.0	9014583000000000.0
24450.0	1.1194484249999996e+16
24460.0	1.1236430249999996e+16
24470.0	1.2080791249999998e+16
24480.0	1.2229643499999998e+16
24490.0	1.2768441999999996e+16
24500.0	1.2077487499999996e+16
24510.0	1.3444972499999996e+16
24520.0	9653883499999998.0
24530.0	1.1171797499999994e+16
24540.0	8461137999999999.0
24550.0	1.1437962999999996e+16
24560.0	1.1619093499999996e+16
24570.0	1.0785653499999996e+16
24580.0	1.2202004999999998e+16
24590.0	1.2057698749999996e+16
24600.0	1.0686153749999996e+16
24610.0	8983142249999999.0
24620.0	1.1064764749999998e+16
24630.0	1.1521741999999996e+16
24640.0	1.3532289999999996e+16
24650.0	1.1497797249999998e+16
24660.0	9074878749999998.0
24670.0	1.0927536999999998e+16
24680.0	6852578999999999.0
24690.0	1.1538210999999996e+16
24700.0	1.1496324999999998e+16
24710.0	9284441000000000.0
24720.0	1.0306660999999998e+16
24730.0	1.0605751999999996e+16
24740.0	7008977499999997.0
24750.0	8305364250000000.0
24760.0	9706642749999996.0
24770.0	1.2425057999999996e+16
24780.0	1.1732000999999998e+16
24790.0	8615996749999998.0
24800.0	1.1729546749999996e+16
24810.0	9035974499999998.0
24820.0	1.0229492249999996e+16
24830.0	7636884999999998.0
24840.0	1.0714639749999996e+16
24850.0	1.1459993499999998e+16
24860.0	1.1149535999999996e+16
24870.0	1.1241603249999998e+16
24880.0	1.0189836249999998e+16
24890.0	8275191999999999.0
24900.0	8296296249999999.0
24910.0	8335973000000000.0
24920.0	1.1426051249999998e+16
24930.0	8549131249999998.0
24940.0	1.2367890749999998e+16
24950.0	1.1377022499999998e+16
24960.0	1.06000795e+16
24970.0	9839810499999998.0
24980.0	8391094999999999.0
24990.0	1.0887125499999996e+16
25000.0	1.2088692499999998e+16
25010.0	1.0749559499999996e+16
25020.0	1.0130421499999998e+16
25030.0	8394878999999997.0
25040.0	9058153499999998.0
25050.0	9050406499999996.0
25060.0	7284792749999999.0
25070.0	8271995749999996.0
25080.0	8974618999999998.0
25090.0	1.1687356999999998e+16
25100.0	1.0630946e+16
25110.0	9891907999999998.0
25120.0	1.0690165499999996e+16
25130.0	6845717249999998.0
25140.0	9606245749999998.0
25150.0	9776724499999998.0
25160.0	8137306999999996.0
25170.0	1.0915455999999996e+16
25180.0	1.0545195499999998e+16
25190.0	1.0189823249999996e+16
25200.0	9566432999999998.0
25210.0	9083723249999996.0
25220.0	8731716749999999.0
25230.0	9883097749999996.0
25240.0	8071095750000000.0
25250.0	8949951749999998.0
25260.0	9061635499999998.0
25270.0	9631610999999996.0
25280.0	8875364749999997.0
25290.0	9152720749999998.0
25300.0	9382487250000000.0
25310.0	1.1555384499999996e+16
25320.0	1.15860715e+16
25330.0	6196628249999998.0
25340.0	1.0686817499999998e+16
25350.0	9615193999999998.0
25360.0	7298742149999996.0
25370.0	1.0920894749999994e+16
25380.0	1.1167860249999998e+16
25390.0	8729077749999998.0
25400.0	1.0521886999999996e+16
25410.0	9325015500000000.0
25420.0	8952799749999998.0
25430.0	9744502750000000.0
25440.0	9657589750000000.0
25450.0	1.0672257749999998e+16
25460.0	8660962499999996.0
25470.0	1.0112850499999996e+16
25480.0	8011090749999998.0
25490.0	9190251999999996.0
25500.0	1.0536758749999994e+16
25510.0	9095148999999998.0
25520.0	1.0122106999999998e+16
25530.0	7099483099999999.0
25540.0	1.0854863499999996e+16
25550.0	9607368749999998.0
25560.0	1.0304723499999998e+16
25570.0	9541944749999998.0
25580.0	1.1274585999999996e+16
25590.0	1.0779342249999998e+16
25600.0	9063127999999998.0
25610.0	8265885249999997.0
25620.0	9993502249999998.0
25630.0	6954819499999999.0
25640.0	8311834699999999.0
25650.0	7826181149999999.0
25660.0	7521112499999998.0
25670.0	8948500999999998.0
25680.0	9027138499999996.0
25690.0	1.0157593999999998e+16
25700.0	9220267999999998.0
25710.0	1.0862255749999998e+16
25720.0	9292312249999998.0
25730.0	1.0892469999999996e+16
25740.0	5448705749999998.0
25750.0	1.018469575e+16
25760.0	8007164499999997.0
25770.0	6085161949999998.0
25780.0	9075265249999998.0
25790.0	8512601749999998.0
25800.0	1.0259580749999996e+16
25810.0	1.0175639499999998e+16
25820.0	9914517999999998.0
25830.0	6703417499999999.0
25840.0	8677412749999997.0
25850.0	9411983249999998.0
25860.0	1.0262212999999998e+16
25870.0	6992759999999999.0
25880.0	8574080999999998.0
25890.0	8638399999999998.0
25900.0	7787645749999997.0
25910.0	1.000264625e+16
25920.0	9178050499999998.0
25930.0	4040857999999999.0
25940.0	8669673999999997.0
25950.0	9593566249999998.0
25960.0	8721016399999998.0
25970.0	9441278000000000.0
25980.0	5911231499999998.0
25990.0	9343009749999998.0
