# Flux units: erg / (cm m2 s)
# Wavelength units: Angstrom
wave	flux
7000.0	58346409.99999998
7010.0	62560579.99999999
7020.0	68822624.99999999
7030.0	104148037.49999999
7040.0	71168489.99999999
7050.0	79472234.99999997
7060.0	19807172.499999996
7070.0	16583979.999999996
7080.0	49422244.99999999
7090.0	23452972.499999996
7100.0	18226459.999999996
7110.0	18024342.499999996
7120.0	25905219.999999993
7130.0	18399172.499999996
7140.0	15143947.499999996
7150.0	16592679.999999996
7160.0	18447944.999999993
7170.0	17531864.999999993
7180.0	22461827.499999993
7190.0	20856989.999999996
7200.0	24212802.499999993
7210.0	17766489.999999996
7220.0	24789112.499999993
7230.0	27770759.99999999
7240.0	26531464.999999993
7250.0	45490944.999999985
7260.0	47776629.99999999
7270.0	34922967.49999999
7280.0	46971639.999999985
7290.0	49777742.5
7300.0	121225672.5
7310.0	77700787.49999997
7320.0	110309827.49999996
7330.0	151506527.49999997
7340.0	95283432.49999997
7350.0	83450044.99999999
7360.0	101374144.99999997
7370.0	156375269.99999997
7380.0	134389252.49999997
7390.0	110352820.0
7400.0	116203762.49999999
7410.0	91364692.49999997
7420.0	61337177.49999998
7430.0	103079679.99999999
7440.0	106229154.99999999
7450.0	52805442.49999999
7460.0	66380674.999999985
7470.0	76407462.49999999
7480.0	78413870.0
7490.0	93910254.99999997
7500.0	127625054.99999997
7510.0	96448447.49999999
7520.0	103305157.49999997
7530.0	135167574.99999997
7540.0	142018424.99999997
7550.0	163750374.99999994
7560.0	213054249.99999994
7570.0	245464599.99999997
7580.0	197893499.99999997
7590.0	127396592.49999993
7600.0	44684369.999999985
7610.0	85257754.99999999
7620.0	158224407.49999997
7630.0	71953267.49999999
7640.0	90858359.99999997
7650.0	49763932.49999999
7660.0	59066482.749999985
7670.0	24572479.749999996
7680.0	43067232.499999985
7690.0	48587417.499999985
7700.0	30850657.5
7710.0	41935759.999999985
7720.0	43448909.99999999
7730.0	57131959.99999998
7740.0	103943429.99999997
7750.0	76915272.49999997
7760.0	61654712.499999985
7770.0	39711892.499999985
7780.0	54428634.999999985
7790.0	63541729.999999985
7800.0	107485712.49999997
7810.0	117954844.99999997
7820.0	137235487.49999997
7830.0	96246067.49999997
7840.0	69440809.99999999
7850.0	109155382.49999999
7860.0	110164802.49999996
7870.0	93538204.99999997
7880.0	183520744.99999994
7890.0	161660644.99999994
7900.0	128909574.99999997
7910.0	144404107.49999997
7920.0	95280244.99999999
7930.0	131966862.49999999
7940.0	120302114.99999999
7950.0	122428399.99999997
7960.0	197739299.99999994
7970.0	202531524.99999997
7980.0	220470249.99999994
7990.0	163045094.99999997
8000.0	174496249.99999997
8010.0	133373444.99999997
8020.0	220051574.99999994
8030.0	234215524.9999999
8040.0	301852074.99999994
8050.0	220837499.99999997
8060.0	193659474.99999994
8070.0	249157849.99999997
8080.0	363743424.99999994
8090.0	369189349.99999994
8100.0	446255774.99999994
8110.0	470390124.99999994
8120.0	598482999.9999999
8130.0	636986899.9999999
8140.0	707449799.9999999
8150.0	749028024.9999999
8160.0	772268924.9999999
8170.0	686057349.9999999
8180.0	779517999.9999998
8190.0	610863224.9999999
8200.0	431934124.9999999
8210.0	358850174.9999999
8220.0	530451349.99999994
8230.0	352807199.99999994
8240.0	509942199.99999994
8250.0	595404649.9999999
8260.0	502092299.9999999
8270.0	467523499.99999994
8280.0	448895349.9999999
8290.0	226295524.99999994
8300.0	287150804.99999994
8310.0	241474414.99999994
8320.0	219220899.99999997
8330.0	277359550.0
8340.0	363135674.99999994
8350.0	292633125.0
8360.0	292250799.9999999
8370.0	326238674.99999994
8380.0	456432825.0
8390.0	264430374.99999997
8400.0	309019500.0
8410.0	521685499.9999999
8420.0	336920974.99999994
8430.0	466744069.9999999
8440.0	128315007.49999996
8450.0	84297847.49999999
8460.0	78971672.49999997
8470.0	82803512.49999999
8480.0	95012757.49999999
8490.0	73903294.99999999
8500.0	96619352.49999996
8510.0	101330807.5
8520.0	98632204.99999997
8530.0	131848342.49999996
8540.0	96623389.99999999
8550.0	128330674.99999994
8560.0	161108867.5
8570.0	128442257.49999996
8580.0	181613524.99999997
8590.0	134492867.49999997
8600.0	131580152.5
8610.0	140284849.99999997
8620.0	190565099.99999997
8630.0	199212775.0
8640.0	162500974.99999997
8650.0	157612899.99999994
8660.0	212326749.99999994
8670.0	193580399.99999994
8680.0	171462574.99999997
8690.0	205545575.0
8700.0	196478324.99999997
8710.0	229615275.0
8720.0	231681125.0
8730.0	276707874.99999994
8740.0	301769049.99999994
8750.0	278747974.99999994
8760.0	393165524.9999999
8770.0	362603149.9999999
8780.0	402504424.99999994
8790.0	442219024.9999999
8800.0	507213224.9999999
8810.0	586106899.9999998
8820.0	595354749.9999999
8830.0	684937424.9999996
8840.0	563557124.9999999
8850.0	803448074.9999998
8860.0	495937169.99999994
8870.0	267489484.99999994
8880.0	179103149.99999997
8890.0	251155999.99999994
8900.0	274345195.0
8910.0	344878474.99999994
8920.0	176333199.99999994
8930.0	474022994.9999999
8940.0	352666199.9999999
8950.0	354117749.99999994
8960.0	279325199.99999994
8970.0	309246775.0
8980.0	494517874.9999998
8990.0	394053549.9999999
9000.0	252506624.99999994
9010.0	696982649.9999999
9020.0	539624400.0
9030.0	495510749.99999994
9040.0	374329149.99999994
9050.0	580835324.9999999
9060.0	570257200.0
9070.0	543964449.9999999
9080.0	956476899.9999998
9090.0	798935799.9999996
9100.0	741925649.9999999
9110.0	829863375.0
9120.0	1190523299.9999995
9130.0	1037145099.9999998
9140.0	1087461249.9999998
9150.0	1099048449.9999998
9160.0	1236039449.9999995
9170.0	1235104749.9999995
9180.0	1165164224.9999998
9190.0	1181109400.0
9200.0	989979174.9999999
9210.0	824219499.9999998
9220.0	741763124.9999999
9230.0	585340649.9999998
9240.0	353821174.99999994
9250.0	582633150.0
9260.0	557892724.9999999
9270.0	486342174.9999999
9280.0	310074249.99999994
9290.0	384511974.99999994
9300.0	365603699.99999994
9310.0	322478349.9999999
9320.0	368380049.9999999
9330.0	345417299.9999999
9340.0	624876199.9999999
9350.0	380457499.9999999
9360.0	483566824.9999999
9370.0	385742674.9999999
9380.0	610117974.9999999
9390.0	438710174.99999994
9400.0	567906499.9999999
9410.0	509895400.0
9420.0	732931799.9999999
9430.0	729751124.9999998
9440.0	517198974.99999994
9450.0	577959274.9999998
9460.0	635144599.9999999
9470.0	543593624.9999999
9480.0	777844299.9999998
9490.0	948495374.9999999
9500.0	715399424.9999999
9510.0	745242724.9999999
9520.0	905228424.9999998
9530.0	790514049.9999998
9540.0	895169899.9999998
9550.0	893632450.0
9560.0	903410374.9999996
9570.0	866358699.9999999
9580.0	1279846450.0
9590.0	1155145949.9999995
9600.0	1041960299.9999999
9610.0	1144912849.9999998
9620.0	1016725849.9999999
9630.0	1233343249.9999998
9640.0	1047363525.0
9650.0	1054334574.9999996
9660.0	1288551299.9999995
9670.0	1367485749.9999995
9680.0	1250477574.9999995
9690.0	1257881574.9999998
9700.0	1414993999.9999995
9710.0	1469620249.9999998
9720.0	1250627699.9999998
9730.0	1075517549.9999998
9740.0	989813674.9999999
9750.0	975312224.9999999
9760.0	1031944224.9999999
9770.0	964686574.9999996
9780.0	874480449.9999998
9790.0	994861249.9999998
9800.0	1368165949.9999995
9810.0	929999799.9999998
9820.0	820562874.9999999
9830.0	793850274.9999998
9840.0	986926700.0
9850.0	864919924.9999998
9860.0	1017195500.0
9870.0	878333024.9999998
9880.0	985090499.9999998
9890.0	1152690199.9999998
9900.0	770222999.9999999
9910.0	372136899.99999994
9920.0	447514949.9999999
9930.0	477135299.9999999
9940.0	721597724.9999998
9950.0	758758249.9999999
9960.0	919838074.9999998
9970.0	1018150474.9999996
9980.0	851230849.9999998
9990.0	636800274.9999999
10000.0	813540549.9999998
10010.0	699874424.9999998
10020.0	958162124.9999998
10030.0	932597824.9999998
10040.0	699065649.9999999
10050.0	860383574.9999998
10060.0	741023174.9999999
10070.0	503234749.9999999
10080.0	1048445174.9999998
10090.0	914223949.9999996
10100.0	973674224.9999998
10110.0	759241874.9999998
10120.0	985201000.0
10130.0	1247770699.9999998
10140.0	924428199.9999998
10150.0	898558549.9999998
10160.0	998444749.9999998
10170.0	643714874.9999999
10180.0	1222042024.9999998
10190.0	784829624.9999999
10200.0	981855999.9999999
10210.0	880047224.9999998
10220.0	1084104624.9999995
10230.0	1142748774.9999995
10240.0	1310105699.9999998
10250.0	990587574.9999996
10260.0	545851449.9999999
10270.0	682179024.9999999
10280.0	702617574.9999998
10290.0	879523849.9999998
10300.0	775988649.9999999
10310.0	1052043549.9999996
10320.0	748368549.9999998
10330.0	712815799.9999998
10340.0	951147574.9999999
10350.0	886963099.9999999
10360.0	1003344749.9999998
10370.0	1171921649.9999998
10380.0	1101839024.9999998
10390.0	1061365599.9999996
10400.0	1146724275.0
10410.0	1166265224.9999995
10420.0	1134851024.9999998
10430.0	1002277649.9999998
10440.0	948821299.9999996
10450.0	1262968899.9999998
10460.0	1286027824.9999995
10470.0	949559899.9999999
10480.0	1041844024.9999998
10490.0	1283092600.0
10500.0	1329165249.9999995
10510.0	1092084824.9999995
10520.0	835870649.9999999
10530.0	1495868474.9999995
10540.0	1363031949.9999995
10550.0	1321871749.9999998
10560.0	1182878999.9999998
10570.0	1135604324.9999995
10580.0	1293985224.9999998
10590.0	1335590324.9999995
10600.0	1406899224.9999995
10610.0	1111400450.0
10620.0	1267020699.9999998
10630.0	1325300049.9999998
10640.0	1479688699.9999998
10650.0	1501021249.9999998
10660.0	1459920749.9999998
10670.0	1065401749.9999994
10680.0	1053589649.9999998
10690.0	1390975699.9999998
10700.0	1256052049.9999998
10710.0	1106120749.9999998
10720.0	1164139149.9999995
10730.0	1301481349.9999998
10740.0	1539685499.9999995
10750.0	1438078899.9999998
10760.0	1698365799.9999998
10770.0	1435912099.9999998
10780.0	1428816249.9999995
10790.0	1587633249.9999998
10800.0	1693946749.9999995
10810.0	1671261499.9999995
10820.0	1548496699.9999998
10830.0	1818994249.9999995
10840.0	1841070999.9999998
10850.0	1674116999.9999995
10860.0	1565616749.9999998
10870.0	1478711799.9999998
10880.0	1706116999.9999995
10890.0	1465535299.9999995
10900.0	1587315224.9999993
10910.0	1509432074.9999995
10920.0	1506324199.9999998
10930.0	1631310999.9999995
10940.0	1631378749.9999998
10950.0	1690697249.9999995
10960.0	1498172624.9999995
10970.0	1543350499.9999995
10980.0	1317763349.9999995
10990.0	1291937774.9999998
11000.0	1309468774.9999998
11010.0	1509255224.9999998
11020.0	1636542249.9999995
11030.0	1193944899.9999998
11040.0	1263997149.9999998
11050.0	1222092049.9999998
11060.0	1236251249.9999998
11070.0	1086371500.0
11080.0	1215952749.9999995
11090.0	1261881375.0
11100.0	1355705474.9999995
11110.0	1119276649.9999998
11120.0	1319584224.9999995
11130.0	1505211074.9999995
11140.0	1380948949.9999998
11150.0	1357813599.9999998
11160.0	1461666749.9999995
11170.0	1470988449.9999995
11180.0	1210609499.9999998
11190.0	1017793849.9999998
11200.0	1273765875.0
11210.0	1338993924.9999998
11220.0	1288606324.9999998
11230.0	1520951974.9999995
11240.0	1357870599.9999995
11250.0	1386531624.9999995
11260.0	1412110875.0
11270.0	1277351599.9999998
11280.0	1523040999.9999995
11290.0	1278162999.9999998
11300.0	1526269499.9999993
11310.0	1442505249.9999995
11320.0	1580828749.9999998
11330.0	1657530249.9999995
11340.0	1414827799.9999998
11350.0	1087887599.9999995
11360.0	1382977399.9999998
11370.0	1572705274.9999998
11380.0	1053083724.9999999
11390.0	1291367049.9999998
11400.0	1406759399.9999998
11410.0	1140483649.9999995
11420.0	1492288749.9999998
11430.0	1398126199.9999998
11440.0	1174793349.9999998
11450.0	1437370249.9999995
11460.0	1279013149.9999998
11470.0	1595554099.9999995
11480.0	1333103899.9999995
11490.0	1537379499.9999998
11500.0	1370970649.9999998
11510.0	1588007749.9999995
11520.0	1610751500.0
11530.0	1577259749.9999995
11540.0	1461369749.9999995
11550.0	1454924999.9999995
11560.0	1724358999.9999995
11570.0	1364670699.9999995
11580.0	1601835749.9999998
11590.0	1774238749.9999995
11600.0	1337873774.9999998
11610.0	1648335974.9999995
11620.0	1666576249.9999993
11630.0	1606161999.9999998
11640.0	1301466849.9999995
11650.0	1478174974.9999998
11660.0	1219702324.9999998
11670.0	1746677999.9999993
11680.0	1725804749.9999998
11690.0	1200747724.9999998
11700.0	1375024674.9999998
11710.0	1526891999.9999998
11720.0	1728718499.9999993
11730.0	1235943999.9999998
11740.0	1436677249.9999998
11750.0	1558713999.9999995
11760.0	1641770999.999999
11770.0	1317839859.9999995
11780.0	1034619044.9999999
11790.0	1440636574.9999998
11800.0	1494100849.9999998
11810.0	1340286299.9999995
11820.0	1432341749.9999998
11830.0	1628492250.0
11840.0	1495399499.9999995
11850.0	1336553725.0
11860.0	1359883624.9999998
11870.0	1278194199.9999998
11880.0	1523262124.9999995
11890.0	1343118125.0
11900.0	1562078999.9999998
11910.0	1613064499.9999995
11920.0	1566521499.9999995
11930.0	1671688499.9999998
11940.0	1509713999.9999995
11950.0	1285044549.9999995
11960.0	1549039749.9999995
11970.0	1394367024.9999998
11980.0	1098775824.9999998
11990.0	1468212999.9999998
12000.0	1302418249.9999995
12010.0	1392698549.9999993
12020.0	1339897175.0
12030.0	1493368499.9999995
12040.0	1495072574.9999993
12050.0	1569849249.9999993
12060.0	1505743749.9999995
12070.0	1384357999.9999998
12080.0	1620697499.9999998
12090.0	1355564699.9999998
12100.0	1580502749.9999995
12110.0	1405218249.9999998
12120.0	1466357999.9999998
12130.0	1374311275.0
12140.0	1394207824.9999995
12150.0	1597016749.9999995
12160.0	1464229249.9999998
12170.0	1563992499.9999995
12180.0	1491951499.9999998
12190.0	1702117249.9999995
12200.0	1409072749.9999995
12210.0	1522382499.9999998
12220.0	1573891749.9999998
12230.0	1585650499.9999998
12240.0	1585701249.9999995
12250.0	1666108749.9999993
12260.0	1680490499.9999998
12270.0	1607278724.9999995
12280.0	1547012824.9999995
12290.0	1740381499.9999995
12300.0	1662537499.9999993
12310.0	1687339999.9999998
12320.0	1581214499.9999998
12330.0	1581114249.9999998
12340.0	1669444249.9999995
12350.0	1664249249.9999998
12360.0	1642445749.9999998
12370.0	1684076249.9999998
12380.0	1551497749.9999995
12390.0	1447832199.9999998
12400.0	1505500249.9999998
12410.0	1331860749.9999995
12420.0	1322983999.9999998
12430.0	1381797199.9999998
12440.0	1283646149.9999998
12450.0	1612865249.9999998
12460.0	1540949749.9999998
12470.0	1450407049.9999998
12480.0	1509867999.9999995
12490.0	1537491749.9999998
12500.0	1502880999.9999995
12510.0	1683471999.9999993
12520.0	1303040574.9999998
12530.0	1349193274.9999998
12540.0	1511429999.9999995
12550.0	1454428249.9999998
12560.0	1619377249.9999998
12570.0	1590426749.9999995
12580.0	1409708049.9999995
12590.0	1441757499.9999998
12600.0	1512648249.9999995
12610.0	1724702999.9999995
12620.0	1475955499.9999998
12630.0	1488381499.9999998
12640.0	1346753499.9999995
12650.0	1476766999.9999995
12660.0	1579771249.9999998
12670.0	1567771249.9999995
12680.0	1606997999.9999998
12690.0	1653285249.9999998
12700.0	1636254749.9999998
12710.0	1633372499.9999998
12720.0	1587811749.9999995
12730.0	1714010500.0
12740.0	1523402500.0
12750.0	1596069249.9999998
12760.0	1614088999.9999993
12770.0	1606827249.9999998
12780.0	1676619499.9999993
12790.0	1601249499.9999998
12800.0	1644135249.9999995
12810.0	1545061749.9999995
12820.0	1646847749.9999998
12830.0	1523214749.9999998
12840.0	1660199499.9999998
12850.0	1592966749.9999998
12860.0	1486237999.9999995
12870.0	1591515999.9999998
12880.0	1637932749.9999995
12890.0	1604452274.9999998
12900.0	1417868924.9999998
12910.0	1495450249.9999998
12920.0	1529926749.9999998
12930.0	1476497249.9999998
12940.0	1618569750.0
12950.0	1371506249.9999998
12960.0	1529588749.9999998
12970.0	1657953499.9999995
12980.0	1658401499.9999998
12990.0	1439587049.9999998
13000.0	1678412249.9999998
13010.0	1600527249.9999998
13020.0	1648920749.9999998
13030.0	1539881499.9999998
13040.0	1708642250.0
13050.0	1624606999.9999993
13060.0	1687810249.9999995
13070.0	1487262499.9999995
13080.0	1579998999.9999995
13090.0	1534824999.9999998
13100.0	1503755499.9999998
13110.0	1702042999.9999995
13120.0	1689600999.9999995
13130.0	1570620499.9999998
13140.0	1578734999.9999995
13150.0	1596947999.9999998
13160.0	1509382500.0
13170.0	1380207299.9999995
13180.0	1612642749.9999995
13190.0	1618162249.9999995
13200.0	1544987499.9999995
13210.0	1680445249.9999998
13220.0	1433292249.9999995
13230.0	1481992799.9999995
13240.0	1553892249.9999998
13250.0	1366205999.9999998
13260.0	1379837749.9999995
13270.0	1250612250.0
13280.0	1232848199.9999998
13290.0	1420193449.9999995
13300.0	1525510999.9999995
13310.0	1295748474.9999998
13320.0	1043341749.9999995
13330.0	743436599.9999998
13340.0	1187660924.9999998
13350.0	330479349.9999999
13360.0	977487474.9999998
13370.0	669553549.9999999
13380.0	660110949.9999999
13390.0	647498099.9999998
13400.0	1064636524.9999999
13410.0	1095805574.9999998
13420.0	819050524.9999999
13430.0	634653424.9999998
13440.0	777208049.9999999
13450.0	771791484.9999998
13460.0	936044927.5
13470.0	593230542.4999999
13480.0	890378099.9999998
13490.0	886559949.9999998
13500.0	750863967.4999998
13510.0	894213777.4999999
13520.0	556063699.9999999
13530.0	1096392474.9999995
13540.0	580841024.9999999
13550.0	542003744.9999998
13560.0	833044574.9999998
13570.0	886128749.9999996
13580.0	876400024.9999999
13590.0	585622949.9999999
13600.0	943858524.9999999
13610.0	838907849.9999998
13620.0	552471849.9999999
13630.0	613515850.0
13640.0	752783275.0
13650.0	764853549.9999998
13660.0	672457749.9999998
13670.0	657394775.0
13680.0	698174352.4999999
13690.0	663740642.4999998
13700.0	690927449.9999999
13710.0	690630275.0
13720.0	769023424.9999998
13730.0	896668624.9999999
13740.0	573596399.9999999
13750.0	582623724.9999999
13760.0	625808999.9999998
13770.0	837735574.9999999
13780.0	996486574.9999996
13790.0	926396049.9999996
13800.0	984070274.9999999
13810.0	719761774.9999998
13820.0	972990474.9999996
13830.0	626243024.9999999
13840.0	956124849.9999999
13850.0	974502499.9999999
13860.0	749848124.9999999
13870.0	668797199.9999999
13880.0	696676549.9999999
13890.0	696682079.9999998
13900.0	728947254.9999999
13910.0	497338474.9999999
13920.0	658525399.9999999
13930.0	642737449.9999999
13940.0	802198649.9999998
13950.0	605103299.9999998
13960.0	638546149.9999999
13970.0	625411549.9999999
13980.0	758125749.9999999
13990.0	843550874.9999999
14000.0	494193249.99999994
14010.0	638669074.9999999
14020.0	716823574.9999998
14030.0	611300649.9999998
14040.0	412461674.9999999
14050.0	455098369.99999994
14060.0	829118249.9999999
14070.0	534266749.99999994
14080.0	453001299.9999999
14090.0	653760599.9999998
14100.0	570784899.9999999
14110.0	748109099.9999999
14120.0	668720224.9999999
14130.0	840708474.9999998
14140.0	749238399.9999998
14150.0	554955224.9999998
14160.0	484645324.9999999
14170.0	687281724.9999999
14180.0	385987049.99999994
14190.0	470036199.9999999
14200.0	530713584.9999998
14210.0	605236749.9999999
14220.0	444525224.9999999
14230.0	578507575.0
14240.0	412437799.9999999
14250.0	518984824.99999994
14260.0	363776699.99999994
14270.0	477229524.9999999
14280.0	571955174.9999998
14290.0	409998324.9999999
14300.0	673903799.9999998
14310.0	592567899.9999999
14320.0	634356249.9999998
14330.0	555506399.9999999
14340.0	653028474.9999999
14350.0	750347924.9999999
14360.0	530712649.9999999
14370.0	567688774.9999998
14380.0	497349049.9999998
14390.0	534395675.0
14400.0	543324325.0
14410.0	508608524.99999994
14420.0	461003949.9999999
14430.0	727472124.9999998
14440.0	530994374.9999999
14450.0	550368325.0
14460.0	636814949.9999999
14470.0	556188699.9999999
14480.0	514371124.99999994
14490.0	724376749.9999998
14500.0	736773399.9999998
14510.0	421817099.9999999
14520.0	745144474.9999999
14530.0	497655849.9999999
14540.0	448556049.99999994
14550.0	674437225.0
14560.0	521061149.9999999
14570.0	565766574.9999999
14580.0	734914574.9999998
14590.0	640599049.9999999
14600.0	678907999.9999999
14610.0	715640249.9999999
14620.0	530674924.99999994
14630.0	421566224.99999994
14640.0	657427124.9999998
14650.0	620191799.9999999
14660.0	677120574.9999998
14670.0	630280774.9999999
14680.0	516607749.9999999
14690.0	406803274.9999998
14700.0	685431549.9999998
14710.0	551966124.9999999
14720.0	712022324.9999998
14730.0	629676324.9999999
14740.0	446480724.9999999
14750.0	536029824.9999999
14760.0	571699424.9999999
14770.0	652174449.9999999
14780.0	593171224.9999999
14790.0	655104374.9999998
14800.0	646268825.0
14810.0	682773824.9999999
14820.0	522477199.9999999
14830.0	610010499.9999999
14840.0	808800675.0
14850.0	538215774.9999999
14860.0	509320924.9999998
14870.0	684009999.9999998
14880.0	541001199.9999999
14890.0	628321224.9999999
14900.0	588270449.9999998
14910.0	701383324.9999998
14920.0	601519074.9999999
14930.0	575265800.0
14940.0	542267099.9999999
14950.0	772207025.0
14960.0	526362399.9999998
14970.0	812594499.9999999
14980.0	510040524.99999994
14990.0	783493599.9999999
15000.0	584326650.0
15010.0	608255399.9999999
15020.0	529818874.9999999
15030.0	676210899.9999999
15040.0	624362749.9999999
15050.0	679131899.9999999
15060.0	635845074.9999999
15070.0	595682449.9999999
15080.0	660169224.9999999
15090.0	729055299.9999999
15100.0	646369174.9999998
15110.0	723626949.9999999
15120.0	684795874.9999998
15130.0	600619224.9999999
15140.0	581471199.9999998
15150.0	706416849.9999999
15160.0	732915349.9999999
15170.0	742092274.9999998
15180.0	756696749.9999999
15190.0	834002824.9999996
15200.0	654821824.9999998
15210.0	872936074.9999998
15220.0	662601074.9999999
15230.0	971745799.9999998
15240.0	694003599.9999998
15250.0	694465974.9999999
15260.0	670845199.9999998
15270.0	610362149.9999999
15280.0	625621449.9999998
15290.0	722807499.9999999
15300.0	582427599.9999999
15310.0	664862424.9999999
15320.0	576506399.9999999
15330.0	784277049.9999999
15340.0	838672324.9999999
15350.0	735496399.9999998
15360.0	717745199.9999999
15370.0	698076324.9999998
15380.0	753618499.9999999
15390.0	810740349.9999998
15400.0	641828050.0
15410.0	731054674.9999999
15420.0	809884300.0
15430.0	689935274.9999999
15440.0	667356649.9999998
15450.0	703006549.9999999
15460.0	769913949.9999999
15470.0	709353349.9999999
15480.0	692470824.9999998
15490.0	654207324.9999999
15500.0	811966199.9999998
15510.0	660116649.9999999
15520.0	805681674.9999998
15530.0	729577999.9999999
15540.0	850872349.9999999
15550.0	808088800.0
15560.0	770314899.9999998
15570.0	766155849.9999998
15580.0	669593599.9999999
15590.0	818644649.9999998
15600.0	833483724.9999999
15610.0	809192249.9999996
15620.0	837784674.9999999
15630.0	852281574.9999999
15640.0	906712249.9999998
15650.0	756753799.9999998
15660.0	728437799.9999998
15670.0	929556649.9999998
15680.0	877343849.9999996
15690.0	810574874.9999999
15700.0	870456624.9999998
15710.0	857590024.9999999
15720.0	674604599.9999999
15730.0	800100424.9999998
15740.0	902313899.9999998
15750.0	731766224.9999999
15760.0	865691524.9999999
15770.0	1019996724.9999999
15780.0	960532724.9999998
15790.0	929436475.0
15800.0	883611674.9999998
15810.0	954094499.9999996
15820.0	865214724.9999998
15830.0	903554474.9999999
15840.0	833662324.9999999
15850.0	853680449.9999999
15860.0	922930749.9999996
15870.0	940104250.0
15880.0	958912124.9999996
15890.0	980941624.9999998
15900.0	797851174.9999996
15910.0	965949474.9999999
15920.0	984574799.9999998
15930.0	919544424.9999998
15940.0	991894374.9999996
15950.0	1015111924.9999998
15960.0	994934449.9999998
15970.0	998434849.9999996
15980.0	931641149.9999998
15990.0	942099449.9999998
16000.0	1035254124.9999996
16010.0	887802524.9999999
16020.0	957397174.9999998
16030.0	1048387999.9999999
16040.0	1006149149.9999999
16050.0	910594724.9999998
16060.0	955140949.9999998
16070.0	921103799.9999999
16080.0	971382799.9999999
16090.0	1067418499.9999995
16100.0	907036099.9999996
16110.0	981480899.9999999
16120.0	1049652874.9999998
16130.0	1053906924.9999998
16140.0	987681424.9999996
16150.0	1011512974.9999998
16160.0	904130024.9999999
16170.0	1003099974.9999996
16180.0	1102277574.9999998
16190.0	967372924.9999996
16200.0	942567549.9999996
16210.0	1025327649.9999996
16220.0	1018143049.9999998
16230.0	956932649.9999999
16240.0	982809999.9999998
16250.0	955669449.9999999
16260.0	1010970174.9999999
16270.0	1051636024.9999995
16280.0	1077285549.9999998
16290.0	974858649.9999998
16300.0	1068436599.9999998
16310.0	980010699.9999999
16320.0	999348999.9999999
16330.0	1068433599.9999999
16340.0	993927724.9999998
16350.0	959475525.0
16360.0	1064469149.9999998
16370.0	1072341700.0000001
16380.0	1059147074.9999998
16390.0	1081292024.9999995
16400.0	1107700449.9999998
16410.0	974237824.9999996
16420.0	935217824.9999996
16430.0	980382799.9999998
16440.0	1080534399.9999998
16450.0	1072767899.9999996
16460.0	1087215949.9999998
16470.0	1075165774.9999995
16480.0	1079758824.9999998
16490.0	1128667749.9999998
16500.0	1140721999.9999998
16510.0	1120109500.0
16520.0	1036550449.9999999
16530.0	1013178624.9999999
16540.0	1147932974.9999998
16550.0	1053318599.9999996
16560.0	1153470499.9999998
16570.0	1170580999.9999998
16580.0	1128809499.9999995
16590.0	1041201949.9999999
16600.0	1146568999.9999998
16610.0	1008067199.9999999
16620.0	1010389874.9999998
16630.0	1135521874.9999998
16640.0	1047942424.9999996
16650.0	1141988274.9999998
16660.0	1162364250.0
16670.0	1106339024.9999998
16680.0	1110129324.9999998
16690.0	1094370924.9999995
16700.0	1097974249.9999998
16710.0	1078134274.9999998
16720.0	1095533099.9999998
16730.0	1183270750.0
16740.0	1190421524.9999998
16750.0	1093312674.9999998
16760.0	1128518749.9999998
16770.0	1012505199.9999998
16780.0	1115558974.9999998
16790.0	1121746524.9999998
16800.0	1064487799.9999999
16810.0	1132373899.9999998
16820.0	1140419050.0
16830.0	1118359249.9999998
16840.0	1084172999.9999998
16850.0	1113123999.9999998
16860.0	1187642000.0
16870.0	1155569750.0
16880.0	1152782000.0
16890.0	1131221049.9999998
16900.0	1163651749.9999998
16910.0	1107839825.0
16920.0	1058020624.9999999
16930.0	1088911549.9999998
16940.0	1186460249.9999998
16950.0	1087876099.9999998
16960.0	1050295049.9999996
16970.0	996966499.9999999
16980.0	1123295374.9999998
16990.0	990452375.0
17000.0	1035766349.9999999
17010.0	884387999.9999999
17020.0	1086283899.9999995
17030.0	994222049.9999999
17040.0	1033619249.9999998
17050.0	992636974.9999996
17060.0	1079423025.0
17070.0	964239049.9999996
17080.0	966066974.9999998
17090.0	915573774.9999998
17100.0	1115562499.9999995
17110.0	932755949.9999999
17120.0	963701449.9999999
17130.0	1012779250.0
17140.0	932823649.9999999
17150.0	929178649.9999999
17160.0	941792399.9999999
17170.0	1000250099.9999999
17180.0	832484774.9999998
17190.0	740497774.9999998
17200.0	954342049.9999998
17210.0	941944099.9999996
17220.0	950769724.9999999
17230.0	856807774.9999998
17240.0	810394549.9999998
17250.0	958477299.9999998
17260.0	864817974.9999999
17270.0	662836649.9999999
17280.0	783154225.0
17290.0	719200574.9999999
17300.0	819593624.9999999
17310.0	788572574.9999998
17320.0	893579224.9999999
17330.0	859466074.9999999
17340.0	868422399.9999999
17350.0	623063499.9999999
17360.0	681195624.9999999
17370.0	529341699.9999999
17380.0	957886899.9999998
17390.0	850012574.9999996
17400.0	792311724.9999998
17410.0	625470649.9999998
17420.0	610440824.9999999
17430.0	736044274.9999998
17440.0	699215425.0
17450.0	814134374.9999998
17460.0	749630899.9999998
17470.0	843229999.9999999
17480.0	755052974.9999998
17490.0	730702199.9999999
17500.0	884910999.9999999
17510.0	880934674.9999998
17520.0	653711399.9999999
17530.0	615459874.9999999
17540.0	766551150.0
17550.0	749000924.9999999
17560.0	603456974.9999998
17570.0	800030699.9999998
17580.0	650673049.9999999
17590.0	668259099.9999998
17600.0	675131799.9999998
17610.0	740185624.9999998
17620.0	691615799.9999999
17630.0	460020049.9999999
17640.0	778139649.9999998
17650.0	750323849.9999999
17660.0	900253449.9999999
17670.0	638408349.9999999
17680.0	398573099.99999994
17690.0	598361749.9999999
17700.0	762938724.9999999
17710.0	703717299.9999998
17720.0	523541974.9999999
17730.0	559705124.9999999
17740.0	758382724.9999999
17750.0	563841424.9999999
17760.0	469334935.0
17770.0	629887974.9999999
17780.0	649468149.9999999
17790.0	616251775.0
17800.0	537405724.9999998
17810.0	516795599.9999999
17820.0	710855299.9999998
17830.0	454247324.99999994
17840.0	783491674.9999998
17850.0	574980374.9999998
17860.0	643612474.9999999
17870.0	610198424.9999999
17880.0	522003074.9999998
17890.0	541978750.0
17900.0	642883174.9999999
17910.0	362437299.99999994
17920.0	430980025.0
17930.0	502995924.9999999
17940.0	478359899.9999998
17950.0	446424949.99999994
17960.0	480100074.99999994
17970.0	574494699.9999999
17980.0	569056224.9999998
17990.0	511869299.99999994
18000.0	333674699.99999994
18010.0	377799324.9999999
18020.0	601866200.0
18030.0	528574224.99999994
18040.0	637985999.9999999
18050.0	644790224.9999999
18060.0	375187924.99999994
18070.0	411222924.99999994
18080.0	305905999.99999994
18090.0	298156874.99999994
18100.0	479478674.9999999
18110.0	317884350.0
18120.0	470164274.9999999
18130.0	533375049.9999999
18140.0	563476799.9999999
18150.0	573985734.9999999
18160.0	507136994.99999976
18170.0	412372509.99999994
18180.0	503227124.9999999
18190.0	380321349.9999998
18200.0	426236000.0
18210.0	393284004.9999999
18220.0	314563100.0
18230.0	560227674.9999999
18240.0	695832574.9999998
18250.0	476673799.99999994
18260.0	382927902.4999999
18270.0	396424407.49999994
18280.0	445627699.9999999
18290.0	513801949.9999998
18300.0	492224975.0
18310.0	484662449.99999994
18320.0	545112824.9999999
18330.0	414457374.9999999
18340.0	532144024.9999999
18350.0	483010649.9999999
18360.0	619609424.9999999
18370.0	648946424.9999999
18380.0	468983024.9999999
18390.0	373382674.99999994
18400.0	489779349.9999999
18410.0	492502924.9999999
18420.0	355591499.99999994
18430.0	509735674.9999999
18440.0	474662074.9999998
18450.0	366062774.99999994
18460.0	328715949.99999994
18470.0	256494599.99999994
18480.0	341178749.99999994
18490.0	370504199.9999999
18500.0	396484500.0
18510.0	475749624.99999994
18520.0	441331027.4999998
18530.0	470133057.4999999
18540.0	486285999.9999999
18550.0	423265559.99999994
18560.0	304095724.99999994
18570.0	259714974.9999999
18580.0	311652325.0
18590.0	360300049.9999999
18600.0	293938200.0
18610.0	482095924.99999994
18620.0	429598609.99999994
18630.0	304015024.99999994
18640.0	343430524.99999994
18650.0	358181249.9999999
18660.0	524004449.9999998
18670.0	401948124.9999999
18680.0	230638399.99999994
18690.0	429695699.9999999
18700.0	376611099.9999999
18710.0	520940124.99999994
18720.0	431397274.9999999
18730.0	327060549.9999999
18740.0	405933799.9999999
18750.0	282180574.9999999
18760.0	424638549.99999994
18770.0	452547175.0
18780.0	390074274.9999999
18790.0	301960574.99999994
18800.0	359355024.99999994
18810.0	353717199.9999999
18820.0	524237074.99999976
18830.0	479444374.9999999
18840.0	410022724.9999998
18850.0	338387464.99999994
18860.0	418345874.99999994
18870.0	316908474.99999994
18880.0	414268249.9999998
18890.0	461863674.99999994
18900.0	501123575.0
18910.0	528870724.9999999
18920.0	340969324.99999994
18930.0	347371024.99999994
18940.0	465596474.9999999
18950.0	455166999.9999999
18960.0	387964349.99999994
18970.0	457252424.9999998
18980.0	386120099.99999994
18990.0	493333749.9999999
19000.0	349375399.9999999
19010.0	338973024.99999994
19020.0	402730274.99999994
19030.0	432224974.99999994
19040.0	434009749.9999999
19050.0	479774924.9999999
19060.0	432518724.99999994
19070.0	361645199.9999999
19080.0	537282649.9999998
19090.0	381328924.9999999
19100.0	512676849.9999998
19110.0	317855729.99999994
19120.0	497124514.99999994
19130.0	456141749.99999994
19140.0	445111399.99999994
19150.0	575686049.9999999
19160.0	352488549.99999994
19170.0	403895099.9999999
19180.0	436217824.99999994
19190.0	523311099.99999994
19200.0	391002169.99999994
19210.0	344796675.0
19220.0	450271724.9999998
19230.0	410538879.99999994
19240.0	337428575.0
19250.0	506322049.99999994
19260.0	411392149.9999999
19270.0	406249124.99999994
19280.0	528397099.9999999
19290.0	494210549.9999999
19300.0	493974699.9999999
19310.0	277827024.99999994
19320.0	404058675.0
19330.0	347427999.9999999
19340.0	359065124.99999994
19350.0	446808949.99999994
19360.0	387378649.9999999
19370.0	500772724.9999998
19380.0	349301149.9999999
19390.0	420584024.9999998
19400.0	353998824.9999999
19410.0	440620774.9999999
19420.0	445322374.99999994
19430.0	311972449.9999999
19440.0	390216599.9999999
19450.0	292955449.9999999
19460.0	319367810.0
19470.0	457291174.99999994
19480.0	351195374.99999994
19490.0	323393524.99999994
19500.0	448812224.99999994
19510.0	387377374.99999994
19520.0	362738074.99999994
19530.0	334764174.99999994
19540.0	452823024.9999999
19550.0	307263759.99999994
19560.0	226286924.9999999
19570.0	397850449.9999999
19580.0	476878249.99999994
19590.0	395369497.4999999
19600.0	205270252.4999999
19610.0	388705349.99999994
19620.0	409012400.0
19630.0	481140499.9999999
19640.0	430790624.9999999
19650.0	480312049.99999994
19660.0	545520624.9999999
19670.0	525071074.9999999
19680.0	433250224.9999999
19690.0	412500499.9999999
19700.0	351184449.9999999
19710.0	445752999.9999998
19720.0	526888724.9999999
19730.0	455860049.9999999
19740.0	343225304.99999994
19750.0	475181699.9999998
19760.0	302539159.99999994
19770.0	450992774.9999999
19780.0	376757799.99999994
19790.0	462013374.99999994
19800.0	436482449.99999994
19810.0	431716374.99999994
19820.0	356237900.0
19830.0	444533724.99999994
19840.0	411905074.99999994
19850.0	291671125.0
19860.0	442057849.9999998
19870.0	384532774.9999999
19880.0	323120274.99999994
19890.0	442013349.9999999
19900.0	326802949.9999999
19910.0	281261824.99999994
19920.0	297279174.99999994
19930.0	464870774.9999999
19940.0	474291224.9999999
19950.0	362406799.99999994
19960.0	369109799.99999994
19970.0	328387199.9999999
19980.0	361464874.99999994
19990.0	438093824.9999999
20000.0	397238839.99999994
20010.0	270262649.9999999
20020.0	412684949.9999999
20030.0	413582050.0
20040.0	393036149.9999999
20050.0	344265099.9999999
20060.0	353003149.99999994
20070.0	341227599.99999994
20080.0	593649524.9999999
20090.0	347839049.99999994
20100.0	469251849.99999994
20110.0	375818674.99999994
20120.0	377597449.99999994
20130.0	408134824.9999999
20140.0	337770874.99999994
20150.0	391154324.9999999
20160.0	386018799.99999994
20170.0	417367874.9999998
20180.0	406201149.9999999
20190.0	390965849.9999999
20200.0	319465799.9999999
20210.0	429050749.9999999
20220.0	408802224.99999994
20230.0	404701449.99999994
20240.0	583027124.9999999
20250.0	418418824.9999999
20260.0	265797249.99999994
20270.0	295542999.99999994
20280.0	385350274.99999994
20290.0	342536499.9999999
20300.0	409416899.9999999
20310.0	277234549.99999994
20320.0	441945050.0
20330.0	408277899.9999999
20340.0	359951549.9999999
20350.0	464825424.99999994
20360.0	319577924.99999994
20370.0	500812649.9999999
20380.0	402066524.99999994
20390.0	347472850.0
20400.0	353889374.9999999
20410.0	323299924.99999994
20420.0	453408449.9999999
20430.0	480583499.9999999
20440.0	321755275.0
20450.0	375702874.9999999
20460.0	459173799.9999998
20470.0	392001724.9999998
20480.0	409079249.9999999
20490.0	316955724.99999994
20500.0	371231174.99999994
20510.0	527601324.99999994
20520.0	425178574.99999994
20530.0	427013624.9999998
20540.0	437435999.9999999
20550.0	330044324.99999994
20560.0	320516874.99999994
20570.0	451526324.9999999
20580.0	501996524.99999994
20590.0	383526199.99999994
20600.0	478648624.9999999
20610.0	332041624.99999994
20620.0	415097599.9999999
20630.0	413792674.9999999
20640.0	333177924.9999999
20650.0	380738249.99999994
20660.0	404169749.9999999
20670.0	436022949.9999999
20680.0	391930424.9999999
20690.0	393639124.9999999
20700.0	449591699.99999994
20710.0	482907424.99999994
20720.0	419027799.9999998
20730.0	445457374.9999998
20740.0	377811974.9999999
20750.0	448020849.9999999
20760.0	443971199.9999999
20770.0	374774224.9999998
20780.0	382622850.0
20790.0	439665224.9999998
20800.0	411087899.99999994
20810.0	346438674.99999994
20820.0	427111049.99999994
20830.0	434182649.9999999
20840.0	450050850.0
20850.0	404422274.9999999
20860.0	454336499.9999999
20870.0	365270899.99999994
20880.0	486977424.9999999
20890.0	425910974.9999999
20900.0	410369274.99999994
20910.0	480000824.9999999
20920.0	426666424.9999998
20930.0	489162724.9999998
20940.0	399979599.99999994
20950.0	421357174.9999999
20960.0	454952324.99999994
20970.0	392441699.9999999
20980.0	552300974.9999999
20990.0	469797649.9999999
21000.0	427052799.9999999
21010.0	474360399.9999998
21020.0	437264499.9999999
21030.0	385779024.9999999
21040.0	474326699.9999999
21050.0	453567774.9999999
21060.0	464270274.99999994
21070.0	456604249.9999999
21080.0	464969349.9999999
21090.0	406297825.0
21100.0	488444449.9999998
21110.0	543570849.9999999
21120.0	423001174.9999999
21130.0	413763249.99999994
21140.0	457455674.9999999
21150.0	439746724.9999999
21160.0	439509199.99999994
21170.0	473600699.99999994
21180.0	483371724.9999998
21190.0	421539849.99999994
21200.0	488404824.9999998
21210.0	449968149.9999999
21220.0	403344624.9999998
21230.0	541905449.9999999
21240.0	485684449.99999994
21250.0	441247299.99999994
21260.0	499276950.0
21270.0	501347524.9999998
21280.0	487121299.9999999
21290.0	435689624.99999994
21300.0	512771949.9999998
21310.0	475134899.99999994
21320.0	513277699.9999998
21330.0	478455149.9999999
21340.0	525833899.99999994
21350.0	536749374.9999999
21360.0	475572949.9999999
21370.0	474703224.9999999
21380.0	461889349.9999998
21390.0	502960599.9999999
21400.0	458539049.9999998
21410.0	526121749.9999999
21420.0	515302374.99999994
21430.0	437376599.99999994
21440.0	519201049.9999998
21450.0	511264599.9999999
21460.0	497926224.99999994
21470.0	501745499.9999999
21480.0	477227974.9999998
21490.0	452124099.99999994
21500.0	441371174.99999994
21510.0	525602124.99999994
21520.0	516564474.9999999
21530.0	464335700.0
21540.0	496675799.9999998
21550.0	549873174.9999999
21560.0	474294449.9999998
21570.0	522964824.9999998
21580.0	460493849.9999999
21590.0	491785574.9999999
21600.0	548937424.9999999
21610.0	553703474.9999999
21620.0	500037949.9999998
21630.0	504627799.9999998
21640.0	527003149.9999999
21650.0	532622949.9999998
21660.0	472077224.99999994
21670.0	510923574.9999999
21680.0	509924649.99999994
21690.0	549219375.0
21700.0	496266224.9999998
21710.0	501357749.9999998
21720.0	538296549.9999998
21730.0	497362274.9999999
21740.0	469828524.9999999
21750.0	543080800.0
21760.0	500669249.9999999
21770.0	521455374.9999999
21780.0	480062725.0
21790.0	486558924.9999999
21800.0	507667574.99999994
21810.0	530477050.0
21820.0	539218425.0
21830.0	491563924.9999999
21840.0	521474649.9999998
21850.0	476264424.9999999
21860.0	518350624.9999999
21870.0	539321624.9999999
21880.0	502197524.9999999
21890.0	537468425.0
21900.0	533858774.99999994
21910.0	566875649.9999999
21920.0	520348549.9999999
21930.0	484953649.9999998
21940.0	506535849.9999999
21950.0	529036774.9999999
21960.0	587323599.9999999
21970.0	552852024.9999999
21980.0	511406424.9999999
21990.0	517744424.9999998
22000.0	566729849.9999998
22010.0	509580149.9999999
22020.0	586121174.9999999
22030.0	493634449.9999999
22040.0	490672049.99999994
22050.0	542671974.9999999
22060.0	518175524.9999999
22070.0	552446124.9999999
22080.0	536571749.9999998
22090.0	541886799.9999999
22100.0	528749224.9999999
22110.0	496209949.9999998
22120.0	552982999.9999998
22130.0	544694999.9999999
22140.0	610029474.9999999
22150.0	489024099.99999994
22160.0	571709399.9999999
22170.0	525154499.9999998
22180.0	544652274.9999999
22190.0	492209774.9999999
22200.0	448438174.99999994
22210.0	499033425.0
22220.0	520107799.99999994
22230.0	501662874.9999999
22240.0	537684049.9999999
22250.0	568051174.9999999
22260.0	534145899.9999998
22270.0	576644299.9999999
22280.0	439852324.99999994
22290.0	555962524.9999999
22300.0	471252099.99999994
22310.0	587210524.9999999
22320.0	584894949.9999999
22330.0	525809749.99999994
22340.0	566323224.9999998
22350.0	550799899.9999998
22360.0	442575774.9999999
22370.0	539336150.0
22380.0	554329599.9999999
22390.0	455402449.9999999
22400.0	598970449.9999998
22410.0	585731199.9999999
22420.0	559985449.9999999
22430.0	573731274.9999999
22440.0	533386349.9999998
22450.0	475993399.99999994
22460.0	576872149.9999999
22470.0	579002750.0
22480.0	581730424.9999998
22490.0	558971849.9999999
22500.0	567975124.9999999
22510.0	598710999.9999999
22520.0	563669925.0
22530.0	512270974.99999976
22540.0	542574874.9999999
22550.0	517583525.0
22560.0	546420524.9999999
22570.0	587764049.9999999
22580.0	493088199.99999976
22590.0	554429399.9999999
22600.0	530787099.99999994
22610.0	533002274.9999998
22620.0	522066799.99999976
22630.0	459604649.9999999
22640.0	518524499.9999999
22650.0	557293074.9999999
22660.0	527803874.99999994
22670.0	580953150.0
22680.0	575495099.9999999
22690.0	540152875.0
22700.0	467202874.99999994
22710.0	560807674.9999999
22720.0	520105524.99999994
22730.0	572483474.9999999
22740.0	524377274.9999999
22750.0	599588449.9999999
22760.0	525352574.99999994
22770.0	566184024.9999999
22780.0	550122324.9999999
22790.0	460232049.9999999
22800.0	488774675.0
22810.0	527938624.9999998
22820.0	557533149.9999999
22830.0	535448350.0
22840.0	520482599.99999994
22850.0	546651824.9999998
22860.0	543849249.9999999
22870.0	521889274.99999994
22880.0	574467699.9999999
22890.0	541154999.9999999
22900.0	594674174.9999999
22910.0	592689999.9999999
22920.0	546291874.9999999
22930.0	583294374.9999999
22940.0	289214774.9999999
22950.0	382511049.9999999
22960.0	384338074.9999999
22970.0	408089449.9999999
22980.0	499044249.9999999
22990.0	513969999.99999994
23000.0	433755500.0
23010.0	482497324.9999999
23020.0	548517049.9999999
23030.0	406846649.99999994
23040.0	551091999.9999999
23050.0	412692659.9999998
23060.0	449641199.9999999
23070.0	453816469.9999999
23080.0	453238574.9999998
23090.0	524427299.9999998
23100.0	516250124.9999998
23110.0	487045524.9999998
23120.0	560700149.9999999
23130.0	562997924.9999999
23140.0	569436849.9999998
23150.0	335877829.9999999
23160.0	508550999.9999999
23170.0	546948174.9999999
23180.0	523449499.9999999
23190.0	542142124.9999998
23200.0	481482754.9999999
23210.0	363924684.99999994
23220.0	491592949.9999999
23230.0	301482524.99999994
23240.0	315375599.99999994
23250.0	355257509.99999994
23260.0	447383499.99999994
23270.0	377754500.0
23280.0	439518599.9999998
23290.0	429007974.99999994
23300.0	414328094.9999999
23310.0	387753399.9999999
23320.0	476920124.99999994
23330.0	481899024.99999994
23340.0	385211549.99999994
23350.0	399436549.9999998
23360.0	434109499.9999999
23370.0	368191759.99999994
23380.0	380795829.99999994
23390.0	410994274.9999999
23400.0	378997999.99999994
23410.0	494618849.99999976
23420.0	381697574.99999994
23430.0	520007450.0
23440.0	533066924.9999999
23450.0	351696324.99999994
23460.0	519307174.99999994
23470.0	455120889.99999994
23480.0	417544449.9999999
23490.0	461236024.9999998
23500.0	460050474.9999999
23510.0	382235374.9999999
23520.0	370997524.99999994
23530.0	312769174.99999994
23540.0	372146199.99999994
23550.0	371488024.9999999
23560.0	369385174.99999994
23570.0	447626374.9999999
23580.0	369819644.99999994
23590.0	343945559.99999994
23600.0	449735674.99999994
23610.0	329769324.99999994
23620.0	315646100.0
23630.0	315342899.99999994
23640.0	370453074.9999999
23650.0	419319324.99999994
23660.0	424430224.99999994
23670.0	373566449.99999994
23680.0	284864504.99999994
23690.0	457024474.9999999
23700.0	420660624.99999994
23710.0	366424424.9999999
23720.0	461132874.99999994
23730.0	450282674.9999999
23740.0	339120874.9999999
23750.0	406177674.9999999
23760.0	355304649.9999999
23770.0	336579449.9999999
23780.0	308349224.99999994
23790.0	376901099.9999999
23800.0	403362224.99999994
23810.0	317662449.99999994
23820.0	373673549.99999994
23830.0	323712899.99999994
23840.0	316954249.99999994
23850.0	405843850.0
23860.0	343027999.99999994
23870.0	280605199.9999999
23880.0	259404149.9999999
23890.0	413733224.9999999
23900.0	378895649.99999994
23910.0	357614925.0
23920.0	228427174.99999997
23930.0	252661799.99999994
23940.0	372167274.99999994
23950.0	332077424.99999994
23960.0	304641900.0
23970.0	300648525.0
23980.0	294334949.99999994
23990.0	376561374.9999999
24000.0	379971974.99999994
24010.0	244161124.99999994
24020.0	301542549.99999994
24030.0	279059624.99999994
24040.0	370888624.9999999
24050.0	321809349.9999999
24060.0	313085099.99999994
24070.0	235254064.99999997
24080.0	335977774.9999999
24090.0	387269699.9999999
24100.0	251901424.99999994
24110.0	325905499.9999999
24120.0	291445325.0
24130.0	332997949.99999994
24140.0	285061250.0
24150.0	354415899.99999994
24160.0	316657574.99999994
24170.0	308893699.99999994
24180.0	228230949.99999994
24190.0	372969424.99999994
24200.0	303790499.99999994
24210.0	287468799.99999994
24220.0	201130699.99999994
24230.0	314012199.9999999
24240.0	353633949.99999994
24250.0	260615524.99999997
24260.0	274046574.99999994
24270.0	351614749.99999994
24280.0	276426474.9999998
24290.0	309651049.99999994
24300.0	301189624.99999994
24310.0	202449425.0
24320.0	303696849.9999999
24330.0	298408374.9999999
24340.0	215820324.99999994
24350.0	210322974.99999994
24360.0	277532099.9999999
24370.0	174277544.99999994
24380.0	234467849.99999994
24390.0	312113024.99999994
24400.0	231610374.99999994
24410.0	254391674.99999997
24420.0	270601474.99999994
24430.0	250156149.99999997
24440.0	190700839.99999997
24450.0	218935419.99999997
24460.0	239904717.49999994
24470.0	309986182.4999999
24480.0	289507124.99999994
24490.0	305334374.9999999
24500.0	261264124.99999997
24510.0	330622599.9999999
24520.0	188973354.99999994
24530.0	241668089.99999994
24540.0	162769054.99999997
24550.0	231800024.99999994
24560.0	267078099.99999988
24570.0	222642499.99999994
24580.0	261407975.0
24590.0	273308374.99999994
24600.0	237658099.99999994
24610.0	166116517.49999997
24620.0	252135797.49999997
24630.0	243802949.9999999
24640.0	321569924.99999994
24650.0	230753450.0
24660.0	172957084.99999997
24670.0	243529349.99999994
24680.0	146816204.99999997
24690.0	266291104.99999994
24700.0	231473324.99999994
24710.0	167454844.99999994
24720.0	219303774.9999999
24730.0	227353104.9999999
24740.0	130115559.99999997
24750.0	182767019.99999994
24760.0	199374999.99999994
24770.0	269327549.99999994
24780.0	259131414.9999999
24790.0	168254804.99999994
24800.0	245325449.99999994
24810.0	170934844.99999997
24820.0	197197022.5
24830.0	141163364.99999997
24840.0	233720232.49999994
24850.0	254250124.9999999
24860.0	230774574.99999994
24870.0	225698899.99999997
24880.0	210861059.99999997
24890.0	180117202.5
24900.0	168901574.99999994
24910.0	165160027.49999997
24920.0	234525999.99999994
24930.0	167425014.99999997
24940.0	264245949.9999999
24950.0	251417944.99999994
24960.0	239810759.9999999
24970.0	208743654.99999994
24980.0	176558479.99999994
24990.0	221352049.99999994
25000.0	263546574.99999988
25010.0	208245525.0
25020.0	199197914.99999997
25030.0	168475589.99999997
25040.0	184098124.99999997
25050.0	176101539.99999994
25060.0	141934557.49999997
25070.0	153009572.49999997
25080.0	161934500.0
25090.0	242560824.99999994
25100.0	216948874.99999994
25110.0	178119324.99999997
25120.0	218924974.99999994
25130.0	128695984.99999996
25140.0	167143049.99999994
25150.0	192469607.49999994
25160.0	178570592.49999994
25170.0	231841149.99999994
25180.0	218222624.99999997
25190.0	214182789.9999999
25200.0	196469089.9999999
25210.0	177464829.99999994
25220.0	177520282.49999997
25230.0	222505687.49999994
25240.0	148246329.99999997
25250.0	190924364.99999997
25260.0	186530904.99999997
25270.0	189282234.99999997
25280.0	161557374.99999997
25290.0	176239085.0
25300.0	162987424.99999997
25310.0	238413924.99999997
25320.0	246310074.99999994
25330.0	115436559.99999996
25340.0	231568934.99999994
25350.0	178448349.99999997
25360.0	140948159.99999997
25370.0	226780769.99999997
25380.0	247874324.99999997
25390.0	172856549.99999997
25400.0	198967724.99999994
25410.0	163693474.99999994
25420.0	161482129.99999997
25430.0	186464724.99999994
25440.0	174303499.99999997
25450.0	222085599.99999997
25460.0	165074814.99999997
25470.0	215218454.99999997
25480.0	156023189.99999994
25490.0	181659400.0
25500.0	202813224.99999997
25510.0	181372439.99999994
25520.0	200468719.99999994
25530.0	156078567.49999994
25540.0	221850627.49999997
25550.0	188009429.99999994
25560.0	210940064.99999994
25570.0	194337974.99999994
25580.0	247324799.99999988
25590.0	235649964.99999997
25600.0	164919294.99999994
25610.0	153688324.99999997
25620.0	199391109.99999994
25630.0	139373909.99999997
25640.0	141280282.49999994
25650.0	164388019.99999994
25660.0	143023524.99999997
25670.0	175241797.49999997
25680.0	191737584.99999997
25690.0	202428949.99999994
25700.0	172870324.99999997
25710.0	214563457.5
25720.0	189057677.49999997
25730.0	237015754.99999994
25740.0	105672979.99999997
25750.0	198828449.99999997
25760.0	145357614.99999997
25770.0	111150984.99999997
25780.0	158367549.99999997
25790.0	156034049.99999997
25800.0	201541499.99999994
25810.0	190676449.99999994
25820.0	183800999.99999994
25830.0	128985874.99999997
25840.0	173668064.99999994
25850.0	174655424.99999994
25860.0	208031799.99999994
25870.0	125806884.99999997
25880.0	167051424.9999999
25890.0	159554124.99999997
25900.0	141835822.49999997
25910.0	185327917.49999994
25920.0	190537424.99999997
25930.0	75160154.99999997
25940.0	169702609.99999994
25950.0	179022829.99999994
25960.0	169613890.0
25970.0	166439899.99999997
25980.0	104648214.99999999
25990.0	186327789.99999997
