# Flux units: erg / (cm m2 s)
# Wavelength units: Angstrom
wave	flux
7000.0	3.970456199999999e+16
7010.0	4.773151e+16
7020.0	2.872516149999999e+16
7030.0	7.050896749999998e+16
7040.0	5.324253249999999e+16
7050.0	1.0452798999999998e+17
7060.0	1.3813302999999996e+16
7070.0	8673701999999999.0
7080.0	2.2988151749999996e+16
7090.0	1.2965264999999996e+16
7100.0	9092355749999996.0
7110.0	9411137749999998.0
7120.0	1.2358486249999996e+16
7130.0	8581185749999998.0
7140.0	4965330749999999.0
7150.0	5725981999999999.0
7160.0	8301511999999997.0
7170.0	7542114749999997.0
7180.0	1.3745433249999998e+16
7190.0	1.2185078749999996e+16
7200.0	1.3531776249999996e+16
7210.0	6590256499999999.0
7220.0	1.7321837499999998e+16
7230.0	2.0270249999999996e+16
7240.0	1.874998249999999e+16
7250.0	4.276641749999999e+16
7260.0	4.586966999999999e+16
7270.0	3.995412249999999e+16
7280.0	5.555722249999998e+16
7290.0	6.580594999999998e+16
7300.0	9.674166999999997e+16
7310.0	8.480598999999998e+16
7320.0	1.15261495e+17
7330.0	9.275911e+16
7340.0	1.1640445249999995e+17
7350.0	1.2894406749999997e+17
7360.0	1.2225817999999998e+17
7370.0	1.5607769499999997e+17
7380.0	1.5666162249999997e+17
7390.0	1.8586399249999994e+17
7400.0	1.7568348999999997e+17
7410.0	1.5800466999999994e+17
7420.0	1.7248249999999997e+17
7430.0	1.9282673499999997e+17
7440.0	2.0321489999999994e+17
7450.0	1.4121506499999997e+17
7460.0	1.3440241249999997e+17
7470.0	1.4122569999999998e+17
7480.0	1.6793535249999994e+17
7490.0	1.6762576499999994e+17
7500.0	1.5779582499999997e+17
7510.0	1.7928787499999997e+17
7520.0	1.8833197499999997e+17
7530.0	1.5842356749999997e+17
7540.0	1.7517627249999997e+17
7550.0	1.7191869999999997e+17
7560.0	1.7722809999999997e+17
7570.0	1.8950534999999997e+17
7580.0	1.8758517499999994e+17
7590.0	1.2145721249999997e+17
7600.0	5.315766999999998e+16
7610.0	6.093556499999998e+16
7620.0	7.237690999999998e+16
7630.0	4.141748499999999e+16
7640.0	3.635703249999998e+16
7650.0	2.309737999999999e+16
7660.0	1.5616790999999998e+16
7670.0	8249383749999999.0
7680.0	1.6815849749999994e+16
7690.0	1.8209437499999996e+16
7700.0	9916873999999998.0
7710.0	1.7047760999999998e+16
7720.0	2.5454884999999996e+16
7730.0	4.243476999999999e+16
7740.0	6.624554999999998e+16
7750.0	5.005592999999999e+16
7760.0	4.7939285e+16
7770.0	2.7700939999999996e+16
7780.0	5.404745499999999e+16
7790.0	5.6712217499999976e+16
7800.0	6.299691249999998e+16
7810.0	9.513885999999997e+16
7820.0	1.1304543499999995e+17
7830.0	9.969656499999998e+16
7840.0	7.107052999999998e+16
7850.0	9.569582499999997e+16
7860.0	1.0125397249999998e+17
7870.0	1.0181035499999997e+17
7880.0	1.2332522749999997e+17
7890.0	1.3998708499999998e+17
7900.0	1.4623654999999997e+17
7910.0	1.4590929249999997e+17
7920.0	1.2490659749999997e+17
7930.0	1.6198022499999997e+17
7940.0	1.4374077499999995e+17
7950.0	1.1058622499999998e+17
7960.0	1.8571604999999994e+17
7970.0	1.9922249999999994e+17
7980.0	2.1102824999999994e+17
7990.0	1.8780079999999994e+17
8000.0	2.0001404999999994e+17
8010.0	1.8983379999999994e+17
8020.0	2.2445294999999997e+17
8030.0	2.1681722499999997e+17
8040.0	2.2917944999999997e+17
8050.0	1.8860247499999997e+17
8060.0	2.1456089999999994e+17
8070.0	2.0979757499999997e+17
8080.0	2.1644874999999994e+17
8090.0	2.1188573999999994e+17
8100.0	2.4205219999999997e+17
8110.0	2.2854717499999994e+17
8120.0	2.7029832499999994e+17
8130.0	2.851309749999999e+17
8140.0	2.5610387499999994e+17
8150.0	2.7637889999999997e+17
8160.0	2.5577697499999994e+17
8170.0	1.9203634999999997e+17
8180.0	1.5090818249999997e+17
8190.0	9.407587999999998e+16
8200.0	9.849418249999997e+16
8210.0	1.7170172499999997e+17
8220.0	2.1901477499999994e+17
8230.0	2.0293724999999994e+17
8240.0	2.3280164249999994e+17
8250.0	2.3139549749999994e+17
8260.0	2.2058532499999997e+17
8270.0	2.2135584999999994e+17
8280.0	2.1720319999999997e+17
8290.0	1.9099644999999997e+17
8300.0	2.0387947499999997e+17
8310.0	2.0561939999999994e+17
8320.0	1.9590427499999994e+17
8330.0	1.9160344999999997e+17
8340.0	2.0236742499999994e+17
8350.0	2.1964927499999994e+17
8360.0	2.1175234999999997e+17
8370.0	2.0874424999999994e+17
8380.0	1.9488241999999994e+17
8390.0	1.5367194999999997e+17
8400.0	2.0022249999999994e+17
8410.0	2.2954374999999994e+17
8420.0	2.1175119999999997e+17
8430.0	1.8939531999999997e+17
8440.0	1.0119266249999998e+17
8450.0	9.118750999999995e+16
8460.0	7.608913249999997e+16
8470.0	7.923207249999997e+16
8480.0	1.0214344999999997e+17
8490.0	8.25964375e+16
8500.0	9.064302249999997e+16
8510.0	1.0827723249999998e+17
8520.0	9.533906499999998e+16
8530.0	1.2695535999999998e+17
8540.0	1.2768637499999997e+17
8550.0	1.4306772499999997e+17
8560.0	1.5365984999999997e+17
8570.0	1.4976552499999997e+17
8580.0	1.7111004999999994e+17
8590.0	1.7289964999999994e+17
8600.0	1.8259242499999994e+17
8610.0	1.7544902499999994e+17
8620.0	1.8289987499999997e+17
8630.0	1.8596307499999997e+17
8640.0	1.9295824999999997e+17
8650.0	1.7542377499999994e+17
8660.0	1.9506399749999994e+17
8670.0	2.1090029249999994e+17
8680.0	1.9367677499999994e+17
8690.0	1.7402874999999997e+17
8700.0	1.2757931499999995e+17
8710.0	1.3523745499999998e+17
8720.0	1.3446609999999997e+17
8730.0	1.6294117499999994e+17
8740.0	1.4589566749999997e+17
8750.0	1.7347475249999997e+17
8760.0	2.1985587499999994e+17
8770.0	2.1657337499999994e+17
8780.0	2.1867954999999994e+17
8790.0	2.4414342499999994e+17
8800.0	1.7168832499999997e+17
8810.0	1.9942622499999997e+17
8820.0	2.4955642499999994e+17
8830.0	2.0447214999999994e+17
8840.0	2.4304014999999994e+17
8850.0	2.1818809999999997e+17
8860.0	1.7828973999999994e+17
8870.0	1.1676458999999997e+17
8880.0	1.1098064999999997e+17
8890.0	1.3082229499999997e+17
8900.0	1.4945233999999997e+17
8910.0	1.6451652749999997e+17
8920.0	1.0712883249999997e+17
8930.0	1.6717157999999997e+17
8940.0	1.7736191999999994e+17
8950.0	1.6222343999999997e+17
8960.0	1.5073090499999997e+17
8970.0	1.5791704499999994e+17
8980.0	2.0781952499999994e+17
8990.0	2.0332779999999994e+17
9000.0	1.4407052999999997e+17
9010.0	2.3514106499999994e+17
9020.0	2.3158117499999994e+17
9030.0	1.7016889999999997e+17
9040.0	2.1602912499999994e+17
9050.0	2.4833039249999994e+17
9060.0	1.8062042249999997e+17
9070.0	2.3448069999999997e+17
9080.0	2.5479807499999994e+17
9090.0	2.4491259249999997e+17
9100.0	2.5719320249999994e+17
9110.0	2.5960399999999994e+17
9120.0	2.8780287499999994e+17
9130.0	2.7606267499999994e+17
9140.0	2.744258499999999e+17
9150.0	2.5320569999999994e+17
9160.0	3.046348499999999e+17
9170.0	2.8134062499999994e+17
9180.0	2.8777983749999997e+17
9190.0	2.7049756249999994e+17
9200.0	2.1168116499999994e+17
9210.0	2.1607513499999997e+17
9220.0	2.7660142499999994e+17
9230.0	2.5380927499999994e+17
9240.0	2.4009679999999994e+17
9250.0	2.1957926499999994e+17
9260.0	2.4504559999999994e+17
9270.0	2.0226451499999994e+17
9280.0	2.1570712499999994e+17
9290.0	2.2175182499999997e+17
9300.0	2.0773407499999997e+17
9310.0	1.7714906999999997e+17
9320.0	2.2903534999999994e+17
9330.0	1.8488697499999997e+17
9340.0	2.5613209999999994e+17
9350.0	1.6941718749999997e+17
9360.0	2.4748566249999994e+17
9370.0	2.0009660999999997e+17
9380.0	2.6576812499999994e+17
9390.0	2.0279507999999994e+17
9400.0	2.3217392499999994e+17
9410.0	2.5882412499999994e+17
9420.0	2.4182362499999994e+17
9430.0	2.878657249999999e+17
9440.0	2.0350307499999997e+17
9450.0	2.4216674999999994e+17
9460.0	2.1450452499999994e+17
9470.0	2.637974749999999e+17
9480.0	2.7994664999999997e+17
9490.0	2.8523362499999994e+17
9500.0	2.6155909999999994e+17
9510.0	2.5377857499999994e+17
9520.0	2.658074749999999e+17
9530.0	2.4032474999999994e+17
9540.0	2.699080274999999e+17
9550.0	2.376650924999999e+17
9560.0	2.7074537499999994e+17
9570.0	2.1918277499999994e+17
9580.0	3.041109749999999e+17
9590.0	2.9660832499999994e+17
9600.0	2.4278067499999994e+17
9610.0	2.7727257499999994e+17
9620.0	2.6855399999999994e+17
9630.0	2.9847442499999994e+17
9640.0	2.2227827499999994e+17
9650.0	2.1431757999999994e+17
9660.0	2.8146294999999994e+17
9670.0	2.992970999999999e+17
9680.0	2.3003280999999994e+17
9690.0	2.4083517499999994e+17
9700.0	3.0719599999999994e+17
9710.0	2.5399044999999994e+17
9720.0	2.3821022499999994e+17
9730.0	2.660413499999999e+17
9740.0	2.4705449999999994e+17
9750.0	2.5025834999999994e+17
9760.0	2.5711279999999994e+17
9770.0	2.7755689999999997e+17
9780.0	2.7720218499999994e+17
9790.0	1.6345254499999994e+17
9800.0	2.872187249999999e+17
9810.0	2.4521784999999994e+17
9820.0	2.2754814999999994e+17
9830.0	2.2774394999999997e+17
9840.0	2.4077784999999994e+17
9850.0	2.9199457499999994e+17
9860.0	2.9557752499999994e+17
9870.0	2.4804269999999994e+17
9880.0	2.9268822499999994e+17
9890.0	2.6421419999999994e+17
9900.0	1.1292335749999998e+17
9910.0	5.8878117499999976e+16
9920.0	5.644441e+16
9930.0	6.919515749999998e+16
9940.0	9.399307249999997e+16
9950.0	1.1191188499999998e+17
9960.0	1.1248027999999997e+17
9970.0	1.2202233499999998e+17
9980.0	9.660755749999997e+16
9990.0	8.554261749999998e+16
10000.0	1.0839070499999997e+17
10010.0	1.1828312999999997e+17
10020.0	1.3096922499999997e+17
10030.0	1.7052127499999997e+17
10040.0	1.2226054999999997e+17
10050.0	1.2607557749999995e+17
10060.0	7.663544999999998e+16
10070.0	1.0671345499999997e+17
10080.0	1.5003265249999997e+17
10090.0	1.5078993999999997e+17
10100.0	1.7321667499999994e+17
10110.0	1.4471012499999997e+17
10120.0	1.3011830999999998e+17
10130.0	1.5149952999999997e+17
10140.0	1.1639964999999997e+17
10150.0	1.33423465e+17
10160.0	1.2473835999999998e+17
10170.0	1.0928233999999997e+17
10180.0	1.6556536999999997e+17
10190.0	1.2468090499999997e+17
10200.0	1.2460539999999997e+17
10210.0	1.5631945499999997e+17
10220.0	1.3086876999999995e+17
10230.0	1.4766267499999997e+17
10240.0	1.7685094999999997e+17
10250.0	1.5491227499999997e+17
10260.0	1.0331988999999997e+17
10270.0	1.2383420499999997e+17
10280.0	1.1973884249999997e+17
10290.0	1.4259123749999995e+17
10300.0	1.1167943249999997e+17
10310.0	1.6171703749999997e+17
10320.0	1.2647256999999997e+17
10330.0	1.5576895499999997e+17
10340.0	1.2273460499999998e+17
10350.0	1.4675913999999994e+17
10360.0	1.6597222499999997e+17
10370.0	1.9289371499999994e+17
10380.0	1.6949147499999997e+17
10390.0	1.6021312499999997e+17
10400.0	1.8134562499999997e+17
10410.0	2.1414861749999994e+17
10420.0	1.5992699749999997e+17
10430.0	1.3180272499999997e+17
10440.0	1.8484944999999997e+17
10450.0	2.0576117499999994e+17
10460.0	2.3872130249999994e+17
10470.0	1.3838315749999997e+17
10480.0	1.5147882499999997e+17
10490.0	2.4655719999999994e+17
10500.0	2.1948399999999994e+17
10510.0	2.0512337499999994e+17
10520.0	1.5434814999999997e+17
10530.0	2.3042607499999997e+17
10540.0	2.3257539999999994e+17
10550.0	2.5657407499999994e+17
10560.0	2.0098629999999994e+17
10570.0	1.6579737499999997e+17
10580.0	2.2695084999999994e+17
10590.0	2.0971784999999997e+17
10600.0	2.6765282499999994e+17
10610.0	2.3854354999999994e+17
10620.0	1.9665614999999994e+17
10630.0	2.4813744999999994e+17
10640.0	2.5923584999999994e+17
10650.0	2.6669857499999994e+17
10660.0	2.5563439999999994e+17
10670.0	1.8183449749999997e+17
10680.0	1.8808139249999997e+17
10690.0	2.5404082499999994e+17
10700.0	2.2858895999999997e+17
10710.0	1.8803968499999994e+17
10720.0	1.9689754999999994e+17
10730.0	2.4777482499999994e+17
10740.0	2.5933139999999994e+17
10750.0	2.5129752499999994e+17
10760.0	2.8376593499999994e+17
10770.0	2.6211091999999994e+17
10780.0	2.4125910499999994e+17
10790.0	2.9741679999999994e+17
10800.0	2.9441869999999994e+17
10810.0	2.9845649999999994e+17
10820.0	2.6271824999999994e+17
10830.0	2.9848644999999994e+17
10840.0	3.0918232499999994e+17
10850.0	2.6987589999999997e+17
10860.0	2.4861574999999994e+17
10870.0	2.437421649999999e+17
10880.0	2.9320642499999994e+17
10890.0	2.5228194999999994e+17
10900.0	2.8462689999999997e+17
10910.0	2.5592499999999994e+17
10920.0	2.5272607499999994e+17
10930.0	2.9830332499999994e+17
10940.0	2.9149859999999994e+17
10950.0	3.0002154999999994e+17
10960.0	2.7174499749999994e+17
10970.0	2.938967174999999e+17
10980.0	2.4638394499999994e+17
10990.0	2.6061383999999994e+17
11000.0	2.3200551749999997e+17
11010.0	2.807697274999999e+17
11020.0	2.8492319999999994e+17
11030.0	2.5130266999999994e+17
11040.0	2.5303244999999994e+17
11050.0	2.4705082499999994e+17
11060.0	2.5451844999999994e+17
11070.0	2.3476434999999994e+17
11080.0	2.3224942499999994e+17
11090.0	2.5876044999999994e+17
11100.0	2.692104749999999e+17
11110.0	2.2718848999999994e+17
11120.0	2.4977339999999994e+17
11130.0	2.7333254999999994e+17
11140.0	2.6370121999999997e+17
11150.0	2.865135499999999e+17
11160.0	2.7469882499999994e+17
11170.0	3.0013817499999994e+17
11180.0	2.3899817499999994e+17
11190.0	2.3482887499999994e+17
11200.0	2.8464414999999997e+17
11210.0	2.871866749999999e+17
11220.0	2.9339692499999994e+17
11230.0	2.8855757499999994e+17
11240.0	2.9322982499999994e+17
11250.0	2.8043339999999997e+17
11260.0	2.6483354999999994e+17
11270.0	2.5896362499999994e+17
11280.0	2.5623854999999994e+17
11290.0	2.5743014999999994e+17
11300.0	2.9452864999999994e+17
11310.0	2.9457057499999994e+17
11320.0	2.9181314999999994e+17
11330.0	2.9656167499999994e+17
11340.0	2.5450907499999994e+17
11350.0	2.6025964999999994e+17
11360.0	2.4553224999999994e+17
11370.0	2.8086614999999997e+17
11380.0	1.7373979249999997e+17
11390.0	2.1170085249999994e+17
11400.0	2.1088921999999997e+17
11410.0	1.5310711499999997e+17
11420.0	2.5021409999999994e+17
11430.0	2.3993274999999994e+17
11440.0	2.6729227499999997e+17
11450.0	2.750142249999999e+17
11460.0	2.5437654999999994e+17
11470.0	2.8324087499999994e+17
11480.0	2.7442077499999997e+17
11490.0	2.9015094999999994e+17
11500.0	2.9613632499999994e+17
11510.0	2.8509989999999997e+17
11520.0	2.8439194999999994e+17
11530.0	2.985678499999999e+17
11540.0	2.9213074999999994e+17
11550.0	2.9267674999999994e+17
11560.0	3.0245057499999994e+17
11570.0	2.5855609999999994e+17
11580.0	2.9785979999999994e+17
11590.0	3.0322227499999994e+17
11600.0	2.5593197499999994e+17
11610.0	2.7342527499999997e+17
11620.0	2.9847112499999994e+17
11630.0	2.9490854999999994e+17
11640.0	2.687398499999999e+17
11650.0	2.6732492499999994e+17
11660.0	2.3671119999999997e+17
11670.0	3.0077369999999994e+17
11680.0	2.788730999999999e+17
11690.0	1.5653503999999997e+17
11700.0	2.2588976999999997e+17
11710.0	2.6942914999999997e+17
11720.0	2.9471417499999994e+17
11730.0	2.628588499999999e+17
11740.0	2.7665874999999994e+17
11750.0	2.8135569999999994e+17
11760.0	2.6670674999999994e+17
11770.0	1.7151836999999997e+17
11780.0	1.3844830499999995e+17
11790.0	2.4149492499999994e+17
11800.0	2.670617249999999e+17
11810.0	2.5149092499999994e+17
11820.0	2.8319214999999997e+17
11830.0	2.798564749999999e+17
11840.0	2.839740999999999e+17
11850.0	2.7305407499999994e+17
11860.0	2.7293292499999994e+17
11870.0	2.7251649999999994e+17
11880.0	2.7901073749999994e+17
11890.0	2.3554883749999994e+17
11900.0	2.7979587499999994e+17
11910.0	2.8789732499999994e+17
11920.0	2.9630372499999994e+17
11930.0	2.9166714999999994e+17
11940.0	2.7703504999999994e+17
11950.0	2.6235429999999994e+17
11960.0	2.6577367499999994e+17
11970.0	2.4557587499999994e+17
11980.0	1.9512802499999994e+17
11990.0	2.4677882499999994e+17
12000.0	2.3418404999999994e+17
12010.0	2.4492099999999994e+17
12020.0	2.4374652499999994e+17
12030.0	2.5237399999999994e+17
12040.0	2.734064749999999e+17
12050.0	2.6784682499999994e+17
12060.0	2.7493464999999997e+17
12070.0	2.5807574999999994e+17
12080.0	2.8354602499999997e+17
12090.0	2.4497692499999994e+17
12100.0	2.7801674999999994e+17
12110.0	2.4963904999999994e+17
12120.0	2.632329749999999e+17
12130.0	2.6760269999999994e+17
12140.0	2.4393069999999997e+17
12150.0	2.7632589999999997e+17
12160.0	2.756393499999999e+17
12170.0	2.8148414999999997e+17
12180.0	2.6691167499999994e+17
12190.0	2.872696749999999e+17
12200.0	2.5887994999999994e+17
12210.0	2.6545154999999994e+17
12220.0	2.687012249999999e+17
12230.0	2.682247249999999e+17
12240.0	2.6504794999999994e+17
12250.0	2.7961044999999994e+17
12260.0	2.7803837499999994e+17
12270.0	2.7748677499999997e+17
12280.0	2.8092082499999994e+17
12290.0	2.7481114999999997e+17
12300.0	2.6833262499999994e+17
12310.0	2.8109637499999994e+17
12320.0	2.7502464999999997e+17
12330.0	2.6895127499999997e+17
12340.0	2.8218212499999994e+17
12350.0	2.5289459999999994e+17
12360.0	2.6686019999999994e+17
12370.0	2.7964317499999994e+17
12380.0	2.5637669999999994e+17
12390.0	2.6038924999999994e+17
12400.0	2.5990204999999994e+17
12410.0	2.1083032499999997e+17
12420.0	2.4068137499999994e+17
12430.0	2.1798100499999994e+17
12440.0	1.9465828499999997e+17
12450.0	2.6520967499999994e+17
12460.0	2.7476164999999997e+17
12470.0	2.3678892499999994e+17
12480.0	2.4874617499999994e+17
12490.0	2.5262382499999994e+17
12500.0	2.3892259999999994e+17
12510.0	2.6466514999999997e+17
12520.0	1.9151960999999997e+17
12530.0	1.8969844499999997e+17
12540.0	2.5284842499999994e+17
12550.0	2.6270099999999994e+17
12560.0	2.6882154999999994e+17
12570.0	2.7791477499999997e+17
12580.0	2.6976102499999997e+17
12590.0	2.6690144999999994e+17
12600.0	2.5980717499999994e+17
12610.0	2.816187249999999e+17
12620.0	2.6722169999999994e+17
12630.0	2.6438729999999994e+17
12640.0	2.2196172499999994e+17
12650.0	2.6356739999999997e+17
12660.0	2.646338499999999e+17
12670.0	2.7679689999999997e+17
12680.0	2.6144357499999994e+17
12690.0	2.711280999999999e+17
12700.0	2.7630169999999994e+17
12710.0	2.7257727499999997e+17
12720.0	2.8187987499999994e+17
12730.0	2.8107687499999994e+17
12740.0	2.6517027499999997e+17
12750.0	2.5141504999999994e+17
12760.0	2.7551819999999994e+17
12770.0	2.710034749999999e+17
12780.0	2.7473107499999994e+17
12790.0	2.7716832499999994e+17
12800.0	2.641753499999999e+17
12810.0	2.7047282499999994e+17
12820.0	2.6817089999999997e+17
12830.0	2.6502899999999994e+17
12840.0	2.717668499999999e+17
12850.0	2.5446807499999994e+17
12860.0	2.5241392499999994e+17
12870.0	2.5840867499999994e+17
12880.0	2.5949297499999994e+17
12890.0	2.5939764999999994e+17
12900.0	2.2125507499999997e+17
12910.0	2.5886872499999994e+17
12920.0	2.4763782499999994e+17
12930.0	2.3461899999999994e+17
12940.0	2.5675004999999994e+17
12950.0	2.5126439999999994e+17
12960.0	2.7911919999999994e+17
12970.0	2.7805357499999994e+17
12980.0	2.7347027499999997e+17
12990.0	2.5794134999999994e+17
13000.0	2.7099607499999994e+17
13010.0	2.6999627499999997e+17
13020.0	2.6693592499999994e+17
13030.0	2.5375169999999994e+17
13040.0	2.6844427499999997e+17
13050.0	2.5493887499999994e+17
13060.0	2.819739249999999e+17
13070.0	2.4127327499999994e+17
13080.0	2.7388742499999994e+17
13090.0	2.6577624999999994e+17
13100.0	2.7251574999999994e+17
13110.0	2.802899749999999e+17
13120.0	2.675883499999999e+17
13130.0	2.3225452499999994e+17
13140.0	2.6276394999999994e+17
13150.0	2.5098227499999994e+17
13160.0	2.5201819999999994e+17
13170.0	2.2705049999999994e+17
13180.0	2.7492039999999997e+17
13190.0	2.7627937499999994e+17
13200.0	2.4815834999999994e+17
13210.0	2.7840389999999997e+17
13220.0	2.5265302499999994e+17
13230.0	2.623552249999999e+17
13240.0	2.5834404999999994e+17
13250.0	2.3723497499999994e+17
13260.0	2.6629864999999997e+17
13270.0	2.3722799999999994e+17
13280.0	2.3651812499999994e+17
13290.0	2.4374937499999994e+17
13300.0	2.5538847499999994e+17
13310.0	2.4218939999999994e+17
13320.0	2.0473462499999994e+17
13330.0	2.2633252499999994e+17
13340.0	2.2778680249999994e+17
13350.0	1.3215150249999997e+17
13360.0	1.9161900999999997e+17
13370.0	1.6092922499999997e+17
13380.0	1.6427507499999997e+17
13390.0	1.5267913249999997e+17
13400.0	1.8109949749999997e+17
13410.0	2.0656674999999994e+17
13420.0	1.8138697499999997e+17
13430.0	1.6567574999999997e+17
13440.0	1.8808047249999997e+17
13450.0	1.6854627249999997e+17
13460.0	2.1006555749999997e+17
13470.0	1.6173480249999994e+17
13480.0	1.6696290499999997e+17
13490.0	1.8418033999999994e+17
13500.0	1.5905520749999994e+17
13510.0	1.9352997249999997e+17
13520.0	1.4187762999999997e+17
13530.0	2.1347512499999994e+17
13540.0	1.7069012499999997e+17
13550.0	1.5745499499999997e+17
13560.0	1.8221209999999997e+17
13570.0	1.9147447499999997e+17
13580.0	1.8898942499999994e+17
13590.0	1.7136046999999997e+17
13600.0	1.8751877499999994e+17
13610.0	1.9259077499999994e+17
13620.0	1.5078812499999997e+17
13630.0	1.6508409999999997e+17
13640.0	1.8237544999999997e+17
13650.0	1.8584732499999997e+17
13660.0	1.8991207499999997e+17
13670.0	1.8014319999999997e+17
13680.0	1.8240835999999997e+17
13690.0	1.7317849499999997e+17
13700.0	1.8306399999999997e+17
13710.0	1.8971512499999997e+17
13720.0	1.9548579999999994e+17
13730.0	1.9989534999999997e+17
13740.0	1.9003387499999997e+17
13750.0	1.8228292499999994e+17
13760.0	1.8390957499999997e+17
13770.0	2.1171794999999997e+17
13780.0	2.0848399999999994e+17
13790.0	2.0787694999999997e+17
13800.0	2.1564547499999997e+17
13810.0	1.8079572499999997e+17
13820.0	2.1279774999999994e+17
13830.0	1.8052822499999997e+17
13840.0	2.0791407499999997e+17
13850.0	1.9985952499999994e+17
13860.0	1.8767122499999997e+17
13870.0	1.9067867499999994e+17
13880.0	1.8103189999999994e+17
13890.0	1.7450759499999997e+17
13900.0	1.7464233499999997e+17
13910.0	1.7238314999999997e+17
13920.0	1.8337234999999997e+17
13930.0	1.6558952999999997e+17
13940.0	1.7477289999999994e+17
13950.0	1.5153253999999994e+17
13960.0	1.8375322499999997e+17
13970.0	1.6815259999999997e+17
13980.0	1.7765894999999997e+17
13990.0	1.8082589999999994e+17
14000.0	1.6463992499999994e+17
14010.0	1.6463022499999997e+17
14020.0	1.7326237499999997e+17
14030.0	1.7648314999999994e+17
14040.0	1.4988256499999997e+17
14050.0	1.5144286499999997e+17
14060.0	2.0227889999999994e+17
14070.0	1.7324642499999994e+17
14080.0	1.5380952499999997e+17
14090.0	1.6528449999999997e+17
14100.0	1.7228312499999997e+17
14110.0	1.7666174999999997e+17
14120.0	1.50828715e+17
14130.0	1.8086839499999994e+17
14140.0	1.7319809499999997e+17
14150.0	1.5702698999999997e+17
14160.0	1.6070467499999994e+17
14170.0	1.6826870499999997e+17
14180.0	1.3225809999999997e+17
14190.0	1.4725699999999997e+17
14200.0	1.5097792999999997e+17
14210.0	1.6481794999999997e+17
14220.0	1.5092174999999997e+17
14230.0	1.6194377499999997e+17
14240.0	1.3533095999999998e+17
14250.0	1.5404417499999994e+17
14260.0	1.3457579999999995e+17
14270.0	1.5131557499999997e+17
14280.0	1.5886156499999997e+17
14290.0	1.3101175999999998e+17
14300.0	1.7258777499999997e+17
14310.0	1.6517264999999997e+17
14320.0	1.5686034999999997e+17
14330.0	1.7176539999999997e+17
14340.0	1.5134202499999997e+17
14350.0	1.7863884999999997e+17
14360.0	1.6359384999999997e+17
14370.0	1.5744977499999997e+17
14380.0	1.5218748999999997e+17
14390.0	1.59604715e+17
14400.0	1.5325999499999997e+17
14410.0	1.5341209999999997e+17
14420.0	1.5137217499999994e+17
14430.0	1.6764879999999994e+17
14440.0	1.6617162499999997e+17
14450.0	1.4765816749999997e+17
14460.0	1.7348537749999997e+17
14470.0	1.5354167499999994e+17
14480.0	1.5482694999999997e+17
14490.0	1.7060287499999997e+17
14500.0	1.6139642499999994e+17
14510.0	1.3748042499999995e+17
14520.0	1.8303969999999997e+17
14530.0	1.6261709999999997e+17
14540.0	1.5588109999999997e+17
14550.0	1.6759698999999994e+17
14560.0	1.5343767499999994e+17
14570.0	1.3964689499999995e+17
14580.0	1.7593562499999997e+17
14590.0	1.7452487499999997e+17
14600.0	1.6951174999999997e+17
14610.0	1.7310654999999994e+17
14620.0	1.5678207499999997e+17
14630.0	1.3241384999999997e+17
14640.0	1.7054189999999997e+17
14650.0	1.6927729999999994e+17
14660.0	1.6465927499999997e+17
14670.0	1.7115879999999994e+17
14680.0	1.4233959999999997e+17
14690.0	1.3935049999999997e+17
14700.0	1.6507984999999997e+17
14710.0	1.6459204999999994e+17
14720.0	1.7225847499999997e+17
14730.0	1.6459042499999994e+17
14740.0	1.4925279999999994e+17
14750.0	1.5157627499999997e+17
14760.0	1.6075259999999997e+17
14770.0	1.6421002499999997e+17
14780.0	1.5315294999999997e+17
14790.0	1.6542909999999997e+17
14800.0	1.5756027499999997e+17
14810.0	1.7118142499999994e+17
14820.0	1.4201717499999995e+17
14830.0	1.6654839999999997e+17
14840.0	1.7953004999999994e+17
14850.0	1.5347284999999997e+17
14860.0	1.5822794999999997e+17
14870.0	1.7419707499999997e+17
14880.0	1.5143456749999997e+17
14890.0	1.5946787749999997e+17
14900.0	1.6029347499999997e+17
14910.0	1.7060349999999997e+17
14920.0	1.6973197499999997e+17
14930.0	1.5878844999999997e+17
14940.0	1.5767027499999997e+17
14950.0	1.6809222499999997e+17
14960.0	1.5181074999999997e+17
14970.0	1.7818722499999997e+17
14980.0	1.6308892499999994e+17
14990.0	1.8051444999999997e+17
15000.0	1.6605669999999997e+17
15010.0	1.6057107499999997e+17
15020.0	1.4660944999999997e+17
15030.0	1.7248814999999997e+17
15040.0	1.6127947499999997e+17
15050.0	1.6993094999999997e+17
15060.0	1.6895144999999997e+17
15070.0	1.6632787499999997e+17
15080.0	1.6738772499999997e+17
15090.0	1.7267137499999997e+17
15100.0	1.6353312499999997e+17
15110.0	1.7134704999999994e+17
15120.0	1.7289212499999997e+17
15130.0	1.5976909999999997e+17
15140.0	1.6073522499999997e+17
15150.0	1.8053072499999997e+17
15160.0	1.7013642499999994e+17
15170.0	1.3768674999999997e+17
15180.0	1.6472384999999997e+17
15190.0	1.8107872499999997e+17
15200.0	1.6425064999999997e+17
15210.0	1.8578694999999997e+17
15220.0	1.7631512499999997e+17
15230.0	1.8626939999999994e+17
15240.0	1.7409252499999994e+17
15250.0	1.6876434999999997e+17
15260.0	1.6745357499999997e+17
15270.0	1.7001727499999997e+17
15280.0	1.6995517499999994e+17
15290.0	1.6784617499999994e+17
15300.0	1.7152247499999997e+17
15310.0	1.7691892499999994e+17
15320.0	1.5774594999999997e+17
15330.0	1.7141387499999997e+17
15340.0	1.7968677499999994e+17
15350.0	1.7197879999999994e+17
15360.0	1.7519322499999997e+17
15370.0	1.7725654999999994e+17
15380.0	1.7466917499999994e+17
15390.0	1.8060717499999994e+17
15400.0	1.6456704999999994e+17
15410.0	1.6931537499999997e+17
15420.0	1.7644564999999994e+17
15430.0	1.7263197499999997e+17
15440.0	1.6447134999999997e+17
15450.0	1.7258809999999997e+17
15460.0	1.7770014999999994e+17
15470.0	1.7164519999999997e+17
15480.0	1.7334547499999997e+17
15490.0	1.7060304999999994e+17
15500.0	1.8217139999999994e+17
15510.0	1.6525509999999997e+17
15520.0	1.7930954999999994e+17
15530.0	1.7535399999999997e+17
15540.0	1.7973519999999997e+17
15550.0	1.7339667499999994e+17
15560.0	1.7643397499999997e+17
15570.0	1.7277392499999994e+17
15580.0	1.6891044999999997e+17
15590.0	1.8018692499999994e+17
15600.0	1.7759152499999994e+17
15610.0	1.7270389999999997e+17
15620.0	1.7748517499999994e+17
15630.0	1.8264397499999997e+17
15640.0	1.8315287499999997e+17
15650.0	1.7619854999999994e+17
15660.0	1.7242552499999997e+17
15670.0	1.8597467499999994e+17
15680.0	1.7942559999999997e+17
15690.0	1.7895469999999997e+17
15700.0	1.7677844999999997e+17
15710.0	1.8254514999999994e+17
15720.0	1.6864917499999994e+17
15730.0	1.7952494999999997e+17
15740.0	1.8236644999999997e+17
15750.0	1.7758329999999994e+17
15760.0	1.8210462499999997e+17
15770.0	1.8808194999999997e+17
15780.0	1.8835004999999994e+17
15790.0	1.8673832499999997e+17
15800.0	1.8286029999999994e+17
15810.0	1.8603354999999994e+17
15820.0	1.8211414999999994e+17
15830.0	1.8135144999999997e+17
15840.0	1.7809467499999994e+17
15850.0	1.7612467499999994e+17
15860.0	1.8565769999999997e+17
15870.0	1.8670324999999997e+17
15880.0	1.8279944999999997e+17
15890.0	1.8720509999999997e+17
15900.0	1.7303367499999994e+17
15910.0	1.8879332499999997e+17
15920.0	1.8851457499999997e+17
15930.0	1.8161327499999994e+17
15940.0	1.8561537499999997e+17
15950.0	1.8779442499999994e+17
15960.0	1.9028334999999997e+17
15970.0	1.8797867499999994e+17
15980.0	1.8286274999999997e+17
15990.0	1.8207874999999997e+17
16000.0	1.8806597499999997e+17
16010.0	1.8103459999999997e+17
16020.0	1.7967949999999997e+17
16030.0	1.9176627499999994e+17
16040.0	1.8601527499999994e+17
16050.0	1.8209467499999994e+17
16060.0	1.8139857499999997e+17
16070.0	1.7823609999999997e+17
16080.0	1.8273087499999997e+17
16090.0	1.8985304999999994e+17
16100.0	1.8328194999999997e+17
16110.0	1.8422999999999997e+17
16120.0	1.8590804999999994e+17
16130.0	1.8849487499999997e+17
16140.0	1.8314234999999997e+17
16150.0	1.8293297499999997e+17
16160.0	1.7546742499999994e+17
16170.0	1.8268159999999997e+17
16180.0	1.8906989999999994e+17
16190.0	1.7839602499999994e+17
16200.0	1.7474634999999997e+17
16210.0	1.8115059999999997e+17
16220.0	1.8209094999999997e+17
16230.0	1.7980199999999997e+17
16240.0	1.8418747499999997e+17
16250.0	1.7904414999999994e+17
16260.0	1.8281399999999997e+17
16270.0	1.8552644999999997e+17
16280.0	1.8674814999999994e+17
16290.0	1.8031597499999997e+17
16300.0	1.8500157499999997e+17
16310.0	1.8121069999999997e+17
16320.0	1.8109429999999994e+17
16330.0	1.8376637499999997e+17
16340.0	1.8263529999999994e+17
16350.0	1.7852584999999997e+17
16360.0	1.8592829999999994e+17
16370.0	1.8351412499999997e+17
16380.0	1.8393212499999997e+17
16390.0	1.8326744999999997e+17
16400.0	1.8852332499999997e+17
16410.0	1.7592027499999994e+17
16420.0	1.7491322499999997e+17
16430.0	1.7837657499999997e+17
16440.0	1.8379399999999997e+17
16450.0	1.8301552499999994e+17
16460.0	1.8567917499999994e+17
16470.0	1.8208009999999997e+17
16480.0	1.8250424999999997e+17
16490.0	1.8445939999999994e+17
16500.0	1.8577959999999997e+17
16510.0	1.8409267499999994e+17
16520.0	1.7866074999999997e+17
16530.0	1.7509887499999997e+17
16540.0	1.8651257499999997e+17
16550.0	1.7996692499999994e+17
16560.0	1.8480734999999997e+17
16570.0	1.8537894999999997e+17
16580.0	1.8217524999999997e+17
16590.0	1.7966527499999994e+17
16600.0	1.8304369999999997e+17
16610.0	1.7359397499999997e+17
16620.0	1.7722472499999997e+17
16630.0	1.8158607499999997e+17
16640.0	1.7764214999999994e+17
16650.0	1.8129602499999994e+17
16660.0	1.8250982499999997e+17
16670.0	1.7888554999999994e+17
16680.0	1.7725172499999997e+17
16690.0	1.7957659999999997e+17
16700.0	1.7873794999999997e+17
16710.0	1.7495977499999994e+17
16720.0	1.7712789999999994e+17
16730.0	1.8073372499999997e+17
16740.0	1.8075832499999997e+17
16750.0	1.7529819999999997e+17
16760.0	1.7641447499999997e+17
16770.0	1.7583129999999994e+17
16780.0	1.7957327499999994e+17
16790.0	1.7726487499999997e+17
16800.0	1.7647184999999997e+17
16810.0	1.7757774999999997e+17
16820.0	1.7805977499999994e+17
16830.0	1.7831479999999994e+17
16840.0	1.7516202499999994e+17
16850.0	1.7387759999999997e+17
16860.0	1.7928422499999997e+17
16870.0	1.7703639999999994e+17
16880.0	1.7687877499999994e+17
16890.0	1.7467859999999997e+17
16900.0	1.7647617499999994e+17
16910.0	1.7338867499999994e+17
16920.0	1.7015849999999997e+17
16930.0	1.7392014999999994e+17
16940.0	1.7587832499999997e+17
16950.0	1.7327289999999994e+17
16960.0	1.6961662499999997e+17
16970.0	1.6952484999999997e+17
16980.0	1.6984577499999997e+17
16990.0	1.6541829999999994e+17
17000.0	1.6560084999999997e+17
17010.0	1.6586984999999997e+17
17020.0	1.7033072499999997e+17
17030.0	1.6741167499999994e+17
17040.0	1.6511579999999994e+17
17050.0	1.6478014999999997e+17
17060.0	1.6694099999999997e+17
17070.0	1.6093907499999997e+17
17080.0	1.5761042499999994e+17
17090.0	1.5873924999999997e+17
17100.0	1.6655109999999997e+17
17110.0	1.5454114999999997e+17
17120.0	1.5974747499999997e+17
17130.0	1.5852449999999997e+17
17140.0	1.5493267499999994e+17
17150.0	1.5642614999999997e+17
17160.0	1.5561962499999997e+17
17170.0	1.5769449999999997e+17
17180.0	1.5294937499999997e+17
17190.0	1.3980219999999998e+17
17200.0	1.5266577499999997e+17
17210.0	1.5323009999999997e+17
17220.0	1.5322264999999997e+17
17230.0	1.5047992499999994e+17
17240.0	1.4785227499999997e+17
17250.0	1.5660957499999997e+17
17260.0	1.5029154749999997e+17
17270.0	1.2981065749999997e+17
17280.0	1.4270344999999998e+17
17290.0	1.4103762499999997e+17
17300.0	1.4400169999999998e+17
17310.0	1.4277944499999997e+17
17320.0	1.3985407499999998e+17
17330.0	1.4499039999999997e+17
17340.0	1.4243859999999997e+17
17350.0	1.2668466999999997e+17
17360.0	1.3261946499999997e+17
17370.0	1.2196141499999997e+17
17380.0	1.4862172499999997e+17
17390.0	1.4496337499999997e+17
17400.0	1.3401457499999998e+17
17410.0	1.2202701999999995e+17
17420.0	1.2737317499999997e+17
17430.0	1.3051434999999997e+17
17440.0	1.3126407499999998e+17
17450.0	1.3167252499999997e+17
17460.0	1.3300644999999998e+17
17470.0	1.3185664999999997e+17
17480.0	1.3238237499999997e+17
17490.0	1.3313024999999997e+17
17500.0	1.3849707499999998e+17
17510.0	1.2821044999999997e+17
17520.0	1.2955682499999997e+17
17530.0	1.2691170249999998e+17
17540.0	1.2151517249999995e+17
17550.0	1.2274212999999997e+17
17560.0	1.1617009999999998e+17
17570.0	1.2800809999999997e+17
17580.0	1.1321916999999997e+17
17590.0	1.1514768499999998e+17
17600.0	1.2961260499999998e+17
17610.0	1.2126793499999998e+17
17620.0	1.1909051499999995e+17
17630.0	1.0464111249999998e+17
17640.0	1.2608639749999997e+17
17650.0	1.2075354499999997e+17
17660.0	1.3548597499999997e+17
17670.0	1.1342552999999997e+17
17680.0	8.626081249999998e+16
17690.0	1.0797622749999997e+17
17700.0	1.2314046999999997e+17
17710.0	1.2012110249999997e+17
17720.0	9.973918499999997e+16
17730.0	1.0198589499999997e+17
17740.0	1.2960905249999995e+17
17750.0	1.0584606999999997e+17
17760.0	9.200424249999997e+16
17770.0	1.1249473249999997e+17
17780.0	1.0829235999999998e+17
17790.0	1.1154300999999995e+17
17800.0	1.0687225499999998e+17
17810.0	9.361535249999998e+16
17820.0	1.1443463999999995e+17
17830.0	9.466059749999998e+16
17840.0	1.2149342499999997e+17
17850.0	1.0536864249999998e+17
17860.0	1.0190300249999998e+17
17870.0	1.0017942749999998e+17
17880.0	9.709293749999998e+16
17890.0	1.0033147999999998e+17
17900.0	1.1222654999999997e+17
17910.0	7.620533749999997e+16
17920.0	9.783140249999997e+16
17930.0	1.0324183249999997e+17
17940.0	9.617229749999998e+16
17950.0	9.317302999999998e+16
17960.0	8.891680999999998e+16
17970.0	1.0215413499999997e+17
17980.0	1.0620721999999998e+17
17990.0	9.751988999999997e+16
18000.0	7.8254375e+16
18010.0	7.352766249999998e+16
18020.0	9.509118249999997e+16
18030.0	9.737536999999998e+16
18040.0	1.1023191749999998e+17
18050.0	1.0006115999999998e+17
18060.0	8.228486749999995e+16
18070.0	8.683644999999997e+16
18080.0	7.905130249999998e+16
18090.0	8.107289749999998e+16
18100.0	1.0189268249999997e+17
18110.0	6.808806499999998e+16
18120.0	9.527569999999997e+16
18130.0	9.543821749999997e+16
18140.0	1.1151507999999997e+17
18150.0	9.785856249999998e+16
18160.0	9.379714749999998e+16
18170.0	8.128206749999997e+16
18180.0	9.317088999999997e+16
18190.0	8.61590525e+16
18200.0	8.860689999999997e+16
18210.0	7.843101749999997e+16
18220.0	7.425730249999998e+16
18230.0	9.985561999999997e+16
18240.0	1.1599659999999998e+17
18250.0	9.080968499999997e+16
18260.0	7.961104749999998e+16
18270.0	8.116308999999998e+16
18280.0	8.577714249999998e+16
18290.0	9.933166999999995e+16
18300.0	9.754830999999998e+16
18310.0	8.909860499999998e+16
18320.0	9.632357749999997e+16
18330.0	8.877749249999998e+16
18340.0	1.0131990999999998e+17
18350.0	8.878498499999998e+16
18360.0	9.454466999999997e+16
18370.0	1.0425475499999998e+17
18380.0	8.472261999999998e+16
18390.0	8.523812749999997e+16
18400.0	8.694254749999997e+16
18410.0	1.0227482499999997e+17
18420.0	7.9481815e+16
18430.0	9.057505e+16
18440.0	8.131553499999998e+16
18450.0	7.900902499999997e+16
18460.0	7.986130499999997e+16
18470.0	6.584452749999998e+16
18480.0	7.194111249999998e+16
18490.0	7.681130749999998e+16
18500.0	8.058663749999998e+16
18510.0	9.091266249999998e+16
18520.0	8.257073999999998e+16
18530.0	8.188982249999997e+16
18540.0	8.329637249999998e+16
18550.0	8.076469249999997e+16
18560.0	7.47829175e+16
18570.0	6.101316999999999e+16
18580.0	6.961731249999998e+16
18590.0	7.201082749999998e+16
18600.0	6.453585249999998e+16
18610.0	7.665150749999995e+16
18620.0	8.269262749999998e+16
18630.0	7.650326249999998e+16
18640.0	7.428322749999998e+16
18650.0	7.315171749999998e+16
18660.0	8.967522749999998e+16
18670.0	8.342614249999998e+16
18680.0	6.1649692499999976e+16
18690.0	9.000442749999998e+16
18700.0	8.616854499999998e+16
18710.0	8.375682749999998e+16
18720.0	8.039812749999997e+16
18730.0	6.6446604999999976e+16
18740.0	8.048270249999998e+16
18750.0	6.878082999999998e+16
18760.0	8.582861499999998e+16
18770.0	8.197543249999997e+16
18780.0	8.504834999999998e+16
18790.0	6.835329499999998e+16
18800.0	8.113697749999997e+16
18810.0	7.225521999999998e+16
18820.0	8.649070499999997e+16
18830.0	9.404023499999998e+16
18840.0	8.479563249999997e+16
18850.0	6.7915994999999976e+16
18860.0	8.485634249999998e+16
18870.0	7.70504225e+16
18880.0	9.072774999999998e+16
18890.0	7.928829249999998e+16
18900.0	8.982352499999997e+16
18910.0	9.023878999999998e+16
18920.0	7.106276749999998e+16
18930.0	7.855011249999998e+16
18940.0	8.614422999999998e+16
18950.0	8.673563499999997e+16
18960.0	8.104841749999998e+16
18970.0	8.704741749999998e+16
18980.0	7.836850249999998e+16
18990.0	8.791130249999998e+16
19000.0	8.284363749999998e+16
19010.0	7.474869499999997e+16
19020.0	8.53577975e+16
19030.0	8.32960625e+16
19040.0	8.462262499999998e+16
19050.0	8.798044e+16
19060.0	8.359478249999998e+16
19070.0	7.756037499999998e+16
19080.0	9.403217999999998e+16
19090.0	8.443126749999998e+16
19100.0	9.149080499999997e+16
19110.0	6.894159499999998e+16
19120.0	8.676542249999998e+16
19130.0	8.881501749999997e+16
19140.0	8.513705249999997e+16
19150.0	9.747404249999997e+16
19160.0	7.764754749999998e+16
19170.0	8.156236249999997e+16
19180.0	8.720295999999997e+16
19190.0	9.567461749999998e+16
19200.0	7.696107499999998e+16
19210.0	7.220638749999998e+16
19220.0	8.214021499999998e+16
19230.0	8.135835249999998e+16
19240.0	7.125327999999998e+16
19250.0	8.628078999999998e+16
19260.0	8.304195999999997e+16
19270.0	7.757018749999998e+16
19280.0	9.516352249999997e+16
19290.0	8.410983249999998e+16
19300.0	8.448592499999998e+16
19310.0	5.965063749999998e+16
19320.0	7.001815999999997e+16
19330.0	7.744035499999998e+16
19340.0	7.250110249999998e+16
19350.0	8.706024999999997e+16
19360.0	7.731192e+16
19370.0	8.439381999999997e+16
19380.0	7.40412975e+16
19390.0	7.526536249999997e+16
19400.0	7.089936749999999e+16
19410.0	7.746873499999998e+16
19420.0	7.92578725e+16
19430.0	7.103428749999999e+16
19440.0	7.388084499999998e+16
19450.0	5.778830749999998e+16
19460.0	5.085711499999998e+16
19470.0	7.652392999999998e+16
19480.0	6.774509499999998e+16
19490.0	6.813367249999997e+16
19500.0	7.694033249999998e+16
19510.0	6.0892164999999976e+16
19520.0	7.402311249999998e+16
19530.0	6.5742022499999976e+16
19540.0	7.985672499999998e+16
19550.0	6.386024999999998e+16
19560.0	5.931075499999999e+16
19570.0	7.762527999999998e+16
19580.0	7.800076249999998e+16
19590.0	8.485864749999997e+16
19600.0	5.383478749999998e+16
19610.0	6.777654749999998e+16
19620.0	7.461977749999998e+16
19630.0	7.966763249999997e+16
19640.0	7.606358749999997e+16
19650.0	7.716151249999998e+16
19660.0	8.301142749999998e+16
19670.0	8.603413749999998e+16
19680.0	7.410268249999998e+16
19690.0	7.230134749999998e+16
19700.0	7.543904249999998e+16
19710.0	7.274752499999998e+16
19720.0	8.005659999999998e+16
19730.0	7.641320999999997e+16
19740.0	6.515807749999998e+16
19750.0	7.426323999999997e+16
19760.0	5.684366749999999e+16
19770.0	6.804648499999998e+16
19780.0	5.083046999999998e+16
19790.0	6.3396364999999976e+16
19800.0	6.571882749999998e+16
19810.0	7.122160749999998e+16
19820.0	6.712229999999998e+16
19830.0	7.369295249999998e+16
19840.0	7.220114999999998e+16
19850.0	6.7852707499999976e+16
19860.0	6.7844399999999976e+16
19870.0	6.040245749999998e+16
19880.0	6.642447249999998e+16
19890.0	7.313143499999997e+16
19900.0	6.140370999999999e+16
19910.0	6.2264777499999976e+16
19920.0	5.9060552499999976e+16
19930.0	7.283263749999998e+16
19940.0	7.836130499999998e+16
19950.0	6.647537749999998e+16
19960.0	7.315288249999997e+16
19970.0	6.882476499999998e+16
19980.0	6.5111515e+16
19990.0	7.298851999999998e+16
20000.0	6.3523004999999976e+16
20010.0	6.470385749999998e+16
20020.0	7.026787499999998e+16
20030.0	7.176747249999998e+16
20040.0	7.316206749999998e+16
20050.0	6.942270499999998e+16
20060.0	6.823712249999998e+16
20070.0	6.4859654999999976e+16
20080.0	8.427705999999998e+16
20090.0	6.132774999999998e+16
20100.0	7.330113499999998e+16
20110.0	6.660748999999999e+16
20120.0	7.011122249999998e+16
20130.0	7.0895069999999976e+16
20140.0	6.5156344999999976e+16
20150.0	7.079173749999998e+16
20160.0	6.5915399999999976e+16
20170.0	6.902854999999998e+16
20180.0	7.456601499999997e+16
20190.0	6.989576249999998e+16
20200.0	5.824994999999998e+16
20210.0	7.390808999999998e+16
20220.0	7.273366249999998e+16
20230.0	7.216917749999997e+16
20240.0	8.297790999999997e+16
20250.0	7.189928499999998e+16
20260.0	6.1615662499999976e+16
20270.0	6.323225249999998e+16
20280.0	6.837385499999999e+16
20290.0	6.039021499999999e+16
20300.0	6.945676749999997e+16
20310.0	5.745926749999998e+16
20320.0	7.787443249999998e+16
20330.0	7.256271999999998e+16
20340.0	6.926493499999998e+16
20350.0	7.406704749999998e+16
20360.0	6.1245017499999976e+16
20370.0	7.811508749999997e+16
20380.0	7.1627462499999976e+16
20390.0	6.725041249999999e+16
20400.0	6.8308917499999976e+16
20410.0	6.4520532499999976e+16
20420.0	7.542276499999998e+16
20430.0	7.94023775e+16
20440.0	6.179858249999998e+16
20450.0	6.630427499999999e+16
20460.0	7.3731485e+16
20470.0	7.0272269999999976e+16
20480.0	7.237136749999997e+16
20490.0	6.508389749999998e+16
20500.0	6.8116194999999976e+16
20510.0	7.96441725e+16
20520.0	7.188666999999999e+16
20530.0	7.104070249999997e+16
20540.0	7.0757754999999976e+16
20550.0	6.653825749999999e+16
20560.0	6.370355999999998e+16
20570.0	7.350942749999998e+16
20580.0	7.973990999999998e+16
20590.0	6.899205999999999e+16
20600.0	7.775553999999998e+16
20610.0	6.394103499999999e+16
20620.0	7.241153749999998e+16
20630.0	7.266704999999998e+16
20640.0	6.210770249999998e+16
20650.0	7.0460442499999976e+16
20660.0	7.034945249999998e+16
20670.0	7.355743999999998e+16
20680.0	7.207538499999998e+16
20690.0	6.941937999999998e+16
20700.0	7.585266999999998e+16
20710.0	7.705476499999997e+16
20720.0	7.0337277499999976e+16
20730.0	7.198028999999999e+16
20740.0	6.8956882499999976e+16
20750.0	7.161713749999999e+16
20760.0	7.385728249999998e+16
20770.0	6.908982999999998e+16
20780.0	7.042241749999999e+16
20790.0	7.298927999999998e+16
20800.0	7.107507749999998e+16
20810.0	6.856286999999999e+16
20820.0	7.529064999999998e+16
20830.0	6.919503499999998e+16
20840.0	7.39301225e+16
20850.0	7.170197499999999e+16
20860.0	7.443553749999998e+16
20870.0	6.6668542499999976e+16
20880.0	7.540444999999998e+16
20890.0	7.213747249999998e+16
20900.0	6.973278249999998e+16
20910.0	7.612457999999998e+16
20920.0	7.310939249999998e+16
20930.0	7.63486075e+16
20940.0	6.8854479999999976e+16
20950.0	7.085516499999999e+16
20960.0	7.330671999999998e+16
20970.0	6.985891499999999e+16
20980.0	7.698523249999998e+16
20990.0	7.489087499999997e+16
21000.0	7.146775249999997e+16
21010.0	7.522886499999998e+16
21020.0	7.265832499999998e+16
21030.0	6.866596749999998e+16
21040.0	7.45325425e+16
21050.0	7.391864249999998e+16
21060.0	7.330519749999997e+16
21070.0	7.361953749999998e+16
21080.0	7.3404855e+16
21090.0	6.943360749999998e+16
21100.0	7.640505499999998e+16
21110.0	7.876425749999998e+16
21120.0	6.985123999999999e+16
21130.0	6.970367749999999e+16
21140.0	7.375504499999998e+16
21150.0	7.244358249999997e+16
21160.0	7.400860999999997e+16
21170.0	7.067778249999998e+16
21180.0	7.515247749999998e+16
21190.0	7.129196999999998e+16
21200.0	7.51078725e+16
21210.0	7.239901999999998e+16
21220.0	6.790295499999998e+16
21230.0	7.689407249999998e+16
21240.0	7.474035749999998e+16
21250.0	7.210857749999998e+16
21260.0	7.476523999999998e+16
21270.0	7.450339499999998e+16
21280.0	7.390547499999998e+16
21290.0	7.075978249999998e+16
21300.0	7.479707249999997e+16
21310.0	7.261951999999998e+16
21320.0	7.514980249999997e+16
21330.0	7.347746749999998e+16
21340.0	7.560408999999998e+16
21350.0	7.678065999999998e+16
21360.0	7.234868249999998e+16
21370.0	7.1855774999999976e+16
21380.0	7.175102249999999e+16
21390.0	7.373552499999998e+16
21400.0	7.108886749999999e+16
21410.0	7.464525499999997e+16
21420.0	7.42493725e+16
21430.0	7.0371519999999976e+16
21440.0	7.487909249999998e+16
21450.0	7.413309999999998e+16
21460.0	7.396821249999998e+16
21470.0	7.408008499999998e+16
21480.0	7.250307499999997e+16
21490.0	7.0029235e+16
21500.0	7.0424134999999976e+16
21510.0	7.484899249999997e+16
21520.0	7.310890999999998e+16
21530.0	7.166191249999999e+16
21540.0	7.278694249999998e+16
21550.0	7.534989499999998e+16
21560.0	7.308821749999998e+16
21570.0	7.382866499999997e+16
21580.0	7.100362499999998e+16
21590.0	7.236773499999997e+16
21600.0	7.408412999999998e+16
21610.0	7.47369825e+16
21620.0	7.248528749999998e+16
21630.0	7.1771742499999976e+16
21640.0	7.307265999999998e+16
21650.0	7.391160999999998e+16
21660.0	7.043431999999999e+16
21670.0	7.316358999999998e+16
21680.0	7.251817249999998e+16
21690.0	7.393148e+16
21700.0	7.156605999999998e+16
21710.0	7.199711249999997e+16
21720.0	7.310712749999997e+16
21730.0	7.1687925e+16
21740.0	7.049338999999998e+16
21750.0	7.26837325e+16
21760.0	7.1360102499999976e+16
21770.0	7.261614249999998e+16
21780.0	7.0531707499999976e+16
21790.0	6.953348249999999e+16
21800.0	7.125566749999999e+16
21810.0	7.2083315e+16
21820.0	7.214585999999998e+16
21830.0	7.036443999999998e+16
21840.0	7.1673819999999976e+16
21850.0	7.001618249999999e+16
21860.0	7.173249749999999e+16
21870.0	7.192695749999997e+16
21880.0	7.0555652499999976e+16
21890.0	7.165153749999999e+16
21900.0	7.084361249999998e+16
21910.0	7.268981999999997e+16
21920.0	7.075422249999998e+16
21930.0	6.960173999999999e+16
21940.0	7.016456749999998e+16
21950.0	7.106128499999998e+16
21960.0	7.262333999999998e+16
21970.0	7.1248777499999976e+16
21980.0	7.0838897499999976e+16
21990.0	7.036823499999998e+16
22000.0	7.1991065e+16
22010.0	7.038332249999999e+16
22020.0	7.202971249999999e+16
22030.0	6.789340749999998e+16
22040.0	6.933594249999998e+16
22050.0	6.985491249999999e+16
22060.0	6.1979692499999976e+16
22070.0	6.7879459999999976e+16
22080.0	6.900551499999998e+16
22090.0	6.448042249999998e+16
22100.0	6.9148274999999976e+16
22110.0	6.8496369999999976e+16
22120.0	7.042776749999998e+16
22130.0	7.0436277499999976e+16
22140.0	7.1705479999999976e+16
22150.0	6.878228499999998e+16
22160.0	7.093740999999998e+16
22170.0	6.907434749999998e+16
22180.0	6.9811834999999976e+16
22190.0	6.755322499999999e+16
22200.0	6.7027272499999976e+16
22210.0	6.782923999999999e+16
22220.0	6.841014249999997e+16
22230.0	6.725601999999998e+16
22240.0	6.899785999999998e+16
22250.0	7.016866999999999e+16
22260.0	6.895926249999998e+16
22270.0	6.976188999999998e+16
22280.0	6.570309999999999e+16
22290.0	6.9105152499999976e+16
22300.0	6.642155999999998e+16
22310.0	6.985012999999998e+16
22320.0	6.9966822499999976e+16
22330.0	6.8004102499999976e+16
22340.0	6.939721749999998e+16
22350.0	6.8018634999999976e+16
22360.0	6.5422417499999976e+16
22370.0	6.828386749999999e+16
22380.0	6.8553292499999976e+16
22390.0	6.6102604999999976e+16
22400.0	6.9777319999999976e+16
22410.0	6.929043499999998e+16
22420.0	6.780691749999999e+16
22430.0	6.79846775e+16
22440.0	6.7027569999999976e+16
22450.0	6.535536249999998e+16
22460.0	6.8701384999999976e+16
22470.0	6.843085749999998e+16
22480.0	6.833424500000001e+16
22490.0	6.765136249999998e+16
22500.0	6.696126249999998e+16
22510.0	6.852030499999999e+16
22520.0	6.737657999999997e+16
22530.0	6.614557999999997e+16
22540.0	6.697298499999998e+16
22550.0	6.575872249999998e+16
22560.0	6.692986499999999e+16
22570.0	6.7978589999999976e+16
22580.0	6.550291999999998e+16
22590.0	6.677509249999998e+16
22600.0	6.622038749999998e+16
22610.0	6.620879749999997e+16
22620.0	6.6015174999999976e+16
22630.0	6.2549972499999976e+16
22640.0	6.454806749999999e+16
22650.0	6.583734749999998e+16
22660.0	6.627199999999997e+16
22670.0	6.6835209999999976e+16
22680.0	6.674278749999999e+16
22690.0	6.5322659999999976e+16
22700.0	6.346222499999998e+16
22710.0	6.566024249999999e+16
22720.0	6.484616499999998e+16
22730.0	6.582827999999998e+16
22740.0	6.507192249999999e+16
22750.0	6.645248249999998e+16
22760.0	6.497432749999998e+16
22770.0	6.601345499999998e+16
22780.0	6.542005749999999e+16
22790.0	6.206971999999999e+16
22800.0	6.3208197499999976e+16
22810.0	6.387704749999999e+16
22820.0	6.557599249999999e+16
22830.0	6.495758499999998e+16
22840.0	6.405726999999999e+16
22850.0	6.429832999999998e+16
22860.0	6.489173249999999e+16
22870.0	6.4098992499999976e+16
22880.0	6.542429499999998e+16
22890.0	6.472477749999998e+16
22900.0	6.534150249999997e+16
22910.0	6.522589499999999e+16
22920.0	6.228954e+16
22930.0	6.386253499999998e+16
22940.0	4.539085499999999e+16
22950.0	5.208451749999999e+16
22960.0	5.426837e+16
22970.0	5.596073749999999e+16
22980.0	5.9303517499999976e+16
22990.0	6.057138749999998e+16
23000.0	5.518564999999998e+16
23010.0	5.857994999999998e+16
23020.0	6.168760999999998e+16
23030.0	5.561758999999999e+16
23040.0	6.182585249999998e+16
23050.0	5.384795749999999e+16
23060.0	5.631816999999999e+16
23070.0	5.487367999999999e+16
23080.0	5.741656249999998e+16
23090.0	6.102571499999999e+16
23100.0	5.992683749999998e+16
23110.0	5.839436499999999e+16
23120.0	6.107070999999998e+16
23130.0	6.2746252499999976e+16
23140.0	6.098146249999998e+16
23150.0	5.120320249999998e+16
23160.0	6.032677749999999e+16
23170.0	6.182372749999998e+16
23180.0	5.954083749999998e+16
23190.0	6.0570782499999976e+16
23200.0	5.8283429999999976e+16
23210.0	5.2218507499999976e+16
23220.0	5.910764249999998e+16
23230.0	4.567637749999998e+16
23240.0	4.735723499999999e+16
23250.0	4.701746249999998e+16
23260.0	5.587767249999998e+16
23270.0	5.159953499999998e+16
23280.0	5.673082249999998e+16
23290.0	5.4441785e+16
23300.0	5.234152999999999e+16
23310.0	5.569691999999998e+16
23320.0	5.6592302499999976e+16
23330.0	5.722272249999998e+16
23340.0	5.297362499999998e+16
23350.0	5.402160249999998e+16
23360.0	5.322083999999999e+16
23370.0	5.095158499999998e+16
23380.0	5.347045499999998e+16
23390.0	5.444073749999999e+16
23400.0	5.396164999999999e+16
23410.0	5.756257249999998e+16
23420.0	5.5699069999999976e+16
23430.0	5.744537999999999e+16
23440.0	5.7694404999999976e+16
23450.0	4.874922999999998e+16
23460.0	5.797203499999998e+16
23470.0	5.281916499999998e+16
23480.0	5.319292749999999e+16
23490.0	5.807170999999998e+16
23500.0	5.654218499999998e+16
23510.0	5.23103225e+16
23520.0	5.3353569999999976e+16
23530.0	4.518248249999998e+16
23540.0	4.799143999999999e+16
23550.0	5.066586999999999e+16
23560.0	5.097699249999998e+16
23570.0	5.521356749999999e+16
23580.0	4.958816749999999e+16
23590.0	4.844648249999998e+16
23600.0	5.589833749999998e+16
23610.0	4.789468749999999e+16
23620.0	4.961612749999999e+16
23630.0	4.867759999999998e+16
23640.0	5.135769749999999e+16
23650.0	5.392666999999998e+16
23660.0	5.414246749999999e+16
23670.0	5.162947249999998e+16
23680.0	4.330050999999998e+16
23690.0	5.416187499999998e+16
23700.0	5.169506749999998e+16
23710.0	4.962692749999998e+16
23720.0	5.659239749999998e+16
23730.0	5.553348999999999e+16
23740.0	4.776560249999999e+16
23750.0	5.276412999999999e+16
23760.0	5.1267819999999976e+16
23770.0	4.942949749999998e+16
23780.0	4.940240999999999e+16
23790.0	5.026303499999998e+16
23800.0	5.457867749999999e+16
23810.0	4.448839749999999e+16
23820.0	5.137085749999999e+16
23830.0	4.624531249999999e+16
23840.0	4.760943249999999e+16
23850.0	5.189749249999998e+16
23860.0	4.809327499999999e+16
23870.0	4.4319125e+16
23880.0	4.273765749999999e+16
23890.0	5.043695249999998e+16
23900.0	5.203998499999998e+16
23910.0	4.989059499999999e+16
23920.0	4.016877749999999e+16
23930.0	4.447642999999999e+16
23940.0	5.193365999999999e+16
23950.0	4.871344749999999e+16
23960.0	4.720386999999998e+16
23970.0	4.5874597499999976e+16
23980.0	4.611323249999998e+16
23990.0	5.084447249999999e+16
24000.0	4.8795504999999976e+16
24010.0	4.299314249999999e+16
24020.0	4.601570999999998e+16
24030.0	4.228807249999998e+16
24040.0	4.836590499999998e+16
24050.0	4.603604249999999e+16
24060.0	4.677214249999999e+16
24070.0	4.1174597499999976e+16
24080.0	4.608008499999998e+16
24090.0	4.826018749999999e+16
24100.0	4.20436175e+16
24110.0	4.741807249999999e+16
24120.0	4.638374749999998e+16
24130.0	4.492044749999999e+16
24140.0	4.1262e+16
24150.0	4.7656067499999976e+16
24160.0	4.756099499999999e+16
24170.0	4.324809999999998e+16
24180.0	3.964251999999999e+16
24190.0	4.911238749999998e+16
24200.0	4.203104499999998e+16
24210.0	4.611597999999998e+16
24220.0	3.637307749999999e+16
24230.0	4.334100499999999e+16
24240.0	4.708606999999998e+16
24250.0	4.058001999999998e+16
24260.0	4.185790249999999e+16
24270.0	4.241196999999999e+16
24280.0	4.204986499999999e+16
24290.0	4.500742999999999e+16
24300.0	4.163359499999998e+16
24310.0	3.676184999999999e+16
24320.0	4.229708749999999e+16
24330.0	4.438234749999999e+16
24340.0	3.616303999999999e+16
24350.0	3.769961249999999e+16
24360.0	4.120662249999998e+16
24370.0	3.194798999999999e+16
24380.0	3.846078499999998e+16
24390.0	4.587631749999998e+16
24400.0	3.793563249999999e+16
24410.0	3.820244749999999e+16
24420.0	3.974293499999998e+16
24430.0	3.925292499999999e+16
24440.0	3.3266769999999996e+16
24450.0	3.743111249999999e+16
24460.0	3.970961999999999e+16
24470.0	3.9995935e+16
24480.0	3.692105249999999e+16
24490.0	4.039351999999998e+16
24500.0	4.148997499999999e+16
24510.0	4.3763435e+16
24520.0	3.347559999999999e+16
24530.0	3.430637749999999e+16
24540.0	3.006688499999999e+16
24550.0	3.582874249999999e+16
24560.0	3.879612749999999e+16
24570.0	3.999570249999999e+16
24580.0	4.217169249999998e+16
24590.0	4.082573249999999e+16
24600.0	3.376133499999999e+16
24610.0	2.9158637499999988e+16
24620.0	3.756628749999999e+16
24630.0	4.030743999999999e+16
24640.0	4.414156499999999e+16
24650.0	3.740937999999999e+16
24660.0	3.247574999999999e+16
24670.0	3.386165499999999e+16
24680.0	2.5908059999999996e+16
24690.0	3.866973499999999e+16
24700.0	3.661303249999999e+16
24710.0	3.3047747499999996e+16
24720.0	3.5069322499999988e+16
24730.0	3.615491999999999e+16
24740.0	2.572910749999999e+16
24750.0	2.932300999999999e+16
24760.0	3.149124249999999e+16
24770.0	4.024335249999999e+16
24780.0	3.792508999999999e+16
24790.0	3.0620814999999996e+16
24800.0	3.760494499999999e+16
24810.0	3.029057999999999e+16
24820.0	3.0823244999999988e+16
24830.0	2.787625749999999e+16
24840.0	3.795776999999999e+16
24850.0	3.847832749999999e+16
24860.0	3.6008017499999984e+16
24870.0	3.353633749999999e+16
24880.0	3.311471e+16
24890.0	2.891650999999999e+16
24900.0	2.8927212499999996e+16
24910.0	2.8126289999999996e+16
24920.0	3.536208749999999e+16
24930.0	3.184579999999999e+16
24940.0	3.900952749999998e+16
24950.0	3.668256749999999e+16
24960.0	3.2991637499999988e+16
24970.0	3.2864817499999984e+16
24980.0	2.6993127499999996e+16
24990.0	3.407579749999999e+16
25000.0	3.637803499999998e+16
25010.0	3.2848247500000004e+16
25020.0	3.4070589999999988e+16
25030.0	2.833476749999999e+16
25040.0	3.0275764999999996e+16
25050.0	2.9182807499999996e+16
25060.0	2.485318749999999e+16
25070.0	2.879349249999999e+16
25080.0	3.041851999999999e+16
25090.0	3.680470999999999e+16
25100.0	3.495325249999999e+16
25110.0	3.0368567499999996e+16
25120.0	3.167063749999999e+16
25130.0	2.554454749999999e+16
25140.0	3.129857999999999e+16
25150.0	2.8394144999999988e+16
25160.0	2.980989749999999e+16
25170.0	3.640065749999999e+16
25180.0	3.217216749999999e+16
25190.0	3.1874244999999996e+16
25200.0	3.002468749999999e+16
25210.0	3.051057999999999e+16
25220.0	3.0188359999999996e+16
25230.0	3.2632442499999996e+16
25240.0	2.618609999999999e+16
25250.0	2.9614389999999988e+16
25260.0	2.96888825e+16
25270.0	3.2020789999999988e+16
25280.0	2.7586407499999996e+16
25290.0	2.8312432499999988e+16
25300.0	3.1123392499999996e+16
25310.0	3.5312612499999996e+16
25320.0	3.507164249999999e+16
25330.0	2.3806764999999988e+16
25340.0	3.4432997499999988e+16
25350.0	2.964053999999999e+16
25360.0	2.4798839999999996e+16
25370.0	3.119810249999999e+16
25380.0	3.215641749999999e+16
25390.0	2.9103909999999988e+16
25400.0	3.2170702499999988e+16
25410.0	2.998412499999999e+16
25420.0	3.000026249999999e+16
25430.0	2.7017955e+16
25440.0	2.856482499999999e+16
25450.0	3.285977499999999e+16
25460.0	2.944678999999999e+16
25470.0	3.061995749999999e+16
25480.0	2.748475749999999e+16
25490.0	2.8316464999999996e+16
25500.0	3.2237309999999988e+16
25510.0	2.9948212499999996e+16
25520.0	3.1102914999999988e+16
25530.0	2.4205269999999996e+16
25540.0	3.3318177499999996e+16
25550.0	3.017234499999999e+16
25560.0	3.0240524999999996e+16
25570.0	3.0527084999999996e+16
25580.0	3.3869902499999988e+16
25590.0	3.238583749999999e+16
25600.0	2.7358302499999996e+16
25610.0	2.488053749999999e+16
25620.0	3.2148307499999996e+16
25630.0	2.4461352499999996e+16
25640.0	2.6948177499999996e+16
25650.0	2.7911139999999996e+16
25660.0	2.830483249999999e+16
25670.0	2.76452175e+16
25680.0	2.9477739999999996e+16
25690.0	2.966550499999999e+16
25700.0	2.843158e+16
25710.0	3.753987249999999e+16
25720.0	3.0407399999999996e+16
25730.0	3.238302499999999e+16
25740.0	2.191684749999999e+16
25750.0	3.003364499999999e+16
25760.0	2.7047774999999996e+16
25770.0	2.2163669999999996e+16
25780.0	2.7233797499999996e+16
25790.0	2.8278952499999988e+16
25800.0	3.4323097499999996e+16
25810.0	3.084439249999999e+16
25820.0	3.031870749999999e+16
25830.0	2.468087999999999e+16
25840.0	2.8624294999999996e+16
25850.0	2.8751992499999984e+16
25860.0	3.5390572499999988e+16
25870.0	2.5302559999999996e+16
25880.0	2.709838499999999e+16
25890.0	2.7415587499999996e+16
25900.0	2.8237884999999996e+16
25910.0	3.0404784999999996e+16
25920.0	3.1201297499999988e+16
25930.0	2.1404327499999996e+16
25940.0	2.842240499999999e+16
25950.0	2.7754844999999988e+16
25960.0	2.81747475e+16
25970.0	2.9158719999999988e+16
25980.0	2.3504392499999996e+16
25990.0	2.9332094999999996e+16
