# Flux units: erg / (cm m2 s)
# Wavelength units: Angstrom
wave	flux
7000.0	5.910086249999999e+16
7010.0	6.370864999999998e+16
7020.0	5.744566749999999e+16
7030.0	9.579884749999998e+16
7040.0	7.801874249999998e+16
7050.0	1.1135467249999998e+17
7060.0	2.6871083499999996e+16
7070.0	1.5195481749999998e+16
7080.0	4.488675099999999e+16
7090.0	2.4242725249999996e+16
7100.0	1.7587494499999996e+16
7110.0	1.8145442249999996e+16
7120.0	2.9945743749999996e+16
7130.0	1.7754951249999994e+16
7140.0	8844324499999998.0
7150.0	1.0101639749999996e+16
7160.0	1.3283020999999996e+16
7170.0	1.2157170999999998e+16
7180.0	2.433080549999999e+16
7190.0	1.9343977499999996e+16
7200.0	2.7272188749999996e+16
7210.0	1.0433222999999998e+16
7220.0	2.711742874999999e+16
7230.0	3.4609082499999988e+16
7240.0	2.721778749999999e+16
7250.0	6.954041999999998e+16
7260.0	7.211407249999998e+16
7270.0	4.671701749999999e+16
7280.0	7.087381499999998e+16
7290.0	7.611287499999998e+16
7300.0	1.3400027499999997e+17
7310.0	9.792884749999998e+16
7320.0	1.3483684499999997e+17
7330.0	1.3305980249999998e+17
7340.0	1.1938071749999997e+17
7350.0	1.5665601499999994e+17
7360.0	1.4852710499999997e+17
7370.0	1.7946944999999997e+17
7380.0	1.8777914999999994e+17
7390.0	2.0353597499999997e+17
7400.0	1.8811572499999997e+17
7410.0	1.8478894999999997e+17
7420.0	1.9226292499999994e+17
7430.0	2.1001787499999994e+17
7440.0	2.1714384999999997e+17
7450.0	1.8204159999999997e+17
7460.0	1.9001684999999997e+17
7470.0	1.7447749999999997e+17
7480.0	2.1430849999999994e+17
7490.0	2.1006644999999997e+17
7500.0	2.1227544999999997e+17
7510.0	2.2579652499999994e+17
7520.0	2.2910714999999994e+17
7530.0	2.1901842499999994e+17
7540.0	2.2800322499999994e+17
7550.0	2.2882794999999997e+17
7560.0	2.3574232499999997e+17
7570.0	2.3955254999999994e+17
7580.0	2.3650109999999994e+17
7590.0	1.5611533749999997e+17
7600.0	8.154344749999997e+16
7610.0	1.2758015499999997e+17
7620.0	1.5358781999999997e+17
7630.0	9.666356999999997e+16
7640.0	1.1219617999999995e+17
7650.0	6.8777082499999976e+16
7660.0	1.2568412499999997e+17
7670.0	4.368978249999999e+16
7680.0	6.0487217499999976e+16
7690.0	7.231200499999998e+16
7700.0	5.9507829999999976e+16
7710.0	4.9217404999999976e+16
7720.0	5.035371499999999e+16
7730.0	8.106189999999997e+16
7740.0	1.2323952249999997e+17
7750.0	8.327978749999998e+16
7760.0	7.815346249999997e+16
7770.0	3.4374634999999988e+16
7780.0	6.574141999999998e+16
7790.0	7.935449499999997e+16
7800.0	1.3071542499999997e+17
7810.0	1.3055183749999997e+17
7820.0	1.5087030499999997e+17
7830.0	1.1804245749999998e+17
7840.0	8.171096999999998e+16
7850.0	1.2782201749999997e+17
7860.0	1.2007326499999995e+17
7870.0	1.1208535249999998e+17
7880.0	1.5246489999999997e+17
7890.0	1.5281382999999997e+17
7900.0	1.5169862499999997e+17
7910.0	1.6209914999999997e+17
7920.0	1.2289459999999997e+17
7930.0	1.6790111999999997e+17
7940.0	1.4556313999999994e+17
7950.0	1.5301727499999997e+17
7960.0	1.9932479999999994e+17
7970.0	2.0006297499999997e+17
7980.0	2.1729059999999997e+17
7990.0	1.8614754999999994e+17
8000.0	1.9959144999999997e+17
8010.0	1.7456214999999994e+17
8020.0	2.2530822499999994e+17
8030.0	2.1731292499999994e+17
8040.0	2.3996537499999994e+17
8050.0	2.2548412499999994e+17
8060.0	2.0766994999999997e+17
8070.0	2.1828287499999994e+17
8080.0	2.4643387499999994e+17
8090.0	2.4007377499999994e+17
8100.0	2.5351354999999994e+17
8110.0	2.5013784999999994e+17
8120.0	2.7653699999999994e+17
8130.0	2.783928499999999e+17
8140.0	2.7428239999999997e+17
8150.0	2.8096999999999994e+17
8160.0	2.7873777499999997e+17
8170.0	2.5831864999999994e+17
8180.0	2.6457674999999994e+17
8190.0	2.2700957499999997e+17
8200.0	2.1077202499999994e+17
8210.0	2.2555004999999994e+17
8220.0	2.4222917499999994e+17
8230.0	2.1405562499999994e+17
8240.0	2.3626214999999994e+17
8250.0	2.5475357499999994e+17
8260.0	2.4973872499999994e+17
8270.0	2.4334229999999994e+17
8280.0	2.4261679999999994e+17
8290.0	1.8695464999999994e+17
8300.0	2.0190544999999997e+17
8310.0	2.0167704999999994e+17
8320.0	2.0048704999999994e+17
8330.0	2.0977494999999997e+17
8340.0	2.2535122499999994e+17
8350.0	2.1391227499999994e+17
8360.0	2.1009452499999994e+17
8370.0	2.1924579999999994e+17
8380.0	2.3654832499999997e+17
8390.0	1.8153926999999994e+17
8400.0	2.1643452499999994e+17
8410.0	2.5740094999999994e+17
8420.0	2.1870174999999994e+17
8430.0	2.4222344999999997e+17
8440.0	1.1519747499999998e+17
8450.0	1.0762717499999998e+17
8460.0	1.0020921749999997e+17
8470.0	1.0299699999999997e+17
8480.0	1.2337987999999997e+17
8490.0	8.644549249999998e+16
8500.0	1.0865554999999998e+17
8510.0	1.1961928249999997e+17
8520.0	1.1609739499999997e+17
8530.0	1.4702167749999997e+17
8540.0	1.3403582499999998e+17
8550.0	1.5748374999999997e+17
8560.0	1.7527472499999997e+17
8570.0	1.5173072499999997e+17
8580.0	1.8419234999999997e+17
8590.0	1.7925214999999994e+17
8600.0	1.8216942499999994e+17
8610.0	1.7965989999999994e+17
8620.0	2.0184047499999997e+17
8630.0	2.1542824999999994e+17
8640.0	2.0722612499999994e+17
8650.0	1.8881499999999997e+17
8660.0	2.2443917499999994e+17
8670.0	2.2950117499999994e+17
8680.0	2.2895392499999994e+17
8690.0	2.3385449999999994e+17
8700.0	2.1417899999999994e+17
8710.0	2.2258669999999997e+17
8720.0	2.0600437499999994e+17
8730.0	2.3461437499999994e+17
8740.0	2.2354897499999994e+17
8750.0	2.4122019999999997e+17
8760.0	2.6621182499999994e+17
8770.0	2.5838119999999994e+17
8780.0	2.5915622499999994e+17
8790.0	2.6305219999999994e+17
8800.0	2.4902374999999994e+17
8810.0	2.718779749999999e+17
8820.0	2.878689249999999e+17
8830.0	2.835913499999999e+17
8840.0	2.5713384999999994e+17
8850.0	2.9098024999999994e+17
8860.0	2.2429919999999997e+17
8870.0	1.6925978499999997e+17
8880.0	1.4757782499999997e+17
8890.0	1.7295470499999997e+17
8900.0	1.7427053999999994e+17
8910.0	2.1329947749999994e+17
8920.0	1.2041757249999998e+17
8930.0	2.1511298499999997e+17
8940.0	2.0950222499999997e+17
8950.0	2.2064147499999994e+17
8960.0	1.7942742499999994e+17
8970.0	1.9123814999999994e+17
8980.0	2.4718119999999994e+17
8990.0	2.1290537499999994e+17
9000.0	1.6153130499999997e+17
9010.0	2.6090587499999994e+17
9020.0	2.3814664999999994e+17
9030.0	2.2451509999999994e+17
9040.0	2.1689742499999994e+17
9050.0	2.4736457499999994e+17
9060.0	2.2345789999999994e+17
9070.0	2.4685997499999994e+17
9080.0	2.793007249999999e+17
9090.0	2.622184749999999e+17
9100.0	2.691670999999999e+17
9110.0	2.692105999999999e+17
9120.0	3.0305169999999994e+17
9130.0	2.8844804999999994e+17
9140.0	2.9726957499999994e+17
9150.0	2.8996369999999994e+17
9160.0	3.0728052499999994e+17
9170.0	3.0022062499999994e+17
9180.0	2.9615494999999994e+17
9190.0	2.9083737499999994e+17
9200.0	2.7022799999999994e+17
9210.0	2.5616862499999994e+17
9220.0	2.8036149999999994e+17
9230.0	2.6446389999999997e+17
9240.0	2.4132942499999994e+17
9250.0	2.5504989999999994e+17
9260.0	2.6013307499999994e+17
9270.0	2.3613532499999997e+17
9280.0	2.1455359999999997e+17
9290.0	2.3593664999999994e+17
9300.0	2.3204377499999994e+17
9310.0	2.1160237499999994e+17
9320.0	2.3600209999999994e+17
9330.0	2.1825807499999997e+17
9340.0	2.6657642499999994e+17
9350.0	2.1369867499999994e+17
9360.0	2.4922852499999994e+17
9370.0	2.2232532499999997e+17
9380.0	2.6977987499999994e+17
9390.0	2.2912192499999994e+17
9400.0	2.5800929999999994e+17
9410.0	2.5317987499999994e+17
9420.0	2.6894524999999994e+17
9430.0	2.8075627499999997e+17
9440.0	2.3935037499999994e+17
9450.0	2.6117457499999994e+17
9460.0	2.5576097499999994e+17
9470.0	2.5674949999999994e+17
9480.0	2.8305587499999994e+17
9490.0	2.9367189999999994e+17
9500.0	2.7068554999999994e+17
9510.0	2.7358719999999994e+17
9520.0	2.870607999999999e+17
9530.0	2.7064169999999994e+17
9540.0	2.8510927499999997e+17
9550.0	2.718659749999999e+17
9560.0	2.8252482499999994e+17
9570.0	2.6858207499999994e+17
9580.0	3.111795999999999e+17
9590.0	3.0598102499999994e+17
9600.0	2.8799057499999994e+17
9610.0	3.0091394999999994e+17
9620.0	2.8841647499999994e+17
9630.0	3.094933499999999e+17
9640.0	2.9066249999999994e+17
9650.0	2.4860582999999994e+17
9660.0	2.9970157499999994e+17
9670.0	3.1009739999999994e+17
9680.0	2.7847657499999994e+17
9690.0	2.9582889999999994e+17
9700.0	3.153784749999999e+17
9710.0	3.0381739999999994e+17
9720.0	2.8967914999999994e+17
9730.0	2.985887249999999e+17
9740.0	2.7944902499999997e+17
9750.0	2.8002782499999994e+17
9760.0	2.8439387499999994e+17
9770.0	2.8391849999999994e+17
9780.0	2.824406624999999e+17
9790.0	2.3736151249999997e+17
9800.0	3.0705882499999994e+17
9810.0	2.7883899999999994e+17
9820.0	2.7049202499999997e+17
9830.0	2.6603454999999994e+17
9840.0	2.7799042499999994e+17
9850.0	2.8688449999999994e+17
9860.0	2.9077894999999994e+17
9870.0	2.7440364999999997e+17
9880.0	2.879052249999999e+17
9890.0	2.9081164999999994e+17
9900.0	2.3050381499999994e+17
9910.0	1.4820037499999997e+17
9920.0	1.6051940999999997e+17
9930.0	1.8645133499999997e+17
9940.0	2.2069584499999997e+17
9950.0	2.2680364999999994e+17
9960.0	2.6070402499999994e+17
9970.0	2.6994169999999994e+17
9980.0	2.4957902249999997e+17
9990.0	1.9696478249999997e+17
10000.0	2.3549548499999997e+17
10010.0	2.3410274999999994e+17
10020.0	2.7197474999999994e+17
10030.0	2.685623499999999e+17
10040.0	2.1631229999999994e+17
10050.0	2.4189292499999994e+17
10060.0	2.2406534999999994e+17
10070.0	1.7786197499999997e+17
10080.0	2.7811089999999997e+17
10090.0	2.5522744999999994e+17
10100.0	2.5919584999999994e+17
10110.0	2.2591310999999997e+17
10120.0	2.5427059999999994e+17
10130.0	2.711083499999999e+17
10140.0	2.6639774999999994e+17
10150.0	2.2898214999999994e+17
10160.0	2.4446708999999994e+17
10170.0	2.0446973999999994e+17
10180.0	2.9275057499999994e+17
10190.0	2.4250132499999997e+17
10200.0	2.6063257499999994e+17
10210.0	2.2915072499999994e+17
10220.0	2.7784687499999994e+17
10230.0	2.8662727499999997e+17
10240.0	3.0461637499999994e+17
10250.0	2.5012456499999994e+17
10260.0	1.9346886499999994e+17
10270.0	2.0851055499999994e+17
10280.0	2.2477414999999994e+17
10290.0	2.5144472499999994e+17
10300.0	2.3612864999999994e+17
10310.0	2.7477637499999994e+17
10320.0	2.2344843249999997e+17
10330.0	2.1688192749999994e+17
10340.0	2.5994442499999994e+17
10350.0	2.4341719999999997e+17
10360.0	2.4832344999999994e+17
10370.0	2.715614749999999e+17
10380.0	2.7875989999999997e+17
10390.0	2.6902789999999997e+17
10400.0	2.783082249999999e+17
10410.0	2.8177887499999994e+17
10420.0	2.6799827499999997e+17
10430.0	2.5211124999999994e+17
10440.0	2.5138622499999994e+17
10450.0	2.840649749999999e+17
10460.0	2.8151287499999994e+17
10470.0	2.5038182499999994e+17
10480.0	2.5448147499999994e+17
10490.0	2.9060107499999994e+17
10500.0	3.019892249999999e+17
10510.0	2.6287524999999994e+17
10520.0	2.2921677499999994e+17
10530.0	2.9735129999999994e+17
10540.0	2.8826082499999994e+17
10550.0	2.9657504999999994e+17
10560.0	2.8034532499999994e+17
10570.0	2.7370489999999997e+17
10580.0	2.8718624999999994e+17
10590.0	2.8271302499999997e+17
10600.0	2.9893554999999994e+17
10610.0	2.705752249999999e+17
10620.0	2.8295907499999994e+17
10630.0	2.8902092499999994e+17
10640.0	2.996554749999999e+17
10650.0	2.989038499999999e+17
10660.0	3.0174964999999994e+17
10670.0	2.5303132499999994e+17
10680.0	2.3676572499999994e+17
10690.0	2.8401757499999994e+17
10700.0	2.7216444999999994e+17
10710.0	2.4665762499999994e+17
10720.0	2.6392967499999994e+17
10730.0	2.8369507499999994e+17
10740.0	3.008459749999999e+17
10750.0	2.8577287499999994e+17
10760.0	3.0536529999999994e+17
10770.0	2.820206749999999e+17
10780.0	2.7644704999999994e+17
10790.0	3.0136899999999994e+17
10800.0	3.0883967499999994e+17
10810.0	3.0480692499999994e+17
10820.0	2.9520164999999994e+17
10830.0	3.1532867499999994e+17
10840.0	3.1206424999999994e+17
10850.0	3.0593142499999994e+17
10860.0	2.9701224999999994e+17
10870.0	2.8091907499999994e+17
10880.0	3.0774717499999994e+17
10890.0	2.9124257499999994e+17
10900.0	3.0511599999999994e+17
10910.0	2.8988364999999994e+17
10920.0	2.8997372499999994e+17
10930.0	3.0765954999999994e+17
10940.0	3.063985999999999e+17
10950.0	3.1075799999999994e+17
10960.0	2.8096637499999994e+17
10970.0	3.0048704999999994e+17
10980.0	2.790664749999999e+17
10990.0	2.714228499999999e+17
11000.0	2.7190402499999997e+17
11010.0	2.9468977499999994e+17
11020.0	3.0607069999999994e+17
11030.0	2.6842112499999994e+17
11040.0	2.8356449999999994e+17
11050.0	2.827623499999999e+17
11060.0	2.8536652499999997e+17
11070.0	2.6972387499999994e+17
11080.0	2.8004127499999997e+17
11090.0	2.8803369999999994e+17
11100.0	2.9270264999999994e+17
11110.0	2.5846294999999994e+17
11120.0	2.8055464999999997e+17
11130.0	2.9803127499999994e+17
11140.0	2.7695377499999997e+17
11150.0	2.8226714999999997e+17
11160.0	2.9151637499999994e+17
11170.0	3.0101987499999994e+17
11180.0	2.7506317499999994e+17
11190.0	2.5932107499999994e+17
11200.0	2.8260439999999997e+17
11210.0	2.9104319999999994e+17
11220.0	2.847620999999999e+17
11230.0	2.9696647499999994e+17
11240.0	2.9268252499999994e+17
11250.0	2.7749327499999997e+17
11260.0	2.7225249999999994e+17
11270.0	2.7853364999999997e+17
11280.0	2.8945834999999994e+17
11290.0	2.7163402499999997e+17
11300.0	2.8679064999999997e+17
11310.0	2.9370574999999994e+17
11320.0	2.9906857499999994e+17
11330.0	3.038025999999999e+17
11340.0	2.8632174999999994e+17
11350.0	2.7216207499999994e+17
11360.0	2.752698499999999e+17
11370.0	2.9947554999999994e+17
11380.0	2.4392292499999994e+17
11390.0	2.7833867499999994e+17
11400.0	2.846954249999999e+17
11410.0	2.5669329999999994e+17
11420.0	2.9146569999999994e+17
11430.0	2.8280289999999997e+17
11440.0	2.729369749999999e+17
11450.0	2.8905162499999994e+17
11460.0	2.7326742499999994e+17
11470.0	2.9491394999999994e+17
11480.0	2.7935544999999994e+17
11490.0	2.9327877499999994e+17
11500.0	2.881132249999999e+17
11510.0	2.9618432499999994e+17
11520.0	2.9668089999999994e+17
11530.0	2.983298499999999e+17
11540.0	2.9126522499999994e+17
11550.0	2.9140934999999994e+17
11560.0	3.0356887499999994e+17
11570.0	2.7376124999999994e+17
11580.0	2.9690102499999994e+17
11590.0	3.0572702499999994e+17
11600.0	2.723653499999999e+17
11610.0	2.9638072499999994e+17
11620.0	3.0015677499999994e+17
11630.0	2.9750584999999994e+17
11640.0	2.7673069999999994e+17
11650.0	2.8186319999999994e+17
11660.0	2.6403824999999994e+17
11670.0	3.0348402499999994e+17
11680.0	3.023435999999999e+17
11690.0	2.7641644999999994e+17
11700.0	2.8945872499999994e+17
11710.0	2.8895587499999994e+17
11720.0	3.0208032499999994e+17
11730.0	2.6741242499999994e+17
11740.0	2.878757999999999e+17
11750.0	2.9357114999999994e+17
11760.0	2.9764779999999994e+17
11770.0	2.7654936999999994e+17
11780.0	2.3559423999999994e+17
11790.0	2.807371749999999e+17
11800.0	2.8711369999999994e+17
11810.0	2.7151352499999997e+17
11820.0	2.8675439999999997e+17
11830.0	2.9316739999999994e+17
11840.0	2.8837832499999994e+17
11850.0	2.745369749999999e+17
11860.0	2.7827079999999994e+17
11870.0	2.7220664999999997e+17
11880.0	2.8510580249999994e+17
11890.0	2.526509424999999e+17
11900.0	2.8162344999999994e+17
11910.0	2.9310034999999994e+17
11920.0	2.9188032499999994e+17
11930.0	2.9563147499999994e+17
11940.0	2.852680499999999e+17
11950.0	2.6868589999999997e+17
11960.0	2.8813157499999994e+17
11970.0	2.7577627499999997e+17
11980.0	2.4709317499999994e+17
11990.0	2.8265689999999997e+17
12000.0	2.6980024999999994e+17
12010.0	2.751950999999999e+17
12020.0	2.734258499999999e+17
12030.0	2.8370032499999994e+17
12040.0	2.813862999999999e+17
12050.0	2.8730514999999997e+17
12060.0	2.811992999999999e+17
12070.0	2.7563139999999997e+17
12080.0	2.9079772499999994e+17
12090.0	2.6944314999999997e+17
12100.0	2.8867557499999994e+17
12110.0	2.7668339999999997e+17
12120.0	2.804148499999999e+17
12130.0	2.7398099999999994e+17
12140.0	2.663632249999999e+17
12150.0	2.860184749999999e+17
12160.0	2.7797492499999994e+17
12170.0	2.8492437499999994e+17
12180.0	2.7868067499999994e+17
12190.0	2.9381004999999994e+17
12200.0	2.7403874999999994e+17
12210.0	2.7824544999999994e+17
12220.0	2.8548637499999994e+17
12230.0	2.8744324999999994e+17
12240.0	2.839915499999999e+17
12250.0	2.8841252499999994e+17
12260.0	2.8961922499999994e+17
12270.0	2.8578199999999994e+17
12280.0	2.8083012499999994e+17
12290.0	2.9181394999999994e+17
12300.0	2.8714307499999994e+17
12310.0	2.9030912499999994e+17
12320.0	2.8378077499999997e+17
12330.0	2.831659249999999e+17
12340.0	2.8816189999999997e+17
12350.0	2.856893499999999e+17
12360.0	2.8599974999999994e+17
12370.0	2.8847427499999994e+17
12380.0	2.7733489999999997e+17
12390.0	2.7183327499999997e+17
12400.0	2.765700999999999e+17
12410.0	2.6204647499999994e+17
12420.0	2.6661537499999994e+17
12430.0	2.7348927499999997e+17
12440.0	2.6424744999999994e+17
12450.0	2.8117244999999994e+17
12460.0	2.838450499999999e+17
12470.0	2.672407249999999e+17
12480.0	2.7606927499999997e+17
12490.0	2.7228539999999997e+17
12500.0	2.735625999999999e+17
12510.0	2.8801902499999997e+17
12520.0	2.6346304999999994e+17
12530.0	2.7258954999999994e+17
12540.0	2.775129749999999e+17
12550.0	2.7441812499999994e+17
12560.0	2.8386652499999997e+17
12570.0	2.8391139999999997e+17
12580.0	2.7320129999999994e+17
12590.0	2.7166304999999994e+17
12600.0	2.7604724999999994e+17
12610.0	2.863131749999999e+17
12620.0	2.7654082499999994e+17
12630.0	2.7673389999999997e+17
12640.0	2.5972559999999994e+17
12650.0	2.7368514999999997e+17
12660.0	2.7938539999999997e+17
12670.0	2.8121849999999994e+17
12680.0	2.7933492499999994e+17
12690.0	2.8008549999999994e+17
12700.0	2.8289394999999994e+17
12710.0	2.8324219999999994e+17
12720.0	2.848333499999999e+17
12730.0	2.869799249999999e+17
12740.0	2.693167249999999e+17
12750.0	2.7660719999999994e+17
12760.0	2.7922689999999997e+17
12770.0	2.7849244999999994e+17
12780.0	2.831598499999999e+17
12790.0	2.7883142499999994e+17
12800.0	2.7908644999999994e+17
12810.0	2.7719067499999994e+17
12820.0	2.802164749999999e+17
12830.0	2.7536954999999994e+17
12840.0	2.803702999999999e+17
12850.0	2.7464479999999994e+17
12860.0	2.6864557499999994e+17
12870.0	2.7409944999999994e+17
12880.0	2.7735502499999997e+17
12890.0	2.761509749999999e+17
12900.0	2.6028067499999994e+17
12910.0	2.6981327499999997e+17
12920.0	2.700933499999999e+17
12930.0	2.6349774999999994e+17
12940.0	2.746564749999999e+17
12950.0	2.6306152499999997e+17
12960.0	2.7219944999999994e+17
12970.0	2.8041757499999994e+17
12980.0	2.793415999999999e+17
12990.0	2.666450999999999e+17
13000.0	2.7898494999999994e+17
13010.0	2.7629927499999997e+17
13020.0	2.7674967499999994e+17
13030.0	2.718695999999999e+17
13040.0	2.7913179999999994e+17
13050.0	2.751123499999999e+17
13060.0	2.803954249999999e+17
13070.0	2.647005999999999e+17
13080.0	2.730004749999999e+17
13090.0	2.7003719999999994e+17
13100.0	2.6910504999999994e+17
13110.0	2.786782249999999e+17
13120.0	2.7789819999999994e+17
13130.0	2.6469362499999994e+17
13140.0	2.7056667499999994e+17
13150.0	2.6670827499999997e+17
13160.0	2.6573907499999994e+17
13170.0	2.5418484999999994e+17
13180.0	2.7394119999999994e+17
13190.0	2.756577249999999e+17
13200.0	2.6670304999999994e+17
13210.0	2.7811429999999994e+17
13220.0	2.6031557499999994e+17
13230.0	2.6876237499999994e+17
13240.0	2.6979269999999994e+17
13250.0	2.5675949999999994e+17
13260.0	2.6051732499999994e+17
13270.0	2.4777667499999994e+17
13280.0	2.4170227499999994e+17
13290.0	2.5861202499999994e+17
13300.0	2.6572107499999994e+17
13310.0	2.5183824999999994e+17
13320.0	2.3007724999999994e+17
13330.0	2.0572772499999997e+17
13340.0	2.3819877499999994e+17
13350.0	1.2485145499999997e+17
13360.0	2.166048949999999e+17
13370.0	1.7019594999999997e+17
13380.0	1.8713907499999997e+17
13390.0	1.7856863499999994e+17
13400.0	2.304715049999999e+17
13410.0	2.3847282499999997e+17
13420.0	2.0662809999999997e+17
13430.0	1.8383677499999994e+17
13440.0	1.9144532999999994e+17
13450.0	1.8110238499999997e+17
13460.0	2.2128906999999997e+17
13470.0	1.7240671499999997e+17
13480.0	2.0648009999999997e+17
13490.0	2.0664972499999997e+17
13500.0	1.9047373249999994e+17
13510.0	2.1849644249999997e+17
13520.0	1.5538444999999997e+17
13530.0	2.3794002499999994e+17
13540.0	1.7344057499999997e+17
13550.0	1.6201780499999997e+17
13560.0	2.0431517499999994e+17
13570.0	2.1989857499999997e+17
13580.0	2.1557309999999997e+17
13590.0	1.7499062499999997e+17
13600.0	2.1153927499999994e+17
13610.0	2.1483029999999994e+17
13620.0	1.7796282499999997e+17
13630.0	1.7292037499999997e+17
13640.0	1.9275617499999994e+17
13650.0	2.0150297499999997e+17
13660.0	1.9336112499999997e+17
13670.0	1.7784709999999997e+17
13680.0	1.9160523249999994e+17
13690.0	1.7343340249999997e+17
13700.0	1.9035174999999997e+17
13710.0	1.9357147499999997e+17
13720.0	2.0261132499999997e+17
13730.0	2.1477577499999994e+17
13740.0	1.8809944999999997e+17
13750.0	1.8271179999999994e+17
13760.0	1.8854059999999997e+17
13770.0	2.1638547499999997e+17
13780.0	2.1980234999999997e+17
13790.0	2.1895842499999994e+17
13800.0	2.2255657499999997e+17
13810.0	1.9456022499999997e+17
13820.0	2.1951369999999997e+17
13830.0	1.8298667499999994e+17
13840.0	2.1580584999999997e+17
13850.0	2.2174512499999994e+17
13860.0	1.9872819999999997e+17
13870.0	1.7995952499999994e+17
13880.0	1.9325437499999997e+17
13890.0	1.7890154999999994e+17
13900.0	1.8031680999999997e+17
13910.0	1.5606362499999997e+17
13920.0	1.8257004999999994e+17
13930.0	1.7220074499999997e+17
13940.0	1.8883059999999997e+17
13950.0	1.5952590999999997e+17
13960.0	1.8982644999999997e+17
13970.0	1.7746087499999997e+17
13980.0	1.8946814999999994e+17
13990.0	2.0294297499999997e+17
14000.0	1.6133784999999997e+17
14010.0	1.7868292499999994e+17
14020.0	1.8189844999999997e+17
14030.0	1.7310662499999997e+17
14040.0	1.4132485999999998e+17
14050.0	1.5090833999999997e+17
14060.0	2.0514189999999994e+17
14070.0	1.7172874999999997e+17
14080.0	1.5051534999999997e+17
14090.0	1.7985577499999994e+17
14100.0	1.7344547499999997e+17
14110.0	1.9065739999999994e+17
14120.0	1.7900652499999994e+17
14130.0	2.0013442499999994e+17
14140.0	1.9238727999999994e+17
14150.0	1.6505640999999997e+17
14160.0	1.5992519999999997e+17
14170.0	1.8681592499999994e+17
14180.0	1.3693913499999997e+17
14190.0	1.4999372499999997e+17
14200.0	1.5469299249999997e+17
14210.0	1.6934209249999997e+17
14220.0	1.5472314999999997e+17
14230.0	1.7069017499999994e+17
14240.0	1.4395928499999997e+17
14250.0	1.5427472499999997e+17
14260.0	1.3477907499999998e+17
14270.0	1.5053762499999997e+17
14280.0	1.7071916749999997e+17
14290.0	1.4596590249999997e+17
14300.0	1.8119872499999997e+17
14310.0	1.6517109999999997e+17
14320.0	1.7574512499999997e+17
14330.0	1.7079127499999997e+17
14340.0	1.8136364999999994e+17
14350.0	1.9336769999999997e+17
14360.0	1.7042409999999997e+17
14370.0	1.6894834999999997e+17
14380.0	1.5189358499999997e+17
14390.0	1.6146374499999997e+17
14400.0	1.6655870999999997e+17
14410.0	1.5500467499999994e+17
14420.0	1.5234948999999997e+17
14430.0	1.8782349999999997e+17
14440.0	1.6265569999999997e+17
14450.0	1.6167989499999994e+17
14460.0	1.8327313499999997e+17
14470.0	1.6782287499999997e+17
14480.0	1.6080974999999997e+17
14490.0	1.8213949999999997e+17
14500.0	1.8854292499999994e+17
14510.0	1.4354927499999995e+17
14520.0	1.8599402499999994e+17
14530.0	1.5408834999999997e+17
14540.0	1.4972122499999997e+17
14550.0	1.6788798499999997e+17
14560.0	1.4462959999999997e+17
14570.0	1.5511467499999994e+17
14580.0	1.8390297499999997e+17
14590.0	1.6962369999999997e+17
14600.0	1.7281107499999997e+17
14610.0	1.6844884999999997e+17
14620.0	1.5160282499999997e+17
14630.0	1.3775397499999997e+17
14640.0	1.7366239999999994e+17
14650.0	1.7567649999999997e+17
14660.0	1.7107240999999997e+17
14670.0	1.7427062499999997e+17
14680.0	1.4678973999999997e+17
14690.0	1.3959774999999997e+17
14700.0	1.5956689999999997e+17
14710.0	1.5821584999999997e+17
14720.0	1.8015074999999997e+17
14730.0	1.7134082499999997e+17
14740.0	1.4242019999999998e+17
14750.0	1.5926689999999997e+17
14760.0	1.6252287499999997e+17
14770.0	1.6233717499999994e+17
14780.0	1.5020660999999997e+17
14790.0	1.6821747499999997e+17
14800.0	1.7071109999999997e+17
14810.0	1.7438782499999997e+17
14820.0	1.5076502499999997e+17
14830.0	1.6664834999999997e+17
14840.0	1.8927547499999997e+17
14850.0	1.5534329999999994e+17
14860.0	1.5110779999999994e+17
14870.0	1.7451179999999994e+17
14880.0	1.4700703999999997e+17
14890.0	1.6435659499999997e+17
14900.0	1.6426997499999997e+17
14910.0	1.7176727499999997e+17
14920.0	1.6820299999999997e+17
14930.0	1.5368714999999997e+17
14940.0	1.5671852499999997e+17
14950.0	1.7990187499999997e+17
14960.0	1.4770529499999994e+17
14970.0	1.9171327499999994e+17
14980.0	1.5541209999999997e+17
14990.0	1.8440514999999994e+17
15000.0	1.5814774999999997e+17
15010.0	1.6005162499999997e+17
15020.0	1.5192107499999997e+17
15030.0	1.7011482499999997e+17
15040.0	1.6245502499999997e+17
15050.0	1.6968847499999997e+17
15060.0	1.6502592499999994e+17
15070.0	1.5862235499999997e+17
15080.0	1.7163542499999994e+17
15090.0	1.7944514999999994e+17
15100.0	1.6557427499999997e+17
15110.0	1.7734707499999997e+17
15120.0	1.6969667499999994e+17
15130.0	1.5807129999999994e+17
15140.0	1.5624294999999997e+17
15150.0	1.4899434999999997e+17
15160.0	1.7618574999999997e+17
15170.0	1.7579907499999997e+17
15180.0	1.7696204999999994e+17
15190.0	1.9027847499999997e+17
15200.0	1.6658284999999997e+17
15210.0	1.9272434999999997e+17
15220.0	1.6921362499999997e+17
15230.0	2.0106567499999994e+17
15240.0	1.7203747499999997e+17
15250.0	1.7352447499999997e+17
15260.0	1.6472527499999997e+17
15270.0	1.6166644999999997e+17
15280.0	1.6032632499999997e+17
15290.0	1.6706404999999994e+17
15300.0	1.6439129999999994e+17
15310.0	1.6806032499999997e+17
15320.0	1.5384827499999997e+17
15330.0	1.7382974999999997e+17
15340.0	1.8227042499999994e+17
15350.0	1.7258317499999994e+17
15360.0	1.7291764999999994e+17
15370.0	1.6967917499999994e+17
15380.0	1.6937259999999997e+17
15390.0	1.7564552499999994e+17
15400.0	1.6017897499999997e+17
15410.0	1.6941752499999997e+17
15420.0	1.7771714999999994e+17
15430.0	1.5900054999999994e+17
15440.0	1.6536042499999994e+17
15450.0	1.6657899999999997e+17
15460.0	1.7223597499999997e+17
15470.0	1.6338629999999994e+17
15480.0	1.6547177499999997e+17
15490.0	1.6014587499999997e+17
15500.0	1.8124324999999997e+17
15510.0	1.5404044999999997e+17
15520.0	1.7600734999999997e+17
15530.0	1.7051557499999997e+17
15540.0	1.8113757499999997e+17
15550.0	1.6679344999999997e+17
15560.0	1.7097262499999997e+17
15570.0	1.6645282499999997e+17
15580.0	1.6069012499999997e+17
15590.0	1.8045597499999997e+17
15600.0	1.7699669999999997e+17
15610.0	1.7710227499999994e+17
15620.0	1.7918219999999997e+17
15630.0	1.7904867499999994e+17
15640.0	1.8697724999999997e+17
15650.0	1.7083994999999997e+17
15660.0	1.6339284999999997e+17
15670.0	1.9047049999999997e+17
15680.0	1.8323739999999994e+17
15690.0	1.7646127499999994e+17
15700.0	1.8090202499999994e+17
15710.0	1.8404682499999997e+17
15720.0	1.5373169999999997e+17
15730.0	1.7450702499999994e+17
15740.0	1.8501764999999994e+17
15750.0	1.6744782499999997e+17
15760.0	1.7624844999999997e+17
15770.0	1.9499529999999994e+17
15780.0	1.9133497499999997e+17
15790.0	1.9160747499999997e+17
15800.0	1.8455522499999997e+17
15810.0	1.9205989999999994e+17
15820.0	1.8067612499999997e+17
15830.0	1.8193007499999997e+17
15840.0	1.7421092499999994e+17
15850.0	1.7647859999999997e+17
15860.0	1.8722799999999997e+17
15870.0	1.8868377499999994e+17
15880.0	1.8890524999999997e+17
15890.0	1.8544759999999997e+17
15900.0	1.5374649999999997e+17
15910.0	1.9087104999999994e+17
15920.0	1.9090484999999997e+17
15930.0	1.8368302499999994e+17
15940.0	1.9195099999999997e+17
15950.0	1.9466647499999997e+17
15960.0	1.9444407499999997e+17
15970.0	1.9379544999999997e+17
15980.0	1.8520629999999994e+17
15990.0	1.8548969999999997e+17
16000.0	1.9498572499999997e+17
16010.0	1.7890874999999997e+17
16020.0	1.8680772499999997e+17
16030.0	1.9848734999999997e+17
16040.0	1.9024192499999994e+17
16050.0	1.8258517499999994e+17
16060.0	1.7879114999999994e+17
16070.0	1.6845159999999997e+17
16080.0	1.8273934999999997e+17
16090.0	1.9864064999999994e+17
16100.0	1.8411159999999997e+17
16110.0	1.8996332499999997e+17
16120.0	1.9521464999999994e+17
16130.0	1.9556237499999997e+17
16140.0	1.8788024999999997e+17
16150.0	1.9119977499999994e+17
16160.0	1.7424549999999997e+17
16170.0	1.9048097499999997e+17
16180.0	1.9958674999999994e+17
16190.0	1.8420542499999994e+17
16200.0	1.7718072499999997e+17
16210.0	1.8577392499999994e+17
16220.0	1.8919427499999994e+17
16230.0	1.7793797499999997e+17
16240.0	1.8610987499999997e+17
16250.0	1.7888649999999997e+17
16260.0	1.8114744999999997e+17
16270.0	1.8829494999999997e+17
16280.0	1.9082729999999994e+17
16290.0	1.8685444999999997e+17
16300.0	1.8908357499999997e+17
16310.0	1.8646867499999994e+17
16320.0	1.8872667499999994e+17
16330.0	1.9389097499999997e+17
16340.0	1.8659004999999994e+17
16350.0	1.7819694999999997e+17
16360.0	1.9108569999999997e+17
16370.0	1.9094629999999994e+17
16380.0	1.9310739999999994e+17
16390.0	1.9385632499999997e+17
16400.0	1.9838634999999997e+17
16410.0	1.8242877499999994e+17
16420.0	1.8249074999999997e+17
16430.0	1.8485237499999997e+17
16440.0	1.9077889999999994e+17
16450.0	1.8643534999999997e+17
16460.0	1.9634444999999997e+17
16470.0	1.9336859999999997e+17
16480.0	1.9337764999999994e+17
16490.0	1.9788152499999994e+17
16500.0	1.9888989999999994e+17
16510.0	1.9642182499999997e+17
16520.0	1.8970082499999997e+17
16530.0	1.7760222499999997e+17
16540.0	1.9731469999999997e+17
16550.0	1.9025482499999997e+17
16560.0	1.9998117499999994e+17
16570.0	2.0109129999999994e+17
16580.0	1.9653514999999994e+17
16590.0	1.8652552499999994e+17
16600.0	1.9833622499999997e+17
16610.0	1.7196494999999997e+17
16620.0	1.8768022499999997e+17
16630.0	1.9726104999999994e+17
16640.0	1.9032579999999994e+17
16650.0	1.9777244999999997e+17
16660.0	1.9743032499999997e+17
16670.0	1.9286939999999994e+17
16680.0	1.9236187499999997e+17
16690.0	1.9394097499999997e+17
16700.0	1.9223672499999997e+17
16710.0	1.8188709999999997e+17
16720.0	1.8880189999999994e+17
16730.0	1.9703122499999997e+17
16740.0	1.9983884999999997e+17
16750.0	1.8695309999999997e+17
16760.0	1.8853139999999994e+17
16770.0	1.8518109999999997e+17
16780.0	1.9613072499999997e+17
16790.0	1.9352454999999994e+17
16800.0	1.9157589999999994e+17
16810.0	1.9471962499999997e+17
16820.0	1.9600902499999994e+17
16830.0	1.9473709999999997e+17
16840.0	1.9059367499999994e+17
16850.0	1.9102829999999994e+17
16860.0	1.9850074999999994e+17
16870.0	1.9559022499999997e+17
16880.0	1.9692279999999994e+17
16890.0	1.9025512499999997e+17
16900.0	1.8740104999999994e+17
16910.0	1.7612344999999997e+17
16920.0	1.8580657499999997e+17
16930.0	1.8975257499999997e+17
16940.0	1.9696009999999997e+17
16950.0	1.8917549999999997e+17
16960.0	1.8419647499999997e+17
16970.0	1.8222844999999997e+17
16980.0	1.9067524999999997e+17
16990.0	1.7649789999999994e+17
17000.0	1.8242417499999994e+17
17010.0	1.7135177499999997e+17
17020.0	1.8693702499999994e+17
17030.0	1.8050417499999994e+17
17040.0	1.8194152499999994e+17
17050.0	1.8094304999999994e+17
17060.0	1.8415557499999997e+17
17070.0	1.6840194999999997e+17
17080.0	1.7305224999999997e+17
17090.0	1.7116657499999997e+17
17100.0	1.8582254999999994e+17
17110.0	1.6846849999999997e+17
17120.0	1.7151172499999997e+17
17130.0	1.7996234999999997e+17
17140.0	1.7258672499999997e+17
17150.0	1.6930817499999994e+17
17160.0	1.7179197499999997e+17
17170.0	1.7467524999999997e+17
17180.0	1.6430879999999994e+17
17190.0	1.4836777499999997e+17
17200.0	1.7090819999999997e+17
17210.0	1.6739545999999997e+17
17220.0	1.6681536999999997e+17
17230.0	1.6204562499999997e+17
17240.0	1.5888812499999997e+17
17250.0	1.6993369999999997e+17
17260.0	1.6561636999999997e+17
17270.0	1.4009981499999997e+17
17280.0	1.5174014249999997e+17
17290.0	1.4905057749999994e+17
17300.0	1.5444676999999994e+17
17310.0	1.5274440499999994e+17
17320.0	1.6712272499999997e+17
17330.0	1.6444399999999997e+17
17340.0	1.6181539999999997e+17
17350.0	1.3218749749999997e+17
17360.0	1.3890669249999994e+17
17370.0	1.2653800499999997e+17
17380.0	1.7048024999999997e+17
17390.0	1.6144247499999997e+17
17400.0	1.5463567499999994e+17
17410.0	1.3555087749999997e+17
17420.0	1.2904993249999997e+17
17430.0	1.4742454999999997e+17
17440.0	1.4120631499999997e+17
17450.0	1.5242002249999997e+17
17460.0	1.5050416749999997e+17
17470.0	1.5805697499999997e+17
17480.0	1.5263462499999997e+17
17490.0	1.4892762499999997e+17
17500.0	1.6345457499999997e+17
17510.0	1.6105679999999994e+17
17520.0	1.4159707499999998e+17
17530.0	1.3049084999999997e+17
17540.0	1.5077931499999997e+17
17550.0	1.4177488749999998e+17
17560.0	1.3250537749999997e+17
17570.0	1.5441139999999997e+17
17580.0	1.3721350499999997e+17
17590.0	1.4008732499999998e+17
17600.0	1.3504186999999997e+17
17610.0	1.4714452999999997e+17
17620.0	1.3781813999999995e+17
17630.0	1.0915404999999998e+17
17640.0	1.5010630999999997e+17
17650.0	1.4078015499999997e+17
17660.0	1.6098564999999997e+17
17670.0	1.2815468499999998e+17
17680.0	9.991600499999998e+16
17690.0	1.3096035999999998e+17
17700.0	1.4894114999999997e+17
17710.0	1.4056845499999998e+17
17720.0	1.1257259999999998e+17
17730.0	1.2497188249999997e+17
17740.0	1.4575596249999997e+17
17750.0	1.2483924499999997e+17
17760.0	1.0327381249999998e+17
17770.0	1.3296638249999997e+17
17780.0	1.3327739999999997e+17
17790.0	1.2933234999999997e+17
17800.0	1.1976307999999997e+17
17810.0	1.1300849499999997e+17
17820.0	1.3987492749999995e+17
17830.0	1.0529346749999995e+17
17840.0	1.4714339999999997e+17
17850.0	1.2871189999999997e+17
17860.0	1.2952594999999997e+17
17870.0	1.3052915249999997e+17
17880.0	1.1483648249999997e+17
17890.0	1.1597140999999997e+17
17900.0	1.3227413749999998e+17
17910.0	8.398944249999998e+16
17920.0	1.0561388999999998e+17
17930.0	1.1574061249999997e+17
17940.0	1.1089990499999997e+17
17950.0	1.0255844249999998e+17
17960.0	1.0637367749999997e+17
17970.0	1.2236662749999995e+17
17980.0	1.2427917499999997e+17
17990.0	1.0990445749999997e+17
18000.0	8.994661749999998e+16
18010.0	9.024327999999998e+16
18020.0	1.2585775999999998e+17
18030.0	1.1805695999999997e+17
18040.0	1.2875373999999995e+17
18050.0	1.3128824999999997e+17
18060.0	9.505512749999997e+16
18070.0	9.887986499999998e+16
18080.0	8.298587499999998e+16
18090.0	8.601385499999997e+16
18100.0	1.0970902749999997e+17
18110.0	8.154029999999998e+16
18120.0	1.1313609499999997e+17
18130.0	1.2263650749999997e+17
18140.0	1.2476021249999997e+17
18150.0	1.1849551749999997e+17
18160.0	1.1220126249999997e+17
18170.0	9.434066249999998e+16
18180.0	1.1048756249999997e+17
18190.0	9.805867499999998e+16
18200.0	9.878042249999997e+16
18210.0	9.298147749999998e+16
18220.0	8.532861749999998e+16
18230.0	1.1996384749999997e+17
18240.0	1.2973794499999997e+17
18250.0	1.0325109249999997e+17
18260.0	9.207507999999997e+16
18270.0	9.381414249999998e+16
18280.0	1.0249818999999998e+17
18290.0	1.1173241499999997e+17
18300.0	1.1253538999999998e+17
18310.0	1.0804899999999997e+17
18320.0	1.1618756999999997e+17
18330.0	1.0415174999999997e+17
18340.0	1.1272282499999997e+17
18350.0	1.0991407499999997e+17
18360.0	1.2434149999999997e+17
18370.0	1.2853868249999997e+17
18380.0	1.0504574749999998e+17
18390.0	8.930261999999997e+16
18400.0	1.0905668249999997e+17
18410.0	1.1442753499999997e+17
18420.0	9.202676249999997e+16
18430.0	1.0884984499999997e+17
18440.0	1.0431747999999998e+17
18450.0	8.681604999999998e+16
18460.0	9.239920499999998e+16
18470.0	7.632642e+16
18480.0	8.519335499999997e+16
18490.0	8.875710999999998e+16
18500.0	9.502325749999998e+16
18510.0	1.0358533749999997e+17
18520.0	9.488952999999997e+16
18530.0	1.0343309499999997e+17
18540.0	1.1316055499999998e+17
18550.0	9.584354999999998e+16
18560.0	7.989732999999998e+16
18570.0	7.0187397499999976e+16
18580.0	8.308561249999998e+16
18590.0	8.762405499999998e+16
18600.0	7.870234249999998e+16
18610.0	1.0766327249999998e+17
18620.0	9.892040749999998e+16
18630.0	8.378316999999998e+16
18640.0	9.054639749999997e+16
18650.0	9.112438749999997e+16
18660.0	1.0964949249999998e+17
18670.0	9.941663999999997e+16
18680.0	6.9190729999999976e+16
18690.0	9.984095749999997e+16
18700.0	9.838245499999998e+16
18710.0	1.0910159749999998e+17
18720.0	9.573349749999997e+16
18730.0	8.198531249999998e+16
18740.0	9.508238249999997e+16
18750.0	7.496406749999997e+16
18760.0	9.736987499999998e+16
18770.0	1.0327648749999997e+17
18780.0	9.721613499999997e+16
18790.0	7.566678249999998e+16
18800.0	8.784855749999997e+16
18810.0	8.632692249999998e+16
18820.0	1.0716813749999997e+17
18830.0	1.0671612249999998e+17
18840.0	9.057263999999998e+16
18850.0	8.226683499999997e+16
18860.0	9.696990249999997e+16
18870.0	7.920346249999997e+16
18880.0	9.840208749999997e+16
18890.0	9.895930749999998e+16
18900.0	1.0880497249999998e+17
18910.0	1.0890048249999997e+17
18920.0	8.492031499999998e+16
18930.0	8.759503999999997e+16
18940.0	1.0279891249999998e+17
18950.0	1.0368999249999998e+17
18960.0	9.2328115e+16
18970.0	9.773895999999997e+16
18980.0	9.064276999999997e+16
18990.0	1.0110583749999997e+17
19000.0	8.461540249999998e+16
19010.0	8.503162749999998e+16
19020.0	9.259982749999997e+16
19030.0	9.502019499999997e+16
19040.0	9.567071249999997e+16
19050.0	1.0185587499999997e+17
19060.0	9.763132249999995e+16
19070.0	8.785821749999998e+16
19080.0	1.0928588999999998e+17
19090.0	8.919175249999998e+16
19100.0	1.0434084749999998e+17
19110.0	7.785254999999998e+16
19120.0	1.0498970749999997e+17
19130.0	9.731421499999997e+16
19140.0	1.0153492249999997e+17
19150.0	1.1442450499999998e+17
19160.0	8.495243249999998e+16
19170.0	9.121921999999998e+16
19180.0	9.635345749999998e+16
19190.0	1.0724492249999998e+17
19200.0	9.026305499999998e+16
19210.0	8.222256499999998e+16
19220.0	9.519188499999998e+16
19230.0	9.202921749999998e+16
19240.0	8.379747499999998e+16
19250.0	1.009018075e+17
19260.0	9.261230999999998e+16
19270.0	9.041217999999998e+16
19280.0	1.0785348999999997e+17
19290.0	1.0390036249999998e+17
19300.0	1.0132195999999997e+17
19310.0	7.115290749999998e+16
19320.0	9.127629499999997e+16
19330.0	8.577034749999998e+16
19340.0	8.66212375e+16
19350.0	9.977589999999997e+16
19360.0	9.168943249999998e+16
19370.0	1.0346697749999998e+17
19380.0	8.230400499999997e+16
19390.0	9.429497749999997e+16
19400.0	8.703781749999998e+16
19410.0	9.822610999999998e+16
19420.0	9.653980499999997e+16
19430.0	7.768372249999998e+16
19440.0	8.608722249999998e+16
19450.0	7.206621999999998e+16
19460.0	6.742730749999999e+16
19470.0	9.660468999999998e+16
19480.0	8.156387999999998e+16
19490.0	7.883472749999998e+16
19500.0	9.295553999999997e+16
19510.0	8.158259749999998e+16
19520.0	8.354514999999998e+16
19530.0	8.199214499999998e+16
19540.0	9.641363749999997e+16
19550.0	7.812074499999998e+16
19560.0	6.671924249999999e+16
19570.0	9.088541749999998e+16
19580.0	9.967360499999997e+16
19590.0	9.397903999999997e+16
19600.0	5.822438499999998e+16
19610.0	8.799425249999997e+16
19620.0	9.124872499999998e+16
19630.0	9.641885499999998e+16
19640.0	8.957359249999998e+16
19650.0	1.0194169999999997e+17
19660.0	1.0530470999999998e+17
19670.0	1.0597643999999997e+17
19680.0	9.274139249999998e+16
19690.0	9.322722749999997e+16
19700.0	8.262013999999997e+16
19710.0	9.663184999999998e+16
19720.0	1.0588897499999998e+17
19730.0	9.857978499999998e+16
19740.0	7.855440499999998e+16
19750.0	9.889240249999997e+16
19760.0	7.217452749999998e+16
19770.0	9.098646499999997e+16
19780.0	7.288404999999998e+16
19790.0	9.191609499999998e+16
19800.0	8.969847999999998e+16
19810.0	8.925299749999997e+16
19820.0	8.185565749999998e+16
19830.0	9.396923999999998e+16
19840.0	8.889808499999998e+16
19850.0	7.416647e+16
19860.0	8.837785749999998e+16
19870.0	7.979169249999998e+16
19880.0	7.8225545e+16
19890.0	9.523973999999997e+16
19900.0	7.7382255e+16
19910.0	6.997660999999998e+16
19920.0	7.398359249999998e+16
19930.0	9.370181749999998e+16
19940.0	9.430963999999997e+16
19950.0	8.417239249999997e+16
19960.0	8.615829999999998e+16
19970.0	7.873878749999998e+16
19980.0	8.379278749999998e+16
19990.0	9.159071999999998e+16
20000.0	8.328469249999998e+16
20010.0	6.7418134999999976e+16
20020.0	8.665088249999997e+16
20030.0	8.790096999999997e+16
20040.0	8.705947499999998e+16
20050.0	7.660763749999998e+16
20060.0	8.247959249999998e+16
20070.0	7.484282249999998e+16
20080.0	1.0805768249999997e+17
20090.0	7.640571499999998e+16
20100.0	9.455821999999998e+16
20110.0	8.261610499999997e+16
20120.0	8.421982749999998e+16
20130.0	8.663849749999998e+16
20140.0	7.387435249999997e+16
20150.0	8.387433999999998e+16
20160.0	8.418196999999998e+16
20170.0	8.510859999999998e+16
20180.0	8.754561999999997e+16
20190.0	8.375977999999998e+16
20200.0	7.368954999999998e+16
20210.0	8.843912249999997e+16
20220.0	8.396302499999997e+16
20230.0	8.711729749999998e+16
20240.0	1.0696731999999997e+17
20250.0	8.640990249999997e+16
20260.0	6.5958739999999976e+16
20270.0	6.887290999999998e+16
20280.0	8.024397749999998e+16
20290.0	7.518976499999998e+16
20300.0	8.129269499999997e+16
20310.0	6.471963749999998e+16
20320.0	9.011506999999997e+16
20330.0	8.728381999999995e+16
20340.0	7.964429499999997e+16
20350.0	8.946630499999997e+16
20360.0	7.232743249999998e+16
20370.0	9.457771499999997e+16
20380.0	8.674958249999997e+16
20390.0	7.488324249999997e+16
20400.0	7.903063499999997e+16
20410.0	7.431852499999998e+16
20420.0	8.891777999999998e+16
20430.0	9.260768749999998e+16
20440.0	7.092351499999998e+16
20450.0	7.641038249999997e+16
20460.0	9.016780249999998e+16
20470.0	7.758164999999997e+16
20480.0	8.147088249999997e+16
20490.0	7.310114749999998e+16
20500.0	8.036262249999997e+16
20510.0	9.500181749999997e+16
20520.0	8.514792249999997e+16
20530.0	8.571049749999997e+16
20540.0	8.564843249999997e+16
20550.0	7.130759749999998e+16
20560.0	7.038581499999998e+16
20570.0	8.608127999999998e+16
20580.0	9.596260249999998e+16
20590.0	7.9856045e+16
20600.0	9.258505749999998e+16
20610.0	7.1282494999999976e+16
20620.0	8.429321249999997e+16
20630.0	8.396502499999997e+16
20640.0	7.30664175e+16
20650.0	7.91138025e+16
20660.0	7.927956749999998e+16
20670.0	8.214987749999998e+16
20680.0	7.881042999999998e+16
20690.0	8.049225749999998e+16
20700.0	8.384380749999997e+16
20710.0	9.337705499999998e+16
20720.0	8.536535499999997e+16
20730.0	8.584615999999998e+16
20740.0	7.485600999999998e+16
20750.0	8.584716999999998e+16
20760.0	8.383854499999998e+16
20770.0	7.636083499999998e+16
20780.0	7.678392749999998e+16
20790.0	8.532823999999997e+16
20800.0	7.935550499999998e+16
20810.0	7.460278499999998e+16
20820.0	8.454762249999998e+16
20830.0	8.064291749999998e+16
20840.0	8.546917499999998e+16
20850.0	7.933770249999998e+16
20860.0	8.638414999999998e+16
20870.0	7.345249249999998e+16
20880.0	8.903339999999997e+16
20890.0	8.304264e+16
20900.0	7.791053999999998e+16
20910.0	8.946080999999997e+16
20920.0	8.281656499999998e+16
20930.0	8.935346249999998e+16
20940.0	7.679328249999998e+16
20950.0	8.063783749999997e+16
20960.0	8.546654499999998e+16
20970.0	7.631203999999998e+16
20980.0	9.408427499999997e+16
20990.0	8.555519249999998e+16
21000.0	8.164250749999997e+16
21010.0	8.643485999999998e+16
21020.0	8.244937749999998e+16
21030.0	7.588711499999997e+16
21040.0	8.639859999999998e+16
21050.0	8.491768999999998e+16
21060.0	8.467290249999997e+16
21070.0	8.434614999999997e+16
21080.0	8.502981749999998e+16
21090.0	7.908679249999998e+16
21100.0	8.841110749999998e+16
21110.0	9.242266499999997e+16
21120.0	7.770488999999998e+16
21130.0	7.880309499999998e+16
21140.0	8.385826999999997e+16
21150.0	8.209009999999998e+16
21160.0	8.290604249999997e+16
21170.0	8.349708999999998e+16
21180.0	8.732334249999997e+16
21190.0	8.127156499999997e+16
21200.0	8.626005499999997e+16
21210.0	8.216332499999997e+16
21220.0	7.661954249999998e+16
21230.0	9.124321499999997e+16
21240.0	8.625095499999997e+16
21250.0	8.199845499999998e+16
21260.0	8.688610249999998e+16
21270.0	8.688591749999998e+16
21280.0	8.646109249999998e+16
21290.0	8.078141999999998e+16
21300.0	8.808612999999998e+16
21310.0	8.407708499999998e+16
21320.0	8.847190249999997e+16
21330.0	8.523230749999998e+16
21340.0	8.925284749999998e+16
21350.0	9.052545999999998e+16
21360.0	8.364970749999998e+16
21370.0	8.415950749999997e+16
21380.0	8.190716749999998e+16
21390.0	8.662795999999997e+16
21400.0	8.279208749999997e+16
21410.0	8.913788999999998e+16
21420.0	8.801362749999997e+16
21430.0	8.080100499999997e+16
21440.0	8.897021249999997e+16
21450.0	8.751825249999997e+16
21460.0	8.684106749999997e+16
21470.0	8.839664999999998e+16
21480.0	8.549145999999998e+16
21490.0	8.125698999999997e+16
21500.0	8.012261999999998e+16
21510.0	8.868426749999998e+16
21520.0	8.751405499999998e+16
21530.0	8.28826075e+16
21540.0	8.514742999999998e+16
21550.0	9.083765499999998e+16
21560.0	8.501814999999997e+16
21570.0	8.755176999999997e+16
21580.0	8.04194925e+16
21590.0	8.582683249999997e+16
21600.0	8.964046499999998e+16
21610.0	9.044910749999998e+16
21620.0	8.571828499999998e+16
21630.0	8.601428249999998e+16
21640.0	8.759212749999998e+16
21650.0	8.955788249999997e+16
21660.0	8.342381499999998e+16
21670.0	8.746053499999998e+16
21680.0	8.710527499999997e+16
21690.0	8.930188499999997e+16
21700.0	8.452421249999997e+16
21710.0	8.564220249999997e+16
21720.0	8.846850999999997e+16
21730.0	8.655087999999997e+16
21740.0	8.251702999999998e+16
21750.0	8.774116499999997e+16
21760.0	8.44468275e+16
21770.0	8.755855749999998e+16
21780.0	8.445470999999998e+16
21790.0	8.391791999999998e+16
21800.0	8.59500675e+16
21810.0	8.684466249999998e+16
21820.0	8.646911999999998e+16
21830.0	8.431358999999997e+16
21840.0	8.638931249999998e+16
21850.0	8.524291749999997e+16
21860.0	8.725691499999998e+16
21870.0	8.79141275e+16
21880.0	8.565128249999998e+16
21890.0	8.752762249999997e+16
21900.0	8.690121749999998e+16
21910.0	9.024032499999997e+16
21920.0	8.635938249999997e+16
21930.0	8.405976499999998e+16
21940.0	8.530375749999997e+16
21950.0	8.681272249999998e+16
21960.0	9.218619249999998e+16
21970.0	8.86391775e+16
21980.0	8.613771249999997e+16
21990.0	8.566070249999998e+16
22000.0	8.955312999999998e+16
22010.0	8.695176999999997e+16
22020.0	9.086884999999998e+16
22030.0	8.275150499999995e+16
22040.0	8.467351749999997e+16
22050.0	8.778711249999998e+16
22060.0	7.966086749999998e+16
22070.0	8.800798499999998e+16
22080.0	8.793829999999998e+16
22090.0	8.369332249999997e+16
22100.0	8.680212499999998e+16
22110.0	8.394750249999998e+16
22120.0	8.891883249999997e+16
22130.0	8.796973999999998e+16
22140.0	9.251737999999998e+16
22150.0	8.428356499999997e+16
22160.0	8.970723749999998e+16
22170.0	8.597049999999998e+16
22180.0	8.784054999999998e+16
22190.0	8.334753999999998e+16
22200.0	7.995385249999998e+16
22210.0	8.317998249999998e+16
22220.0	8.535958499999998e+16
22230.0	8.38078775e+16
22240.0	8.720736249999998e+16
22250.0	8.945977749999997e+16
22260.0	8.760387999999998e+16
22270.0	8.913950249999997e+16
22280.0	7.669676749999998e+16
22290.0	8.77363125e+16
22300.0	8.218559249999998e+16
22310.0	9.028078249999998e+16
22320.0	8.929796999999998e+16
22330.0	8.553166749999998e+16
22340.0	8.854351749999998e+16
22350.0	8.737738499999997e+16
22360.0	8.0250795e+16
22370.0	8.674614499999998e+16
22380.0	8.808853249999998e+16
22390.0	8.094211249999998e+16
22400.0	9.070227999999998e+16
22410.0	8.98151875e+16
22420.0	8.768512999999997e+16
22430.0	8.828205499999997e+16
22440.0	8.600187749999998e+16
22450.0	7.963117999999997e+16
22460.0	8.862824499999998e+16
22470.0	8.937825249999998e+16
22480.0	8.944617749999998e+16
22490.0	8.670775999999998e+16
22500.0	8.833744999999997e+16
22510.0	9.049920999999998e+16
22520.0	8.73020525e+16
22530.0	8.297269249999997e+16
22540.0	8.635212749999998e+16
22550.0	8.136433999999998e+16
22560.0	8.577362499999998e+16
22570.0	8.874671749999998e+16
22580.0	8.264693749999997e+16
22590.0	8.623705249999998e+16
22600.0	8.534940249999997e+16
22610.0	8.453780749999998e+16
22620.0	8.412207499999997e+16
22630.0	7.665119249999997e+16
22640.0	8.409325749999998e+16
22650.0	8.764547999999998e+16
22660.0	8.501048999999997e+16
22670.0	8.805443999999998e+16
22680.0	8.846763999999998e+16
22690.0	8.548246249999997e+16
22700.0	7.9581595e+16
22710.0	8.654977499999997e+16
22720.0	8.398336499999998e+16
22730.0	8.741496749999998e+16
22740.0	8.371881999999998e+16
22750.0	8.898371749999998e+16
22760.0	8.511202999999998e+16
22770.0	8.660026499999998e+16
22780.0	8.537015999999998e+16
22790.0	7.866745499999997e+16
22800.0	8.161426499999998e+16
22810.0	8.354217249999998e+16
22820.0	8.588354249999998e+16
22830.0	8.319284499999998e+16
22840.0	8.34225625e+16
22850.0	8.532477749999997e+16
22860.0	8.521008249999997e+16
22870.0	8.346566749999998e+16
22880.0	8.641371499999997e+16
22890.0	8.446598749999998e+16
22900.0	8.773803999999997e+16
22910.0	8.794963499999998e+16
22920.0	8.422189249999998e+16
22930.0	8.630011749999998e+16
22940.0	5.727659249999999e+16
22950.0	6.8408164999999976e+16
22960.0	6.849812249999999e+16
22970.0	7.095358249999998e+16
22980.0	7.872285499999998e+16
22990.0	8.173532499999997e+16
23000.0	7.131647999999999e+16
23010.0	7.903820749999998e+16
23020.0	8.350660249999998e+16
23030.0	7.023899749999999e+16
23040.0	8.364061999999997e+16
23050.0	7.0682302499999976e+16
23060.0	7.427557499999997e+16
23070.0	7.203617749999998e+16
23080.0	7.597656749999997e+16
23090.0	8.209035499999998e+16
23100.0	8.191214499999998e+16
23110.0	7.856722499999998e+16
23120.0	8.40841075e+16
23130.0	8.400839999999997e+16
23140.0	8.396815249999998e+16
23150.0	6.238941999999998e+16
23160.0	7.995565249999998e+16
23170.0	8.348758749999997e+16
23180.0	8.0628735e+16
23190.0	8.222956749999997e+16
23200.0	7.638825249999998e+16
23210.0	6.494509499999999e+16
23220.0	7.706602499999997e+16
23230.0	5.675558499999998e+16
23240.0	6.00812025e+16
23250.0	5.990297499999998e+16
23260.0	7.226122249999998e+16
23270.0	6.725172749999999e+16
23280.0	7.576864e+16
23290.0	6.951097749999999e+16
23300.0	6.857653999999999e+16
23310.0	6.870852999999998e+16
23320.0	7.486437749999998e+16
23330.0	7.6756125e+16
23340.0	6.757566749999999e+16
23350.0	6.798849999999998e+16
23360.0	6.964671749999998e+16
23370.0	6.546767499999998e+16
23380.0	6.797828499999998e+16
23390.0	6.8804397499999976e+16
23400.0	6.655332749999998e+16
23410.0	7.808985499999998e+16
23420.0	6.8066447499999976e+16
23430.0	7.949492749999997e+16
23440.0	8.074371749999998e+16
23450.0	6.117312249999998e+16
23460.0	7.889597999999998e+16
23470.0	7.025031999999999e+16
23480.0	6.931649749999998e+16
23490.0	7.502809249999998e+16
23500.0	7.449433999999998e+16
23510.0	6.788569999999998e+16
23520.0	6.610325249999998e+16
23530.0	5.651883499999998e+16
23540.0	6.293590249999999e+16
23550.0	6.250378499999998e+16
23560.0	6.497200249999997e+16
23570.0	7.312464499999997e+16
23580.0	6.354935499999998e+16
23590.0	6.273756999999999e+16
23600.0	7.378998499999997e+16
23610.0	5.967869749999998e+16
23620.0	5.960550999999998e+16
23630.0	5.900849249999999e+16
23640.0	6.4216119999999976e+16
23650.0	7.1033197499999976e+16
23660.0	7.137130249999998e+16
23670.0	6.665653499999998e+16
23680.0	5.234731999999999e+16
23690.0	7.227001749999998e+16
23700.0	6.806009749999998e+16
23710.0	6.247966249999998e+16
23720.0	7.504702249999997e+16
23730.0	7.353855749999998e+16
23740.0	5.808026749999998e+16
23750.0	6.904351749999998e+16
23760.0	6.361710749999999e+16
23770.0	6.099866749999998e+16
23780.0	5.916875249999998e+16
23790.0	6.369747999999998e+16
23800.0	6.8875869999999976e+16
23810.0	5.671073499999998e+16
23820.0	6.450248499999999e+16
23830.0	5.600557999999999e+16
23840.0	5.890734749999998e+16
23850.0	6.6843352499999976e+16
23860.0	6.229719499999999e+16
23870.0	5.225615749999998e+16
23880.0	4.998568749999998e+16
23890.0	6.759084249999998e+16
23900.0	6.393210999999998e+16
23910.0	6.1862694999999976e+16
23920.0	4.618820499999999e+16
23930.0	4.953512749999999e+16
23940.0	6.355423499999999e+16
23950.0	5.9745977499999976e+16
23960.0	5.632322999999998e+16
23970.0	5.523866e+16
23980.0	5.597067999999999e+16
23990.0	6.389799499999999e+16
24000.0	6.2568634999999976e+16
24010.0	5.045468999999998e+16
24020.0	5.461339999999999e+16
24030.0	5.132728499999998e+16
24040.0	6.171751499999998e+16
24050.0	5.749858249999998e+16
24060.0	5.639528999999998e+16
24070.0	4.635143999999999e+16
24080.0	5.942724499999998e+16
24090.0	6.453537499999998e+16
24100.0	4.731686999999999e+16
24110.0	5.655133249999998e+16
24120.0	5.624380999999998e+16
24130.0	5.981983749999998e+16
24140.0	5.223284249999998e+16
24150.0	5.807201249999998e+16
24160.0	5.867090999999998e+16
24170.0	5.633884249999999e+16
24180.0	4.570589249999999e+16
24190.0	6.464982749999998e+16
24200.0	5.574079999999999e+16
24210.0	5.388160999999998e+16
24220.0	4.300182749999999e+16
24230.0	5.630647999999999e+16
24240.0	5.9745529999999976e+16
24250.0	4.970223749999999e+16
24260.0	5.290417999999998e+16
24270.0	6.017113499999999e+16
24280.0	5.241543499999999e+16
24290.0	5.481944499999999e+16
24300.0	5.3542074999999976e+16
24310.0	4.138856999999998e+16
24320.0	5.485638999999998e+16
24330.0	5.561098499999998e+16
24340.0	4.332289499999999e+16
24350.0	4.457249249999999e+16
24360.0	5.304820249999998e+16
24370.0	3.911057249999999e+16
24380.0	4.592950749999999e+16
24390.0	5.569382499999998e+16
24400.0	4.612426999999999e+16
24410.0	4.825153999999998e+16
24420.0	5.042686499999999e+16
24430.0	4.938933999999998e+16
24440.0	4.089869249999998e+16
24450.0	4.291639749999999e+16
24460.0	4.6291814999999976e+16
24470.0	5.297002499999999e+16
24480.0	5.312780499999999e+16
24490.0	5.458815499999999e+16
24500.0	4.899993249999999e+16
24510.0	5.746557249999999e+16
24520.0	3.965179249999998e+16
24530.0	4.715021499999998e+16
24540.0	3.698293999999999e+16
24550.0	4.433250499999998e+16
24560.0	4.830433499999998e+16
24570.0	4.500923999999998e+16
24580.0	4.841386999999999e+16
24590.0	5.067985249999998e+16
24600.0	4.483547499999998e+16
24610.0	3.5896714999999988e+16
24620.0	4.682744749999998e+16
24630.0	4.861810499999998e+16
24640.0	5.596367499999999e+16
24650.0	4.337198249999998e+16
24660.0	3.651753249999998e+16
24670.0	4.6561152499999976e+16
24680.0	3.276570749999999e+16
24690.0	4.851113499999998e+16
24700.0	4.497349749999998e+16
24710.0	3.647659749999999e+16
24720.0	4.261080999999998e+16
24730.0	4.619669999999998e+16
24740.0	2.998352999999999e+16
24750.0	3.805348999999999e+16
24760.0	3.952389499999999e+16
24770.0	4.940419499999998e+16
24780.0	4.847707249999998e+16
24790.0	3.785784249999998e+16
24800.0	4.518991749999998e+16
24810.0	3.5956942499999988e+16
24820.0	3.971956999999999e+16
24830.0	3.206628999999999e+16
24840.0	4.487964749999999e+16
24850.0	4.561659999999998e+16
24860.0	4.254905999999999e+16
24870.0	4.238292999999999e+16
24880.0	4.094257249999999e+16
24890.0	3.637201249999999e+16
24900.0	3.663303749999999e+16
24910.0	3.4691582499999988e+16
24920.0	4.311852499999999e+16
24930.0	3.707875749999999e+16
24940.0	4.657650249999998e+16
24950.0	4.500828999999999e+16
24960.0	4.407528249999998e+16
24970.0	4.152517999999999e+16
24980.0	3.625068499999999e+16
24990.0	4.154896e+16
25000.0	4.608865999999998e+16
25010.0	3.952212749999999e+16
25020.0	3.859316749999998e+16
25030.0	3.4551792499999988e+16
25040.0	3.6733365e+16
25050.0	3.647417499999999e+16
25060.0	3.169501999999999e+16
25070.0	3.2605447499999996e+16
25080.0	3.460396749999999e+16
25090.0	4.470843499999998e+16
25100.0	4.174837499999999e+16
25110.0	3.701880999999999e+16
25120.0	4.186781249999998e+16
25130.0	3.026076999999999e+16
25140.0	3.392964749999999e+16
25150.0	3.909202249999999e+16
25160.0	3.74900625e+16
25170.0	4.506927999999998e+16
25180.0	4.131360999999999e+16
25190.0	4.124946749999998e+16
25200.0	3.784657499999998e+16
25210.0	3.731432499999999e+16
25220.0	3.692533749999999e+16
25230.0	4.108968e+16
25240.0	3.261033749999999e+16
25250.0	3.781851999999999e+16
25260.0	3.761323749999999e+16
25270.0	3.768057249999999e+16
25280.0	3.416216249999999e+16
25290.0	3.580693749999999e+16
25300.0	3.3428457499999996e+16
25310.0	4.320509749999999e+16
25320.0	4.445133749999999e+16
25330.0	2.8605034999999988e+16
25340.0	4.377559999999998e+16
25350.0	3.606162999999999e+16
25360.0	3.0511107499999996e+16
25370.0	4.209388999999999e+16
25380.0	4.542792999999998e+16
25390.0	3.703814999999999e+16
25400.0	3.868195249999999e+16
25410.0	3.4502707499999996e+16
25420.0	3.3286029999999996e+16
25430.0	3.746830749999998e+16
25440.0	3.5530197499999988e+16
25450.0	4.158807749999999e+16
25460.0	3.535373499999999e+16
25470.0	4.038632999999999e+16
25480.0	3.5095237499999996e+16
25490.0	3.637721249999999e+16
25500.0	3.923128499999998e+16
25510.0	3.594345999999999e+16
25520.0	3.786076999999999e+16
25530.0	3.3421582499999996e+16
25540.0	4.169463749999998e+16
25550.0	3.747620499999999e+16
25560.0	4.023164499999998e+16
25570.0	3.890009749999999e+16
25580.0	4.533611249999999e+16
25590.0	4.231087499999999e+16
25600.0	3.454381249999999e+16
25610.0	3.378822499999999e+16
25620.0	3.8555555e+16
25630.0	3.1904777499999988e+16
25640.0	3.068660249999999e+16
25650.0	3.4418322499999988e+16
25660.0	3.175855249999999e+16
25670.0	3.537213999999999e+16
25680.0	3.850569249999998e+16
25690.0	3.875614249999999e+16
25700.0	3.492341499999999e+16
25710.0	4.141025749999998e+16
25720.0	3.741295499999999e+16
25730.0	4.460710249999998e+16
25740.0	2.653906999999999e+16
25750.0	3.827132999999999e+16
25760.0	3.157909249999999e+16
25770.0	2.782989249999999e+16
25780.0	3.3334812499999984e+16
25790.0	3.3216564999999996e+16
25800.0	3.812516249999999e+16
25810.0	3.803722249999999e+16
25820.0	3.477134499999999e+16
25830.0	2.9888405e+16
25840.0	3.5814122499999996e+16
25850.0	3.4869637499999988e+16
25860.0	4.049362999999999e+16
25870.0	2.9611522499999996e+16
25880.0	3.3379284999999988e+16
25890.0	3.3835025e+16
25900.0	3.2147897499999996e+16
25910.0	3.528285999999999e+16
25920.0	3.786496e+16
25930.0	2.340892249999999e+16
25940.0	3.443875999999999e+16
25950.0	3.5860099999999988e+16
25960.0	3.421816249999999e+16
25970.0	3.393452499999999e+16
25980.0	2.7364927499999996e+16
25990.0	3.664527249999999e+16
