# Flux units: erg / (cm m2 s)
# Wavelength units: Angstrom
wave	flux
7000.0	428234477499999.94
7010.0	422432474999999.9
7020.0	373584374999999.94
7030.0	490425574999999.94
7040.0	506425224999999.94
7050.0	606308474999999.9
7060.0	520120549999999.94
7070.0	515571899999999.9
7080.0	537501874999999.94
7090.0	530364624999999.8
7100.0	520519699999999.94
7110.0	543625824999999.94
7120.0	552862774999999.8
7130.0	540278774999999.9
7140.0	538929599999999.94
7150.0	554368849999999.94
7160.0	568984899999999.8
7170.0	574953674999999.9
7180.0	595302650000000.0
7190.0	598030424999999.9
7200.0	602810799999999.9
7210.0	604789974999999.9
7220.0	627606474999999.8
7230.0	644653499999999.9
7240.0	650372575000000.0
7250.0	689394299999999.8
7260.0	695808674999999.9
7270.0	682002024999999.9
7280.0	707471974999999.8
7290.0	719281349999999.6
7300.0	791603949999999.9
7310.0	753937824999999.8
7320.0	796033199999999.9
7330.0	808930099999999.8
7340.0	689864674999999.9
7350.0	597348274999999.9
7360.0	656439024999999.9
7370.0	732762874999999.9
7380.0	666099099999999.9
7390.0	593716424999999.8
7400.0	607815025000000.0
7410.0	581097924999999.8
7420.0	476794974999999.9
7430.0	570144524999999.8
7440.0	590510524999999.8
7450.0	441479674999999.8
7460.0	488583674999999.9
7470.0	538048799999999.8
7480.0	533356674999999.75
7490.0	586874899999999.9
7500.0	627890724999999.9
7510.0	577888574999999.8
7520.0	596003974999999.9
7530.0	644281700000000.0
7540.0	634128424999999.8
7550.0	657978474999999.9
7560.0	680370949999999.8
7570.0	684297374999999.9
7580.0	638459924999999.9
7590.0	618023549999999.8
7600.0	578721824999999.9
7610.0	532004874999999.8
7620.0	466901674999999.8
7630.0	364039899999999.94
7640.0	237336174999999.9
7650.0	105055502499999.97
7660.0	21315213749999.996
7670.0	7571802249999.998
7680.0	51746094999999.98
7690.0	58658832499999.984
7700.0	8532538999999.996
7710.0	62044869999999.984
7720.0	224037074999999.97
7730.0	396963849999999.9
7740.0	537234774999999.9
7750.0	638165724999999.9
7760.0	718366724999999.9
7770.0	765201899999999.9
7780.0	821329699999999.8
7790.0	833245300000000.0
7800.0	459204914999999.9
7810.0	821964024999999.8
7820.0	971901924999999.6
7830.0	999270349999999.8
7840.0	998493824999999.6
7850.0	1034612149999999.9
7860.0	1055285999999999.8
7870.0	1043750749999999.6
7880.0	1077360499999999.8
7890.0	1118525749999999.8
7900.0	1131600749999999.8
7910.0	1130537499999999.8
7920.0	1093575749999999.8
7930.0	1067450249999999.6
7940.0	1035272074999999.9
7950.0	620020634999999.9
7960.0	1119895149999999.5
7970.0	1146085499999999.8
7980.0	1183514999999999.5
7990.0	1161838749999999.8
8000.0	1199468499999999.8
8010.0	1148432249999999.5
8020.0	1224818499999999.8
8030.0	1279279749999999.8
8040.0	1321215749999999.5
8050.0	1213643999999999.8
8060.0	1261422999999999.8
8070.0	1327340499999999.8
8080.0	1377833249999999.8
8090.0	1410779499999999.5
8100.0	1502668249999999.8
8110.0	1504313999999999.5
8120.0	1617419249999999.5
8130.0	1690719499999999.5
8140.0	1670087999999999.8
8150.0	1756390749999999.5
8160.0	1721983499999999.5
8170.0	1564571749999999.5
8180.0	1579158249999999.5
8190.0	1458786749999999.5
8200.0	1486151749999999.8
8210.0	1569842749999999.8
8220.0	1698301999999999.8
8230.0	1623766749999999.5
8240.0	1743768999999999.2
8250.0	1768180749999999.5
8260.0	1721383249999999.2
8270.0	1724790499999999.5
8280.0	1753065749999999.8
8290.0	1631877499999999.5
8300.0	1692693999999999.8
8310.0	1675064749999999.5
8320.0	1658994249999999.2
8330.0	1725980249999999.5
8340.0	1769714999999999.8
8350.0	1769328499999999.8
8360.0	1776931249999999.8
8370.0	1795630499999999.5
8380.0	1892232249999999.8
8390.0	1736075999999999.8
8400.0	1771238999999999.5
8410.0	1967074499999999.5
8420.0	1865137749999999.5
8430.0	1890983749999999.5
8440.0	1649247499999999.5
8450.0	1604374999999999.8
8460.0	1601851499999999.5
8470.0	1615744249999999.5
8480.0	1655780249999999.5
8490.0	1620200999999999.5
8500.0	1663341749999999.8
8510.0	1686561499999999.8
8520.0	1675965749999999.8
8530.0	1658312499999999.5
8540.0	1548133999999999.5
8550.0	1653950749999999.5
8560.0	1731042749999999.8
8570.0	1721197499999999.8
8580.0	1788886749999999.8
8590.0	1616948749999999.5
8600.0	1601946999999999.5
8610.0	1637033249999999.5
8620.0	1714878749999999.5
8630.0	1667203749999999.5
8640.0	1613637999999999.8
8650.0	1643779999999999.8
8660.0	1741815999999999.5
8670.0	1718549749999999.2
8680.0	1611931749999999.8
8690.0	1696626749999999.5
8700.0	1575616249999999.5
8710.0	1640040999999999.5
8720.0	1671251749999999.8
8730.0	1784579749999999.2
8740.0	1766764499999999.2
8750.0	1782560749999999.5
8760.0	1987098749999999.2
8770.0	2006100249999999.5
8780.0	2046077499999999.2
8790.0	2184606249999999.2
8800.0	1997740499999999.8
8810.0	2095280999999999.5
8820.0	2283685749999999.5
8830.0	2196571749999999.5
8840.0	2402709499999999.5
8850.0	2231891999999999.2
8860.0	2189763499999999.5
8870.0	1996078499999999.5
8880.0	2052549499999999.5
8890.0	2106145999999999.2
8900.0	2148987749999999.8
8910.0	2238316499999999.2
8920.0	2071096499999999.5
8930.0	2304829999999999.5
8940.0	2287804749999999.5
8950.0	2297185999999999.5
8960.0	2232168999999999.8
8970.0	2270195999999999.5
8980.0	2476139749999999.0
8990.0	2443419749999999.5
9000.0	2282971249999999.0
9010.0	2720709999999999.5
9020.0	2632495749999999.0
9030.0	2427995249999999.5
9040.0	2513479500000000.0
9050.0	2759308999999999.5
9060.0	2547534249999999.5
9070.0	2666222249999999.0
9080.0	2955503249999999.0
9090.0	2927353249999998.5
9100.0	2932447249999999.5
9110.0	3007648499999999.5
9120.0	3268804249999999.5
9130.0	3144452749999999.0
9140.0	3160805749999999.0
9150.0	3012700749999999.0
9160.0	3322573749999999.5
9170.0	3317177250000000.0
9180.0	3335361749999999.0
9190.0	3337116749999999.0
9200.0	2951052999999999.0
9210.0	2892072249999999.5
9220.0	3125074249999999.0
9230.0	2904638749999999.5
9240.0	2734613999999999.5
9250.0	2859475499999999.5
9260.0	2910966749999999.5
9270.0	2749861499999999.5
9280.0	2622811749999999.0
9290.0	2733795749999999.5
9300.0	2736029499999999.0
9310.0	2597049999999999.5
9320.0	2794287749999999.5
9330.0	2656487249999999.0
9340.0	3087546249999999.5
9350.0	2593496749999999.0
9360.0	2980592499999999.0
9370.0	2765779000000000.0
9380.0	3170086499999999.0
9390.0	2806268999999999.0
9400.0	3047931750000000.0
9410.0	3074789499999999.0
9420.0	3153528249999999.0
9430.0	3416986749999999.0
9440.0	2952954749999999.0
9450.0	3179500499999999.5
9460.0	3074915499999999.5
9470.0	3182987999999999.5
9480.0	3424774249999999.0
9490.0	3575258999999998.5
9500.0	3224016249999999.0
9510.0	3346850749999999.5
9520.0	3455655249999999.0
9530.0	3388050999999999.5
9540.0	3525369999999999.5
9550.0	3447026499999999.0
9560.0	3572064499999999.5
9570.0	3318977249999999.0
9580.0	4003443749999999.0
9590.0	3909197999999999.5
9600.0	3671619999999999.0
9610.0	3821068999999999.5
9620.0	3720987749999999.5
9630.0	3835833499999998.5
9640.0	3429152499999999.5
9650.0	3508114249999999.0
9660.0	3910514749999999.0
9670.0	3995009499999999.0
9680.0	3590267749999999.0
9690.0	3633297499999999.0
9700.0	4132178749999999.0
9710.0	3863141499999999.5
9720.0	3650839249999999.0
9730.0	3801096499999998.5
9740.0	3685786249999999.0
9750.0	3766701999999999.0
9760.0	3808887249999999.0
9770.0	3895318999999999.5
9780.0	3675113999999999.0
9790.0	3442565999999999.0
9800.0	4136664999999999.0
9810.0	3696839749999999.0
9820.0	3571584749999999.5
9830.0	3572021749999999.0
9840.0	3802756999999999.0
9850.0	4076394499999999.0
9860.0	3902352999999999.0
9870.0	3693661750000000.0
9880.0	4089986499999999.0
9890.0	4033229749999999.0
9900.0	3021058999999999.0
9910.0	2787005499999999.5
9920.0	2761270499999999.5
9930.0	2867620749999999.0
9940.0	2994989250000000.0
9950.0	3058812249999999.0
9960.0	3084411999999999.5
9970.0	3097545249999999.5
9980.0	3027819999999999.5
9990.0	3025322499999999.5
10000.0	3099039499999999.5
10010.0	3211439999999999.0
10020.0	3215644499999999.5
10030.0	3504184749999998.5
10040.0	3245319749999999.0
10050.0	3292385249999999.5
10060.0	3021172499999999.5
10070.0	3157813749999999.5
10080.0	3387154999999999.5
10090.0	3368219249999999.5
10100.0	3509280499999998.5
10110.0	3410498499999999.5
10120.0	3300373249999999.0
10130.0	3381837249999999.5
10140.0	3298898249999999.0
10150.0	3329606499999999.5
10160.0	3334961499999999.0
10170.0	3352594499999999.5
10180.0	3450288499999999.5
10190.0	3373272249999999.5
10200.0	3395790999999999.5
10210.0	3475141249999999.5
10220.0	3427873749999999.0
10230.0	3496739999999999.5
10240.0	3627611999999999.0
10250.0	3628966499999998.5
10260.0	3287874499999999.5
10270.0	3609018499999999.0
10280.0	3427760249999999.5
10290.0	3645712749999999.5
10300.0	3487805249999999.0
10310.0	3776670249999999.0
10320.0	3638068249999999.5
10330.0	3643145749999999.0
10340.0	3656179249999999.0
10350.0	3799346749999999.0
10360.0	3839239249999999.0
10370.0	4065976999999999.5
10380.0	3779080999999999.0
10390.0	3755577749999998.5
10400.0	4145908999999998.5
10410.0	4247606999999999.0
10420.0	4035482499999998.5
10430.0	3841091499999998.5
10440.0	3912394999999999.5
10450.0	4474353999999998.5
10460.0	4563749000000000.0
10470.0	3985621499999999.0
10480.0	4083398749999998.5
10490.0	4765446750000000.0
10500.0	4773810499999999.0
10510.0	4487669249999999.5
10520.0	4008979749999999.0
10530.0	4773722499999998.0
10540.0	4999713750000000.0
10550.0	5062864499999999.0
10560.0	4461072499999999.0
10570.0	4329302749999999.5
10580.0	4704989249999998.0
10590.0	4922947249999998.0
10600.0	5181977499999998.0
10610.0	5246898749999999.0
10620.0	4756068749999999.0
10630.0	5621044249999999.0
10640.0	5339297749999998.0
10650.0	5043425999999998.0
10660.0	5540413499999998.0
10670.0	4891732999999999.0
10680.0	4895177999999999.0
10690.0	4998777999999999.0
10700.0	5090233999999999.0
10710.0	4736252999999999.0
10720.0	4552377749999999.0
10730.0	4902610999999999.0
10740.0	5182596999999998.0
10750.0	5317221249999999.0
10760.0	5236415249999999.0
10770.0	5222834749999999.0
10780.0	5316616749999999.0
10790.0	5928371000000000.0
10800.0	5693495249999999.0
10810.0	5699558499999999.0
10820.0	5575811749999998.0
10830.0	5708902499999998.0
10840.0	5980586249999999.0
10850.0	5491450749999998.0
10860.0	5149614999999999.0
10870.0	5382566999999999.0
10880.0	5942205749999999.0
10890.0	5355269249999999.0
10900.0	5779751749999999.0
10910.0	5306065499999999.0
10920.0	5477059749999999.0
10930.0	5920462249999998.0
10940.0	5963243999999999.0
10950.0	5889422749999999.0
10960.0	5652970749999999.0
10970.0	5772268749999999.0
10980.0	5240331499999998.0
10990.0	5560061749999998.0
11000.0	5354707249999999.0
11010.0	5789793749999999.0
11020.0	5797408749999999.0
11030.0	5647730499999998.0
11040.0	5182371999999999.0
11050.0	5277746749999999.0
11060.0	5306029499999998.0
11070.0	5197045249999999.0
11080.0	5109392750000000.0
11090.0	5356755499999999.0
11100.0	5485135249999999.0
11110.0	5195759249999999.0
11120.0	5604568999999998.0
11130.0	5772273499999999.0
11140.0	5801055749999998.0
11150.0	5467680499999999.0
11160.0	5742313749999998.0
11170.0	5906441749999999.0
11180.0	5406023999999999.0
11190.0	5345757499999998.0
11200.0	5540993749999998.0
11210.0	5822970749999999.0
11220.0	5803900749999998.0
11230.0	5946210249999998.0
11240.0	5926253499999999.0
11250.0	5897157249999998.0
11260.0	5880805249999998.0
11270.0	5723562499999999.0
11280.0	5845207749999998.0
11290.0	5908743749999997.0
11300.0	6248601499999999.0
11310.0	6240672499999998.0
11320.0	6240410499999998.0
11330.0	6263169999999999.0
11340.0	5638981249999998.0
11350.0	5423830749999998.0
11360.0	5725750749999999.0
11370.0	6089918499999998.0
11380.0	5348784999999998.0
11390.0	5554361249999999.0
11400.0	5590452749999998.0
11410.0	5264654749999998.0
11420.0	5846611749999999.0
11430.0	5753966499999999.0
11440.0	6013963249999998.0
11450.0	6099446249999998.0
11460.0	6030670249999998.0
11470.0	6472964499999998.0
11480.0	6116232249999999.0
11490.0	6515210749999999.0
11500.0	6356280999999998.0
11510.0	6412605999999998.0
11520.0	6531773499999998.0
11530.0	6550669749999998.0
11540.0	6421661499999998.0
11550.0	6494297499999998.0
11560.0	6727942749999999.0
11570.0	6221379999999998.0
11580.0	6612429249999998.0
11590.0	6765616999999999.0
11600.0	6194116749999999.0
11610.0	6512056749999999.0
11620.0	6637284000000000.0
11630.0	6692720999999999.0
11640.0	6224119249999997.0
11650.0	6371743749999998.0
11660.0	5821683249999999.0
11670.0	6448442999999999.0
11680.0	6053932749999998.0
11690.0	5175425749999999.0
11700.0	5512751999999999.0
11710.0	6066620499999998.0
11720.0	6432124499999999.0
11730.0	6029731749999998.0
11740.0	6156228250000000.0
11750.0	6176799999999997.0
11760.0	5970705999999999.0
11770.0	5375267249999998.0
11780.0	4955330249999999.0
11790.0	5877913749999999.0
11800.0	6208754249999998.0
11810.0	6258400999999998.0
11820.0	6496801749999998.0
11830.0	6694870749999998.0
11840.0	6698738499999998.0
11850.0	6624123749999999.0
11860.0	6629260749999998.0
11870.0	6689353249999998.0
11880.0	6812199499999999.0
11890.0	6651566499999997.0
11900.0	7039452249999999.0
11910.0	6973018999999999.0
11920.0	7104172749999998.0
11930.0	7131148249999998.0
11940.0	6864437499999998.0
11950.0	6419860999999998.0
11960.0	7227218749999998.0
11970.0	6624854749999999.0
11980.0	6409411749999999.0
11990.0	7117576499999998.0
12000.0	6653993749999998.0
12010.0	6762176499999997.0
12020.0	6721741499999998.0
12030.0	7178977499999997.0
12040.0	6793115249999998.0
12050.0	7562882499999998.0
12060.0	6990608999999998.0
12070.0	7067522749999997.0
12080.0	7420829999999998.0
12090.0	6929320249999998.0
12100.0	7506817249999998.0
12110.0	6825013499999999.0
12120.0	6914882749999998.0
12130.0	7086797249999999.0
12140.0	6708023499999999.0
12150.0	7322140999999999.0
12160.0	7077960249999999.0
12170.0	7227507999999998.0
12180.0	7361392749999999.0
12190.0	7811700499999999.0
12200.0	7027707999999999.0
12210.0	6943962999999999.0
12220.0	7666031749999998.0
12230.0	7561836749999998.0
12240.0	7499389999999998.0
12250.0	7586215499999999.0
12260.0	7739619749999999.0
12270.0	7594175999999998.0
12280.0	7355041749999999.0
12290.0	7765650249999997.0
12300.0	7759196249999997.0
12310.0	7811481249999998.0
12320.0	7610937500000000.0
12330.0	7677996249999999.0
12340.0	7882036999999999.0
12350.0	7611027749999997.0
12360.0	7620090249999997.0
12370.0	7926556749999999.0
12380.0	7438567749999997.0
12390.0	7109004749999997.0
12400.0	7147036999999998.0
12410.0	6963809749999999.0
12420.0	7099051749999999.0
12430.0	6720967749999999.0
12440.0	6380636999999999.0
12450.0	7278855249999997.0
12460.0	7704797249999999.0
12470.0	7439077999999997.0
12480.0	7645833249999997.0
12490.0	7480895250000000.0
12500.0	7131083499999997.0
12510.0	7502187999999998.0
12520.0	6544597249999998.0
12530.0	6531504749999998.0
12540.0	7275551749999999.0
12550.0	7256175499999999.0
12560.0	7796085249999997.0
12570.0	7914103249999998.0
12580.0	7582395249999998.0
12590.0	7465678749999999.0
12600.0	7898107999999998.0
12610.0	8172050499999998.0
12620.0	7651483249999998.0
12630.0	7565555249999998.0
12640.0	7095099499999999.0
12650.0	7516840249999997.0
12660.0	7866983999999998.0
12670.0	8136274249999997.0
12680.0	8267605249999997.0
12690.0	8020899499999998.0
12700.0	8188208749999998.0
12710.0	8459393999999998.0
12720.0	8212624749999997.0
12730.0	8417304999999996.0
12740.0	7592423499999998.0
12750.0	7990354249999999.0
12760.0	8124014749999998.0
12770.0	8053133999999998.0
12780.0	8585822249999999.0
12790.0	8090960999999998.0
12800.0	8216122999999999.0
12810.0	8474486999999997.0
12820.0	8420513749999998.0
12830.0	8369359999999999.0
12840.0	8539447499999998.0
12850.0	8243351249999998.0
12860.0	7763818999999999.0
12870.0	8091858249999998.0
12880.0	8162860499999998.0
12890.0	8143062999999998.0
12900.0	7664965499999998.0
12910.0	8372421499999998.0
12920.0	8003637249999998.0
12930.0	7862449749999998.0
12940.0	8203057749999998.0
12950.0	7842966499999999.0
12960.0	8332078749999999.0
12970.0	8483718999999999.0
12980.0	8458003749999998.0
12990.0	8125346249999999.0
13000.0	8348484749999998.0
13010.0	8147100249999997.0
13020.0	8406645249999998.0
13030.0	8056802999999998.0
13040.0	8482209250000000.0
13050.0	8037681499999997.0
13060.0	8789755749999998.0
13070.0	8043035999999998.0
13080.0	8668508999999998.0
13090.0	8097802749999998.0
13100.0	8195793499999998.0
13110.0	8798851499999999.0
13120.0	8749249999999998.0
13130.0	8461284249999999.0
13140.0	8540867749999997.0
13150.0	8611203999999996.0
13160.0	8378774999999998.0
13170.0	8038224749999997.0
13180.0	8740062249999997.0
13190.0	8720507749999997.0
13200.0	8275098499999998.0
13210.0	8792398749999996.0
13220.0	8383566499999997.0
13230.0	8367204749999999.0
13240.0	8307757249999997.0
13250.0	7988410999999998.0
13260.0	8404670499999998.0
13270.0	7986705749999997.0
13280.0	8207544749999997.0
13290.0	8286763499999999.0
13300.0	8239926499999998.0
13310.0	8041024999999998.0
13320.0	7176107749999998.0
13330.0	7497289999999999.0
13340.0	7722968749999996.0
13350.0	6310167999999998.0
13360.0	6793784999999997.0
13370.0	5969440249999998.0
13380.0	6158569249999999.0
13390.0	6350523749999997.0
13400.0	6667344999999998.0
13410.0	6999243999999999.0
13420.0	6282082499999998.0
13430.0	6630109249999998.0
13440.0	6362065499999998.0
13450.0	5394502249999998.0
13460.0	7030122249999999.0
13470.0	5769869749999998.0
13480.0	5958366999999999.0
13490.0	6495145749999998.0
13500.0	5772176799999999.0
13510.0	6465408649999998.0
13520.0	5022249999999999.0
13530.0	7023530499999997.0
13540.0	5920278749999998.0
13550.0	5114921399999998.0
13560.0	6081270499999999.0
13570.0	6389878249999998.0
13580.0	6250052999999998.0
13590.0	5430034499999998.0
13600.0	6895610999999997.0
13610.0	6711811999999998.0
13620.0	5574456249999999.0
13630.0	6026767749999999.0
13640.0	6427545249999999.0
13650.0	6399553499999998.0
13660.0	7011679749999999.0
13670.0	6824710749999999.0
13680.0	6524154749999998.0
13690.0	6159928999999998.0
13700.0	6601537499999999.0
13710.0	6903064249999999.0
13720.0	7128706249999999.0
13730.0	7383165999999997.0
13740.0	6473440499999999.0
13750.0	6916773749999999.0
13760.0	7094535249999997.0
13770.0	7368350499999999.0
13780.0	7547396499999998.0
13790.0	7654215749999998.0
13800.0	7722870999999997.0
13810.0	6537298249999998.0
13820.0	7618510749999997.0
13830.0	6461754999999998.0
13840.0	7559781499999998.0
13850.0	7241574749999998.0
13860.0	6482830249999999.0
13870.0	7467879999999998.0
13880.0	6938532499999998.0
13890.0	6293457999999999.0
13900.0	6540988999999998.0
13910.0	6740817999999998.0
13920.0	7058377999999998.0
13930.0	6519323999999998.0
13940.0	7008502999999998.0
13950.0	5379636099999999.0
13960.0	6728660999999998.0
13970.0	6315400249999999.0
13980.0	7015032999999999.0
13990.0	7344875499999997.0
14000.0	6639080749999998.0
14010.0	6624345499999999.0
14020.0	7452281499999998.0
14030.0	7264842999999997.0
14040.0	6201196749999999.0
14050.0	5683863899999999.0
14060.0	7738716249999999.0
14070.0	7148889499999998.0
14080.0	6455905249999998.0
14090.0	6927792499999997.0
14100.0	6993942749999998.0
14110.0	7440883999999998.0
14120.0	6449347499999998.0
14130.0	7467134749999998.0
14140.0	6969684999999998.0
14150.0	6467723249999999.0
14160.0	6892171999999999.0
14170.0	7282436249999999.0
14180.0	5692513249999998.0
14190.0	6251595249999999.0
14200.0	6059184999999998.0
14210.0	6936910249999999.0
14220.0	6805978249999998.0
14230.0	6656468749999998.0
14240.0	5912054999999999.0
14250.0	6964289000000000.0
14260.0	6134506249999999.0
14270.0	7141077499999999.0
14280.0	6626320999999997.0
14290.0	5643190499999998.0
14300.0	7427476250000000.0
14310.0	7067577999999998.0
14320.0	7248508999999998.0
14330.0	7350706749999998.0
14340.0	6728978499999998.0
14350.0	7554902749999997.0
14360.0	7384426499999998.0
14370.0	7255874499999998.0
14380.0	6812062749999998.0
14390.0	6810692999999999.0
14400.0	7011716750000000.0
14410.0	7203350999999999.0
14420.0	6890602499999997.0
14430.0	7814346249999998.0
14440.0	7444499249999997.0
14450.0	6651893499999999.0
14460.0	7419289999999997.0
14470.0	7325695499999998.0
14480.0	7531553499999997.0
14490.0	7792147999999997.0
14500.0	7376894999999998.0
14510.0	6243444999999998.0
14520.0	8114505249999997.0
14530.0	7800995999999997.0
14540.0	7421216749999998.0
14550.0	7407398499999998.0
14560.0	7330270749999997.0
14570.0	7210972749999997.0
14580.0	8138337749999999.0
14590.0	8109996249999997.0
14600.0	8112566249999999.0
14610.0	8123900499999999.0
14620.0	7405953999999999.0
14630.0	6927968249999998.0
14640.0	8038458999999998.0
14650.0	7783219249999997.0
14660.0	7779776249999998.0
14670.0	8076589500000000.0
14680.0	7519542999999999.0
14690.0	7350226749999998.0
14700.0	7986253999999997.0
14710.0	7981250749999997.0
14720.0	8264224999999998.0
14730.0	8025595999999998.0
14740.0	7726810749999998.0
14750.0	7676252249999998.0
14760.0	7845284249999998.0
14770.0	8129480249999997.0
14780.0	8137979249999997.0
14790.0	8140183749999997.0
14800.0	7967594999999997.0
14810.0	8294733999999997.0
14820.0	7729308499999997.0
14830.0	7994665749999998.0
14840.0	8445576750000000.0
14850.0	8106863499999997.0
14860.0	8060827749999998.0
14870.0	8331806749999998.0
14880.0	8012441499999997.0
14890.0	8216006249999998.0
14900.0	7915228749999998.0
14910.0	8252547999999999.0
14920.0	8183049749999998.0
14930.0	8338322749999999.0
14940.0	8131792249999998.0
14950.0	8397406749999998.0
14960.0	8111889250000000.0
14970.0	8553410500000000.0
14980.0	7880212999999999.0
14990.0	8613085499999997.0
15000.0	8436909249999999.0
15010.0	8288369499999999.0
15020.0	7961450999999999.0
15030.0	8525250499999998.0
15040.0	8326153499999998.0
15050.0	8569260999999998.0
15060.0	8544171999999998.0
15070.0	8404741999999998.0
15080.0	8521092249999996.0
15090.0	8587617749999997.0
15100.0	8513596749999999.0
15110.0	8502328249999998.0
15120.0	8697234749999997.0
15130.0	8474667499999997.0
15140.0	8452178249999999.0
15150.0	8906717249999998.0
15160.0	8712858999999998.0
15170.0	8549514999999997.0
15180.0	8672591999999998.0
15190.0	8888491999999998.0
15200.0	8663560999999998.0
15210.0	8949855999999998.0
15220.0	8690177749999997.0
15230.0	9029816249999998.0
15240.0	8875544249999997.0
15250.0	8798410499999998.0
15260.0	8829911999999998.0
15270.0	8743128249999999.0
15280.0	8680204499999998.0
15290.0	8813940249999997.0
15300.0	8763948249999997.0
15310.0	8806722749999999.0
15320.0	8690490749999999.0
15330.0	8994311749999997.0
15340.0	9073806999999996.0
15350.0	9000390499999997.0
15360.0	9004994499999999.0
15370.0	8909382499999998.0
15380.0	8959653999999998.0
15390.0	9137813749999998.0
15400.0	8848050499999997.0
15410.0	8987616249999997.0
15420.0	9086784749999998.0
15430.0	8914262249999999.0
15440.0	8919469999999997.0
15450.0	9033655749999998.0
15460.0	9139781999999998.0
15470.0	9135680249999998.0
15480.0	9008896499999998.0
15490.0	8986269749999997.0
15500.0	9201580499999998.0
15510.0	8948696249999999.0
15520.0	9188465249999998.0
15530.0	9098286249999998.0
15540.0	9267802749999996.0
15550.0	9233782999999998.0
15560.0	9176342249999998.0
15570.0	9090610499999998.0
15580.0	9008427749999996.0
15590.0	9244165999999998.0
15600.0	9292637249999998.0
15610.0	9220285249999998.0
15620.0	9291663999999998.0
15630.0	9253383999999998.0
15640.0	9338232499999998.0
15650.0	9133670999999996.0
15660.0	9165582999999998.0
15670.0	9393364249999998.0
15680.0	9345604749999998.0
15690.0	9221894999999998.0
15700.0	9374453249999998.0
15710.0	9338532499999998.0
15720.0	9172525749999996.0
15730.0	9267972000000000.0
15740.0	9396858249999998.0
15750.0	9219205999999998.0
15760.0	9393273999999998.0
15770.0	9529120499999998.0
15780.0	9429304499999996.0
15790.0	9394702499999998.0
15800.0	9416293750000000.0
15810.0	9423488999999998.0
15820.0	9387894249999998.0
15830.0	9449114249999998.0
15840.0	9420223499999996.0
15850.0	9388215999999998.0
15860.0	9427211499999998.0
15870.0	9440096749999998.0
15880.0	9482314000000000.0
15890.0	9525619499999998.0
15900.0	9468905249999998.0
15910.0	9472713749999998.0
15920.0	9532179500000000.0
15930.0	9446120749999998.0
15940.0	9547317999999998.0
15950.0	9560520500000000.0
15960.0	9513471500000000.0
15970.0	9537336249999996.0
15980.0	9495580000000000.0
15990.0	9499769749999998.0
16000.0	9575983499999998.0
16010.0	9465850750000000.0
16020.0	9514087999999998.0
16030.0	9553048249999998.0
16040.0	9562358249999998.0
16050.0	9487511249999998.0
16060.0	9556687999999998.0
16070.0	9543545500000000.0
16080.0	9561584749999998.0
16090.0	9602443499999998.0
16100.0	9462264999999998.0
16110.0	9565608249999998.0
16120.0	9602517749999998.0
16130.0	9573072000000000.0
16140.0	9570426999999998.0
16150.0	9570967999999998.0
16160.0	9520185499999998.0
16170.0	9576179500000000.0
16180.0	9620311750000000.0
16190.0	9584767499999998.0
16200.0	9551099999999998.0
16210.0	9602396499999998.0
16220.0	9605207249999998.0
16230.0	9586572249999998.0
16240.0	9549276999999998.0
16250.0	9571026499999996.0
16260.0	9586123000000000.0
16270.0	9612746749999998.0
16280.0	9558741249999998.0
16290.0	9585402000000000.0
16300.0	9641696249999998.0
16310.0	9577061500000000.0
16320.0	9587697999999998.0
16330.0	9578431249999998.0
16340.0	9580068499999998.0
16350.0	9431153249999998.0
16360.0	9613640499999998.0
16370.0	9656077249999998.0
16380.0	9649995499999998.0
16390.0	9671134499999998.0
16400.0	9635805249999998.0
16410.0	9617904499999998.0
16420.0	9536416999999996.0
16430.0	9595733499999998.0
16440.0	9678932999999998.0
16450.0	9652960749999998.0
16460.0	9638009249999996.0
16470.0	9664419749999998.0
16480.0	9639516250000000.0
16490.0	9683376749999998.0
16500.0	9690045249999996.0
16510.0	9686697249999998.0
16520.0	9656167999999998.0
16530.0	9665065750000000.0
16540.0	9692882999999998.0
16550.0	9647815499999998.0
16560.0	9666150749999998.0
16570.0	9666936999999998.0
16580.0	9680575499999998.0
16590.0	9643751249999998.0
16600.0	9699549999999998.0
16610.0	9682811249999998.0
16620.0	9587729499999998.0
16630.0	9698454000000000.0
16640.0	9652308499999996.0
16650.0	9680737250000000.0
16660.0	9593073499999998.0
16670.0	9541949250000000.0
16680.0	9606050999999998.0
16690.0	9644764749999998.0
16700.0	9692928500000000.0
16710.0	9679190499999996.0
16720.0	9671375999999998.0
16730.0	9696771250000000.0
16740.0	9714633749999994.0
16750.0	9687401000000000.0
16760.0	9718598249999998.0
16770.0	9615286249999996.0
16780.0	9635353999999996.0
16790.0	9713546249999998.0
16800.0	9669743999999998.0
16810.0	9691947499999996.0
16820.0	9695992249999996.0
16830.0	9678789499999998.0
16840.0	9651513999999996.0
16850.0	9720221999999998.0
16860.0	9735881249999996.0
16870.0	9719642000000000.0
16880.0	9705213499999998.0
16890.0	9709644499999998.0
16900.0	9735388999999996.0
16910.0	9700966999999998.0
16920.0	9655476499999996.0
16930.0	9700886249999998.0
16940.0	9680326999999996.0
16950.0	9701323749999998.0
16960.0	9711929500000000.0
16970.0	9599979499999998.0
16980.0	9726469999999996.0
16990.0	9637917999999998.0
17000.0	9676381499999998.0
17010.0	9581864249999998.0
17020.0	9664081249999996.0
17030.0	9676856499999998.0
17040.0	9658079749999996.0
17050.0	9657258999999998.0
17060.0	9697888999999996.0
17070.0	9671603249999998.0
17080.0	9587596749999998.0
17090.0	9617723000000000.0
17100.0	9744873249999998.0
17110.0	9645119249999998.0
17120.0	9672208000000000.0
17130.0	9695179249999996.0
17140.0	9683012499999998.0
17150.0	9602255749999998.0
17160.0	9646455749999998.0
17170.0	9670775000000000.0
17180.0	9582798499999998.0
17190.0	9507878250000000.0
17200.0	9688990249999998.0
17210.0	9656032499999996.0
17220.0	9494804499999998.0
17230.0	9524703749999998.0
17240.0	9595604749999998.0
17250.0	9662539749999998.0
17260.0	9566525999999998.0
17270.0	9350303249999998.0
17280.0	9427832749999998.0
17290.0	9340534749999998.0
17300.0	9434180499999998.0
17310.0	9383597749999996.0
17320.0	9423582499999998.0
17330.0	9533529249999996.0
17340.0	9597944500000000.0
17350.0	9272154499999998.0
17360.0	9285743749999998.0
17370.0	9035944500000000.0
17380.0	9636485999999996.0
17390.0	9586886999999998.0
17400.0	9286565499999998.0
17410.0	8972539999999999.0
17420.0	9141488249999996.0
17430.0	9384622749999998.0
17440.0	9297166749999998.0
17450.0	9415739500000000.0
17460.0	9384784249999998.0
17470.0	9364983999999998.0
17480.0	9485410999999998.0
17490.0	9333096249999996.0
17500.0	9564302000000000.0
17510.0	9303931999999998.0
17520.0	9305792999999998.0
17530.0	9123125249999998.0
17540.0	9121105249999998.0
17550.0	9027390249999998.0
17560.0	9133493249999998.0
17570.0	9411854499999998.0
17580.0	8771881499999997.0
17590.0	9143854749999998.0
17600.0	9373355499999998.0
17610.0	9123952749999996.0
17620.0	9026455999999996.0
17630.0	8829289749999998.0
17640.0	9446932499999996.0
17650.0	9187138999999996.0
17660.0	9582732249999998.0
17670.0	8966840499999998.0
17680.0	7146750749999997.0
17690.0	8940424999999997.0
17700.0	9273626750000000.0
17710.0	9289311499999998.0
17720.0	8499726499999999.0
17730.0	8604001749999997.0
17740.0	9488986749999998.0
17750.0	8833852499999997.0
17760.0	7542754249999998.0
17770.0	9087078999999998.0
17780.0	9151057250000000.0
17790.0	8821201499999999.0
17800.0	8935052249999997.0
17810.0	8148106749999999.0
17820.0	9027469999999998.0
17830.0	8505612999999999.0
17840.0	9228169499999998.0
17850.0	8471994249999998.0
17860.0	8717316999999997.0
17870.0	8689555249999999.0
17880.0	8342080249999997.0
17890.0	8005689749999999.0
17900.0	8725086749999998.0
17910.0	6996695749999997.0
17920.0	8047379749999998.0
17930.0	8802469499999997.0
17940.0	8143210999999998.0
17950.0	8732396999999999.0
17960.0	7522664999999997.0
17970.0	8173637999999999.0
17980.0	9050450249999998.0
17990.0	9060727999999996.0
18000.0	7089265499999998.0
18010.0	5907139249999998.0
18020.0	7783287499999998.0
18030.0	8276737749999998.0
18040.0	9242138999999996.0
18050.0	9001371499999997.0
18060.0	7280196749999998.0
18070.0	7601955499999997.0
18080.0	7734229249999999.0
18090.0	6802448749999999.0
18100.0	8906442749999996.0
18110.0	6063300749999998.0
18120.0	8623603499999999.0
18130.0	8399003999999997.0
18140.0	9316027499999998.0
18150.0	8071092324999999.0
18160.0	7615111024999998.0
18170.0	7190409049999998.0
18180.0	8958273999999999.0
18190.0	8522505749999998.0
18200.0	8487278249999999.0
18210.0	6800149749999998.0
18220.0	7587701249999999.0
18230.0	9033008999999998.0
18240.0	9486037750000000.0
18250.0	8920802249999997.0
18260.0	7068818749999999.0
18270.0	8222902249999997.0
18280.0	8388176999999998.0
18290.0	8206215500000000.0
18300.0	8647903749999999.0
18310.0	7725540749999998.0
18320.0	8781500749999997.0
18330.0	8505024249999996.0
18340.0	9255371499999998.0
18350.0	8259017999999998.0
18360.0	8943802249999997.0
18370.0	9131176749999996.0
18380.0	8122435499999998.0
18390.0	8246955999999998.0
18400.0	8102256749999997.0
18410.0	8808935249999996.0
18420.0	7188571749999998.0
18430.0	9009671999999998.0
18440.0	8452336749999997.0
18450.0	8029814749999998.0
18460.0	7922904999999999.0
18470.0	6827454749999998.0
18480.0	7680262250000000.0
18490.0	8040900999999999.0
18500.0	8096039250000000.0
18510.0	8931050749999998.0
18520.0	7689435499999998.0
18530.0	8259686749999997.0
18540.0	7700211499999998.0
18550.0	7785885249999999.0
18560.0	8057655499999997.0
18570.0	6468281749999999.0
18580.0	7842803999999999.0
18590.0	8372103999999995.0
18600.0	5612691749999998.0
18610.0	7837100249999997.0
18620.0	7913147249999997.0
18630.0	7922897999999997.0
18640.0	7010077749999998.0
18650.0	7324601999999999.0
18660.0	9046074999999998.0
18670.0	8145240499999998.0
18680.0	5051898499999999.0
18690.0	9002482499999998.0
18700.0	8114716999999997.0
18710.0	8240830499999998.0
18720.0	7555643499999998.0
18730.0	6917661999999999.0
18740.0	7772538249999998.0
18750.0	7192297000000000.0
18760.0	8749077749999998.0
18770.0	8536903749999997.0
18780.0	8912208499999998.0
18790.0	7685496999999999.0
18800.0	8935147249999996.0
18810.0	7817420249999996.0
18820.0	8734589249999999.0
18830.0	9204938749999998.0
18840.0	8451816750000000.0
18850.0	6589126499999999.0
18860.0	8686548749999998.0
18870.0	8805487999999999.0
18880.0	8977265999999997.0
18890.0	8417571749999997.0
18900.0	9066650499999998.0
18910.0	9336186249999998.0
18920.0	8256539749999998.0
18930.0	8714474999999998.0
18940.0	8864298749999996.0
18950.0	9321067749999998.0
18960.0	8563210749999996.0
18970.0	8957070999999998.0
18980.0	8486233000000000.0
18990.0	9238517749999996.0
19000.0	8706612499999997.0
19010.0	7382293499999998.0
19020.0	8761377999999998.0
19030.0	7955517000000000.0
19040.0	9094493999999998.0
19050.0	8246059999999997.0
19060.0	8675538749999999.0
19070.0	8303530999999997.0
19080.0	9547518749999998.0
19090.0	9188603499999998.0
19100.0	9183580999999996.0
19110.0	6854751749999999.0
19120.0	8673730999999998.0
19130.0	9007258749999996.0
19140.0	8098258249999999.0
19150.0	9421909999999998.0
19160.0	8354335499999999.0
19170.0	9122813499999998.0
19180.0	9432313999999998.0
19190.0	9556280249999998.0
19200.0	6622627749999998.0
19210.0	7416262250000000.0
19220.0	8515136749999998.0
19230.0	8231548749999998.0
19240.0	7448757749999997.0
19250.0	9182502499999998.0
19260.0	8680357749999999.0
19270.0	7843761249999999.0
19280.0	9395435999999998.0
19290.0	8759108499999998.0
19300.0	9136460749999998.0
19310.0	7459825749999999.0
19320.0	8770525749999999.0
19330.0	8640379999999999.0
19340.0	7789707499999998.0
19350.0	8985225999999997.0
19360.0	8259879999999997.0
19370.0	8494198249999997.0
19380.0	7281010249999999.0
19390.0	8055171249999997.0
19400.0	7362271249999999.0
19410.0	7938095749999998.0
19420.0	8112343999999998.0
19430.0	8160946999999998.0
19440.0	7925112749999996.0
19450.0	6782496499999998.0
19460.0	7361349249999999.0
19470.0	8962533749999998.0
19480.0	7146237499999998.0
19490.0	7329062249999998.0
19500.0	8349950999999997.0
19510.0	8893885999999996.0
19520.0	9129695249999996.0
19530.0	7767214999999997.0
19540.0	8738466499999998.0
19550.0	6851604250000000.0
19560.0	6084641999999998.0
19570.0	8344538249999998.0
19580.0	8055420749999998.0
19590.0	8663511749999998.0
19600.0	6211907749999999.0
19610.0	7775853749999997.0
19620.0	8466170999999998.0
19630.0	8667382249999998.0
19640.0	8404680249999999.0
19650.0	8731986749999998.0
19660.0	8673486749999998.0
19670.0	9283057499999996.0
19680.0	8383786249999999.0
19690.0	8254568249999998.0
19700.0	8353384500000000.0
19710.0	8546760999999998.0
19720.0	8726919249999997.0
19730.0	8998272249999998.0
19740.0	7129826999999998.0
19750.0	8612952749999998.0
19760.0	7251295499999997.0
19770.0	8736733999999998.0
19780.0	8711830749999997.0
19790.0	8752210749999996.0
19800.0	8290406249999998.0
19810.0	8885169749999997.0
19820.0	8294327749999998.0
19830.0	8839059499999997.0
19840.0	8876016749999997.0
19850.0	8412080249999997.0
19860.0	9001689249999997.0
19870.0	9164582499999998.0
19880.0	8013397249999998.0
19890.0	8611104249999998.0
19900.0	7679043749999998.0
19910.0	8049725249999998.0
19920.0	7735221249999998.0
19930.0	8969305999999998.0
19940.0	9167125499999998.0
19950.0	8490869999999997.0
19960.0	8964401999999998.0
19970.0	8958908249999996.0
19980.0	8470408249999997.0
19990.0	8933671749999996.0
20000.0	7862334249999998.0
20010.0	8110732249999999.0
20020.0	8893108749999999.0
20030.0	8594754999999999.0
20040.0	9006433249999998.0
20050.0	9048381999999998.0
20060.0	8891242499999996.0
20070.0	8374222249999999.0
20080.0	9453414249999996.0
20090.0	8134992749999997.0
20100.0	8949416249999998.0
20110.0	9013498999999998.0
20120.0	9326046249999998.0
20130.0	9258450999999998.0
20140.0	8812042499999997.0
20150.0	9005854249999998.0
20160.0	8820590999999998.0
20170.0	8819497749999996.0
20180.0	9156871499999998.0
20190.0	9139030000000000.0
20200.0	8376532249999998.0
20210.0	9266127250000000.0
20220.0	9299641749999996.0
20230.0	9268415999999996.0
20240.0	9571460249999998.0
20250.0	9333377750000000.0
20260.0	8590898249999996.0
20270.0	8532149249999996.0
20280.0	9341408499999998.0
20290.0	8773651499999998.0
20300.0	9124769499999998.0
20310.0	8061692749999997.0
20320.0	9371677249999996.0
20330.0	9345374999999998.0
20340.0	8857547249999997.0
20350.0	9311532249999998.0
20360.0	8808195249999999.0
20370.0	9469869499999996.0
20380.0	9301435999999996.0
20390.0	8995149999999997.0
20400.0	9027838249999998.0
20410.0	8655812249999997.0
20420.0	9295913250000000.0
20430.0	9452980500000000.0
20440.0	8816105249999997.0
20450.0	9169682749999998.0
20460.0	9429579000000000.0
20470.0	9132591499999996.0
20480.0	9255909499999998.0
20490.0	8917119749999998.0
20500.0	9329308249999998.0
20510.0	9447566249999998.0
20520.0	9354089249999996.0
20530.0	9012232500000000.0
20540.0	9367559749999998.0
20550.0	9220463500000000.0
20560.0	9106562249999996.0
20570.0	9427779499999998.0
20580.0	9438476499999998.0
20590.0	9413114249999998.0
20600.0	9394574750000000.0
20610.0	8959967249999998.0
20620.0	9374447749999998.0
20630.0	9377671749999996.0
20640.0	9005312000000000.0
20650.0	9380164749999998.0
20660.0	9355695249999996.0
20670.0	9286684499999998.0
20680.0	9296591499999998.0
20690.0	9371248999999998.0
20700.0	9366573499999998.0
20710.0	9409957000000000.0
20720.0	9403353999999998.0
20730.0	9380041249999998.0
20740.0	9277495999999996.0
20750.0	9432733249999998.0
20760.0	9387664999999996.0
20770.0	9336717500000000.0
20780.0	9360746749999998.0
20790.0	9348680999999998.0
20800.0	9264429749999998.0
20810.0	9226258749999996.0
20820.0	9267934250000000.0
20830.0	9127133749999998.0
20840.0	9423456249999998.0
20850.0	9346036999999998.0
20860.0	9335650749999998.0
20870.0	9236629999999998.0
20880.0	9400995249999998.0
20890.0	9320625249999998.0
20900.0	9379156749999998.0
20910.0	9414661499999998.0
20920.0	9364066499999998.0
20930.0	9428731749999996.0
20940.0	9291264499999998.0
20950.0	9376896999999998.0
20960.0	9390903999999996.0
20970.0	9330281499999996.0
20980.0	9446676500000000.0
20990.0	9305798750000000.0
21000.0	9369593499999996.0
21010.0	9369042750000000.0
21020.0	9383907249999998.0
21030.0	9340187500000000.0
21040.0	9401099499999998.0
21050.0	9372300749999998.0
21060.0	9368872749999998.0
21070.0	9395103999999998.0
21080.0	9403783499999998.0
21090.0	9302562000000000.0
21100.0	9388625499999998.0
21110.0	9410334250000000.0
21120.0	9271920999999996.0
21130.0	9307971499999998.0
21140.0	9383227249999998.0
21150.0	9349421249999998.0
21160.0	9317110499999996.0
21170.0	9370862249999998.0
21180.0	9354694999999998.0
21190.0	9323503250000000.0
21200.0	9386985999999998.0
21210.0	9378334749999998.0
21220.0	9355161999999998.0
21230.0	9388069999999998.0
21240.0	9350348999999998.0
21250.0	9288050999999998.0
21260.0	9367680499999996.0
21270.0	9354166249999998.0
21280.0	9350332999999998.0
21290.0	9339573249999998.0
21300.0	9365387249999998.0
21310.0	9314714749999996.0
21320.0	9360586999999998.0
21330.0	9353534999999998.0
21340.0	9344462999999998.0
21350.0	9362683999999998.0
21360.0	9329949999999996.0
21370.0	9344936499999998.0
21380.0	9341715499999996.0
21390.0	9320337999999998.0
21400.0	9293693999999998.0
21410.0	9340628499999996.0
21420.0	9332563999999998.0
21430.0	9302709999999996.0
21440.0	9339536999999998.0
21450.0	9333100499999998.0
21460.0	9315399999999998.0
21470.0	9289233499999998.0
21480.0	9287045999999996.0
21490.0	9259172499999996.0
21500.0	9273430499999996.0
21510.0	9319127499999998.0
21520.0	9314835499999996.0
21530.0	9308958499999998.0
21540.0	9317522499999998.0
21550.0	9303075499999996.0
21560.0	9215323499999996.0
21570.0	9310010499999998.0
21580.0	9293975999999996.0
21590.0	9281165999999998.0
21600.0	9293995999999998.0
21610.0	9297160999999998.0
21620.0	9287020999999996.0
21630.0	9288088499999998.0
21640.0	9290207499999996.0
21650.0	9272154499999998.0
21660.0	9258186249999996.0
21670.0	9275245249999998.0
21680.0	9264053999999998.0
21690.0	9274196749999996.0
21700.0	9275245249999998.0
21710.0	9267774999999998.0
21720.0	9277384999999996.0
21730.0	9188684999999998.0
21740.0	9238515999999998.0
21750.0	9267774999999998.0
21760.0	9238695249999998.0
21770.0	9239633499999998.0
21780.0	9221555999999996.0
21790.0	9237962249999996.0
21800.0	9240681499999998.0
21810.0	9252855499999998.0
21820.0	9251243999999996.0
21830.0	9208376249999996.0
21840.0	9230533749999996.0
21850.0	9167871999999996.0
21860.0	9192844249999998.0
21870.0	9232171999999998.0
21880.0	9217757749999996.0
21890.0	9207241999999996.0
21900.0	9208268499999996.0
21910.0	9214581249999998.0
21920.0	9210339749999998.0
21930.0	9184444999999998.0
21940.0	9194010999999998.0
21950.0	9178442999999998.0
21960.0	9209817499999998.0
21970.0	9184120499999998.0
21980.0	9153994749999998.0
21990.0	9149198749999998.0
22000.0	9175943499999998.0
22010.0	9116537749999998.0
22020.0	9154432250000000.0
22030.0	9170689499999996.0
22040.0	9128953999999996.0
22050.0	9148655249999998.0
22060.0	9175978749999998.0
22070.0	9174351249999998.0
22080.0	9161735749999998.0
22090.0	9178575749999998.0
22100.0	9157521249999998.0
22110.0	9143337999999998.0
22120.0	9161178999999998.0
22130.0	9159052999999998.0
22140.0	9173296249999998.0
22150.0	9091097999999998.0
22160.0	9133370749999998.0
22170.0	9145401999999998.0
22180.0	9123871249999998.0
22190.0	9116232500000000.0
22200.0	8879503249999998.0
22210.0	8965972249999999.0
22220.0	9044714749999996.0
22230.0	9028307999999998.0
22240.0	9086634000000000.0
22250.0	9084146999999998.0
22260.0	9042534499999998.0
22270.0	9068293749999998.0
22280.0	8968138750000000.0
22290.0	9098131999999998.0
22300.0	9035440750000000.0
22310.0	9050969249999996.0
22320.0	9026971999999998.0
22330.0	9011055999999998.0
22340.0	9097152749999998.0
22350.0	9053975499999998.0
22360.0	8870545000000000.0
22370.0	9032788999999996.0
22380.0	9034250749999998.0
22390.0	8960176999999997.0
22400.0	9094945999999998.0
22410.0	9064730999999998.0
22420.0	9048163749999996.0
22430.0	9059501999999996.0
22440.0	8946201249999996.0
22450.0	8928337999999998.0
22460.0	9013433499999996.0
22470.0	8970102499999997.0
22480.0	9012196999999998.0
22490.0	9047494999999996.0
22500.0	9044346000000000.0
22510.0	9011191749999998.0
22520.0	8928058749999998.0
22530.0	8935641499999998.0
22540.0	9029774749999998.0
22550.0	8951942499999999.0
22560.0	8615813999999998.0
22570.0	9012911999999998.0
22580.0	8962180749999999.0
22590.0	9026683999999998.0
22600.0	8980325999999997.0
22610.0	8999235999999997.0
22620.0	8952564249999997.0
22630.0	8783343249999998.0
22640.0	8962432750000000.0
22650.0	8979515249999998.0
22660.0	8922508749999997.0
22670.0	8977270499999998.0
22680.0	8918131749999998.0
22690.0	8926759999999998.0
22700.0	8785672749999998.0
22710.0	8943064249999997.0
22720.0	8903874749999997.0
22730.0	8990874249999997.0
22740.0	8956908249999996.0
22750.0	8969158999999997.0
22760.0	8926244999999997.0
22770.0	8965044749999999.0
22780.0	8935223499999998.0
22790.0	8794913749999998.0
22800.0	8854666999999997.0
22810.0	8821649749999998.0
22820.0	8902038499999998.0
22830.0	8929737999999999.0
22840.0	8873247999999997.0
22850.0	8880906499999999.0
22860.0	8898362499999997.0
22870.0	8760689999999997.0
22880.0	8736583999999997.0
22890.0	8917729999999997.0
22900.0	8869401749999999.0
22910.0	8914231749999997.0
22920.0	8822421999999997.0
22930.0	8858904999999998.0
22940.0	8104503749999999.0
22950.0	8183381999999998.0
22960.0	8303447999999998.0
22970.0	8597817499999999.0
22980.0	8740173249999996.0
22990.0	8783037499999998.0
23000.0	8039620500000000.0
23010.0	8736025499999998.0
23020.0	8798820499999998.0
23030.0	8027272249999998.0
23040.0	8725333749999998.0
23050.0	7584027249999999.0
23060.0	8166459999999997.0
23070.0	7667626249999997.0
23080.0	8556762499999997.0
23090.0	8693698749999997.0
23100.0	8620349249999999.0
23110.0	8553563249999997.0
23120.0	8719494249999998.0
23130.0	8825189999999997.0
23140.0	8778415250000000.0
23150.0	7223193249999998.0
23160.0	8674582499999998.0
23170.0	8663697249999999.0
23180.0	8606495249999998.0
23190.0	8552040749999998.0
23200.0	8477375249999999.0
23210.0	7659254999999998.0
23220.0	8620863999999997.0
23230.0	8206388249999998.0
23240.0	7775638749999999.0
23250.0	7171831249999998.0
23260.0	8761252749999998.0
23270.0	7846411999999999.0
23280.0	8593445750000000.0
23290.0	8622065499999999.0
23300.0	7545659249999998.0
23310.0	8431264749999996.0
23320.0	8638463999999998.0
23330.0	8799938999999998.0
23340.0	8356428749999997.0
23350.0	8470695749999999.0
23360.0	8325017000000000.0
23370.0	7706112749999997.0
23380.0	8536476499999999.0
23390.0	8676849499999998.0
23400.0	8055712249999998.0
23410.0	8623787499999998.0
23420.0	8407633249999999.0
23430.0	8585350249999997.0
23440.0	8678574249999998.0
23450.0	7876940250000000.0
23460.0	8310046499999998.0
23470.0	7901620499999998.0
23480.0	8310455749999997.0
23490.0	8676615749999999.0
23500.0	8337745999999999.0
23510.0	8228547749999998.0
23520.0	8139298750000000.0
23530.0	7746723499999998.0
23540.0	7836192499999998.0
23550.0	8592799499999997.0
23560.0	8285513499999997.0
23570.0	8614949749999998.0
23580.0	7729774249999998.0
23590.0	8227868249999998.0
23600.0	8690105999999998.0
23610.0	7921002999999998.0
23620.0	8256767499999998.0
23630.0	8243774499999998.0
23640.0	8447751999999998.0
23650.0	8589010999999997.0
23660.0	8554940749999998.0
23670.0	8258099499999998.0
23680.0	7044751999999999.0
23690.0	8570436249999997.0
23700.0	8420114249999998.0
23710.0	7525455249999999.0
23720.0	8436845999999997.0
23730.0	8419898249999996.0
23740.0	8114746749999998.0
23750.0	8510842249999998.0
23760.0	8052793249999998.0
23770.0	8163744749999998.0
23780.0	7975283999999998.0
23790.0	8329124999999998.0
23800.0	8381909249999997.0
23810.0	6470933249999998.0
23820.0	8578073249999999.0
23830.0	8290570249999999.0
23840.0	8107103499999998.0
23850.0	8645855749999999.0
23860.0	8082522999999997.0
23870.0	8230598499999998.0
23880.0	7815143999999998.0
23890.0	8589835749999998.0
23900.0	8627124249999997.0
23910.0	8486172249999998.0
23920.0	6647974749999998.0
23930.0	8068992249999999.0
23940.0	8038024499999998.0
23950.0	8042021999999997.0
23960.0	8025506749999999.0
23970.0	8156616999999999.0
23980.0	8195923749999998.0
23990.0	8569597249999999.0
24000.0	8223582999999999.0
24010.0	7882683249999998.0
24020.0	7972165499999998.0
24030.0	7521462000000000.0
24040.0	8182910499999998.0
24050.0	8345817749999996.0
24060.0	8361793999999998.0
24070.0	7254253749999999.0
24080.0	8319060749999997.0
24090.0	8503224999999998.0
24100.0	7947192249999996.0
24110.0	8306607250000001.0
24120.0	7802859999999999.0
24130.0	8369489499999998.0
24140.0	7579233249999997.0
24150.0	8567598249999997.0
24160.0	7885422249999997.0
24170.0	8161381749999998.0
24180.0	7825260249999997.0
24190.0	7835515999999999.0
24200.0	7920999999999998.0
24210.0	8371400499999998.0
24220.0	7721671499999999.0
24230.0	7985465499999998.0
24240.0	8240370749999996.0
24250.0	8224491749999997.0
24260.0	8118247249999997.0
24270.0	8032886499999999.0
24280.0	7863046999999999.0
24290.0	8405206499999998.0
24300.0	7742594249999997.0
24310.0	7471398249999998.0
24320.0	8095910249999997.0
24330.0	8255073999999999.0
24340.0	7339671249999999.0
24350.0	6789173249999998.0
24360.0	7519654750000000.0
24370.0	6327035999999999.0
24380.0	7611388999999999.0
24390.0	8481463499999998.0
24400.0	7781537499999998.0
24410.0	7509693499999999.0
24420.0	7945621249999999.0
24430.0	7599354999999997.0
24440.0	6323496999999999.0
24450.0	7938577749999998.0
24460.0	7456092499999999.0
24470.0	7113815249999998.0
24480.0	7626237750000000.0
24490.0	7990746499999996.0
24500.0	8163702749999997.0
24510.0	8203766999999998.0
24520.0	6731352249999999.0
24530.0	6726190249999998.0
24540.0	5728407250000000.0
24550.0	7549178249999997.0
24560.0	7395270499999999.0
24570.0	7510090749999998.0
24580.0	8291609249999997.0
24590.0	7700816499999997.0
24600.0	6850282999999997.0
24610.0	5850599499999999.0
24620.0	6800245499999998.0
24630.0	7750382249999998.0
24640.0	8389811999999998.0
24650.0	7927580999999998.0
24660.0	6511020499999998.0
24670.0	6838982249999997.0
24680.0	4516354249999999.0
24690.0	6869448999999999.0
24700.0	7485585749999998.0
24710.0	6677033249999999.0
24720.0	6923692999999998.0
24730.0	7107613499999998.0
24740.0	4869282749999999.0
24750.0	4915980999999999.0
24760.0	6607536249999998.0
24770.0	7570186749999997.0
24780.0	7141875249999998.0
24790.0	5865849499999999.0
24800.0	8112045249999998.0
24810.0	6549437249999999.0
24820.0	6041908999999998.0
24830.0	5263190499999998.0
24840.0	7120285499999999.0
24850.0	7363765499999998.0
24860.0	7699092499999999.0
24870.0	7332271249999998.0
24880.0	6744962749999999.0
24890.0	4931826424999999.0
24900.0	4837766524999999.0
24910.0	4813804749999999.0
24920.0	7952234499999999.0
24930.0	6201052499999999.0
24940.0	8218795249999997.0
24950.0	7288110249999998.0
24960.0	6680123999999997.0
24970.0	6097704499999998.0
24980.0	4370386499999999.5
24990.0	7452984749999999.0
25000.0	7498631999999998.0
25010.0	6995452499999998.0
25020.0	7317315249999998.0
25030.0	5176629249999999.0
25040.0	5947557024999998.0
25050.0	6007344924999998.0
25060.0	3723935275000000.0
25070.0	5877856674999999.0
25080.0	6550801749999999.0
25090.0	7474906749999998.0
25100.0	7345626999999997.0
25110.0	5962299999999999.0
25120.0	6291009999999999.0
25130.0	4840724999999999.0
25140.0	7317986999999997.0
25150.0	4415535999999999.0
25160.0	4884577499999999.0
25170.0	6485693499999999.0
25180.0	5951364749999998.0
25190.0	5976162249999999.0
25200.0	6514171749999999.0
25210.0	6143598249999999.0
25220.0	5861358249999998.0
25230.0	6266500499999999.0
25240.0	4054484999999999.5
25250.0	5571161999999998.0
25260.0	5254942749999999.0
25270.0	6002146749999998.0
25280.0	5358491999999999.0
25290.0	5592057749999998.0
25300.0	7078545749999998.0
25310.0	7278000999999999.0
25320.0	6001346499999998.0
25330.0	3336555099999999.0
25340.0	6569508749999997.0
25350.0	5890428249999998.0
25360.0	4657575199999998.0
25370.0	6333803499999998.0
25380.0	6335639499999998.0
25390.0	5112814749999998.0
25400.0	7552035749999998.0
25410.0	6851278999999998.0
25420.0	6033904999999999.0
25430.0	4246965499999999.0
25440.0	5530561249999998.0
25450.0	6344375999999998.0
25460.0	5761156899999999.0
25470.0	6010966499999999.0
25480.0	4290927749999999.5
25490.0	5146818249999998.0
25500.0	7273551749999999.0
25510.0	5549874749999999.0
25520.0	7204095999999999.0
25530.0	3225568775000000.0
25540.0	6844547174999998.0
25550.0	6225692749999999.0
25560.0	6106270249999998.0
25570.0	5968401499999998.0
25580.0	7424317249999996.0
25590.0	6620726749999998.0
25600.0	4944852749999999.0
25610.0	3586081749999999.0
25620.0	6279150974999999.0
25630.0	3659617574999998.5
25640.0	5361665149999999.0
25650.0	4492826549999998.5
25660.0	5257878499999999.0
25670.0	5836428499999999.0
25680.0	5419372499999998.0
25690.0	6528623499999998.0
25700.0	5076315499999998.0
25710.0	7884938749999997.0
25720.0	6200086499999999.0
25730.0	6037380199999998.0
25740.0	3362853399999999.0
25750.0	5911928499999999.0
25760.0	5776574749999998.0
25770.0	2760981899999999.0
25780.0	5899693000000000.0
25790.0	6088078999999998.0
25800.0	7356124749999998.0
25810.0	5598604999999999.0
25820.0	6763381249999999.0
25830.0	4415854999999999.5
25840.0	4641678499999999.0
25850.0	5815614249999999.0
25860.0	7330349999999999.0
25870.0	3898058999999999.0
25880.0	5300165500000000.0
25890.0	5064118499999998.0
25900.0	5424315499999998.0
25910.0	7123152749999998.0
25920.0	6242816524999999.0
25930.0	3188229424999999.0
25940.0	5533742874999999.0
25950.0	4642152624999999.0
25960.0	5167837700000000.0
25970.0	6192536749999999.0
25980.0	4015698999999998.5
25990.0	6675466249999998.0
