# Flux units: erg / (cm m2 s)
# Wavelength units: Angstrom
wave	flux
7000.0	6522772449999997.0
7010.0	7143045999999999.0
7020.0	6387561249999999.0
7030.0	1.4126448999999996e+16
7040.0	7861593249999998.0
7050.0	1.5738030749999996e+16
7060.0	2465627749999999.5
7070.0	2079499749999999.5
7080.0	3240664499999999.0
7090.0	2509653749999999.5
7100.0	2228385749999999.8
7110.0	2232393249999999.5
7120.0	2563035749999999.5
7130.0	2195863499999999.5
7140.0	1977451249999999.2
7150.0	2098925749999999.2
7160.0	2317226999999999.5
7170.0	2251841249999999.5
7180.0	2681462749999999.5
7190.0	2596781499999999.5
7200.0	2753756249999999.0
7210.0	2297269750000000.0
7220.0	2988733249999999.5
7230.0	3263786499999999.0
7240.0	3248801999999999.5
7250.0	5153685749999998.0
7260.0	5510772999999998.0
7270.0	4673828749999999.0
7280.0	6076899749999998.0
7290.0	6990573499999999.0
7300.0	1.3457296999999998e+16
7310.0	1.1670896999999998e+16
7320.0	1.76887475e+16
7330.0	1.8232262499999996e+16
7340.0	1.928388674999999e+16
7350.0	2.0543482749999996e+16
7360.0	2.3271049999999988e+16
7370.0	3.665486749999999e+16
7380.0	3.445464249999999e+16
7390.0	4.245437999999998e+16
7400.0	4.304877999999999e+16
7410.0	3.3787404999999996e+16
7420.0	2.8369032499999988e+16
7430.0	4.841582749999998e+16
7440.0	4.775515749999998e+16
7450.0	2.447878349999999e+16
7460.0	2.524405249999999e+16
7470.0	2.916089749999999e+16
7480.0	3.3487339999999996e+16
7490.0	3.5463134999999988e+16
7500.0	3.836236499999999e+16
7510.0	3.605173749999999e+16
7520.0	3.732936749999999e+16
7530.0	3.2800384999999988e+16
7540.0	3.679659249999999e+16
7550.0	3.628162249999999e+16
7560.0	3.789891249999998e+16
7570.0	4.027171999999999e+16
7580.0	3.380234499999999e+16
7590.0	1.7885484749999996e+16
7600.0	5681982249999998.0
7610.0	7265051000000000.0
7620.0	8574210499999999.0
7630.0	5681229749999999.0
7640.0	5153112249999999.0
7650.0	3953118249999998.5
7660.0	2102882449999999.5
7670.0	960933249999999.8
7680.0	3129719749999999.0
7690.0	3301245249999999.0
7700.0	1100081699999999.6
7710.0	3242067499999999.5
7720.0	4509407249999999.0
7730.0	5951932749999998.0
7740.0	8459504749999998.0
7750.0	6846638249999997.0
7760.0	6522173249999998.0
7770.0	4857245000000000.0
7780.0	6822247249999999.0
7790.0	7502826249999996.0
7800.0	8092388499999999.0
7810.0	1.2858242999999996e+16
7820.0	1.5578786499999998e+16
7830.0	1.3035635999999998e+16
7840.0	9295384999999998.0
7850.0	1.3330633249999996e+16
7860.0	1.4846103249999996e+16
7870.0	1.3502616999999996e+16
7880.0	2.2322881499999996e+16
7890.0	2.6687990499999996e+16
7900.0	2.4158394999999996e+16
7910.0	2.4386027499999996e+16
7920.0	1.83281825e+16
7930.0	2.831257249999999e+16
7940.0	2.435331249999999e+16
7950.0	1.5941828499999994e+16
7960.0	3.945868e+16
7970.0	4.947249749999999e+16
7980.0	5.481964499999998e+16
7990.0	4.098695749999999e+16
8000.0	4.585805999999998e+16
8010.0	4.284168499999999e+16
8020.0	6.187260249999998e+16
8030.0	6.143086749999999e+16
8040.0	7.335355499999998e+16
8050.0	5.159137249999999e+16
8060.0	5.824496249999998e+16
8070.0	6.371471749999999e+16
8080.0	7.683426749999997e+16
8090.0	7.423781499999997e+16
8100.0	9.107617999999997e+16
8110.0	8.813932749999998e+16
8120.0	1.1939366249999998e+17
8130.0	1.3100394999999997e+17
8140.0	1.1745562499999997e+17
8150.0	1.3422669999999998e+17
8160.0	1.1732749999999997e+17
8170.0	7.537740749999998e+16
8180.0	6.5711692499999976e+16
8190.0	3.833021499999999e+16
8200.0	3.736665999999998e+16
8210.0	4.849454749999999e+16
8220.0	7.283473999999998e+16
8230.0	6.172661249999998e+16
8240.0	8.150107999999997e+16
8250.0	8.797160249999998e+16
8260.0	7.791831749999997e+16
8270.0	7.171153249999998e+16
8280.0	6.682695499999998e+16
8290.0	4.650898999999999e+16
8300.0	5.329855249999999e+16
8310.0	5.333591499999998e+16
8320.0	4.529368999999999e+16
8330.0	5.134993999999999e+16
8340.0	6.072784499999999e+16
8350.0	6.341945499999998e+16
8360.0	6.155877749999999e+16
8370.0	6.173912499999998e+16
8380.0	6.609776499999997e+16
8390.0	4.258995749999998e+16
8400.0	5.7174132499999976e+16
8410.0	7.651775999999998e+16
8420.0	6.057312999999999e+16
8430.0	5.830612999999999e+16
8440.0	1.8253903999999996e+16
8450.0	1.1461703249999998e+16
8460.0	9707683749999998.0
8470.0	1.0466787749999998e+16
8480.0	1.2258333249999996e+16
8490.0	1.0377448249999996e+16
8500.0	1.2663949249999996e+16
8510.0	1.4756587499999994e+16
8520.0	1.2891619999999996e+16
8530.0	1.8990137499999996e+16
8540.0	1.7578842499999994e+16
8550.0	2.188223999999999e+16
8560.0	2.719213499999999e+16
8570.0	2.415363249999999e+16
8580.0	3.409709999999999e+16
8590.0	3.0367814999999996e+16
8600.0	3.166854249999999e+16
8610.0	3.392096249999999e+16
8620.0	3.953178499999999e+16
8630.0	4.215361749999998e+16
8640.0	4.043709249999999e+16
8650.0	3.672330499999998e+16
8660.0	5.141668999999999e+16
8670.0	5.354591499999998e+16
8680.0	4.968608749999999e+16
8690.0	4.853974249999999e+16
8700.0	2.4500312499999996e+16
8710.0	2.855294249999999e+16
8720.0	2.762227999999999e+16
8730.0	3.881683249999999e+16
8740.0	3.5411862499999996e+16
8750.0	4.334766249999998e+16
8760.0	6.865137499999998e+16
8770.0	6.691093749999998e+16
8780.0	7.1265679999999976e+16
8790.0	8.401928999999997e+16
8800.0	5.288210499999999e+16
8810.0	6.216334499999999e+16
8820.0	1.0161323499999998e+17
8830.0	7.625065999999998e+16
8840.0	9.480024749999998e+16
8850.0	7.443800249999997e+16
8860.0	5.716479249999999e+16
8870.0	2.497681249999999e+16
8880.0	2.0160574999999996e+16
8890.0	2.6538502499999988e+16
8900.0	3.41246475e+16
8910.0	3.991833999999999e+16
8920.0	2.164470499999999e+16
8930.0	4.646845249999999e+16
8940.0	4.501409699999998e+16
8950.0	3.992918899999999e+16
8960.0	3.5534417499999988e+16
8970.0	4.085415749999998e+16
8980.0	6.164658749999998e+16
8990.0	6.436077249999998e+16
9000.0	3.97081625e+16
9010.0	8.732215749999998e+16
9020.0	8.719030749999998e+16
9030.0	5.4148402499999976e+16
9040.0	7.0369449999999976e+16
9050.0	9.586084999999998e+16
9060.0	7.22228275e+16
9070.0	8.659878749999998e+16
9080.0	1.0994515749999997e+17
9090.0	1.0899270999999997e+17
9100.0	1.2090451249999997e+17
9110.0	1.1913100249999995e+17
9120.0	1.4464147249999994e+17
9130.0	1.3690059999999997e+17
9140.0	1.2521307249999998e+17
9150.0	1.2466912499999997e+17
9160.0	1.6092889999999997e+17
9170.0	1.4991971499999997e+17
9180.0	1.5077068249999997e+17
9190.0	1.4674185999999997e+17
9200.0	1.0063450249999998e+17
9210.0	9.829109499999998e+16
9220.0	1.1350862499999997e+17
9230.0	8.998772749999997e+16
9240.0	7.237859999999998e+16
9250.0	7.647514999999997e+16
9260.0	8.368049499999998e+16
9270.0	7.095689749999999e+16
9280.0	6.063549499999998e+16
9290.0	6.580312499999998e+16
9300.0	6.115268499999998e+16
9310.0	5.172326749999999e+16
9320.0	6.4973319999999976e+16
9330.0	5.326192749999999e+16
9340.0	9.458629999999998e+16
9350.0	5.153916999999998e+16
9360.0	8.497122249999997e+16
9370.0	6.382898999999999e+16
9380.0	1.0146799749999998e+17
9390.0	6.724870249999998e+16
9400.0	8.481189499999997e+16
9410.0	9.870281749999998e+16
9420.0	1.0108870499999998e+17
9430.0	1.2846585999999998e+17
9440.0	7.304682999999997e+16
9450.0	9.604268999999998e+16
9460.0	8.518267999999997e+16
9470.0	1.0403712249999998e+17
9480.0	1.2452929249999998e+17
9490.0	1.3568819499999997e+17
9500.0	1.0979644499999997e+17
9510.0	1.1004695999999998e+17
9520.0	1.3435536999999997e+17
9530.0	1.1294179249999998e+17
9540.0	1.3117217249999998e+17
9550.0	1.1682325249999995e+17
9560.0	1.3440275999999998e+17
9570.0	1.0118183749999997e+17
9580.0	1.7004385999999997e+17
9590.0	1.5563344499999997e+17
9600.0	1.1774933999999997e+17
9610.0	1.4149816999999995e+17
9620.0	1.3632310499999998e+17
9630.0	1.6057964999999997e+17
9640.0	1.0599539249999997e+17
9650.0	1.0968521999999998e+17
9660.0	1.5268833249999997e+17
9670.0	1.6514142499999994e+17
9680.0	1.2292683499999998e+17
9690.0	1.2568940999999995e+17
9700.0	1.7807594999999997e+17
9710.0	1.4386690999999997e+17
9720.0	1.2363766999999997e+17
9730.0	1.3127820499999998e+17
9740.0	1.1794508499999998e+17
9750.0	1.1911672249999995e+17
9760.0	1.2345734749999997e+17
9770.0	1.3469489499999995e+17
9780.0	1.2552098999999997e+17
9790.0	7.75775775e+16
9800.0	1.5649087249999997e+17
9810.0	1.1271699749999995e+17
9820.0	9.955633499999997e+16
9830.0	9.461739249999997e+16
9840.0	1.0951480499999995e+17
9850.0	1.4177997499999997e+17
9860.0	1.5062821999999997e+17
9870.0	1.1294162499999997e+17
9880.0	1.5000804999999994e+17
9890.0	1.3608763249999997e+17
9900.0	3.681162999999999e+16
9910.0	1.6424444999999996e+16
9920.0	1.5588039999999996e+16
9930.0	1.944384e+16
9940.0	2.722432999999999e+16
9950.0	3.288830499999999e+16
9960.0	3.3418739999999996e+16
9970.0	3.928035249999998e+16
9980.0	2.838595999999999e+16
9990.0	2.446445499999999e+16
10000.0	3.2479889999999988e+16
10010.0	3.5109637499999988e+16
10020.0	3.888167249999999e+16
10030.0	5.614759499999998e+16
10040.0	3.607563749999999e+16
10050.0	4.153990749999998e+16
10060.0	2.1945977499999996e+16
10070.0	3.1944994999999996e+16
10080.0	4.898590249999999e+16
10090.0	4.980588499999998e+16
10100.0	6.255130749999998e+16
10110.0	4.573573749999999e+16
10120.0	4.173741499999999e+16
10130.0	5.097184249999999e+16
10140.0	3.587231999999999e+16
10150.0	4.592624499999998e+16
10160.0	3.908131499999999e+16
10170.0	3.329973499999999e+16
10180.0	5.76297475e+16
10190.0	4.063822e+16
10200.0	3.5879927499999996e+16
10210.0	5.468339999999999e+16
10220.0	4.041150249999998e+16
10230.0	4.875217999999998e+16
10240.0	6.357172999999998e+16
10250.0	5.461549999999998e+16
10260.0	3.176126249999999e+16
10270.0	3.882307499999998e+16
10280.0	3.691398499999999e+16
10290.0	4.6830345e+16
10300.0	3.5844074999999988e+16
10310.0	5.561255249999999e+16
10320.0	4.006503999999999e+16
10330.0	5.449723999999999e+16
10340.0	4.027371499999999e+16
10350.0	5.378753499999998e+16
10360.0	6.045963499999998e+16
10370.0	7.466239499999997e+16
10380.0	6.0502907499999976e+16
10390.0	5.328339249999999e+16
10400.0	7.0971949999999976e+16
10410.0	9.163839749999998e+16
10420.0	5.730285749999998e+16
10430.0	4.221173749999999e+16
10440.0	6.9005332499999976e+16
10450.0	8.594997249999998e+16
10460.0	1.2803333499999997e+17
10470.0	4.563972749999999e+16
10480.0	5.392159999999998e+16
10490.0	1.1218292999999998e+17
10500.0	9.477484999999998e+16
10510.0	8.192838249999997e+16
10520.0	5.269813499999998e+16
10530.0	1.1164559749999998e+17
10540.0	1.0675783249999997e+17
10550.0	1.2372639999999997e+17
10560.0	7.694390499999998e+16
10570.0	5.877247999999999e+16
10580.0	1.0843108249999997e+17
10590.0	9.893949499999997e+16
10600.0	1.3270549999999997e+17
10610.0	1.0749089999999997e+17
10620.0	7.929140499999998e+16
10630.0	1.1859624999999997e+17
10640.0	1.3971163999999995e+17
10650.0	1.4144054999999995e+17
10660.0	1.3038583499999997e+17
10670.0	7.308027499999998e+16
10680.0	8.910331999999998e+16
10690.0	1.3994364499999995e+17
10700.0	1.1833802999999997e+17
10710.0	9.600312499999998e+16
10720.0	9.450589499999997e+16
10730.0	1.2836021999999997e+17
10740.0	1.3962264999999997e+17
10750.0	1.4165769499999997e+17
10760.0	1.5758324999999997e+17
10770.0	1.5649074499999997e+17
10780.0	1.4347849999999997e+17
10790.0	1.7917947499999997e+17
10800.0	1.7742732499999997e+17
10810.0	1.8274197999999997e+17
10820.0	1.6106907999999994e+17
10830.0	1.8699542499999994e+17
10840.0	1.9966432499999997e+17
10850.0	1.5892491499999994e+17
10860.0	1.3943160499999998e+17
10870.0	1.4727597249999997e+17
10880.0	1.8466025749999997e+17
10890.0	1.4430324e+17
10900.0	1.7207746249999997e+17
10910.0	1.5823730749999997e+17
10920.0	1.5072004499999997e+17
10930.0	1.8641929999999994e+17
10940.0	1.8006343499999997e+17
10950.0	1.8548507499999997e+17
10960.0	1.6601848249999994e+17
10970.0	1.8041678999999997e+17
10980.0	1.3756124999999997e+17
10990.0	1.5348181249999997e+17
11000.0	1.3302382499999998e+17
11010.0	1.6762180499999997e+17
11020.0	1.6876827499999997e+17
11030.0	1.4363410999999995e+17
11040.0	1.2394518499999998e+17
11050.0	1.2681499499999997e+17
11060.0	1.3330272999999998e+17
11070.0	1.1936738249999997e+17
11080.0	1.1242238749999997e+17
11090.0	1.3577822499999997e+17
11100.0	1.4454734999999997e+17
11110.0	1.1683618499999995e+17
11120.0	1.3811868999999997e+17
11130.0	1.5474386499999997e+17
11140.0	1.5606443499999997e+17
11150.0	1.50800585e+17
11160.0	1.5789176999999994e+17
11170.0	1.7680854999999994e+17
11180.0	1.2629695e+17
11190.0	1.2376448749999997e+17
11200.0	1.5229891249999997e+17
11210.0	1.6562444999999997e+17
11220.0	1.6485879999999994e+17
11230.0	1.6691507499999997e+17
11240.0	1.6973437499999997e+17
11250.0	1.6512128749999997e+17
11260.0	1.567316825e+17
11270.0	1.5040589499999997e+17
11280.0	1.517540275e+17
11290.0	1.5256060249999994e+17
11300.0	1.8021417499999994e+17
11310.0	1.7561769999999997e+17
11320.0	1.7987484999999997e+17
11330.0	1.8589594999999997e+17
11340.0	1.3968489999999997e+17
11350.0	1.3178069999999998e+17
11360.0	1.4258312499999997e+17
11370.0	1.6583987499999997e+17
11380.0	9.295922749999998e+16
11390.0	1.1878608749999997e+17
11400.0	1.2025409999999998e+17
11410.0	8.316641999999998e+16
11420.0	1.4546989999999997e+17
11430.0	1.3243155499999997e+17
11440.0	1.4687324999999997e+17
11450.0	1.6125269999999997e+17
11460.0	1.4884167999999997e+17
11470.0	1.7514062499999997e+17
11480.0	1.5806287499999997e+17
11490.0	1.7937222499999997e+17
11500.0	1.7550164999999994e+17
11510.0	1.7336477499999994e+17
11520.0	1.7427932499999997e+17
11530.0	1.8158934999999997e+17
11540.0	1.7636039999999994e+17
11550.0	1.7595184999999997e+17
11560.0	1.9226499999999997e+17
11570.0	1.5547761999999997e+17
11580.0	1.8323907499999997e+17
11590.0	1.9521029999999994e+17
11600.0	1.5174643499999997e+17
11610.0	1.6802389999999997e+17
11620.0	1.8821417499999994e+17
11630.0	1.8601014999999994e+17
11640.0	1.5231584999999997e+17
11650.0	1.6471353999999997e+17
11660.0	1.2849645499999997e+17
11670.0	1.9022837499999997e+17
11680.0	1.6463510999999997e+17
11690.0	7.171362749999998e+16
11700.0	1.1052723749999997e+17
11710.0	1.5705619999999997e+17
11720.0	1.8594653249999997e+17
11730.0	1.4521862749999997e+17
11740.0	1.5845469999999997e+17
11750.0	1.6582412499999997e+17
11760.0	1.4892697499999997e+17
11770.0	8.133274424999998e+16
11780.0	6.1925889749999976e+16
11790.0	1.3233693999999997e+17
11800.0	1.5295959999999997e+17
11810.0	1.4868912499999997e+17
11820.0	1.6973704999999994e+17
11830.0	1.7808469999999997e+17
11840.0	1.7171339999999997e+17
11850.0	1.6222134999999997e+17
11860.0	1.6036162499999997e+17
11870.0	1.5739114999999997e+17
11880.0	1.7533477249999997e+17
11890.0	1.4343305749999997e+17
11900.0	1.7748369999999997e+17
11910.0	1.7906542499999994e+17
11920.0	1.8865457499999997e+17
11930.0	1.8615162499999997e+17
11940.0	1.6543122499999997e+17
11950.0	1.4662539999999997e+17
11960.0	1.5212689999999997e+17
11970.0	1.3448969999999998e+17
11980.0	9.956459499999998e+16
11990.0	1.2964355499999997e+17
12000.0	1.1691842499999997e+17
12010.0	1.2550459999999997e+17
12020.0	1.2491287499999997e+17
12030.0	1.3650049999999997e+17
12040.0	1.4783332499999997e+17
12050.0	1.5317807499999997e+17
12060.0	1.6953917499999994e+17
12070.0	1.4280219999999998e+17
12080.0	1.7803939999999994e+17
12090.0	1.3881731999999997e+17
12100.0	1.6856969999999997e+17
12110.0	1.3358964999999997e+17
12120.0	1.4967637499999997e+17
12130.0	1.5806347499999997e+17
12140.0	1.2820032249999995e+17
12150.0	1.6399014749999997e+17
12160.0	1.6960804999999994e+17
12170.0	1.6471412499999997e+17
12180.0	1.6469124999999997e+17
12190.0	1.8408357499999997e+17
12200.0	1.4595759999999997e+17
12210.0	1.5533624999999997e+17
12220.0	1.5630127499999997e+17
12230.0	1.5602529999999994e+17
12240.0	1.5642144999999997e+17
12250.0	1.7913652499999994e+17
12260.0	1.7558172499999997e+17
12270.0	1.7097094999999997e+17
12280.0	1.7770467499999994e+17
12290.0	1.7327537499999997e+17
12300.0	1.6474279999999994e+17
12310.0	1.7750664999999994e+17
12320.0	1.6562839999999997e+17
12330.0	1.5847109999999997e+17
12340.0	1.7813924999999997e+17
12350.0	1.4666157499999997e+17
12360.0	1.6052149999999997e+17
12370.0	1.7770914999999994e+17
12380.0	1.5445282499999997e+17
12390.0	1.5270669999999997e+17
12400.0	1.5358257499999997e+17
12410.0	1.0747363999999995e+17
12420.0	1.2756978499999997e+17
12430.0	1.1205732999999997e+17
12440.0	9.019846999999998e+16
12450.0	1.5225383499999997e+17
12460.0	1.6884967499999994e+17
12470.0	1.4335413999999995e+17
12480.0	1.4543122499999997e+17
12490.0	1.5059679999999994e+17
12500.0	1.4012450999999997e+17
12510.0	1.5986467499999994e+17
12520.0	9.783874999999998e+16
12530.0	1.0023414499999997e+17
12540.0	1.5113794999999997e+17
12550.0	1.5479894999999997e+17
12560.0	1.6982089999999997e+17
12570.0	1.8706897499999997e+17
12580.0	1.6363499999999997e+17
12590.0	1.6402972499999997e+17
12600.0	1.6077854999999994e+17
12610.0	1.9068549999999997e+17
12620.0	1.6865494999999997e+17
12630.0	1.6494623999999994e+17
12640.0	1.2535439999999997e+17
12650.0	1.6031828499999997e+17
12660.0	1.6526609999999997e+17
12670.0	1.7907802499999994e+17
12680.0	1.7025282499999997e+17
12690.0	1.7696009999999997e+17
12700.0	1.8025642499999994e+17
12710.0	1.7498692499999994e+17
12720.0	1.8543562499999997e+17
12730.0	1.8454527499999994e+17
12740.0	1.6837186499999994e+17
12750.0	1.5498990499999997e+17
12760.0	1.7799479999999994e+17
12770.0	1.7296662499999997e+17
12780.0	1.7940234999999997e+17
12790.0	1.8098634999999997e+17
12800.0	1.6955864999999997e+17
12810.0	1.7120174999999997e+17
12820.0	1.7560374999999997e+17
12830.0	1.6872714999999997e+17
12840.0	1.7689182499999997e+17
12850.0	1.6576434999999997e+17
12860.0	1.5441449999999997e+17
12870.0	1.6692409999999997e+17
12880.0	1.6606569999999997e+17
12890.0	1.6610284999999997e+17
12900.0	1.3549498499999998e+17
12910.0	1.6467022499999997e+17
12920.0	1.5473011999999997e+17
12930.0	1.4747354999999997e+17
12940.0	1.6721799999999997e+17
12950.0	1.5633914499999994e+17
12960.0	1.7228747499999997e+17
12970.0	1.8679927499999994e+17
12980.0	1.8222949999999997e+17
12990.0	1.6383484999999997e+17
13000.0	1.7950274999999997e+17
13010.0	1.7593257499999997e+17
13020.0	1.7685904999999994e+17
13030.0	1.5966084999999997e+17
13040.0	1.8194884999999997e+17
13050.0	1.6192592499999994e+17
13060.0	1.9407802499999994e+17
13070.0	1.5252329499999994e+17
13080.0	1.8617895999999997e+17
13090.0	1.7703292499999994e+17
13100.0	1.7983004999999994e+17
13110.0	1.9430347499999997e+17
13120.0	1.8493394999999997e+17
13130.0	1.5480424999999997e+17
13140.0	1.7442337499999997e+17
13150.0	1.6834124999999997e+17
13160.0	1.6248461249999994e+17
13170.0	1.4320901249999998e+17
13180.0	1.8468152499999994e+17
13190.0	1.8630709999999997e+17
13200.0	1.5921659999999997e+17
13210.0	1.9110394999999997e+17
13220.0	1.5947502499999997e+17
13230.0	1.6901344999999997e+17
13240.0	1.6539477499999997e+17
13250.0	1.4529897e+17
13260.0	1.7174147499999997e+17
13270.0	1.3899507249999995e+17
13280.0	1.4387758749999995e+17
13290.0	1.5588346499999997e+17
13300.0	1.6196294999999997e+17
13310.0	1.4699377499999997e+17
13320.0	1.0219555999999997e+17
13330.0	1.1723680499999998e+17
13340.0	1.2809125499999997e+17
13350.0	4.637325999999999e+16
13360.0	8.868591999999998e+16
13370.0	6.795738749999998e+16
13380.0	6.334501499999998e+16
13390.0	6.637362499999998e+16
13400.0	8.497873499999998e+16
13410.0	9.614324249999997e+16
13420.0	7.829997499999998e+16
13430.0	6.888892249999998e+16
13440.0	8.312315499999998e+16
13450.0	7.919231999999997e+16
13460.0	1.0345276749999997e+17
13470.0	6.538056499999997e+16
13480.0	7.443382999999998e+16
13490.0	7.801408749999997e+16
13500.0	6.9597856999999976e+16
13510.0	8.614275599999997e+16
13520.0	4.907751999999999e+16
13530.0	1.0448651249999997e+17
13540.0	6.2350049999999976e+16
13550.0	5.943416249999998e+16
13560.0	8.201303749999997e+16
13570.0	8.292157749999998e+16
13580.0	8.292722499999998e+16
13590.0	6.457753999999998e+16
13600.0	8.422630749999997e+16
13610.0	8.435828749999997e+16
13620.0	5.581780999999998e+16
13630.0	6.676063499999999e+16
13640.0	8.181605499999997e+16
13650.0	7.637556e+16
13660.0	8.085401249999997e+16
13670.0	7.788719999999998e+16
13680.0	7.712286499999998e+16
13690.0	7.815024749999997e+16
13700.0	7.991334999999998e+16
13710.0	8.028751499999998e+16
13720.0	8.712063249999997e+16
13730.0	9.540849499999998e+16
13740.0	7.5844485e+16
13750.0	7.427101749999998e+16
13760.0	8.161069249999998e+16
13770.0	1.0039993499999995e+17
13780.0	1.0305272499999998e+17
13790.0	1.0436718999999997e+17
13800.0	1.1088317249999998e+17
13810.0	7.773743249999998e+16
13820.0	1.0829579249999998e+17
13830.0	7.290375249999998e+16
13840.0	1.0395921249999997e+17
13850.0	9.745505999999997e+16
13860.0	8.413741749999997e+16
13870.0	9.387454499999997e+16
13880.0	8.117448749999998e+16
13890.0	8.603604949999997e+16
13900.0	8.158456249999998e+16
13910.0	6.829504749999998e+16
13920.0	8.279060499999997e+16
13930.0	7.3738485e+16
13940.0	7.612618499999998e+16
13950.0	6.3074432499999976e+16
13960.0	7.720189249999998e+16
13970.0	6.9242382499999976e+16
13980.0	7.753086749999997e+16
13990.0	8.180489249999998e+16
14000.0	6.472332499999998e+16
14010.0	6.6829729999999976e+16
14020.0	8.055170749999997e+16
14030.0	7.695207749999997e+16
14040.0	5.475472499999998e+16
14050.0	5.897340299999999e+16
14060.0	9.907800249999997e+16
14070.0	7.097973249999998e+16
14080.0	5.550901999999998e+16
14090.0	6.924673499999998e+16
14100.0	7.286480249999998e+16
14110.0	7.758508999999998e+16
14120.0	6.3958194999999976e+16
14130.0	8.745185499999998e+16
14140.0	7.672818249999998e+16
14150.0	6.6312007499999976e+16
14160.0	6.2723679999999976e+16
14170.0	7.318627999999998e+16
14180.0	4.575993499999998e+16
14190.0	5.682082999999998e+16
14200.0	6.160721749999999e+16
14210.0	6.9755307499999976e+16
14220.0	5.6057507499999976e+16
14230.0	6.656726499999997e+16
14240.0	5.015915999999998e+16
14250.0	6.070913999999998e+16
14260.0	4.415999249999999e+16
14270.0	6.0283407499999976e+16
14280.0	6.519244999999998e+16
14290.0	4.598331249999999e+16
14300.0	7.61939525e+16
14310.0	7.049584749999998e+16
14320.0	6.476961749999999e+16
14330.0	7.276022249999998e+16
14340.0	5.872531499999998e+16
14350.0	8.090727999999998e+16
14360.0	6.628951249999998e+16
14370.0	6.446006e+16
14380.0	6.444641749999998e+16
14390.0	6.782420499999998e+16
14400.0	6.207054249999998e+16
14410.0	6.115099999999997e+16
14420.0	5.791514499999998e+16
14430.0	7.623610999999998e+16
14440.0	7.068826499999998e+16
14450.0	5.965522499999998e+16
14460.0	7.503421249999998e+16
14470.0	6.1897742499999976e+16
14480.0	6.367884749999998e+16
14490.0	7.791989499999998e+16
14500.0	7.136647749999999e+16
14510.0	5.155642999999998e+16
14520.0	8.823500749999997e+16
14530.0	7.162756499999997e+16
14540.0	6.2490219999999976e+16
14550.0	7.915018249999998e+16
14560.0	6.501090249999999e+16
14570.0	6.0764662499999976e+16
14580.0	8.576693999999997e+16
14590.0	8.300331249999998e+16
14600.0	8.0044545e+16
14610.0	8.266488999999997e+16
14620.0	6.632037499999998e+16
14630.0	5.107582749999998e+16
14640.0	7.951927749999998e+16
14650.0	7.412302999999998e+16
14660.0	7.652104249999998e+16
14670.0	7.990122499999997e+16
14680.0	5.910522749999998e+16
14690.0	5.485082999999999e+16
14700.0	7.759349499999998e+16
14710.0	7.382979999999998e+16
14720.0	8.134619749999997e+16
14730.0	7.676826749999998e+16
14740.0	6.1957752499999976e+16
14750.0	6.481163749999998e+16
14760.0	6.985246999999998e+16
14770.0	7.619777499999997e+16
14780.0	7.1686807499999976e+16
14790.0	8.055950249999998e+16
14800.0	7.144141249999999e+16
14810.0	8.235807499999998e+16
14820.0	6.089064499999998e+16
14830.0	7.553469749999998e+16
14840.0	9.239449499999998e+16
14850.0	6.854403249999998e+16
14860.0	6.854866499999999e+16
14870.0	8.605536999999997e+16
14880.0	6.725435499999999e+16
14890.0	7.349028749999997e+16
14900.0	7.219060999999998e+16
14910.0	8.294019749999997e+16
14920.0	7.765814249999998e+16
14930.0	7.263778249999998e+16
14940.0	7.0769042499999976e+16
14950.0	8.189345999999997e+16
14960.0	6.628632999999998e+16
14970.0	8.882115749999998e+16
14980.0	7.258414499999997e+16
14990.0	9.338540999999998e+16
15000.0	7.809798249999998e+16
15010.0	7.499273999999997e+16
15020.0	6.217667249999998e+16
15030.0	8.794061749999998e+16
15040.0	7.583206999999997e+16
15050.0	8.590862749999997e+16
15060.0	8.148991999999998e+16
15070.0	7.993862499999998e+16
15080.0	8.050408499999998e+16
15090.0	8.537734749999998e+16
15100.0	7.879075499999998e+16
15110.0	8.370895249999998e+16
15120.0	8.850875999999997e+16
15130.0	7.642114249999998e+16
15140.0	7.646890499999998e+16
15150.0	9.430033499999998e+16
15160.0	8.589318999999998e+16
15170.0	6.897128499999998e+16
15180.0	8.203977499999997e+16
15190.0	9.491344749999998e+16
15200.0	8.223805249999998e+16
15210.0	1.0181722249999998e+17
15220.0	8.662164749999997e+16
15230.0	1.0394024999999997e+17
15240.0	8.748496249999998e+16
15250.0	8.435797499999998e+16
15260.0	8.547297999999998e+16
15270.0	8.330881749999997e+16
15280.0	8.618519999999998e+16
15290.0	8.764240749999998e+16
15300.0	8.408472499999997e+16
15310.0	8.945414749999997e+16
15320.0	7.463110249999997e+16
15330.0	8.914010249999997e+16
15340.0	9.858516249999998e+16
15350.0	8.925961749999998e+16
15360.0	9.061292499999998e+16
15370.0	8.907039499999997e+16
15380.0	9.535587999999997e+16
15390.0	1.0101793749999997e+17
15400.0	8.591904249999998e+16
15410.0	8.792895499999998e+16
15420.0	9.745168249999997e+16
15430.0	8.912058499999998e+16
15440.0	8.197773749999998e+16
15450.0	8.944535749999998e+16
15460.0	9.483943999999998e+16
15470.0	9.232698499999997e+16
15480.0	9.277327249999997e+16
15490.0	8.612688999999998e+16
15500.0	1.0188991249999997e+17
15510.0	8.630975749999998e+16
15520.0	1.0059391999999997e+17
15530.0	9.417396249999998e+16
15540.0	1.0245202499999997e+17
15550.0	1.0005626249999997e+17
15560.0	9.650892499999997e+16
15570.0	9.462948999999998e+16
15580.0	8.943137249999998e+16
15590.0	1.0103382749999997e+17
15600.0	1.0311036999999998e+17
15610.0	9.472982499999998e+16
15620.0	1.0189634749999998e+17
15630.0	1.0334036249999998e+17
15640.0	1.0701946999999997e+17
15650.0	9.725059249999997e+16
15660.0	9.277235499999998e+16
15670.0	1.1172166249999998e+17
15680.0	1.0532900249999998e+17
15690.0	9.976881249999997e+16
15700.0	1.0375494499999997e+17
15710.0	1.0921759999999998e+17
15720.0	9.583004499999998e+16
15730.0	1.0001818749999997e+17
15740.0	1.0823090249999997e+17
15750.0	9.873643999999998e+16
15760.0	1.0726151499999995e+17
15770.0	1.1834089999999997e+17
15780.0	1.1205015999999998e+17
15790.0	1.1146934999999998e+17
15800.0	1.0653576499999995e+17
15810.0	1.1122034999999998e+17
15820.0	1.0550133499999998e+17
15830.0	1.0755916249999998e+17
15840.0	1.0054249749999998e+17
15850.0	1.0307959499999997e+17
15860.0	1.0965288499999998e+17
15870.0	1.1185943999999997e+17
15880.0	1.1093121999999997e+17
15890.0	1.1429789499999997e+17
15900.0	1.0478275999999998e+17
15910.0	1.1695772499999998e+17
15920.0	1.1500729999999997e+17
15930.0	1.0916406499999997e+17
15940.0	1.1403282499999997e+17
15950.0	1.1628694999999997e+17
15960.0	1.1735742499999997e+17
15970.0	1.1501552499999997e+17
15980.0	1.1000482499999997e+17
15990.0	1.0964067999999998e+17
16000.0	1.1725834499999997e+17
16010.0	1.0627020499999997e+17
16020.0	1.0899679499999997e+17
16030.0	1.1880564999999997e+17
16040.0	1.1498388249999997e+17
16050.0	1.0804612249999998e+17
16060.0	1.1132187499999997e+17
16070.0	1.1111678499999997e+17
16080.0	1.1185987999999998e+17
16090.0	1.1883082499999997e+17
16100.0	1.0697484999999998e+17
16110.0	1.1250494999999997e+17
16120.0	1.1590350249999995e+17
16130.0	1.1742089249999997e+17
16140.0	1.1138637499999997e+17
16150.0	1.1423527499999997e+17
16160.0	1.0409386249999998e+17
16170.0	1.1220535749999997e+17
16180.0	1.1825437999999997e+17
16190.0	1.0970703999999997e+17
16200.0	1.0612327999999997e+17
16210.0	1.1365507499999997e+17
16220.0	1.1306699999999997e+17
16230.0	1.0935510999999998e+17
16240.0	1.1296152499999997e+17
16250.0	1.0728695499999997e+17
16260.0	1.1456416499999997e+17
16270.0	1.1630772499999998e+17
16280.0	1.1811794999999997e+17
16290.0	1.0900949999999997e+17
16300.0	1.1637634999999998e+17
16310.0	1.1006162999999998e+17
16320.0	1.0992692499999998e+17
16330.0	1.1555849999999997e+17
16340.0	1.1276467499999997e+17
16350.0	1.0977042499999998e+17
16360.0	1.1437945999999998e+17
16370.0	1.1479124999999997e+17
16380.0	1.1473829999999997e+17
16390.0	1.1589819999999997e+17
16400.0	1.1819750249999995e+17
16410.0	1.0755406749999998e+17
16420.0	1.0502428499999998e+17
16430.0	1.0648632499999997e+17
16440.0	1.1546419999999997e+17
16450.0	1.1523789999999997e+17
16460.0	1.1586984999999998e+17
16470.0	1.1340709999999998e+17
16480.0	1.1350697499999998e+17
16490.0	1.1699349999999997e+17
16500.0	1.1772734999999998e+17
16510.0	1.1656742499999997e+17
16520.0	1.1037204499999997e+17
16530.0	1.0956218499999995e+17
16540.0	1.1755315499999997e+17
16550.0	1.1137164999999997e+17
16560.0	1.1672082499999997e+17
16570.0	1.1819984999999998e+17
16580.0	1.1469359999999998e+17
16590.0	1.1206287499999997e+17
16600.0	1.1588964999999997e+17
16610.0	1.0987407499999997e+17
16620.0	1.0857247999999998e+17
16630.0	1.1459792499999997e+17
16640.0	1.0982107499999997e+17
16650.0	1.1411279999999997e+17
16660.0	1.1603907499999997e+17
16670.0	1.1236539999999997e+17
16680.0	1.1151134999999998e+17
16690.0	1.1014466249999998e+17
16700.0	1.1192111249999997e+17
16710.0	1.1058079999999997e+17
16720.0	1.1116462499999997e+17
16730.0	1.1437784999999998e+17
16740.0	1.1496477499999997e+17
16750.0	1.1078569999999997e+17
16760.0	1.1211317499999997e+17
16770.0	1.0725065499999997e+17
16780.0	1.1206791499999997e+17
16790.0	1.1147872499999998e+17
16800.0	1.0940687499999997e+17
16810.0	1.1177425999999998e+17
16820.0	1.1124354499999997e+17
16830.0	1.1134444999999997e+17
16840.0	1.0947212499999997e+17
16850.0	1.0940732499999997e+17
16860.0	1.1379444999999997e+17
16870.0	1.1138939999999997e+17
16880.0	1.1047734999999998e+17
16890.0	1.0954859999999998e+17
16900.0	1.1199129999999997e+17
16910.0	1.1128972499999998e+17
16920.0	1.0414134749999998e+17
16930.0	1.0625672749999998e+17
16940.0	1.1120932499999997e+17
16950.0	1.0615647499999998e+17
16960.0	1.045681775e+17
16970.0	1.0048467749999997e+17
16980.0	1.0749633999999997e+17
16990.0	9.656390749999998e+16
17000.0	1.0244223749999998e+17
17010.0	9.241607749999998e+16
17020.0	1.0255195499999998e+17
17030.0	1.0027093249999997e+17
17040.0	1.0089606499999997e+17
17050.0	1.002945025e+17
17060.0	1.0343601499999997e+17
17070.0	9.875990749999998e+16
17080.0	9.444392749999997e+16
17090.0	8.975667749999997e+16
17100.0	1.0529087499999997e+17
17110.0	9.427771499999997e+16
17120.0	9.312253749999998e+16
17130.0	9.461995499999997e+16
17140.0	9.319665999999998e+16
17150.0	8.979530999999998e+16
17160.0	9.315757749999997e+16
17170.0	9.5236815e+16
17180.0	8.787735249999998e+16
17190.0	7.677678999999997e+16
17200.0	9.153515249999997e+16
17210.0	9.045705499999997e+16
17220.0	9.138934249999998e+16
17230.0	8.269269749999997e+16
17240.0	8.310035999999998e+16
17250.0	9.259589999999997e+16
17260.0	8.368534249999998e+16
17270.0	6.923274249999999e+16
17280.0	7.738807499999997e+16
17290.0	7.490482749999997e+16
17300.0	7.99071075e+16
17310.0	7.984473249999998e+16
17320.0	7.708791999999998e+16
17330.0	8.202843249999997e+16
17340.0	8.313018499999997e+16
17350.0	6.71526875e+16
17360.0	7.0914744999999976e+16
17370.0	5.906656749999999e+16
17380.0	8.498721499999997e+16
17390.0	7.987454249999998e+16
17400.0	7.317307249999998e+16
17410.0	6.121695999999999e+16
17420.0	6.546092499999998e+16
17430.0	7.158344499999999e+16
17440.0	6.9995417499999976e+16
17450.0	6.911815999999998e+16
17460.0	7.074254499999998e+16
17470.0	7.1025259999999976e+16
17480.0	6.949451749999998e+16
17490.0	7.047589499999998e+16
17500.0	7.9293675e+16
17510.0	6.771019e+16
17520.0	6.491092749999999e+16
17530.0	6.095655499999999e+16
17540.0	6.174986999999999e+16
17550.0	6.699511499999999e+16
17560.0	5.562322499999998e+16
17570.0	6.9082207499999976e+16
17580.0	5.490743499999998e+16
17590.0	5.81283875e+16
17600.0	6.632276249999998e+16
17610.0	6.305841749999998e+16
17620.0	6.405198749999998e+16
17630.0	4.757915999999998e+16
17640.0	6.832238499999999e+16
17650.0	6.31214275e+16
17660.0	7.966286999999997e+16
17670.0	5.774932499999998e+16
17680.0	3.5510239999999988e+16
17690.0	5.150501999999999e+16
17700.0	6.678869249999999e+16
17710.0	6.367346499999999e+16
17720.0	4.944820499999998e+16
17730.0	4.599326999999999e+16
17740.0	6.773875749999999e+16
17750.0	5.291510249999998e+16
17760.0	4.188408999999999e+16
17770.0	5.629108999999999e+16
17780.0	5.476216249999998e+16
17790.0	5.509003499999998e+16
17800.0	5.343007749999998e+16
17810.0	4.488030999999999e+16
17820.0	6.023624749999998e+16
17830.0	4.58049925e+16
17840.0	6.5808742499999976e+16
17850.0	5.139596499999999e+16
17860.0	4.799721499999999e+16
17870.0	4.726017999999999e+16
17880.0	4.699228499999998e+16
17890.0	5.017791999999998e+16
17900.0	6.029314999999999e+16
17910.0	3.460062549999999e+16
17920.0	4.180034149999998e+16
17930.0	4.985239999999999e+16
17940.0	4.49939025e+16
17950.0	4.440297749999998e+16
17960.0	4.206373749999998e+16
17970.0	5.058560249999999e+16
17980.0	5.195157249999998e+16
17990.0	4.844223749999999e+16
18000.0	3.2049672499999996e+16
18010.0	3.2709684999999996e+16
18020.0	4.429020249999999e+16
18030.0	4.717384999999998e+16
18040.0	6.027090999999998e+16
18050.0	5.160743999999998e+16
18060.0	3.487676499999999e+16
18070.0	3.830016999999999e+16
18080.0	3.431203249999999e+16
18090.0	3.448796249999999e+16
18100.0	5.024225749999998e+16
18110.0	2.7399946999999988e+16
18120.0	4.351017749999999e+16
18130.0	4.601023499999999e+16
18140.0	5.671823749999999e+16
18150.0	4.980852549999999e+16
18160.0	4.520711599999998e+16
18170.0	3.813076849999999e+16
18180.0	4.321934499999999e+16
18190.0	3.855640749999999e+16
18200.0	4.162735499999998e+16
18210.0	3.428331499999999e+16
18220.0	3.188895999999999e+16
18230.0	5.189335999999998e+16
18240.0	6.161103749999998e+16
18250.0	4.682559499999999e+16
18260.0	3.682451399999999e+16
18270.0	3.6264267e+16
18280.0	4.000691249999999e+16
18290.0	4.821935249999998e+16
18300.0	4.5089249999999976e+16
18310.0	4.210222999999998e+16
18320.0	4.613857999999999e+16
18330.0	4.123499749999998e+16
18340.0	5.089794499999998e+16
18350.0	4.169726499999999e+16
18360.0	4.828878749999999e+16
18370.0	5.401532249999998e+16
18380.0	4.093386499999998e+16
18390.0	3.974987999999998e+16
18400.0	3.965372749999998e+16
18410.0	5.073988999999998e+16
18420.0	3.355669499999999e+16
18430.0	4.564690499999998e+16
18440.0	3.940681999999998e+16
18450.0	3.790834999999999e+16
18460.0	3.508840499999999e+16
18470.0	2.728582249999999e+16
18480.0	3.2636932499999996e+16
18490.0	3.5701107499999988e+16
18500.0	3.707855249999999e+16
18510.0	4.4417877499999976e+16
18520.0	4.026636499999999e+16
18530.0	3.923258749999999e+16
18540.0	3.831249499999999e+16
18550.0	3.917100249999999e+16
18560.0	3.263848249999999e+16
18570.0	2.684960399999999e+16
18580.0	3.1135729999999996e+16
18590.0	3.3428012499999988e+16
18600.0	2.681657999999999e+16
18610.0	3.689625749999999e+16
18620.0	3.992117499999999e+16
18630.0	3.2750402499999988e+16
18640.0	3.2604349999999988e+16
18650.0	3.2241792499999996e+16
18660.0	4.511971749999998e+16
18670.0	3.841901499999999e+16
18680.0	2.4625572499999996e+16
18690.0	4.434817499999999e+16
18700.0	3.874406499999998e+16
18710.0	4.014728749999999e+16
18720.0	3.927794249999998e+16
18730.0	2.947114249999999e+16
18740.0	3.849192749999999e+16
18750.0	3.0418919999999996e+16
18760.0	4.085494749999998e+16
18770.0	3.851683499999999e+16
18780.0	3.969785749999999e+16
18790.0	3.0402332499999988e+16
18800.0	3.883063749999998e+16
18810.0	3.333320499999999e+16
18820.0	4.400411749999998e+16
18830.0	4.753017749999999e+16
18840.0	4.066139999999999e+16
18850.0	3.0255752499999996e+16
18860.0	4.107459749999999e+16
18870.0	3.4910379999999988e+16
18880.0	4.342716499999999e+16
18890.0	3.966837249999998e+16
18900.0	4.396618249999998e+16
18910.0	4.761305749999998e+16
18920.0	3.2116942499999988e+16
18930.0	3.669493249999998e+16
18940.0	4.387554999999999e+16
18950.0	4.3910305e+16
18960.0	4.039723499999999e+16
18970.0	4.317993249999999e+16
18980.0	3.641023499999999e+16
18990.0	4.504670999999999e+16
19000.0	3.856756249999999e+16
19010.0	3.4314184999999996e+16
19020.0	4.198010749999999e+16
19030.0	4.157411749999999e+16
19040.0	4.298709999999998e+16
19050.0	4.475254499999998e+16
19060.0	4.073929999999999e+16
19070.0	3.6575905e+16
19080.0	5.116206999999998e+16
19090.0	4.43145325e+16
19100.0	4.905218499999998e+16
19110.0	3.1829014999999996e+16
19120.0	4.557809249999998e+16
19130.0	4.530333999999999e+16
19140.0	3.921123999999999e+16
19150.0	5.434231749999999e+16
19160.0	3.658059499999998e+16
19170.0	3.873522999999998e+16
19180.0	4.425073249999998e+16
19190.0	5.3598742499999976e+16
19200.0	3.529778999999999e+16
19210.0	3.2492747499999988e+16
19220.0	4.470545249999999e+16
19230.0	4.077512999999998e+16
19240.0	3.3892682499999996e+16
19250.0	4.528491499999999e+16
19260.0	4.334097999999998e+16
19270.0	3.775243499999999e+16
19280.0	5.105426499999998e+16
19290.0	4.316898499999999e+16
19300.0	4.524855999999998e+16
19310.0	2.897999249999999e+16
19320.0	3.65791e+16
19330.0	3.712668e+16
19340.0	3.3844964999999988e+16
19350.0	4.395713999999999e+16
19360.0	3.661725999999999e+16
19370.0	4.386928749999998e+16
19380.0	3.5553509999999988e+16
19390.0	3.5577612499999996e+16
19400.0	3.3141112499999996e+16
19410.0	3.617431499999998e+16
19420.0	3.920034749999998e+16
19430.0	3.2960434999999988e+16
19440.0	3.817467499999999e+16
19450.0	2.801180499999999e+16
19460.0	2.7531512499999996e+16
19470.0	4.102874249999999e+16
19480.0	3.2394059999999988e+16
19490.0	3.172370749999999e+16
19500.0	3.933640249999998e+16
19510.0	3.4902052499999996e+16
19520.0	3.766181499999999e+16
19530.0	3.0237067499999988e+16
19540.0	3.921505749999999e+16
19550.0	2.9188134999999996e+16
19560.0	2.416053899999999e+16
19570.0	3.831107449999999e+16
19580.0	3.915355999999999e+16
19590.0	4.122845999999999e+16
19600.0	2.213147249999999e+16
19610.0	3.2242129999999988e+16
19620.0	3.618267499999999e+16
19630.0	3.955894749999998e+16
19640.0	3.875472499999999e+16
19650.0	3.762744499999998e+16
19660.0	4.346307749999999e+16
19670.0	4.562501499999999e+16
19680.0	3.58565075e+16
19690.0	3.470363249999999e+16
19700.0	3.549908499999999e+16
19710.0	3.5712692499999996e+16
19720.0	4.144736749999999e+16
19730.0	3.942525249999998e+16
19740.0	3.1861203499999988e+16
19750.0	3.731390249999998e+16
19760.0	2.662796749999999e+16
19770.0	3.647836749999998e+16
19780.0	3.0485244999999996e+16
19790.0	3.5310352499999984e+16
19800.0	3.3729877499999996e+16
19810.0	3.671326999999999e+16
19820.0	3.2740252499999996e+16
19830.0	3.805874749999999e+16
19840.0	3.618911749999999e+16
19850.0	3.1257732499999996e+16
19860.0	3.672628499999998e+16
19870.0	3.4372582499999996e+16
19880.0	3.1597797499999988e+16
19890.0	3.557993749999999e+16
19900.0	2.856606249999999e+16
19910.0	2.978244249999999e+16
19920.0	2.8726422499999988e+16
19930.0	3.847344249999998e+16
19940.0	4.242326499999999e+16
19950.0	3.2413412499999988e+16
19960.0	3.5644574999999988e+16
19970.0	3.202501999999999e+16
19980.0	3.149154999999999e+16
19990.0	3.716558749999999e+16
20000.0	3.094161499999999e+16
20010.0	2.9618089999999996e+16
20020.0	3.503740749999999e+16
20030.0	3.72111475e+16
20040.0	3.70613025e+16
20050.0	3.406577499999999e+16
20060.0	3.4104377499999988e+16
20070.0	3.10655075e+16
20080.0	4.710846499999999e+16
20090.0	2.987623749999999e+16
20100.0	3.776899499999998e+16
20110.0	3.3368924999999996e+16
20120.0	3.5200699999999988e+16
20130.0	3.740959249999999e+16
20140.0	3.271438499999999e+16
20150.0	3.725420249999999e+16
20160.0	3.2871479999999988e+16
20170.0	3.699643249999998e+16
20180.0	3.911138749999998e+16
20190.0	3.5801489999999996e+16
20200.0	2.801282499999999e+16
20210.0	3.882149999999998e+16
20220.0	3.786519749999999e+16
20230.0	3.737703499999998e+16
20240.0	4.845789249999999e+16
20250.0	3.742222499999999e+16
20260.0	2.822331e+16
20270.0	3.083424749999999e+16
20280.0	3.5842419999999988e+16
20290.0	3.154309499999999e+16
20300.0	3.6606555e+16
20310.0	2.7334929999999996e+16
20320.0	4.10910925e+16
20330.0	3.8972915e+16
20340.0	3.717876999999999e+16
20350.0	4.026819249999998e+16
20360.0	3.181391499999999e+16
20370.0	4.444493749999999e+16
20380.0	3.832496999999999e+16
20390.0	3.4576089999999988e+16
20400.0	3.5888089999999988e+16
20410.0	3.3943832499999996e+16
20420.0	4.219765999999998e+16
20430.0	4.535837249999999e+16
20440.0	3.1050227499999988e+16
20450.0	3.463122499999999e+16
20460.0	4.073530749999999e+16
20470.0	3.767469999999998e+16
20480.0	3.948070749999999e+16
20490.0	3.2788839999999996e+16
20500.0	3.661060749999999e+16
20510.0	4.662966749999998e+16
20520.0	4.11082825e+16
20530.0	3.786611499999999e+16
20540.0	3.931536249999999e+16
20550.0	3.3619835e+16
20560.0	3.275511499999999e+16
20570.0	4.293030499999999e+16
20580.0	4.659459749999999e+16
20590.0	3.737413999999999e+16
20600.0	4.335676999999999e+16
20610.0	3.422074999999999e+16
20620.0	4.092673499999999e+16
20630.0	4.064698249999999e+16
20640.0	3.265019999999999e+16
20650.0	3.931478249999999e+16
20660.0	3.933775999999998e+16
20670.0	3.966028749999998e+16
20680.0	3.85436475e+16
20690.0	3.861956249999998e+16
20700.0	4.091520749999998e+16
20710.0	4.427712749999999e+16
20720.0	4.140309499999998e+16
20730.0	4.115227249999999e+16
20740.0	3.688386749999999e+16
20750.0	4.145693749999999e+16
20760.0	4.047372249999998e+16
20770.0	3.763287999999998e+16
20780.0	3.884033999999999e+16
20790.0	4.213826999999998e+16
20800.0	3.978095499999999e+16
20810.0	3.629896999999999e+16
20820.0	4.124569999999998e+16
20830.0	4.034715249999999e+16
20840.0	4.307777249999999e+16
20850.0	3.961228999999999e+16
20860.0	4.215597499999999e+16
20870.0	3.625863499999998e+16
20880.0	4.340762249999998e+16
20890.0	4.099920249999999e+16
20900.0	3.865295249999999e+16
20910.0	4.385770499999999e+16
20920.0	4.121914499999999e+16
20930.0	4.427634499999999e+16
20940.0	3.712841999999999e+16
20950.0	4.047606249999999e+16
20960.0	4.243267499999998e+16
20970.0	3.874656749999998e+16
20980.0	4.686965249999999e+16
20990.0	4.146392499999999e+16
21000.0	4.077241499999999e+16
21010.0	4.280096249999999e+16
21020.0	4.163007499999998e+16
21030.0	3.829911499999999e+16
21040.0	4.280209999999999e+16
21050.0	4.170631249999998e+16
21060.0	4.149235249999998e+16
21070.0	4.241118249999999e+16
21080.0	4.307685749999998e+16
21090.0	3.8940265e+16
21100.0	4.366918749999999e+16
21110.0	4.534291249999998e+16
21120.0	3.903982499999998e+16
21130.0	3.985145249999999e+16
21140.0	4.214622249999998e+16
21150.0	4.109395249999999e+16
21160.0	4.083012999999998e+16
21170.0	4.185401999999998e+16
21180.0	4.305741999999999e+16
21190.0	4.025862999999998e+16
21200.0	4.335731249999999e+16
21210.0	4.171015749999999e+16
21220.0	3.942322249999998e+16
21230.0	4.480538749999998e+16
21240.0	4.266114249999998e+16
21250.0	4.007713999999999e+16
21260.0	4.350572999999998e+16
21270.0	4.276891249999998e+16
21280.0	4.291345999999999e+16
21290.0	4.06486575e+16
21300.0	4.351432249999998e+16
21310.0	4.140996749999999e+16
21320.0	4.34492425e+16
21330.0	4.233956999999998e+16
21340.0	4.336325999999998e+16
21350.0	4.4226989999999976e+16
21360.0	4.163543499999998e+16
21370.0	4.191885999999999e+16
21380.0	4.139348999999998e+16
21390.0	4.216881249999998e+16
21400.0	4.079392249999999e+16
21410.0	4.320726249999998e+16
21420.0	4.296721749999999e+16
21430.0	4.013755249999999e+16
21440.0	4.307429749999999e+16
21450.0	4.277162749999998e+16
21460.0	4.236430249999999e+16
21470.0	4.2091125e+16
21480.0	4.102555999999998e+16
21490.0	3.963517249999999e+16
21500.0	3.969516999999999e+16
21510.0	4.328532999999999e+16
21520.0	4.261099749999998e+16
21530.0	4.101333749999999e+16
21540.0	4.217363749999998e+16
21550.0	4.348934249999998e+16
21560.0	4.060835999999999e+16
21570.0	4.273259499999999e+16
21580.0	4.114653499999998e+16
21590.0	4.141988999999999e+16
21600.0	4.270329999999999e+16
21610.0	4.345456999999998e+16
21620.0	4.180252999999999e+16
21630.0	4.169895249999999e+16
21640.0	4.232935749999998e+16
21650.0	4.232167499999999e+16
21660.0	4.028111249999999e+16
21670.0	4.198969499999998e+16
21680.0	4.156823999999998e+16
21690.0	4.287308749999999e+16
21700.0	4.147429749999999e+16
21710.0	4.151907499999999e+16
21720.0	4.227826749999999e+16
21730.0	4.0437945e+16
21740.0	4.02195225e+16
21750.0	4.22544375e+16
21760.0	4.125726499999999e+16
21770.0	4.152008749999999e+16
21780.0	4.0141875e+16
21790.0	4.037724749999999e+16
21800.0	4.100252749999999e+16
21810.0	4.186856999999999e+16
21820.0	4.196977499999999e+16
21830.0	4.034036499999999e+16
21840.0	4.127856749999998e+16
21850.0	3.931925e+16
21860.0	4.078461499999999e+16
21870.0	4.173901499999999e+16
21880.0	4.065687249999998e+16
21890.0	4.138525249999998e+16
21900.0	4.102698499999999e+16
21910.0	4.197431749999999e+16
21920.0	4.082465249999998e+16
21930.0	3.975504999999999e+16
21940.0	4.012597749999999e+16
21950.0	4.086751249999999e+16
21960.0	4.210485249999999e+16
21970.0	4.094033749999998e+16
21980.0	3.978217749999999e+16
21990.0	4.039899499999999e+16
22000.0	4.16431575e+16
22010.0	3.946101749999999e+16
22020.0	4.197004249999998e+16
22030.0	3.930800249999998e+16
22040.0	3.886318999999999e+16
22050.0	4.057773249999999e+16
22060.0	3.905496499999998e+16
22070.0	4.053023249999999e+16
22080.0	4.024680499999999e+16
22090.0	3.988331999999999e+16
22100.0	4.012056749999998e+16
22110.0	3.938922499999999e+16
22120.0	4.052843499999998e+16
22130.0	4.056145749999998e+16
22140.0	4.178638499999999e+16
22150.0	3.812643749999999e+16
22160.0	4.087045499999999e+16
22170.0	3.976700999999998e+16
22180.0	4.000142999999999e+16
22190.0	3.868114249999999e+16
22200.0	3.633724749999999e+16
22210.0	3.781287999999999e+16
22220.0	3.901543249999999e+16
22230.0	3.802266999999999e+16
22240.0	3.966325499999998e+16
22250.0	4.031948499999999e+16
22260.0	3.929720249999999e+16
22270.0	4.040753499999998e+16
22280.0	3.623686749999999e+16
22290.0	4.000344749999998e+16
22300.0	3.749173999999999e+16
22310.0	4.042231499999998e+16
22320.0	4.048976749999999e+16
22330.0	3.837254499999999e+16
22340.0	3.995523749999999e+16
22350.0	3.899842249999999e+16
22360.0	3.631556749999999e+16
22370.0	3.91061475e+16
22380.0	3.943249249999998e+16
22390.0	3.5874299999999996e+16
22400.0	4.024822249999998e+16
22410.0	3.996911499999999e+16
22420.0	3.868861749999998e+16
22430.0	3.934542249999999e+16
22440.0	3.860954249999999e+16
22450.0	3.644414249999999e+16
22460.0	3.963199499999998e+16
22470.0	3.927065e+16
22480.0	3.963271749999999e+16
22490.0	3.9166335e+16
22500.0	3.875664749999999e+16
22510.0	3.954912249999998e+16
22520.0	3.917553249999998e+16
22530.0	3.687976249999999e+16
22540.0	3.860583499999999e+16
22550.0	3.768406999999998e+16
22560.0	3.793218249999999e+16
22570.0	3.915789749999999e+16
22580.0	3.686349999999999e+16
22590.0	3.867479499999999e+16
22600.0	3.787452999999998e+16
22610.0	3.812967749999999e+16
22620.0	3.731328999999998e+16
22630.0	3.460850249999999e+16
22640.0	3.697743249999998e+16
22650.0	3.782842749999999e+16
22660.0	3.725366999999999e+16
22670.0	3.865106749999998e+16
22680.0	3.801609249999999e+16
22690.0	3.754916499999999e+16
22700.0	3.549217999999999e+16
22710.0	3.733037499999999e+16
22720.0	3.714104999999999e+16
22730.0	3.836553749999999e+16
22740.0	3.728544749999998e+16
22750.0	3.823246249999999e+16
22760.0	3.696297999999998e+16
22770.0	3.805047249999998e+16
22780.0	3.765707249999999e+16
22790.0	3.4616419999999988e+16
22800.0	3.465809499999999e+16
22810.0	3.586490749999999e+16
22820.0	3.777962499999999e+16
22830.0	3.688668999999998e+16
22840.0	3.651900249999999e+16
22850.0	3.665080249999999e+16
22860.0	3.718548749999999e+16
22870.0	3.635991499999998e+16
22880.0	3.772426999999999e+16
22890.0	3.719108999999999e+16
22900.0	3.754570249999999e+16
22910.0	3.743889499999999e+16
22920.0	3.5437237499999996e+16
22930.0	3.707019999999999e+16
22940.0	2.4176304999999996e+16
22950.0	2.8482019999999988e+16
22960.0	2.980192749999999e+16
22970.0	3.073524999999999e+16
22980.0	3.4135104999999988e+16
22990.0	3.4357097499999996e+16
23000.0	3.0855742499999996e+16
23010.0	3.268512499999999e+16
23020.0	3.5210027499999988e+16
23030.0	3.0270149999999996e+16
23040.0	3.5226479999999988e+16
23050.0	2.9536176499999996e+16
23060.0	3.1205297499999988e+16
23070.0	3.0472041999999996e+16
23080.0	3.1935879999999984e+16
23090.0	3.458450749999999e+16
23100.0	3.3702657499999984e+16
23110.0	3.2967252499999996e+16
23120.0	3.4568769999999996e+16
23130.0	3.608116749999998e+16
23140.0	3.48034925e+16
23150.0	2.6384100999999988e+16
23160.0	3.4412667499999996e+16
23170.0	3.5347942499999996e+16
23180.0	3.3509512499999988e+16
23190.0	3.4518067499999996e+16
23200.0	3.3301644999999988e+16
23210.0	2.8863932499999996e+16
23220.0	3.299482e+16
23230.0	2.6366347499999988e+16
23240.0	2.552538999999999e+16
23250.0	2.5393332999999996e+16
23260.0	3.252989749999999e+16
23270.0	2.826698749999999e+16
23280.0	3.1172314999999988e+16
23290.0	3.1143262499999984e+16
23300.0	2.8884051999999996e+16
23310.0	3.094771999999999e+16
23320.0	3.2927369999999988e+16
23330.0	3.274871249999999e+16
23340.0	2.978001249999999e+16
23350.0	3.0432884999999996e+16
23360.0	3.0342014999999996e+16
23370.0	2.798377249999999e+16
23380.0	3.023200999999999e+16
23390.0	3.183515749999999e+16
23400.0	2.921032499999999e+16
23410.0	3.250795499999999e+16
23420.0	3.0224207499999988e+16
23430.0	3.3060182499999988e+16
23440.0	3.384814249999999e+16
23450.0	2.658397749999999e+16
23460.0	3.2891377499999988e+16
23470.0	2.9932854999999996e+16
23480.0	3.0316682499999996e+16
23490.0	3.2992642499999988e+16
23500.0	3.2714872499999988e+16
23510.0	2.986819999999999e+16
23520.0	2.977553e+16
23530.0	2.6053722499999988e+16
23540.0	2.856869749999999e+16
23550.0	2.996091499999999e+16
23560.0	2.8809109999999996e+16
23570.0	3.1982179999999996e+16
23580.0	2.8023052499999996e+16
23590.0	2.7294359999999996e+16
23600.0	3.217117749999999e+16
23610.0	2.6638972499999996e+16
23620.0	2.7023232499999996e+16
23630.0	2.616115249999999e+16
23640.0	2.880878999999999e+16
23650.0	3.068264249999999e+16
23660.0	3.0598984999999988e+16
23670.0	2.869632249999999e+16
23680.0	2.2558192499999996e+16
23690.0	3.129542749999999e+16
23700.0	2.9401984999999996e+16
23710.0	2.6756199999999996e+16
23720.0	3.2202169999999996e+16
23730.0	3.1565339999999988e+16
23740.0	2.6881252499999996e+16
23750.0	3.0471227499999988e+16
23760.0	2.762373499999999e+16
23770.0	2.763555999999999e+16
23780.0	2.5970317499999996e+16
23790.0	2.857916249999999e+16
23800.0	3.1033442499999996e+16
23810.0	2.3202316499999996e+16
23820.0	3.009430499999999e+16
23830.0	2.6690794999999996e+16
23840.0	2.644879999999999e+16
23850.0	3.0857052499999996e+16
23860.0	2.697863499999999e+16
23870.0	2.5015394999999996e+16
23880.0	2.302116249999999e+16
23890.0	2.9183169999999988e+16
23900.0	3.058005249999999e+16
23910.0	2.969644999999999e+16
23920.0	2.0438764999999996e+16
23930.0	2.378659499999999e+16
23940.0	2.854409999999999e+16
23950.0	2.654085499999999e+16
23960.0	2.5916699999999996e+16
23970.0	2.526239499999999e+16
23980.0	2.6075157499999996e+16
23990.0	3.020587999999999e+16
24000.0	2.868700999999999e+16
24010.0	2.3149749999999996e+16
24020.0	2.63028175e+16
24030.0	2.3597339999999996e+16
24040.0	2.804900749999999e+16
24050.0	2.658919249999999e+16
24060.0	2.7874814999999988e+16
24070.0	2.195225899999999e+16
24080.0	2.658492749999999e+16
24090.0	2.900707999999999e+16
24100.0	2.2963007499999996e+16
24110.0	2.705304999999999e+16
24120.0	2.564876499999999e+16
24130.0	2.647784999999999e+16
24140.0	2.3606002499999996e+16
24150.0	2.927873749999999e+16
24160.0	2.5763139999999996e+16
24170.0	2.528162999999999e+16
24180.0	2.1804727499999996e+16
24190.0	2.7020634999999996e+16
24200.0	2.377030999999999e+16
24210.0	2.659113249999999e+16
24220.0	1.975787999999999e+16
24230.0	2.472416249999999e+16
24240.0	2.709902249999999e+16
24250.0	2.274866999999999e+16
24260.0	2.3832917499999996e+16
24270.0	2.4491269999999996e+16
24280.0	2.316694249999999e+16
24290.0	2.6803732499999996e+16
24300.0	2.4290437499999996e+16
24310.0	1.9726132499999996e+16
24320.0	2.4574229999999996e+16
24330.0	2.4364009999999996e+16
24340.0	1.950226999999999e+16
24350.0	1.9631242499999996e+16
24360.0	2.2517122499999996e+16
24370.0	1.6684752499999994e+16
24380.0	2.149265499999999e+16
24390.0	2.5971057499999996e+16
24400.0	2.1220804999999996e+16
24410.0	2.128454599999999e+16
24420.0	2.325518999999999e+16
24430.0	2.242884749999999e+16
24440.0	1.7333909999999996e+16
24450.0	2.107369749999999e+16
24460.0	2.2323154999999996e+16
24470.0	2.2114337999999996e+16
24480.0	2.0624969999999996e+16
24490.0	2.332117499999999e+16
24500.0	2.3318337499999996e+16
24510.0	2.520769499999999e+16
24520.0	1.7687827749999996e+16
24530.0	1.8742730749999996e+16
24540.0	1.5143214999999996e+16
24550.0	2.0301387499999996e+16
24560.0	2.221624749999999e+16
24570.0	2.1787889999999996e+16
24580.0	2.3791044999999996e+16
24590.0	2.296282249999999e+16
24600.0	1.8745324999999996e+16
24610.0	1.5301093999999998e+16
24620.0	2.102072299999999e+16
24630.0	2.231893999999999e+16
24640.0	2.611548249999999e+16
24650.0	2.1241809999999996e+16
24660.0	1.7285512999999994e+16
24670.0	1.8901208999999996e+16
24680.0	1.2432511499999998e+16
24690.0	2.1723211499999996e+16
24700.0	2.0698127499999996e+16
24710.0	1.6843044999999998e+16
24720.0	1.9032372499999996e+16
24730.0	1.920655e+16
24740.0	1.2798405999999996e+16
24750.0	1.5228105999999996e+16
24760.0	1.7338963999999996e+16
24770.0	2.3464994999999996e+16
24780.0	2.1214910249999996e+16
24790.0	1.5964886749999996e+16
24800.0	2.1303447499999996e+16
24810.0	1.5912791999999998e+16
24820.0	1.6793521499999994e+16
24830.0	1.3966234999999998e+16
24840.0	2.0352698499999996e+16
24850.0	2.2227294999999996e+16
24860.0	2.077302999999999e+16
24870.0	1.9125869999999996e+16
24880.0	1.8336015749999996e+16
24890.0	1.4872805249999996e+16
24900.0	1.4740024999999996e+16
24910.0	1.4695579499999994e+16
24920.0	2.1440889999999996e+16
24930.0	1.6649351499999992e+16
24940.0	2.3365992499999996e+16
24950.0	2.1081077499999996e+16
24960.0	1.8253626499999996e+16
24970.0	1.7339129999999994e+16
24980.0	1.3820488499999998e+16
24990.0	1.977729749999999e+16
25000.0	2.119395e+16
25010.0	1.8697542499999996e+16
25020.0	1.888231499999999e+16
25030.0	1.4632822499999994e+16
25040.0	1.6441642749999996e+16
25050.0	1.5631124749999996e+16
25060.0	1.2192198499999996e+16
25070.0	1.4903509499999996e+16
25080.0	1.6186719999999994e+16
25090.0	2.0986769999999996e+16
25100.0	1.9353144999999996e+16
25110.0	1.6326459999999996e+16
25120.0	1.77506525e+16
25130.0	1.2718927999999996e+16
25140.0	1.7170962499999998e+16
25150.0	1.5151762499999998e+16
25160.0	1.5321727499999996e+16
25170.0	1.9960337499999996e+16
25180.0	1.7486862499999996e+16
25190.0	1.7348215749999996e+16
25200.0	1.7047545999999998e+16
25210.0	1.6136563249999994e+16
25220.0	1.5974873999999996e+16
25230.0	1.797984e+16
25240.0	1.3263755999999996e+16
25250.0	1.5508117499999998e+16
25260.0	1.5340930999999996e+16
25270.0	1.7016962499999994e+16
25280.0	1.4705147499999998e+16
25290.0	1.5374975499999996e+16
25300.0	1.6665214999999996e+16
25310.0	2.045657999999999e+16
25320.0	1.9773977499999996e+16
25330.0	1.0991259999999998e+16
25340.0	1.9544304999999996e+16
25350.0	1.6231999999999992e+16
25360.0	1.2640398499999996e+16
25370.0	1.7549041e+16
25380.0	1.7726492499999996e+16
25390.0	1.5098089999999996e+16
25400.0	1.893656249999999e+16
25410.0	1.6369454999999994e+16
25420.0	1.5655086499999996e+16
25430.0	1.4371024999999996e+16
25440.0	1.5572994999999996e+16
25450.0	1.8141479999999996e+16
25460.0	1.5555141999999998e+16
25470.0	1.7297968499999994e+16
25480.0	1.3664449749999996e+16
25490.0	1.5006566749999998e+16
25500.0	1.8124432499999996e+16
25510.0	1.6344724999999996e+16
25520.0	1.7783042499999998e+16
25530.0	1.1608278999999998e+16
25540.0	1.8576126999999996e+16
25550.0	1.6326903499999996e+16
25560.0	1.6713517999999996e+16
25570.0	1.6403515e+16
25580.0	1.9720734999999996e+16
25590.0	1.8240611999999996e+16
25600.0	1.4500613499999998e+16
25610.0	1.2696267749999996e+16
25620.0	1.8037662999999996e+16
25630.0	1.1982120249999998e+16
25640.0	1.3857744749999998e+16
25650.0	1.3809805499999996e+16
25660.0	1.4504589999999996e+16
25670.0	1.5066633749999996e+16
25680.0	1.5371714499999994e+16
25690.0	1.6562967499999994e+16
25700.0	1.5529392499999994e+16
25710.0	2.107408199999999e+16
25720.0	1.6567701499999996e+16
25730.0	1.8125079499999996e+16
25740.0	1.0167892e+16
25750.0	1.6571232499999998e+16
25760.0	1.4178838999999998e+16
25770.0	1.0267236499999996e+16
25780.0	1.4664822499999996e+16
25790.0	1.5124303e+16
25800.0	1.9826422499999996e+16
25810.0	1.6845467499999998e+16
25820.0	1.7037537499999998e+16
25830.0	1.2186370499999996e+16
25840.0	1.4934996999999996e+16
25850.0	1.5706942499999998e+16
25860.0	1.964920749999999e+16
25870.0	1.2432002499999998e+16
25880.0	1.4615811499999996e+16
25890.0	1.4527988499999998e+16
25900.0	1.4602506249999996e+16
25910.0	1.7076623749999994e+16
25920.0	1.7360411499999994e+16
25930.0	8894388999999997.0
25940.0	1.5358027249999992e+16
25950.0	1.4988496249999996e+16
25960.0	1.52872725e+16
25970.0	1.5876802499999996e+16
25980.0	1.1074751499999996e+16
25990.0	1.6317954999999994e+16
