# Flux units: erg / (cm m2 s)
# Wavelength units: Angstrom
wave	flux
7000.0	63143114999.999985
7010.0	64959259999.99998
7020.0	66609324999.99997
7030.0	68387957499.999985
7040.0	70219952499.99998
7050.0	72043254999.99997
7060.0	73946642499.99998
7070.0	75757114999.99998
7080.0	77799924999.99998
7090.0	79708674999.99997
7100.0	81658129999.99997
7110.0	83947632499.99997
7120.0	86142532499.99998
7130.0	88232729999.99998
7140.0	90330182499.99997
7150.0	92828147499.99997
7160.0	94948442499.99998
7170.0	96099422499.99997
7180.0	99445579999.99998
7190.0	102384974999.99998
7200.0	105044599999.99997
7210.0	107490999999.99997
7220.0	110115749999.99995
7230.0	112896049999.99997
7240.0	115534749999.99997
7250.0	118764949999.99998
7260.0	121505274999.99997
7270.0	124527874999.99997
7280.0	127286549999.99997
7290.0	130634649999.99998
7300.0	133469049999.99997
7310.0	136240474999.99994
7320.0	140058824999.99997
7330.0	143812399999.99997
7340.0	146854549999.99994
7350.0	149639749999.99997
7360.0	153845924999.99997
7370.0	156798649999.99994
7380.0	161348875000.0
7390.0	165385149999.99997
7400.0	169303349999.99997
7410.0	172494799999.99997
7420.0	176886424999.99997
7430.0	181308549999.99997
7440.0	185285924999.99994
7450.0	189563774999.99994
7460.0	194254774999.99997
7470.0	198684649999.99994
7480.0	203021449999.99994
7490.0	207965699999.99994
7500.0	212834649999.99997
7510.0	217568074999.99997
7520.0	222480699999.99997
7530.0	227553674999.99997
7540.0	232716024999.99988
7550.0	237998699999.9999
7560.0	243336225000.0
7570.0	248770599999.9999
7580.0	254204074999.9999
7590.0	259886824999.99994
7600.0	265553349999.9999
7610.0	271321249999.99994
7620.0	277083999999.99994
7630.0	282907949999.9999
7640.0	288387599999.9999
7650.0	292409624999.99994
7660.0	283636849999.99994
7670.0	270083774999.99997
7680.0	308539749999.99994
7690.0	315840399999.99994
7700.0	289685674999.9999
7710.0	327719349999.99994
7720.0	341581224999.99994
7730.0	350029899999.99994
7740.0	357854949999.99994
7750.0	365652999999.99994
7760.0	373446624999.9999
7770.0	381406824999.9999
7780.0	389440249999.9999
7790.0	397519349999.9998
7800.0	401122800000.0
7810.0	414175649999.9999
7820.0	422888249999.99994
7830.0	431648974999.9999
7840.0	440624124999.9999
7850.0	449684549999.9998
7860.0	458789074999.9999
7870.0	467995849999.99994
7880.0	477248599999.9999
7890.0	486799599999.9999
7900.0	496390399999.9999
7910.0	507068749999.9998
7920.0	517418949999.9998
7930.0	527621099999.9998
7940.0	538114024999.9998
7950.0	538968874999.9999
7960.0	559641124999.9999
7970.0	570863799999.9999
7980.0	581635324999.9998
7990.0	593436274999.9998
8000.0	604584249999.9999
8010.0	616862324999.9998
8020.0	628959724999.9998
8030.0	640578599999.9999
8040.0	653904074999.9999
8050.0	666237949999.9998
8060.0	679241799999.9999
8070.0	692034649999.9998
8080.0	705853324999.9998
8090.0	718172574999.9998
8100.0	730842549999.9998
8110.0	736786199999.9999
8120.0	757272149999.9999
8130.0	774740849999.9998
8140.0	784042324999.9999
8150.0	792132649999.9998
8160.0	819202674999.9998
8170.0	835159824999.9996
8180.0	837480274999.9999
8190.0	863755924999.9999
8200.0	880064899999.9999
8210.0	898404449999.9996
8220.0	915356224999.9998
8230.0	915217224999.9996
8240.0	941661749999.9999
8250.0	966277449999.9998
8260.0	982409074999.9998
8270.0	992663449999.9998
8280.0	1020402749999.9996
8290.0	1037103499999.9999
8300.0	1056839249999.9996
8310.0	1070380999999.9998
8320.0	1091692999999.9998
8330.0	1115130749999.9998
8340.0	1135118999999.9998
8350.0	1155808250000.0
8360.0	1174677749999.9995
8370.0	1195411249999.9998
8380.0	1216651749999.9998
8390.0	1235939499999.9998
8400.0	1256733749999.9998
8410.0	1283354749999.9995
8420.0	1306444749999.9998
8430.0	1327757249999.9995
8440.0	1349677749999.9998
8450.0	1372479499999.9998
8460.0	1395403749999.9995
8470.0	1414733249999.9998
8480.0	1445262999999.9998
8490.0	1469350499999.9998
8500.0	1497114249999.9998
8510.0	1522599999999.9995
8520.0	1547390499999.9998
8530.0	1574416749999.9995
8540.0	1598879749999.9998
8550.0	1628051999999.9995
8560.0	1655421749999.9995
8570.0	1682932499999.9998
8580.0	1711327249999.9993
8590.0	1739160750000.0
8600.0	1768542249999.9995
8610.0	1797412749999.9998
8620.0	1825354249999.9993
8630.0	1855228999999.9995
8640.0	1884062249999.9998
8650.0	1913857999999.9993
8660.0	1949524749999.9993
8670.0	1981181750000.0
8680.0	2013038249999.9998
8690.0	2046361499999.9998
8700.0	2077390749999.9998
8710.0	2112269749999.9998
8720.0	2145929749999.999
8730.0	2181234499999.9995
8740.0	2213085000000.0
8750.0	2251322749999.9995
8760.0	2287309249999.9995
8770.0	2323168499999.9995
8780.0	2360884000000.0
8790.0	2397381999999.9995
8800.0	2435692999999.9995
8810.0	2471959249999.999
8820.0	2511928999999.999
8830.0	2551301499999.9995
8840.0	2585315000000.0
8850.0	2631369999999.999
8860.0	2668874499999.9995
8870.0	2713357249999.9995
8880.0	2752907000000.0
8890.0	2795847749999.9995
8900.0	2837821249999.9995
8910.0	2849764499999.9995
8920.0	2874988749999.9995
8930.0	2931277999999.999
8940.0	2992953999999.9995
8950.0	3054437499999.999
8960.0	3093718499999.9995
8970.0	2965574749999.9995
8980.0	3182279749999.9995
8990.0	3043253749999.999
9000.0	3286190999999.9995
9010.0	3245738749999.999
9020.0	3392963749999.999
9030.0	3438512499999.9995
9040.0	3487737999999.9985
9050.0	3535887249999.9995
9060.0	3590629499999.9985
9070.0	3644493249999.999
9080.0	3693312499999.9995
9090.0	3735066499999.999
9100.0	3788937499999.9995
9110.0	3858382249999.9995
9120.0	3922879249999.9995
9130.0	3975571749999.9995
9140.0	4028110999999.999
9150.0	4044791250000.0
9160.0	4081890999999.9985
9170.0	4161671749999.999
9180.0	4259979749999.999
9190.0	4283652999999.998
9200.0	4303555749999.998
9210.0	4387730249999.9985
9220.0	4479925749999.998
9230.0	4577746499999.999
9240.0	4641216749999.999
9250.0	4657519999999.999
9260.0	4605155750000.0
9270.0	4668856499999.998
9280.0	4567038499999.999
9290.0	4281148249999.998
9300.0	4868593249999.999
9310.0	4308554999999.999
9320.0	5102273249999.998
9330.0	4739259999999.999
9340.0	4205400999999.999
9350.0	4132077399999.999
9360.0	4342948249999.999
9370.0	4159179174999.999
9380.0	5381530024999.999
9390.0	5520847499999.999
9400.0	5658307999999.999
9410.0	5729990999999.999
9420.0	5741352499999.999
9430.0	5951166249999.999
9440.0	6049025249999.998
9450.0	6092317499999.999
9460.0	5976623250000.0
9470.0	5080569499999.999
9480.0	6205862249999.998
9490.0	6292068499999.998
9500.0	5048610499999.999
9510.0	6423240499999.999
9520.0	6385743249999.998
9530.0	6442064249999.998
9540.0	6843501249999.998
9550.0	6805958249999.999
9560.0	5828173249999.999
9570.0	7009704749999.998
9580.0	7069993999999.998
9590.0	7294840749999.999
9600.0	6506016249999.998
9610.0	7507078749999.998
9620.0	6374833999999.999
9630.0	7656815999999.999
9640.0	7487640999999.999
9650.0	7614161499999.998
9660.0	7893919749999.997
9670.0	7914836249999.997
9680.0	8213181749999.998
9690.0	8254684999999.998
9700.0	8393876499999.999
9710.0	8439953749999.997
9720.0	8388096249999.998
9730.0	8531283749999.998
9740.0	8665009249999.999
9750.0	8587409249999.996
9760.0	8993023249999.996
9770.0	9117816999999.998
9780.0	9258260249999.996
9790.0	9279481999999.998
9800.0	9248344249999.996
9810.0	9562549249999.998
9820.0	9755950749999.998
9830.0	9855742249999.996
9840.0	9965636249999.996
9850.0	10023150250000.0
9860.0	10062549249999.998
9870.0	10331799999999.996
9880.0	10303206999999.998
9890.0	10474900999999.996
9900.0	10683884999999.998
9910.0	10888609999999.998
9920.0	10954554999999.998
9930.0	11088082499999.996
9940.0	11124222499999.996
9950.0	11400502499999.996
9960.0	11490969999999.996
9970.0	11677119999999.998
9980.0	11805504999999.998
9990.0	11917932499999.998
10000.0	12028562499999.998
10010.0	12176772500000.0
10020.0	12338369999999.996
10030.0	12472962499999.994
10040.0	12575804999999.996
10050.0	12774077499999.998
10060.0	12907034999999.996
10070.0	13058282499999.998
10080.0	13159014999999.996
10090.0	13329439999999.996
10100.0	13503137500000.0
10110.0	13638187499999.994
10120.0	13768862499999.998
10130.0	13941447499999.996
10140.0	14095709999999.996
10150.0	14256084999999.996
10160.0	14412177499999.998
10170.0	14570747499999.996
10180.0	14706759999999.996
10190.0	14884754999999.998
10200.0	15048467499999.994
10210.0	15209594999999.998
10220.0	15374097499999.998
10230.0	15540142499999.994
10240.0	15702554999999.996
10250.0	15863139999999.994
10260.0	16036247499999.998
10270.0	16213154999999.996
10280.0	16384639999999.994
10290.0	16557104999999.996
10300.0	16731692499999.998
10310.0	16903022499999.998
10320.0	17066592499999.998
10330.0	17254987499999.994
10340.0	17440809999999.994
10350.0	17619112499999.996
10360.0	17805707499999.996
10370.0	17989607499999.992
10380.0	18170730000000.0
10390.0	18357537499999.996
10400.0	18549607499999.992
10410.0	18736445000000.0
10420.0	18930489999999.996
10430.0	19119932499999.992
10440.0	19313214999999.992
10450.0	19506725000000.0
10460.0	19704904999999.996
10470.0	19904414999999.996
10480.0	20105830000000.0
10490.0	20305634999999.996
10500.0	20495024999999.996
10510.0	20714509999999.992
10520.0	20913860000000.0
10530.0	21119222499999.996
10540.0	21339369999999.992
10550.0	21548729999999.992
10560.0	21761132499999.992
10570.0	21977544999999.992
10580.0	22190972499999.992
10590.0	22396092499999.996
10600.0	22490902499999.992
10610.0	22846817500000.0
10620.0	23053789999999.996
10630.0	23348487499999.992
10640.0	23589672499999.992
10650.0	23802607499999.996
10660.0	24044969999999.992
10670.0	24172697499999.996
10680.0	24430004999999.992
10690.0	24731759999999.996
10700.0	24879574999999.99
10710.0	25186919999999.992
10720.0	25411517499999.992
10730.0	25694142499999.992
10740.0	25886912499999.996
10750.0	26180452499999.996
10760.0	26427827499999.99
10770.0	26623159999999.996
10780.0	26741659999999.99
10790.0	27155554999999.992
10800.0	27351647499999.996
10810.0	27672197499999.992
10820.0	27926989999999.992
10830.0	28188112499999.992
10840.0	28432007499999.992
10850.0	28709064999999.984
10860.0	28951532499999.996
10870.0	29085864999999.996
10880.0	29494072499999.996
10890.0	29755457499999.992
10900.0	29774804999999.99
10910.0	30214577499999.992
10920.0	30373169999999.996
10930.0	30478804999999.992
10940.0	30694199999999.996
10950.0	31164092499999.996
10960.0	31125664999999.992
10970.0	31352572499999.992
10980.0	30784239999999.996
10990.0	31081887499999.996
11000.0	32469874999999.992
11010.0	29652704999999.99
11020.0	32458794999999.992
11030.0	30434637499999.99
11040.0	33197849999999.996
11050.0	33054287499999.992
11060.0	33499877499999.996
11070.0	33595144999999.992
11080.0	33979367499999.99
11090.0	35350967499999.99
11100.0	35478267499999.99
11110.0	35067899999999.992
11120.0	35808767499999.99
11130.0	35730357499999.984
11140.0	35993754999999.99
11150.0	28682867999999.99
11160.0	32149624999999.992
11170.0	31228594999999.99
11180.0	36951667499999.99
11190.0	32352867499999.996
11200.0	25140894999999.992
11210.0	37187317999999.99
11220.0	31882637124999.99
11230.0	37603038874999.99
11240.0	31847717999999.996
11250.0	32395762499999.996
11260.0	34962247499999.99
11270.0	32957842499999.996
11280.0	40297362499999.99
11290.0	41294959999999.99
11300.0	40668092499999.99
11310.0	37715857500000.0
11320.0	42476884999999.99
11330.0	42510399999999.99
11340.0	41310242499999.99
11350.0	28093992999999.996
11360.0	39554829999999.99
11370.0	43223654999999.984
11380.0	42967072499999.984
11390.0	44078839999999.99
11400.0	45324109999999.984
11410.0	44900177499999.99
11420.0	39954687499999.99
11430.0	43280357499999.99
11440.0	40013694999999.99
11450.0	45085464999999.99
11460.0	44484050000000.0
11470.0	47421136749999.99
11480.0	37999522249999.99
11490.0	46550794999999.99
11500.0	32643671999999.996
11510.0	49764519999999.984
11520.0	50171849999999.984
11530.0	49806644999999.99
11540.0	46608690000000.0
11550.0	46599937499999.99
11560.0	50850807499999.99
11570.0	46511667499999.99
11580.0	47777824999999.99
11590.0	52839567499999.99
11600.0	45181742249999.984
11610.0	52300364249999.984
11620.0	54278672499999.98
11630.0	53405542499999.99
11640.0	40020283999999.984
11650.0	53106369999999.99
11660.0	47867444999999.99
11670.0	55848997499999.984
11680.0	56170262499999.984
11690.0	55211972500000.0
11700.0	51065497499999.99
11710.0	56001017499999.99
11720.0	58450992499999.99
11730.0	45218941499999.99
11740.0	55564559999999.99
11750.0	57934517499999.99
11760.0	59764564999999.98
11770.0	60356584999999.99
11780.0	58806107499999.99
11790.0	61586889999999.984
11800.0	59899142499999.99
11810.0	60817804999999.984
11820.0	58152154999999.99
11830.0	63566802499999.99
11840.0	63940332499999.99
11850.0	60387419999999.99
11860.0	62910174999999.984
11870.0	64636267499999.984
11880.0	65495894999999.98
11890.0	66155502499999.99
11900.0	66508229999999.984
11910.0	67584544999999.99
11920.0	67873472499999.99
11930.0	68557077499999.99
11940.0	68328959999999.99
11950.0	69576947499999.984
11960.0	69851939999999.984
11970.0	70411017499999.98
11980.0	68527339999999.99
11990.0	68524139999999.984
12000.0	72161157499999.98
12010.0	72728689999999.98
12020.0	71919689999999.97
12030.0	73188212499999.97
12040.0	72987902499999.97
12050.0	74787884999999.97
12060.0	75291687499999.97
12070.0	75688639999999.97
12080.0	76254147499999.98
12090.0	76538064999999.97
12100.0	77339817499999.98
12110.0	77838292499999.97
12120.0	77181527500000.0
12130.0	78477909999999.98
12140.0	78034399999999.98
12150.0	79023109999999.98
12160.0	80567622499999.98
12170.0	81282927499999.98
12180.0	81573552499999.98
12190.0	82454467499999.97
12200.0	82184485000000.0
12210.0	83411774999999.98
12220.0	83603024999999.98
12230.0	84455132499999.97
12240.0	84676149999999.97
12250.0	85763464999999.97
12260.0	86282229999999.98
12270.0	86945224999999.95
12280.0	87306937499999.98
12290.0	86914974999999.98
12300.0	88648512499999.98
12310.0	88613214999999.98
12320.0	89772807499999.98
12330.0	90080314999999.98
12340.0	91136617499999.98
12350.0	91808759999999.97
12360.0	92305964999999.98
12370.0	92658862499999.98
12380.0	93606472499999.97
12390.0	94043599999999.97
12400.0	94773489999999.97
12410.0	95304989999999.98
12420.0	96023749999999.97
12430.0	96593642499999.98
12440.0	97306837499999.97
12450.0	97944719999999.98
12460.0	98435852499999.98
12470.0	99087789999999.98
12480.0	99819172499999.97
12490.0	100381174999999.95
12500.0	101012599999999.97
12510.0	101671999999999.97
12520.0	102376599999999.97
12530.0	103044949999999.97
12540.0	102263919999999.98
12550.0	104298449999999.95
12560.0	104942674999999.98
12570.0	105603249999999.98
12580.0	106359474999999.98
12590.0	106911974999999.98
12600.0	107547824999999.97
12610.0	108336799999999.98
12620.0	108993799999999.97
12630.0	109654724999999.98
12640.0	110306449999999.98
12650.0	111013224999999.98
12660.0	111583599999999.98
12670.0	112182749999999.95
12680.0	113058174999999.98
12690.0	113815449999999.98
12700.0	114388199999999.98
12710.0	114512424999999.98
12720.0	114916399999999.97
12730.0	116302799999999.97
12740.0	116770774999999.95
12750.0	117978049999999.95
12760.0	118085174999999.98
12770.0	119447124999999.97
12780.0	120067874999999.95
12790.0	120788374999999.98
12800.0	121013024999999.97
12810.0	121808324999999.98
12820.0	122872000000000.0
12830.0	121811049999999.97
12840.0	124294424999999.98
12850.0	122680199999999.98
12860.0	125892999999999.97
12870.0	126243399999999.97
12880.0	127357549999999.95
12890.0	127560024999999.97
12900.0	127801875000000.0
12910.0	128247549999999.95
12920.0	128444724999999.97
12930.0	130003274999999.94
12940.0	131060949999999.95
12950.0	124336299999999.98
12960.0	126811524999999.97
12970.0	132672974999999.97
12980.0	134717824999999.97
12990.0	129852124999999.97
13000.0	136356574999999.95
13010.0	136678749999999.97
13020.0	137691449999999.94
13030.0	134392924999999.98
13040.0	138632849999999.98
13050.0	140039599999999.97
13060.0	141164749999999.97
13070.0	140225274999999.97
13080.0	142269124999999.97
13090.0	141394574999999.94
13100.0	143607024999999.97
13110.0	144853324999999.94
13120.0	143403849999999.94
13130.0	145638624999999.97
13140.0	143533599999999.97
13150.0	146136924999999.97
13160.0	145244874999999.97
13170.0	149332524999999.94
13180.0	150100274999999.97
13190.0	142118524999999.97
13200.0	150979399999999.97
13210.0	151773674999999.94
13220.0	153722199999999.97
13230.0	129480254999999.97
13240.0	152546574999999.97
13250.0	155275599999999.97
13260.0	153012974999999.97
13270.0	155586374999999.97
13280.0	155131774999999.97
13290.0	152129724999999.97
13300.0	160031599999999.97
13310.0	157095974999999.97
13320.0	146705124999999.97
13330.0	155784699999999.94
13340.0	157352774999999.97
13350.0	129203229999999.95
13360.0	151041007499999.94
13370.0	108564987499999.97
13380.0	116526292499999.97
13390.0	129136819999999.97
13400.0	153779352499999.97
13410.0	145379425000000.0
13420.0	105230554999999.95
13430.0	155462174999999.97
13440.0	125853949499999.97
13450.0	104759366499999.98
13460.0	161442724000000.0
13470.0	127153567999999.97
13480.0	129773204999999.98
13490.0	131675479999999.97
13500.0	130038486124999.98
13510.0	123696575874999.98
13520.0	80723407999999.97
13530.0	149165259999999.94
13540.0	89966597999999.98
13550.0	92151891419999.97
13560.0	130273350999999.95
13570.0	132474200000000.0
13580.0	111121322999999.97
13590.0	87607181399999.98
13600.0	159687649999999.97
13610.0	148095137499999.97
13620.0	92944821499999.98
13630.0	69633282249999.99
13640.0	140368213349999.98
13650.0	118274315000000.0
13660.0	143399649999999.97
13670.0	126847379999999.97
13680.0	112066037899999.98
13690.0	121126335299999.95
13700.0	117320054499999.97
13710.0	135959702499999.95
13720.0	141704564999999.97
13730.0	186859599999999.97
13740.0	86243978999999.97
13750.0	107839909999999.97
13760.0	129956924999999.98
13770.0	143203124999999.97
13780.0	179805099999999.94
13790.0	189866599999999.97
13800.0	192414204999999.94
13810.0	105856764999999.97
13820.0	194396964999999.9
13830.0	129328571999999.98
13840.0	168060949999999.94
13850.0	170591852499999.97
13860.0	134594234649999.94
13870.0	161250787449999.97
13880.0	151418219999999.94
13890.0	140684592599999.97
13900.0	165005474999999.94
13910.0	124037439999999.98
13920.0	177585149999999.97
13930.0	162053681999999.97
13940.0	172289494999999.94
13950.0	125144427239999.95
13960.0	127113900224999.97
13970.0	131574511574999.97
13980.0	159190279999999.97
13990.0	208363654999999.97
14000.0	128167255249999.98
14010.0	152002425749999.94
14020.0	181895939999999.94
14030.0	176025244999999.97
14040.0	99426009249999.97
14050.0	115598662229999.95
14060.0	186707999999999.94
14070.0	162550485000000.0
14080.0	113592219999999.97
14090.0	180738532499999.97
14100.0	154493552499999.97
14110.0	227891724999999.94
14120.0	143144687499999.97
14130.0	187762412500000.0
14140.0	208611605724999.97
14150.0	162826512574999.97
14160.0	134018176499999.98
14170.0	207563822999999.9
14180.0	88806544999999.98
14190.0	143337787999999.97
14200.0	141928359649999.97
14210.0	165898233749999.97
14220.0	148466874999999.97
14230.0	144221761499999.97
14240.0	126917035499999.97
14250.0	170913349749999.97
14260.0	117405506999999.98
14270.0	170322608749999.97
14280.0	116645080250000.0
14290.0	132911336499999.97
14300.0	198820007749999.97
14310.0	177711464000000.0
14320.0	217367399999999.94
14330.0	164410489999999.94
14340.0	182025204999999.94
14350.0	213440839999999.94
14360.0	185107069999999.94
14370.0	217774399999999.97
14380.0	154693277999999.97
14390.0	156011966749999.97
14400.0	193622620249999.97
14410.0	176303397499999.97
14420.0	169308187499999.97
14430.0	237536849999999.97
14440.0	208485427499999.97
14450.0	190137244999999.97
14460.0	179424387499999.97
14470.0	233002324999999.94
14480.0	215073099999999.97
14490.0	262850249999999.9
14500.0	232452941499999.94
14510.0	126245045499999.98
14520.0	260572674999999.94
14530.0	246254674999999.94
14540.0	201354749999999.94
14550.0	202107224999999.94
14560.0	208154760999999.9
14570.0	248749699999999.94
14580.0	275333474999999.9
14590.0	263597999999999.94
14600.0	274433749999999.97
14610.0	270516499999999.94
14620.0	222022154999999.9
14630.0	165304444999999.97
14640.0	282608499999999.94
14650.0	214609984999999.9
14660.0	203070339999999.97
14670.0	248152969999999.94
14680.0	229195299999999.94
14690.0	212999124999999.94
14700.0	278596624999999.94
14710.0	266313349999999.94
14720.0	283161942499999.94
14730.0	219708047499999.9
14740.0	250035899999999.97
14750.0	247521099999999.94
14760.0	212686249999999.9
14770.0	282548324999999.94
14780.0	292808799999999.9
14790.0	260691749999999.94
14800.0	276774424999999.94
14810.0	299994150000000.0
14820.0	283380624999999.94
14830.0	219597674999999.97
14840.0	308782774999999.94
14850.0	285283424999999.94
14860.0	270185249999999.94
14870.0	302280974999999.94
14880.0	275635999999999.9
14890.0	295639549999999.94
14900.0	240524489999999.97
14910.0	273400487499999.88
14920.0	249175887499999.94
14930.0	313857024999999.94
14940.0	292807674999999.94
14950.0	335155874999999.9
14960.0	301797524999999.94
14970.0	319479704999999.94
14980.0	177003789999999.97
14990.0	335856124999999.94
15000.0	333521724999999.94
15010.0	289366810000000.0
15020.0	264579249999999.94
15030.0	338054399999999.9
15040.0	307572124999999.94
15050.0	319775449999999.9
15060.0	346686199999999.9
15070.0	319679549999999.94
15080.0	335420199999999.9
15090.0	326151574999999.9
15100.0	327918999999999.9
15110.0	306901674999999.9
15120.0	355060499999999.9
15130.0	344231425000000.0
15140.0	323551949999999.94
15150.0	347599849999999.94
15160.0	357205999999999.94
15170.0	337499899999999.9
15180.0	355384599999999.94
15190.0	349129124999999.94
15200.0	356733824999999.94
15210.0	370461624999999.94
15220.0	340722849999999.94
15230.0	376574624999999.94
15240.0	370118799999999.9
15250.0	350947624999999.9
15260.0	373663674999999.94
15270.0	356648899999999.94
15280.0	343195699999999.9
15290.0	379049124999999.94
15300.0	340572225000000.0
15310.0	381286724999999.8
15320.0	343962799999999.94
15330.0	386298299999999.94
15340.0	392137549999999.9
15350.0	374514374999999.94
15360.0	385866624999999.9
15370.0	391225674999999.94
15380.0	394031249999999.9
15390.0	397041299999999.94
15400.0	393944949999999.9
15410.0	401934049999999.94
15420.0	395911899999999.9
15430.0	404135499999999.9
15440.0	395532524999999.94
15450.0	403502249999999.9
15460.0	409639399999999.94
15470.0	405539674999999.9
15480.0	412395775000000.0
15490.0	409475774999999.9
15500.0	413492249999999.9
15510.0	411590399999999.94
15520.0	415488499999999.94
15530.0	417636149999999.9
15540.0	421624874999999.75
15550.0	414368624999999.9
15560.0	423970949999999.94
15570.0	421700074999999.94
15580.0	424346749999999.9
15590.0	429666374999999.9
15600.0	425577100000000.0
15610.0	426900149999999.8
15620.0	432039349999999.94
15630.0	427380749999999.9
15640.0	435717949999999.94
15650.0	432540774999999.94
15660.0	439902924999999.94
15670.0	443176224999999.9
15680.0	444223949999999.8
15690.0	440977149999999.94
15700.0	448050699999999.8
15710.0	448161849999999.94
15720.0	433953449999999.9
15730.0	449604649999999.8
15740.0	452138649999999.9
15750.0	450920224999999.9
15760.0	457115599999999.9
15770.0	459595199999999.8
15780.0	458939399999999.94
15790.0	458783899999999.9
15800.0	462969649999999.9
15810.0	461318949999999.94
15820.0	466366699999999.8
15830.0	466420699999999.9
15840.0	469680024999999.9
15850.0	470977524999999.8
15860.0	471337849999999.9
15870.0	471169624999999.9
15880.0	475722274999999.8
15890.0	477474749999999.9
15900.0	477613899999999.9
15910.0	478660624999999.75
15920.0	481016524999999.9
15930.0	483284999999999.9
15940.0	485680324999999.9
15950.0	486885174999999.9
15960.0	486399824999999.94
15970.0	488794974999999.9
15980.0	490235174999999.9
15990.0	493089724999999.8
16000.0	495022949999999.8
16010.0	495908999999999.8
16020.0	498196424999999.9
16030.0	494787425000000.0
16040.0	501361299999999.8
16050.0	502633899999999.9
16060.0	503588449999999.9
16070.0	505043949999999.94
16080.0	506992199999999.9
16090.0	508747199999999.8
16100.0	507184374999999.9
16110.0	512098224999999.8
16120.0	514133950000000.0
16130.0	513782149999999.9
16140.0	516833099999999.94
16150.0	517288099999999.9
16160.0	518951574999999.94
16170.0	520426125000000.06
16180.0	523450699999999.9
16190.0	525200699999999.9
16200.0	526260199999999.94
16210.0	520225799999999.8
16220.0	528633099999999.9
16230.0	523211099999999.9
16240.0	484556599999999.9
16250.0	532583399999999.9
16260.0	467553950000000.0
16270.0	532292124999999.8
16280.0	447059474999999.94
16290.0	526596174999999.9
16300.0	528879949999999.9
16310.0	528074949999999.8
16320.0	540051149999999.9
16330.0	393615624999999.94
16340.0	498313024999999.94
16350.0	452386132499999.9
16360.0	535735622499999.9
16370.0	553768474999999.94
16380.0	550222274999999.8
16390.0	545253049999999.9
16400.0	551755824999999.8
16410.0	559419174999999.9
16420.0	550283374999999.94
16430.0	554294799999999.9
16440.0	566337775000000.0
16450.0	559221299999999.9
16460.0	556520724999999.8
16470.0	564081349999999.8
16480.0	536551399999999.94
16490.0	540022324999999.9
16500.0	562706949999999.9
16510.0	567907699999999.9
16520.0	578697899999999.9
16530.0	580797474999999.9
16540.0	582606324999999.9
16550.0	553960224999999.9
16560.0	531366900000000.0
16570.0	498913674999999.94
16580.0	588844399999999.9
16590.0	570950925000000.0
16600.0	582875074999999.9
16610.0	587132800000000.0
16620.0	578923124999999.9
16630.0	583462874999999.8
16640.0	595551399999999.9
16650.0	582416852500000.0
16660.0	399873727499999.9
16670.0	400773284999999.94
16680.0	405595579999999.9
16690.0	581538499999999.9
16700.0	580938474999999.9
16710.0	601908224999999.8
16720.0	587936774999999.8
16730.0	591413849999999.9
16740.0	613992324999999.8
16750.0	604596349999999.9
16760.0	618169124999999.9
16770.0	594559474999999.9
16780.0	492961224999999.75
16790.0	612320099999999.8
16800.0	624103649999999.9
16810.0	535142649999999.9
16820.0	590908849999999.9
16830.0	622586799999999.9
16840.0	555469924999999.9
16850.0	602243374999999.9
16860.0	622550899999999.8
16870.0	625696599999999.9
16880.0	631037749999999.9
16890.0	606715449999999.9
16900.0	631622824999999.8
16910.0	547054924999999.9
16920.0	581803699999999.8
16930.0	644550025000000.0
16940.0	556695224999999.94
16950.0	626074324999999.8
16960.0	649562499999999.9
16970.0	530958049999999.8
16980.0	621787899999999.9
16990.0	628110299999999.8
17000.0	556572674999999.75
17010.0	542621249999999.8
17020.0	588638999999999.8
17030.0	606294724999999.9
17040.0	530405625000000.0
17050.0	596304049999999.9
17060.0	580438199999999.9
17070.0	594848949999999.9
17080.0	594323874999999.9
17090.0	631891224999999.9
17100.0	656425399999999.8
17110.0	658385949999999.9
17120.0	657767474999999.9
17130.0	659463549999999.9
17140.0	655713974999999.8
17150.0	669347124999999.9
17160.0	685005974999999.8
17170.0	633473549999999.8
17180.0	675761024999999.9
17190.0	662576824999999.8
17200.0	683688224999999.9
17210.0	675762424999999.9
17220.0	670632174999999.8
17230.0	635743299999999.9
17240.0	628809674999999.9
17250.0	664638274999999.9
17260.0	619118300000000.0
17270.0	569210049999999.8
17280.0	628342949999999.9
17290.0	607641199999999.9
17300.0	599323174999999.9
17310.0	609754624999999.9
17320.0	526981399999999.9
17330.0	694236049999999.8
17340.0	664657049999999.9
17350.0	627058874999999.9
17360.0	631938424999999.8
17370.0	538048299999999.94
17380.0	690247724999999.8
17390.0	720352349999999.9
17400.0	657456224999999.9
17410.0	639665750000000.0
17420.0	599185574999999.9
17430.0	659071749999999.8
17440.0	672947074999999.9
17450.0	649784949999999.9
17460.0	624337249999999.9
17470.0	727666650000000.0
17480.0	719230799999999.9
17490.0	697877174999999.8
17500.0	643831949999999.9
17510.0	690287449999999.9
17520.0	700368899999999.8
17530.0	653942999999999.9
17540.0	690626974999999.9
17550.0	578086375000000.0
17560.0	734776349999999.9
17570.0	678564574999999.9
17580.0	635801824999999.9
17590.0	644225849999999.9
17600.0	716137174999999.9
17610.0	694388174999999.8
17620.0	631803349999999.8
17630.0	588958724999999.9
17640.0	714330849999999.9
17650.0	744864049999999.8
17660.0	708059499999999.8
17670.0	717433849999999.9
17680.0	354227864999999.94
17690.0	725872649999999.9
17700.0	701796825000000.0
17710.0	665917224999999.8
17720.0	630148357499999.9
17730.0	616310197499999.8
17740.0	736905349999999.9
17750.0	623336075000000.0
17760.0	560676154999999.9
17770.0	719944924999999.9
17780.0	775395674999999.8
17790.0	617188849999999.9
17800.0	636727074999999.9
17810.0	599502224999999.8
17820.0	692032649999999.9
17830.0	585032399999999.9
17840.0	767153449999999.9
17850.0	529512289999999.9
17860.0	739054949999999.8
17870.0	731411099999999.8
17880.0	577774349999999.8
17890.0	601929397999999.9
17900.0	590060304999999.9
17910.0	460938804499999.8
17920.0	543850653499999.75
17930.0	616914599999999.8
17940.0	498513499999999.9
17950.0	701133874999999.9
17960.0	503036709999999.9
17970.0	635842004999999.9
17980.0	748516724999999.9
17990.0	795268899999999.9
18000.0	403957564999999.9
18010.0	375314381999999.94
18020.0	632820331999999.8
18030.0	632974569999999.9
18040.0	804303134999999.9
18050.0	807699999999999.9
18060.0	583938796499999.9
18070.0	476861406999999.9
18080.0	530458082499999.94
18090.0	472017412999999.8
18100.0	699724799999999.8
18110.0	423675372999999.94
18120.0	648615149999999.9
18130.0	617347649999999.9
18140.0	731582499999999.8
18150.0	655118316249999.8
18160.0	671721833749999.9
18170.0	585795972999999.9
18180.0	793028350000000.0
18190.0	642347399999999.9
18200.0	631011549999999.8
18210.0	559109121999999.94
18220.0	532396599999999.9
18230.0	808091374999999.8
18240.0	865605149999999.8
18250.0	777421224999999.9
18260.0	590044760750000.0
18270.0	712846862249999.8
18280.0	651206669999999.9
18290.0	694815454999999.9
18300.0	682257324999999.8
18310.0	667643396999999.9
18320.0	750239824999999.9
18330.0	557497299999999.9
18340.0	848004169999999.8
18350.0	656295164999999.9
18360.0	835919924999999.8
18370.0	853211949999999.9
18380.0	703692024999999.9
18390.0	616969849999999.9
18400.0	614653584999999.9
18410.0	681707768249999.9
18420.0	577138642749999.8
18430.0	839901899999999.9
18440.0	773483372499999.8
18450.0	664497982499999.9
18460.0	453635479999999.94
18470.0	431864999999999.94
18480.0	586171849999999.8
18490.0	564801274999999.9
18500.0	715507124999999.9
18510.0	858616949999999.8
18520.0	599509547499999.8
18530.0	743694717500000.0
18540.0	657153164999999.8
18550.0	707741909999999.8
18560.0	623680979999999.9
18570.0	552828956999999.94
18580.0	630428899999999.9
18590.0	753824922499999.9
18600.0	400634397799999.8
18610.0	729447752499999.6
18620.0	716013147499999.8
18630.0	486132262499999.8
18640.0	437554760000000.0
18650.0	541328159999999.9
18660.0	874292124999999.8
18670.0	592900299999999.9
18680.0	235636669999999.9
18690.0	824581994999999.6
18700.0	609901189999999.9
18710.0	763652649999999.8
18720.0	571444206999999.8
18730.0	490218744999999.9
18740.0	684339501999999.9
18750.0	438130467250000.06
18760.0	822432856749999.9
18770.0	766248974999999.9
18780.0	784821974999999.9
18790.0	490645782499999.8
18800.0	844329347499999.9
18810.0	565558399999999.8
18820.0	827158424999999.8
18830.0	867075349999999.9
18840.0	642937124999999.9
18850.0	511059374999999.9
18860.0	739964254999999.8
18870.0	843870649999999.9
18880.0	866202999999999.6
18890.0	750877349999999.8
18900.0	776392484999999.8
18910.0	956554249999999.6
18920.0	671281469999999.9
18930.0	666908074999999.9
18940.0	800278474999999.6
18950.0	860341799999999.8
18960.0	813245799999999.8
18970.0	837944949999999.9
18980.0	724185650000000.0
18990.0	952215674999999.8
19000.0	882227859749999.9
19010.0	572839448249999.8
19020.0	767314859999999.8
19030.0	793842412999999.9
19040.0	944204024999999.8
19050.0	754125672499999.9
19060.0	870648792499999.6
19070.0	696530550000000.0
19080.0	1026851249999999.9
19090.0	946910749999999.8
19100.0	992412226500000.0
19110.0	539888230999999.9
19120.0	777589606499999.8
19130.0	815122282499999.9
19140.0	677575177500000.0
19150.0	991083399999999.6
19160.0	655974099999999.9
19170.0	966176399999999.9
19180.0	1026725949999999.8
19190.0	1042272324999999.9
19200.0	591521022000000.0
19210.0	642590892499999.9
19220.0	828495322500000.0
19230.0	835705809999999.9
19240.0	484519879999999.9
19250.0	965407649999999.9
19260.0	846208059999999.8
19270.0	780473569999999.9
19280.0	990366824999999.9
19290.0	872418624999999.8
19300.0	900522649999999.9
19310.0	526970990999999.9
19320.0	883387799999999.6
19330.0	737654399999999.9
19340.0	754518905000000.0
19350.0	884978199999999.6
19360.0	828534749999999.9
19370.0	868322899999999.6
19380.0	538968480999999.9
19390.0	672851699999999.8
19400.0	648353959999999.9
19410.0	676317642499999.8
19420.0	835752122499999.9
19430.0	711725635000000.0
19440.0	736231769999999.9
19450.0	449297874999999.94
19460.0	667872129999999.9
19470.0	855219174999999.8
19480.0	642232124999999.8
19490.0	519928429999999.94
19500.0	770599392499999.9
19510.0	918030427499999.9
19520.0	953373299999999.8
19530.0	614707849999999.9
19540.0	973426999999999.6
19550.0	602392304999999.9
19560.0	280463562499999.9
19570.0	740874942499999.8
19580.0	813920784999999.9
19590.0	650326387499999.9
19600.0	339080492499999.94
19610.0	697644009999999.8
19620.0	901426724999999.9
19630.0	822364949999999.8
19640.0	836676324999999.9
19650.0	971945324999999.6
19660.0	926596899999999.9
19670.0	1034160049999999.8
19680.0	872999649999999.8
19690.0	774783599999999.8
19700.0	775248574999999.8
19710.0	1000691724999999.8
19720.0	1028419399999999.8
19730.0	1071300249999999.8
19740.0	712766109999999.8
19750.0	1000994074999999.8
19760.0	601369905000000.0
19770.0	1014751299999999.9
19780.0	1009806749999999.9
19790.0	866675349999999.6
19800.0	958032074999999.9
19810.0	1063120349999999.6
19820.0	931002449999999.8
19830.0	1037872074999999.8
19840.0	1051189374999999.6
19850.0	902043474999999.9
19860.0	978608974999999.6
19870.0	1104133174999999.9
19880.0	803685434999999.8
19890.0	1016745154999999.8
19900.0	880352290000000.0
19910.0	818080812499999.8
19920.0	768637937499999.8
19930.0	1088901650000000.0
19940.0	1096333674999999.6
19950.0	889181549999999.8
19960.0	1067524874999999.6
19970.0	1087802174999999.8
19980.0	898899100000000.0
19990.0	991258424999999.8
20000.0	867963754999999.8
20010.0	828390474999999.6
20020.0	1009939999999999.8
20030.0	797937599999999.8
20040.0	969758649999999.9
20050.0	1104904849999999.9
20060.0	943077749999999.6
20070.0	925437199999999.8
20080.0	1194099999999999.5
20090.0	909460749999999.8
20100.0	1175097149999999.8
20110.0	1165739499999999.8
20120.0	1167415249999999.5
20130.0	1141855649999999.8
20140.0	1100723924999999.8
20150.0	1076496074999999.8
20160.0	1003227574999999.9
20170.0	1062067324999999.8
20180.0	1028465849999999.8
20190.0	1142255749999999.8
20200.0	1036835049999999.6
20210.0	1137541249999999.5
20220.0	1206169749999999.8
20230.0	1214483499999999.8
20240.0	1246408499999999.8
20250.0	1219350275000000.0
20260.0	985884974999999.8
20270.0	1041699549999999.8
20280.0	1218429500000000.0
20290.0	939423224999999.6
20300.0	1181968324999999.8
20310.0	906259899999999.8
20320.0	1230824499999999.8
20330.0	1116190349999999.8
20340.0	1058500999999999.8
20350.0	1218193499999999.8
20360.0	1075657849999999.8
20370.0	1267112249999999.8
20380.0	1151043199999999.8
20390.0	1200180024999999.8
20400.0	1058654724999999.6
20410.0	962234174999999.8
20420.0	1238276274999999.8
20430.0	1271067874999999.8
20440.0	1136440124999999.8
20450.0	1240557999999999.8
20460.0	1262509999999999.5
20470.0	1250062999999999.8
20480.0	1260706999999999.8
20490.0	1019406574999999.8
20500.0	1237585974999999.8
20510.0	1289870999999999.8
20520.0	1263031750000000.0
20530.0	1183036800000000.0
20540.0	1280031999999999.5
20550.0	1283658749999999.8
20560.0	1220696999999999.8
20570.0	1288795774999999.8
20580.0	1233143174999999.5
20590.0	1310403999999999.8
20600.0	1293154274999999.5
20610.0	1218453924999999.8
20620.0	1306580249999999.8
20630.0	1260549499999999.5
20640.0	1214835499999999.5
20650.0	1293449999999999.8
20660.0	1309444999999999.8
20670.0	1303965749999999.8
20680.0	1274363749999999.8
20690.0	1278999999999999.8
20700.0	1298392249999999.5
20710.0	1285724999999999.8
20720.0	1311932249999999.5
20730.0	1320936999999999.8
20740.0	1327645249999999.5
20750.0	1331416999999999.8
20760.0	1336792749999999.5
20770.0	1321593249999999.5
20780.0	1344564249999999.5
20790.0	1302388999999999.5
20800.0	1326334249999999.5
20810.0	1272752699999999.5
20820.0	1231839399999999.8
20830.0	1305059749999999.8
20840.0	1350813249999999.8
20850.0	1325139749999999.8
20860.0	1306132249999999.8
20870.0	1326124999999999.8
20880.0	1346466924999999.8
20890.0	1265474474999999.8
20900.0	1367118249999999.8
20910.0	1364720999999999.8
20920.0	1345088249999999.5
20930.0	1371577749999999.8
20940.0	1362221749999999.8
20950.0	1374711749999999.5
20960.0	1376035499999999.5
20970.0	1363235249999999.5
20980.0	1382830499999999.5
20990.0	1345579999999999.8
21000.0	1380085999999999.8
21010.0	1363205999999999.8
21020.0	1380753999999999.8
21030.0	1387493999999999.5
21040.0	1395005999999999.5
21050.0	1368779749999999.8
21060.0	1394822249999999.5
21070.0	1401687499999999.8
21080.0	1404350999999999.5
21090.0	1368166499999999.5
21100.0	1399220999999999.8
21110.0	1406070999999999.5
21120.0	1371478499999999.5
21130.0	1330876749999999.5
21140.0	1411658749999999.8
21150.0	1396719999999999.8
21160.0	1364751499999999.5
21170.0	1419474999999999.5
21180.0	1391200249999999.5
21190.0	1386841999999999.8
21200.0	1418925499999999.5
21210.0	1425938249999999.5
21220.0	1425692000000000.0
21230.0	1429639999999999.8
21240.0	1418434499999999.8
21250.0	1394321499999999.5
21260.0	1424140749999999.8
21270.0	1421991499999999.8
21280.0	1410664749999999.5
21290.0	1434277249999999.5
21300.0	1436582499999999.8
21310.0	1429158249999999.5
21320.0	1442538999999999.8
21330.0	1439062999999999.5
21340.0	1443718499999999.5
21350.0	1450690499999999.8
21360.0	1439048249999999.8
21370.0	1453293749999999.8
21380.0	1454713749999999.8
21390.0	1445002249999999.8
21400.0	1432279999999999.8
21410.0	1458147999999999.5
21420.0	1453602249999999.5
21430.0	1453367999999999.5
21440.0	1461764999999999.8
21450.0	1463974249999999.8
21460.0	1460974499999999.8
21470.0	1428284249999999.5
21480.0	1461032249999999.5
21490.0	1424175499999999.8
21500.0	1456850499999999.8
21510.0	1457231499999999.8
21520.0	1444138749999999.8
21530.0	1468454499999999.8
21540.0	1480733249999999.5
21550.0	1370443924999999.8
21560.0	1417408525000000.0
21570.0	1485769250000000.0
21580.0	1475213999999999.5
21590.0	1479360999999999.8
21600.0	1487146999999999.2
21610.0	1413428499999999.8
21620.0	1481588749999999.8
21630.0	1489536499999999.2
21640.0	1473392249999999.8
21650.0	1490233999999999.5
21660.0	1485889749999999.8
21670.0	1481148749999999.8
21680.0	1498248249999999.8
21690.0	1482770499999999.5
21700.0	1502522749999999.5
21710.0	1507390749999999.5
21720.0	1510019749999999.5
21730.0	1432058749999999.5
21740.0	1498779999999999.5
21750.0	1486468749999999.8
21760.0	1498104749999999.5
21770.0	1511766749999999.8
21780.0	1498396249999999.5
21790.0	1514983749999999.5
21800.0	1518997749999999.8
21810.0	1524144749999999.5
21820.0	1526953999999999.8
21830.0	1472992499999999.5
21840.0	1515522499999999.8
21850.0	1491448749999999.8
21860.0	1505704749999999.5
21870.0	1530237249999999.5
21880.0	1529172499999999.5
21890.0	1506287749999999.8
21900.0	1513214999999999.5
21910.0	1535870999999999.5
21920.0	1539750999999999.5
21930.0	1535690999999999.8
21940.0	1539108499999999.5
21950.0	1498624249999999.5
21960.0	1545573249999999.5
21970.0	1527899249999999.5
21980.0	1501565749999999.5
21990.0	1241242149999999.5
22000.0	1251681299999999.8
22010.0	1494638999999999.5
22020.0	1141504699999999.8
22030.0	1425571749999999.8
22040.0	1512240249999999.8
22050.0	1269283549999999.8
22060.0	1535143900000000.0
22070.0	1542102999999999.5
22080.0	1560211749999999.5
22090.0	1567293999999999.5
22100.0	1525054999999999.5
22110.0	1556139999999999.5
22120.0	1571537249999999.5
22130.0	1571359499999999.8
22140.0	1575162499999999.5
22150.0	1555463999999999.8
22160.0	1508894999999999.5
22170.0	1566550249999999.5
22180.0	1460364749999999.5
22190.0	1572167499999999.8
22200.0	1367977949999999.8
22210.0	974277199999999.6
22220.0	1187395025000000.0
22230.0	1410271324999999.8
22240.0	1405307999999999.8
22250.0	1262053750000000.0
22260.0	1286314474999999.8
22270.0	1170103824999999.8
22280.0	1377480499999999.5
22290.0	1451914649999999.8
22300.0	1520323024999999.8
22310.0	1184160424999999.8
22320.0	991415449999999.9
22330.0	1434645399999999.8
22340.0	1543930999999999.8
22350.0	1565280999999999.8
22360.0	1070389529999999.6
22370.0	1304750989999999.8
22380.0	1351005999999999.8
22390.0	1531092249999999.8
22400.0	1600606749999999.8
22410.0	1380107899999999.8
22420.0	1421387624999999.8
22430.0	1494065024999999.5
22440.0	999577499999999.8
22450.0	1334305974999999.8
22460.0	1177806624999999.5
22470.0	1053327424999999.8
22480.0	1149821774999999.5
22490.0	1468092499999999.8
22500.0	1539503999999999.5
22510.0	1222527599999999.5
22520.0	1042397099999999.9
22530.0	1307288074999999.5
22540.0	1512434924999999.8
22550.0	1213271199999999.8
22560.0	861220124999999.6
22570.0	1467578149999999.8
22580.0	1459879524999999.5
22590.0	1625833249999999.8
22600.0	1442324499999999.5
22610.0	1434640649999999.5
22620.0	1472418999999999.8
22630.0	1560444499999999.8
22640.0	1488184999999999.5
22650.0	1486115749999999.5
22660.0	1525545999999999.5
22670.0	1457746599999999.5
22680.0	1243325924999999.5
22690.0	1083576474999999.8
22700.0	1493519274999999.8
22710.0	1555215149999999.5
22720.0	1254699774999999.8
22730.0	1619319749999999.5
22740.0	1453760749999999.5
22750.0	1367575449999999.5
22760.0	1385497499999999.5
22770.0	1418691449999999.5
22780.0	1353894699999999.8
22790.0	1309508199999999.8
22800.0	1546212099999999.5
22810.0	1181197849999999.8
22820.0	1210733799999999.8
22830.0	1430449599999999.5
22840.0	1291415099999999.5
22850.0	1166523749999999.8
22860.0	1288268499999999.5
22870.0	1263264572499999.5
22880.0	1076693457499999.8
22890.0	1383016374999999.5
22900.0	1009233274999999.8
22910.0	1410446724999999.8
22920.0	1166342799999999.5
22930.0	1149696874999999.8
22940.0	900131569999999.6
22950.0	1036687224999999.6
22960.0	984165299999999.8
22970.0	1159805899999999.8
22980.0	1052967274999999.8
22990.0	1205553574999999.8
23000.0	1254303824999999.8
23010.0	1442877224999999.8
23020.0	1399468324999999.8
23030.0	1161291049999999.8
23040.0	1195561524999999.8
23050.0	1260859724999999.8
23060.0	1335562349999999.8
23070.0	1174836849999999.8
23080.0	1595191749999999.5
23090.0	1309171824999999.8
23100.0	1325516924999999.8
23110.0	1661121999999999.8
23120.0	1636421249999999.5
23130.0	1709679749999999.5
23140.0	1710553749999999.5
23150.0	1271107649999999.5
23160.0	1158341199999999.8
23170.0	878290174999999.9
23180.0	961509374999999.8
23190.0	656368149999999.9
23200.0	824011649999999.9
23210.0	1328841299999999.5
23220.0	1365730474999999.5
23230.0	1103121049999999.9
23240.0	1167388674999999.8
23250.0	1243251549999999.8
23260.0	1226627924999999.8
23270.0	1224934674999999.8
23280.0	1492538624999999.5
23290.0	1493410724999999.2
23300.0	1347450749999999.8
23310.0	1272836649999999.8
23320.0	932361500000000.0
23330.0	1691318749999999.5
23340.0	1315102049999999.8
23350.0	1354245849999999.8
23360.0	1126983064999999.5
23370.0	994852707499999.6
23380.0	1258286857500000.0
23390.0	1120940199999999.5
23400.0	904067944999999.8
23410.0	916233149999999.6
23420.0	1229432574999999.8
23430.0	1187958049999999.8
23440.0	1390485949999999.8
23450.0	1007831874999999.6
23460.0	1127023700000000.0
23470.0	1142260977499999.8
23480.0	788335597499999.9
23490.0	1319727949999999.8
23500.0	1362064204999999.8
23510.0	1070834259999999.6
23520.0	491898319999999.94
23530.0	919612134999999.8
23540.0	1124458834999999.6
23550.0	1702771074999999.5
23560.0	736170209999999.8
23570.0	1697964499999999.8
23580.0	1409010279999999.5
23590.0	1324437839999999.5
23600.0	1680451249999999.2
23610.0	1475143434999999.5
23620.0	1109224394999999.8
23630.0	1310088599999999.8
23640.0	1541938299999999.8
23650.0	1693267749999999.8
23660.0	1596871749999999.5
23670.0	1386937199999999.8
23680.0	1197340400000000.0
23690.0	1273728749999999.8
23700.0	1036639962499999.6
23710.0	268126819999999.94
23720.0	1062558692500000.0
23730.0	878727174999999.8
23740.0	814580999999999.8
23750.0	1259291124999999.8
23760.0	814893474999999.8
23770.0	776777499999999.8
23780.0	1270804410000000.0
23790.0	1477322874999999.8
23800.0	1232379057499999.8
23810.0	1036161617499999.9
23820.0	1571037749999999.5
23830.0	1195539874999999.8
23840.0	1220954599999999.8
23850.0	1545082524999999.8
23860.0	1103169424999999.5
23870.0	1253126392499999.8
23880.0	1250429702499999.8
23890.0	1778376499999999.5
23900.0	1767968499999999.8
23910.0	1418849274999999.8
23920.0	1073216524999999.8
23930.0	1342568174999999.8
23940.0	1189703402499999.8
23950.0	1416391357499999.5
23960.0	1097286975000000.0
23970.0	1268249449999999.8
23980.0	1311831649999999.8
23990.0	1377657299999999.5
24000.0	1368967249999999.8
24010.0	1066616974999999.9
24020.0	951275849999999.8
24030.0	1225634674999999.8
24040.0	997764899999999.6
24050.0	826045699999999.8
24060.0	986160299999999.9
24070.0	1455714099999999.5
24080.0	1498070499999999.8
24090.0	1386495329999999.8
24100.0	963030759999999.8
24110.0	1398725499999999.8
24120.0	1162825549999999.8
24130.0	1555203249999999.8
24140.0	1258101549999999.8
24150.0	1643233249999999.5
24160.0	882328109999999.9
24170.0	1426371977499999.8
24180.0	1221110842499999.5
24190.0	849347124999999.8
24200.0	1004116674999999.8
24210.0	1427362049999999.8
24220.0	991710774999999.6
24230.0	1140480649999999.8
24240.0	1027989949999999.4
24250.0	1396963699999999.5
24260.0	1093397074999999.6
24270.0	894655519999999.8
24280.0	1168029149999999.8
24290.0	1058321249999999.8
24300.0	1323122599999999.5
24310.0	1470792599999999.8
24320.0	1596625299999999.8
24330.0	1515073374999999.5
24340.0	1037435374999999.5
24350.0	727585827499999.9
24360.0	811469147499999.8
24370.0	837486354999999.8
24380.0	910623059999999.6
24390.0	1592927749999999.5
24400.0	1550240250000000.0
24410.0	1160955924999999.8
24420.0	1660013724999999.5
24430.0	860454949999999.8
24440.0	823352749999999.6
24450.0	1463566849999999.5
24460.0	1215644374999999.5
24470.0	980472044999999.9
24480.0	1537523899999999.2
24490.0	1451789549999999.5
24500.0	1304908574999999.5
24510.0	1273598999999999.8
24520.0	975058424999999.8
24530.0	1060989499999999.9
24540.0	919441149999999.8
24550.0	1598677999999999.5
24560.0	1422218749999999.5
24570.0	1002384999999999.6
24580.0	1511030949999999.5
24590.0	1306465999999999.8
24600.0	1325631099999999.8
24610.0	1012822422499999.9
24620.0	1377382707499999.5
24630.0	1139984399999999.8
24640.0	1615694749999999.8
24650.0	1670957149999999.2
24660.0	1285297369999999.8
24670.0	1485118074999999.8
24680.0	637878897499999.9
24690.0	1037079617499999.8
24700.0	1481683299999999.8
24710.0	1197491874999999.8
24720.0	1208230874999999.8
24730.0	1250553949999999.8
24740.0	781017499999999.8
24750.0	802342744999999.8
24760.0	1229987464999999.8
24770.0	1591066499999999.2
24780.0	1376525672499999.8
24790.0	814537132499999.8
24800.0	1581431074999999.5
24810.0	1233714249999999.8
24820.0	1268760724999999.5
24830.0	877071234999999.9
24840.0	1021275079999999.5
24850.0	1443145799999999.8
24860.0	1552387149999999.8
24870.0	1544617249999999.8
24880.0	1360774884999999.8
24890.0	1015247884999999.9
24900.0	828389619999999.8
24910.0	851995039999999.8
24920.0	1701966724999999.2
24930.0	773395777499999.9
24940.0	1818771982499999.5
24950.0	1380705674999999.2
24960.0	1369086762499999.8
24970.0	1237305137499999.8
24980.0	876517369999999.8
24990.0	1569740499999999.8
25000.0	1682247499999999.8
25010.0	1483245749999999.8
25020.0	1335928324999999.5
25030.0	965329424999999.6
25040.0	1099471691749999.8
25050.0	1346461442249999.8
25060.0	569042220749999.9
25070.0	1047887185249999.9
25080.0	1168537499999999.5
25090.0	1514501499999999.8
25100.0	1492883199999999.5
25110.0	1123654049999999.6
25120.0	1285376624999999.8
25130.0	623872794999999.9
25140.0	1441642999999999.8
25150.0	731940567499999.8
25160.0	786189037499999.9
25170.0	998178819999999.9
25180.0	1006024574999999.8
25190.0	1235292042499999.5
25200.0	1350740367499999.8
25210.0	1142890589999999.8
25220.0	1090764029999999.5
25230.0	1301252989999999.8
25240.0	711960309999999.9
25250.0	1012705822499999.6
25260.0	871531627499999.9
25270.0	1048702079999999.8
25280.0	873931924999999.9
25290.0	1207095614999999.8
25300.0	1342487549999999.8
25310.0	1615319799999999.5
25320.0	1223040099999999.8
25330.0	284335119999999.9
25340.0	1339903424999999.8
25350.0	1013582324999999.9
25360.0	936569667999999.9
25370.0	1431263379999999.5
25380.0	1469831249999999.5
25390.0	968818499999999.8
25400.0	1614400849999999.5
25410.0	1032544599999999.9
25420.0	1229141249999999.8
25430.0	692846099999999.9
25440.0	803742799999999.8
25450.0	1233649074999999.5
25460.0	1173550904999999.5
25470.0	1287270525000000.0
25480.0	463363084999999.8
25490.0	747314774999999.9
25500.0	1407552124999999.5
25510.0	949368105999999.6
25520.0	1402319624999999.2
25530.0	392511499749999.9
25540.0	1416298019249999.5
25550.0	1078076374999999.9
25560.0	1012253574999999.8
25570.0	802336149999999.8
25580.0	1144400500000000.0
25590.0	1357180574999999.8
25600.0	545755322499999.9
25610.0	266440489999999.94
25620.0	1061539872000000.0
25630.0	525611699499999.9
25640.0	850523703249999.8
25650.0	542337687749999.94
25660.0	611867494999999.9
25670.0	1283292924999999.8
25680.0	788531177999999.8
25690.0	1277149049999999.8
25700.0	934094719999999.9
25710.0	1734098884999999.5
25720.0	1087359594999999.9
25730.0	1143889291249999.8
25740.0	452682818749999.8
25750.0	1045267999999999.5
25760.0	986240962499999.8
25770.0	246447067500000.0
25780.0	1094934949999999.8
25790.0	1219425834999999.8
25800.0	1532823424999999.8
25810.0	1027486949999999.8
25820.0	1311362924999999.8
25830.0	566965806999999.8
25840.0	706270869999999.9
25850.0	1078363999999999.8
25860.0	1181460419999999.5
25870.0	449575869999999.8
25880.0	952234839999999.9
25890.0	608548859999999.9
25900.0	812420094999999.8
25910.0	1247027849999999.8
25920.0	1052259464499999.6
25930.0	134790758499999.95
25940.0	1142643055249999.8
25950.0	678320515749999.8
25960.0	899039160999999.8
25970.0	1141025089999999.8
25980.0	274471824999999.9
25990.0	1214985774999999.8
