# Flux units: erg / (cm m2 s)
# Wavelength units: Angstrom
wave	flux
9000.0	1286375599.9999998
9010.0	2624055749.9999995
9020.0	2117001999.9999998
9030.0	2304507999.999999
9040.0	1756582749.9999995
9050.0	2246435999.9999995
9060.0	2459256749.9999995
9070.0	2255083249.9999995
9080.0	3227315999.999999
9090.0	2731824749.999999
9100.0	2668574499.9999995
9110.0	2937650749.9999995
9120.0	3616191749.9999986
9130.0	3302218249.9999995
9140.0	3522387249.9999986
9150.0	3505123500.0
9160.0	3534071999.999999
9170.0	3621735999.9999986
9180.0	3540862999.9999995
9190.0	3522760249.9999986
9200.0	3376090749.999999
9210.0	3012837999.999999
9220.0	2985746249.999999
9230.0	2608604749.9999995
9240.0	2129479499.9999998
9250.0	2707425749.999999
9260.0	2590731499.9999995
9270.0	2439177249.9999995
9280.0	1795602499.9999995
9290.0	2223563249.9999995
9300.0	2097060999.9999993
9310.0	1864920749.9999995
9320.0	2032175999.9999995
9330.0	1985980499.9999998
9340.0	2727734249.999999
9350.0	2264485749.9999995
9360.0	2289616249.9999995
9370.0	2053692999.999999
9380.0	2625941749.9999995
9390.0	2188420999.9999995
9400.0	2547164749.999999
9410.0	2278520999.9999995
9420.0	2817728499.9999995
9430.0	2832166749.9999995
9440.0	2354455749.9999995
9450.0	2475100999.9999995
9460.0	2679881999.9999995
9470.0	2398200999.9999995
9480.0	2890409999.999999
9490.0	3220159249.9999995
9500.0	2739074249.9999995
9510.0	2797647499.9999995
9520.0	3123581249.9999995
9530.0	2904937250.0
9540.0	3040547999.999999
9550.0	3049235249.999999
9560.0	3096309249.9999995
9570.0	3096421499.999999
9580.0	3702046249.9999995
9590.0	3477690749.9999986
9600.0	3404037249.999999
9610.0	3486017999.9999995
9620.0	3426435999.9999995
9630.0	3608361499.999999
9640.0	3271625749.999999
9650.0	3129279599.999999
9660.0	3590259999.999999
9670.0	3719187749.9999995
9680.0	3583689999.9999986
9690.0	3690849499.999999
9700.0	3855964999.9999995
9710.0	3954678749.999999
9720.0	3728170249.999999
9730.0	3405057499.9999995
9740.0	3218909249.9999995
9750.0	3114924499.999999
9760.0	3273342249.999999
9770.0	3047071749.9999995
9780.0	3016486999.999999
9790.0	3080370999.999999
9800.0	3780842499.9999986
9810.0	3148168999.9999995
9820.0	2976437499.999999
9830.0	2829451499.999999
9840.0	3119017999.999999
9850.0	2927052499.9999995
9860.0	3282726999.999999
9870.0	3024684999.9999995
9880.0	3214778999.999999
9890.0	3427929499.9999995
9900.0	2846221749.999999
9910.0	2104891749.9999993
9920.0	2466836499.9999995
9930.0	2411270499.9999995
9940.0	2978284999.999999
9950.0	3218317249.9999995
9960.0	3482143500.0
9970.0	3666348499.9999995
9980.0	3513960249.999999
9990.0	2639599499.9999995
10000.0	3006204499.9999995
10010.0	2769844749.9999995
10020.0	3399417249.9999986
10030.0	3463176999.9999995
10040.0	2715326249.999999
10050.0	3038765749.9999986
10060.0	3159770249.999999
10070.0	2393965749.9999995
10080.0	3465803499.9999995
10090.0	3392926999.9999986
10100.0	3181822500.0
10110.0	2971949749.9999995
10120.0	3341498999.999999
10130.0	3697119749.9999986
10140.0	3461479499.9999995
10150.0	2925607250.0
10160.0	3206142249.999999
10170.0	2608398249.9999995
10180.0	3647267749.9999986
10190.0	3039599249.9999986
10200.0	3563793749.9999986
10210.0	3012419749.999999
10220.0	3538614749.999999
10230.0	3585527499.999999
10240.0	3825183999.999999
10250.0	3227091999.999999
10260.0	2370126249.9999995
10270.0	2887138249.999999
10280.0	2946657750.0
10290.0	3313401999.999999
10300.0	3095210499.999999
10310.0	3533400249.9999995
10320.0	2915626749.999999
10330.0	2745661749.9999995
10340.0	3481396749.999999
10350.0	3265642249.999999
10360.0	3246867749.9999995
10370.0	3538783749.999999
10380.0	3671149249.999999
10390.0	3584061249.9999995
10400.0	3696059999.999999
10410.0	3582314999.9999995
10420.0	3610850249.9999986
10430.0	3496968999.999999
10440.0	3363033749.999999
10450.0	3817574749.9999986
10460.0	3610109749.999999
10470.0	3516024999.9999995
10480.0	3556810999.999999
10490.0	3743331749.999999
10500.0	3737014999.9999995
10510.0	3340937749.9999986
10520.0	3097584249.999999
10530.0	3816348249.9999995
10540.0	3780698749.999999
10550.0	3931820249.999999
10560.0	3772820499.9999995
10570.0	3913476499.9999995
10580.0	3725177749.999999
10590.0	3681061999.9999986
10600.0	3908768000.0
10610.0	3681473999.9999986
10620.0	4005796749.9999995
10630.0	3896962499.999999
10640.0	3834503249.9999995
10650.0	4010958999.9999986
10660.0	4025682999.9999986
10670.0	3567306499.9999995
10680.0	3288240749.999999
10690.0	3711178499.999999
10700.0	3658854999.999999
10710.0	3360842749.999999
10720.0	3600811749.999999
10730.0	3802679249.9999995
10740.0	4016739749.9999986
10750.0	3764902499.9999995
10760.0	4005443499.9999986
10770.0	3726063999.999999
10780.0	3680109249.999999
10790.0	3845451999.999999
10800.0	3987887999.999999
10810.0	3797393749.999999
10820.0	3888253999.999999
10830.0	4084190999.999999
10840.0	3982814499.999999
10850.0	4094490999.9999995
10860.0	3927527499.999999
10870.0	3756879249.999999
10880.0	3849432499.9999995
10890.0	3826102999.999999
10900.0	3982677499.999999
10910.0	3837544749.9999995
10920.0	3791670749.999999
10930.0	4040028249.999998
10940.0	4031811249.9999986
10950.0	4069684249.9999986
10960.0	3717934249.999999
10970.0	3905096500.0
10980.0	3670090499.9999995
10990.0	3544301249.9999986
11000.0	3559057249.999999
11010.0	3870694999.9999986
11020.0	4024712249.9999995
11030.0	3357443499.999999
11040.0	3544322249.9999995
11050.0	3530316499.9999995
11060.0	3522880249.9999995
11070.0	3153994499.999999
11080.0	3538467499.9999995
11090.0	3410842249.999999
11100.0	3596584000.0
11110.0	3232029249.999999
11120.0	3516647499.999999
11130.0	3833028999.9999995
11140.0	3470191999.9999986
11150.0	3578629999.9999995
11160.0	3659328749.9999995
11170.0	3847345749.9999995
11180.0	3446714499.999998
11190.0	3011092500.0
11200.0	3522082499.999999
11210.0	3540082750.0
11220.0	3480717249.9999995
11230.0	3668042249.9999995
11240.0	3633751249.9999986
11250.0	3376540999.9999986
11260.0	3389870499.9999995
11270.0	3414800249.9999995
11280.0	3802587749.999999
11290.0	3232910499.9999995
11300.0	3534676499.9999995
11310.0	3718997999.9999995
11320.0	3880440999.9999995
11330.0	3854279000.0
11340.0	3691082749.999999
11350.0	3496008249.9999995
11360.0	3609180499.999999
11370.0	3875487999.999999
11380.0	3200682999.9999995
11390.0	3510612249.9999986
11400.0	3714775249.999998
11410.0	3464891749.999999
11420.0	3791063249.999999
11430.0	3685857999.9999995
11440.0	3395395249.9999995
11450.0	3713590749.999999
11460.0	3569356749.999999
11470.0	3763647999.999999
11480.0	3518216999.999999
11490.0	3804243499.999999
11500.0	3730351499.9999995
11510.0	3872614499.9999995
11520.0	3853556999.9999986
11530.0	3722474499.9999986
11540.0	3652529499.999999
11550.0	3679132999.9999995
11560.0	3957079249.9999995
11570.0	3538504499.9999995
11580.0	3739223249.999999
11590.0	3993543749.999999
11600.0	3542232499.9999995
11610.0	3862338749.9999995
11620.0	3883719749.9999995
11630.0	3856677249.999998
11640.0	3552455499.9999995
11650.0	3686050999.9999995
11660.0	3428227500.0
11670.0	3909241499.9999995
11680.0	3943911749.999999
11690.0	3655638499.999999
11700.0	3723996499.999999
11710.0	3759456499.999999
11720.0	3929448249.999999
11730.0	3415458749.9999995
11740.0	3716445749.9999995
11750.0	3817341499.9999995
11760.0	3871000999.999999
11770.0	3617168349.9999986
11780.0	3045277949.999999
11790.0	3558904499.999999
11800.0	3728398999.9999986
11810.0	3505618249.9999995
11820.0	3684173249.9999986
11830.0	3783280499.9999986
11840.0	3704864749.9999995
11850.0	3514840249.9999986
11860.0	3565763999.9999995
11870.0	3415397999.999999
11880.0	3687229774.9999995
11890.0	3218854425.0
11900.0	3630212999.9999995
11910.0	3811458749.999999
11920.0	3768420499.999999
11930.0	3849557999.9999995
11940.0	3684595249.999999
11950.0	3457408749.9999995
11960.0	3771659999.9999995
11970.0	3616634499.9999995
11980.0	3239262499.9999995
11990.0	3700793499.9999995
12000.0	3555605999.9999995
12010.0	3670484999.999999
12020.0	3597648749.9999995
12030.0	3698295249.9999986
12040.0	3702957749.9999986
12050.0	3805461999.9999995
12060.0	3604152499.999999
12070.0	3571583499.9999995
12080.0	3797129999.9999995
12090.0	3505926499.999999
12100.0	3753270999.9999995
12110.0	3677898999.9999986
12120.0	3676269249.999999
12130.0	3554141999.999999
12140.0	3446538750.0
12150.0	3735207249.999999
12160.0	3617847249.9999995
12170.0	3700148749.999999
12180.0	3616442500.0
12190.0	3858129249.9999986
12200.0	3571019749.9999995
12210.0	3645084999.999999
12220.0	3734155249.9999995
12230.0	3735619499.999999
12240.0	3702373499.9999995
12250.0	3779255249.999999
12260.0	3789273749.999999
12270.0	3692680749.999999
12280.0	3645788999.999999
12290.0	3838513249.9999986
12300.0	3770906249.999999
12310.0	3799074749.999999
12320.0	3699305499.9999995
12330.0	3683859749.999999
12340.0	3769778249.999999
12350.0	3760024499.9999986
12360.0	3769053749.9999986
12370.0	3789072749.9999995
12380.0	3651533999.9999986
12390.0	3551723499.9999995
12400.0	3657798999.9999995
12410.0	3542273249.999999
12420.0	3497824499.999999
12430.0	3542158499.999999
12440.0	3513043749.999999
12450.0	3697276749.9999995
12460.0	3559363499.9999995
12470.0	3487387249.999999
12480.0	3567072249.999999
12490.0	3513952249.9999995
12500.0	3594123999.999999
12510.0	3766580749.9999995
12520.0	3388357499.999999
12530.0	3564605999.999999
12540.0	3560187499.999999
12550.0	3576461999.9999995
12560.0	3662286749.9999995
12570.0	3591283000.0
12580.0	3335031999.9999995
12590.0	3461922249.999999
12600.0	3539862749.999999
12610.0	3665337999.999999
12620.0	3428719999.999999
12630.0	3496683499.9999995
12640.0	3355780999.9999986
12650.0	3487968999.9999986
12660.0	3604271249.9999995
12670.0	3510870250.0000005
12680.0	3562869999.999999
12690.0	3616723250.0
12700.0	3652455999.9999995
12710.0	3680462249.999999
12720.0	3554735000.0
12730.0	3689270999.999999
12740.0	3423019249.999999
12750.0	3566351499.999999
12760.0	3597389249.9999995
12770.0	3552754249.9999995
12780.0	3700782249.9999995
12790.0	3559768249.9999995
12800.0	3649966999.9999986
12810.0	3569696499.9999995
12820.0	3602908249.9999995
12830.0	3507667999.999999
12840.0	3672461749.999999
12850.0	3569208749.9999995
12860.0	3491634749.999999
12870.0	3548243999.999999
12880.0	3624368999.999999
12890.0	3590995249.9999995
12900.0	3409311249.9999995
12910.0	3512838999.9999995
12920.0	3538554749.9999995
12930.0	3398102749.9999995
12940.0	3576104749.999999
12950.0	3388265999.999999
12960.0	3520834499.9999995
12970.0	3619644249.9999995
12980.0	3585551499.9999995
12990.0	3453073749.9999995
13000.0	3657487999.9999986
13010.0	3546942499.999999
13020.0	3598259749.9999995
13030.0	3520880499.9999995
13040.0	3634499499.999999
13050.0	3606617249.9999995
13060.0	3624616999.999999
13070.0	3438035749.999999
13080.0	3498415249.9999995
13090.0	3411839000.0
13100.0	3440964249.9999995
13110.0	3532539499.9999986
13120.0	3586529249.9999995
13130.0	3409448249.9999995
13140.0	3509787999.999999
13150.0	3441743749.9999995
13160.0	3424918999.999999
13170.0	3313155249.9999995
13180.0	3510636499.999999
13190.0	3555939249.999999
13200.0	3476422999.9999995
13210.0	3589388749.999999
13220.0	3280231999.9999995
13230.0	3485296999.9999995
13240.0	3495537250.0
13250.0	3301873749.999999
13260.0	3319815249.9999995
13270.0	3145675749.9999995
13280.0	3068265499.999999
13290.0	3345178499.9999995
13300.0	3439379999.9999995
13310.0	3222925499.999999
13320.0	2879670249.9999995
13330.0	2445554749.999999
13340.0	2993799499.9999995
13350.0	1342657149.9999998
13360.0	2702142399.9999995
13370.0	2042282899.9999998
13380.0	2274657249.9999995
13390.0	2147774275.0
13400.0	2971297324.999999
13410.0	3042845499.999999
13420.0	2573966749.9999995
13430.0	2193529749.9999995
13440.0	2335629949.9999995
13450.0	2210558299.9999995
13460.0	2745465299.9999995
13470.0	2060407349.9999995
13480.0	2589620749.9999995
13490.0	2575687999.9999995
13500.0	2380552274.9999995
13510.0	2736131474.999999
13520.0	1853413349.9999995
13530.0	2999411499.999999
13540.0	2049518749.9999998
13550.0	1922568349.999999
13560.0	2540375999.9999995
13570.0	2767217999.9999995
13580.0	2706410749.9999995
13590.0	2097817399.9999998
13600.0	2616770999.9999995
13610.0	2663359999.9999995
13620.0	2131717749.9999995
13630.0	2061839999.9999995
13640.0	2360769249.9999995
13650.0	2479200999.9999995
13660.0	2324974750.0
13670.0	2096071000.0
13680.0	2319380374.9999995
13690.0	2062783824.9999995
13700.0	2315504149.9999995
13710.0	2344755999.9999995
13720.0	2484793499.9999995
13730.0	2654275999.999999
13740.0	2241501249.999999
13750.0	2178158749.9999995
13760.0	2265077249.999999
13770.0	2671183749.999999
13780.0	2752778999.9999995
13790.0	2720172749.9999995
13800.0	2784147999.999999
13810.0	2378731749.9999995
13820.0	2732242499.999999
13830.0	2178511749.999999
13840.0	2668031749.9999995
13850.0	2788487749.999999
13860.0	2440648999.9999995
13870.0	2117403749.9999995
13880.0	2326040999.9999995
13890.0	2176259849.9999995
13900.0	2177409449.9999995
13910.0	1609291499.9999995
13920.0	2064238999.9999993
13930.0	1956034549.9999998
13940.0	2221303499.999999
13950.0	1900083749.9999995
13960.0	2268456749.9999995
13970.0	2119797249.9999998
13980.0	2232357999.999999
13990.0	2498738499.9999995
14000.0	1851176749.9999993
14010.0	2062686999.9999993
14020.0	2112872749.9999995
14030.0	2038332499.9999995
14040.0	1592614049.9999998
14050.0	1746456649.9999995
14060.0	2519921749.9999995
14070.0	2017061749.9999998
14080.0	1734535749.9999998
14090.0	2143924749.9999998
14100.0	2059449749.9999995
14110.0	2307195999.9999995
14120.0	2172805999.9999995
14130.0	2386373249.999999
14140.0	2329637349.9999995
14150.0	1947936199.9999995
14160.0	1841638500.0
14170.0	2266815250.0
14180.0	1544368399.9999995
14190.0	1605074999.9999995
14200.0	1813650249.9999998
14210.0	1993578249.9999995
14220.0	1772017750.0
14230.0	2010790999.9999995
14240.0	1615849199.9999995
14250.0	1788130749.9999998
14260.0	1485231249.9999998
14270.0	1696750499.9999998
14280.0	2026520424.9999995
14290.0	1696713774.9999995
14300.0	2175619249.9999995
14310.0	1943390999.9999993
14320.0	2104035999.9999995
14330.0	2006712749.9999995
14340.0	2157042749.9999995
14350.0	2345176499.9999995
14360.0	1992481249.9999993
14370.0	1995184749.9999993
14380.0	1752443849.9999995
14390.0	1888601599.9999998
14400.0	1956475049.9999993
14410.0	1796897249.9999995
14420.0	1743724449.9999995
14430.0	2299858749.9999995
14440.0	1876108249.9999998
14450.0	1915850774.9999993
14460.0	2212414074.9999995
14470.0	1988739749.9999998
14480.0	1862996749.9999995
14490.0	2209635249.9999995
14500.0	2309022749.9999995
14510.0	1648563349.9999995
14520.0	2240914249.999999
14530.0	1737750499.9999998
14540.0	1697926749.9999993
14550.0	1994130099.9999998
14560.0	1571622074.9999995
14570.0	1773984224.9999998
14580.0	2209190749.9999995
14590.0	1991649749.9999993
14600.0	1965094499.9999993
14610.0	1793754249.9999998
14620.0	1602999999.9999995
14630.0	1471476999.9999995
14640.0	2059938249.9999998
14650.0	2037272250.0
14660.0	2042055549.9999995
14670.0	2056100750.0
14680.0	1661950199.9999993
14690.0	1554367749.9999995
14700.0	1705250549.9999998
14710.0	1795139249.9999993
14720.0	2138786999.9999995
14730.0	2032211749.9999995
14740.0	1575129749.9999995
14750.0	1843850749.9999995
14760.0	1870980749.9999998
14770.0	1804125749.9999993
14780.0	1658652949.9999998
14790.0	1998830249.9999995
14800.0	2014343750.0
14810.0	2006803249.9999995
14820.0	1730799749.9999995
14830.0	1976678999.9999993
14840.0	2308375000.0
14850.0	1786236499.9999998
14860.0	1719285000.0
14870.0	2090452999.9999995
14880.0	1651697349.9999998
14890.0	1882270049.9999993
14900.0	1931922999.9999998
14910.0	1920264499.9999995
14920.0	1979508749.9999995
14930.0	1693781499.9999998
14940.0	1795974499.9999993
14950.0	2183813999.9999995
14960.0	1689628499.9999995
14970.0	2384444499.9999995
14980.0	1796072499.9999995
14990.0	2219398749.999999
15000.0	1837295249.9999993
15010.0	1848471499.9999998
15020.0	1743104249.9999995
15030.0	1962864999.9999998
15040.0	1903761999.9999998
15050.0	1962910249.9999993
15060.0	1907135749.9999995
15070.0	1865644949.9999998
15080.0	2058162999.9999995
15090.0	2201931249.999999
15100.0	1968663749.9999998
15110.0	2056531249.9999993
15120.0	1995013999.9999993
15130.0	1797885750.0
15140.0	1811598749.9999995
15150.0	1480441149.9999998
15160.0	2129213999.9999995
15170.0	2150079749.9999995
15180.0	2109886499.9999998
15190.0	2372145999.999999
15200.0	1990892499.9999995
15210.0	2393145999.9999995
15220.0	1963666999.9999995
15230.0	2565784749.9999995
15240.0	2056503749.9999995
15250.0	2112675249.9999998
15260.0	1945215999.9999998
15270.0	1890027999.9999998
15280.0	1886279999.9999995
15290.0	1921341499.9999998
15300.0	1954205749.9999993
15310.0	1986163499.9999993
15320.0	1802007499.9999995
15330.0	2012973249.9999993
15340.0	2246651999.9999995
15350.0	2080051499.9999995
15360.0	2097357249.9999995
15370.0	2026586749.9999995
15380.0	1863530999.9999998
15390.0	1953536499.9999993
15400.0	1879632749.9999995
15410.0	2026699999.9999998
15420.0	2142400499.9999993
15430.0	1747567249.9999998
15440.0	1984285499.9999993
15450.0	1990708749.9999995
15460.0	1998277749.9999998
15470.0	1786501499.9999993
15480.0	1965887249.9999998
15490.0	1889472249.9999998
15500.0	2231383750.0
15510.0	1743181749.9999995
15520.0	2061242249.9999998
15530.0	2064528499.9999995
15540.0	2174627500.0
15550.0	2019588249.9999995
15560.0	2019028499.9999993
15570.0	1907529749.9999995
15580.0	1869368499.9999998
15590.0	2206735249.9999995
15600.0	2118650000.0
15610.0	2184557499.9999995
15620.0	2203420499.9999995
15630.0	2143134249.9999995
15640.0	2330540499.9999995
15650.0	2088636249.9999995
15660.0	1854671499.9999993
15670.0	2413219999.999999
15680.0	2263992249.9999995
15690.0	2202065999.9999995
15700.0	2255804250.0
15710.0	2334935499.9999995
15720.0	1766298649.9999998
15730.0	2102220449.9999995
15740.0	2320899249.999999
15750.0	1994356499.9999993
15760.0	2074661999.9999995
15770.0	2394000999.9999995
15780.0	2409048999.9999995
15790.0	2393192749.999999
15800.0	2332019499.9999995
15810.0	2418629999.9999995
15820.0	2259576749.999999
15830.0	2183683749.9999995
15840.0	2111301749.9999995
15850.0	2196792249.9999995
15860.0	2307179249.9999986
15870.0	2366464749.9999995
15880.0	2390695249.9999995
15890.0	2259937999.9999995
15900.0	1709345449.9999998
15910.0	2439301249.9999995
15920.0	2468723749.9999995
15930.0	2335492249.9999995
15940.0	2490562499.9999995
15950.0	2545539749.9999995
15960.0	2532196499.9999995
15970.0	2533846249.9999995
15980.0	2275254499.999999
15990.0	2283597250.0
16000.0	2536014750.0
16010.0	2201152749.9999995
16020.0	2321578749.9999995
16030.0	2594920999.9999995
16040.0	2452692249.9999995
16050.0	2348580499.9999995
16060.0	2175327149.9999995
16070.0	1981273325.0
16080.0	2218541824.9999995
16090.0	2622587499.999999
16100.0	2364387249.9999995
16110.0	2481952499.999999
16120.0	2601226499.9999995
16130.0	2537059249.9999995
16140.0	2386643999.9999995
16150.0	2483417749.9999995
16160.0	2075520999.9999993
16170.0	2478865499.999999
16180.0	2671218499.9999995
16190.0	2314111999.9999995
16200.0	2154963249.9999995
16210.0	2283014499.9999995
16220.0	2355996749.9999995
16230.0	2049967999.9999995
16240.0	2273445249.9999995
16250.0	2110553249.9999995
16260.0	2288500499.9999995
16270.0	2351102750.0
16280.0	2399308249.9999995
16290.0	2414434249.9999995
16300.0	2261268999.9999995
16310.0	2346623749.9999995
16320.0	2449461249.999999
16330.0	2575839749.9999995
16340.0	2330929249.999999
16350.0	2209644500.0
16360.0	2470999500.0
16370.0	2521360749.999999
16380.0	2523927999.9999995
16390.0	2506403750.0
16400.0	2590713249.999999
16410.0	2290854999.9999995
16420.0	2346144499.999999
16430.0	2380056249.9999995
16440.0	2396307999.999999
16450.0	2299684999.9999995
16460.0	2659240249.9999995
16470.0	2542202999.999999
16480.0	2551283999.9999995
16490.0	2660120999.9999995
16500.0	2650259249.9999995
16510.0	2650479249.999999
16520.0	2506831999.9999995
16530.0	2226050599.9999995
16540.0	2671633000.0
16550.0	2464113749.9999995
16560.0	2709389749.9999995
16570.0	2727414749.999999
16580.0	2648748749.999999
16590.0	2362780499.9999995
16600.0	2701170999.9999995
16610.0	2023630249.9999995
16620.0	2415869499.9999995
16630.0	2586755249.9999995
16640.0	2497812749.9999995
16650.0	2638068749.9999995
16660.0	2626464250.0
16670.0	2546062499.9999995
16680.0	2557795499.9999995
16690.0	2558133249.9999995
16700.0	2497066999.9999995
16710.0	2322108500.0
16720.0	2423882499.9999995
16730.0	2615111249.9999995
16740.0	2698224249.999999
16750.0	2342294249.999999
16760.0	2368447249.9999995
16770.0	2358259000.0
16780.0	2673846499.999999
16790.0	2578277749.9999995
16800.0	2562747749.999999
16810.0	2615307749.9999995
16820.0	2605467249.9999995
16830.0	2647296749.9999995
16840.0	2501962749.999999
16850.0	2519150499.9999995
16860.0	2708769249.999999
16870.0	2638354749.999999
16880.0	2690438749.9999995
16890.0	2549654249.9999995
16900.0	2338060999.9999995
16910.0	2114786999.9999993
16920.0	2471059249.9999995
16930.0	2549804249.9999995
16940.0	2678927749.999999
16950.0	2508533249.9999995
16960.0	2413710249.9999995
16970.0	2407890499.9999995
16980.0	2587398999.999999
16990.0	2297250749.9999995
17000.0	2429211749.9999995
17010.0	2188165749.9999995
17020.0	2488352999.999999
17030.0	2378731749.9999995
17040.0	2432275499.999999
17050.0	2441740000.0
17060.0	2477533999.9999995
17070.0	2077699749.9999998
17080.0	2179741249.999999
17090.0	2207703499.9999995
17100.0	2488155749.999999
17110.0	2128371499.9999998
17120.0	2139889499.9999995
17130.0	2365034249.9999995
17140.0	2268148499.9999995
17150.0	2240630249.9999995
17160.0	2281036999.9999995
17170.0	2232483499.999999
17180.0	2071301749.9999993
17190.0	1767370249.9999995
17200.0	2169605249.9999995
17210.0	2043298524.9999993
17220.0	2134200674.9999995
17230.0	2047759250.0
17240.0	2006650999.9999995
17250.0	2113866749.9999993
17260.0	2134844849.9999995
17270.0	1747531949.9999995
17280.0	1918265199.9999993
17290.0	1842949099.9999995
17300.0	2007525399.9999998
17310.0	1960758449.9999993
17320.0	2157011999.9999995
17330.0	2118972749.9999998
17340.0	2093389999.9999995
17350.0	1622263749.9999998
17360.0	1740481299.9999993
17370.0	1537113299.9999995
17380.0	2266523000.0
17390.0	2072388749.9999995
17400.0	2008855499.9999993
17410.0	1688786799.9999998
17420.0	1564923349.9999995
17430.0	1867994999.9999998
17440.0	1781512299.9999995
17450.0	1941372049.9999993
17460.0	1923399399.9999995
17470.0	2022302499.9999993
17480.0	1985818999.9999998
17490.0	1898559249.9999998
17500.0	2044021249.9999998
17510.0	2058102249.9999993
17520.0	1779605249.9999995
17530.0	1517058749.9999995
17540.0	1990192224.9999995
17550.0	1822913399.9999998
17560.0	1654770274.9999998
17570.0	2019210249.9999998
17580.0	1755059199.9999998
17590.0	1804888749.9999995
17600.0	1662114499.9999998
17610.0	1921387449.9999998
17620.0	1730473199.9999995
17630.0	1232578499.9999998
17640.0	1950433999.9999998
17650.0	1804939450.0
17660.0	2008187999.9999993
17670.0	1560251949.9999995
17680.0	1214970099.9999998
17690.0	1638139349.9999998
17700.0	1931209749.9999995
17710.0	1752046624.9999993
17720.0	1382897724.9999995
17730.0	1550544249.9999995
17740.0	1862927100.0
17750.0	1537044599.9999995
17760.0	1246440900.0
17770.0	1650826499.9999998
17780.0	1653682499.9999998
17790.0	1619342049.9999995
17800.0	1423455799.9999995
17810.0	1425432974.9999998
17820.0	1765560349.9999995
17830.0	1126388724.9999998
17840.0	1868051749.9999995
17850.0	1546835999.9999998
17860.0	1657486999.9999998
17870.0	1625628399.9999998
17880.0	1332672049.9999998
17890.0	1410114149.9999998
17900.0	1686716049.9999993
17910.0	918420949.9999998
17920.0	1204549049.9999995
17930.0	1392380574.9999998
17940.0	1331380224.9999998
17950.0	1191403750.0
17960.0	1315663849.9999998
17970.0	1497580849.9999998
17980.0	1492303099.9999995
17990.0	1281191099.9999998
18000.0	1016318174.9999996
18010.0	1063034574.9999999
18020.0	1615376299.9999998
18030.0	1401532724.9999995
18040.0	1582624174.9999998
18050.0	1600342499.9999998
18060.0	1081393199.9999998
18070.0	1083373625.0
18080.0	896784224.9999999
18090.0	936791474.9999996
18100.0	1269996424.9999998
18110.0	928187749.9999999
18120.0	1314922774.9999995
18130.0	1552992374.9999998
18140.0	1539465349.9999995
18150.0	1491493074.9999998
18160.0	1360741074.9999998
18170.0	1095950899.9999998
18180.0	1320739899.9999998
18190.0	1102094149.9999998
18200.0	1120602999.9999998
18210.0	1080538400.0
18220.0	890345649.9999999
18230.0	1441137999.9999998
18240.0	1722531249.9999995
18250.0	1223847649.9999995
18260.0	1042822174.9999996
18270.0	1014086374.9999998
18280.0	1227980149.9999995
18290.0	1336549649.9999998
18300.0	1319575749.9999995
18310.0	1286016049.9999998
18320.0	1364320475.0
18330.0	1238060074.9999995
18340.0	1332568124.9999998
18350.0	1315758774.9999998
18360.0	1531389499.9999998
18370.0	1603487499.9999993
18380.0	1244090849.9999998
18390.0	1006961624.9999996
18400.0	1293144274.9999998
18410.0	1370405799.9999998
18420.0	1026334449.9999998
18430.0	1293115399.9999998
18440.0	1271556649.9999998
18450.0	974096649.9999999
18460.0	1054296449.9999998
18470.0	828098524.9999999
18480.0	937917324.9999996
18490.0	990492749.9999998
18500.0	1060817424.9999996
18510.0	1212131174.9999995
18520.0	1147984449.9999998
18530.0	1222868099.9999998
18540.0	1393569899.9999995
18550.0	1115858974.9999998
18560.0	849705699.9999999
18570.0	742393599.9999999
18580.0	913506999.9999998
18590.0	983814649.9999999
18600.0	894639924.9999998
18610.0	1293560699.9999998
18620.0	1171122850.0
18630.0	930219099.9999998
18640.0	1026811549.9999998
18650.0	1022450024.9999999
18660.0	1305514274.9999998
18670.0	1140564849.9999998
18680.0	740699274.9999999
18690.0	1141344374.9999998
18700.0	1095407099.9999998
18710.0	1327785699.9999998
18720.0	1130484200.0
18730.0	921940399.9999998
18740.0	1090359525.0
18750.0	799192974.9999999
18760.0	1106337099.9999995
18770.0	1207838074.9999995
18780.0	1114381174.9999998
18790.0	837534874.9999999
18800.0	963076324.9999996
18810.0	977491749.9999999
18820.0	1304783099.9999995
18830.0	1257595949.9999998
18840.0	1036619224.9999996
18850.0	936613224.9999998
18860.0	1095334250.0
18870.0	830252399.9999998
18880.0	1117131799.9999998
18890.0	1129168999.9999998
18900.0	1309115749.9999998
18910.0	1263345749.9999998
18920.0	952659774.9999998
18930.0	962774624.9999996
18940.0	1224398299.9999995
18950.0	1223115749.9999998
18960.0	1061699874.9999999
18970.0	1145566274.9999998
18980.0	1032949949.9999999
18990.0	1134645749.9999998
19000.0	908656624.9999999
19010.0	966549624.9999998
19020.0	1044169299.9999998
19030.0	1102529749.9999998
19040.0	1090198299.9999998
19050.0	1205893224.9999998
19060.0	1129117450.0
19070.0	1012536500.0
19080.0	1322748599.9999995
19090.0	945026449.9999999
19100.0	1230979124.9999998
19110.0	855099799.9999999
19120.0	1262477099.9999998
19130.0	1109949499.9999998
19140.0	1208309949.9999998
19150.0	1407193474.9999998
19160.0	936455775.0
19170.0	1017901849.9999999
19180.0	1089819949.9999998
19190.0	1276277999.9999998
19200.0	1066159299.9999998
19210.0	900811174.9999998
19220.0	1137198974.9999995
19230.0	1059991599.9999999
19240.0	919046724.9999999
19250.0	1201092224.9999995
19260.0	1038131724.9999998
19270.0	1047281374.9999998
19280.0	1284035499.9999998
19290.0	1237786849.9999995
19300.0	1180693224.9999998
19310.0	761453549.9999999
19320.0	1035146899.9999996
19330.0	933462549.9999999
19340.0	970536899.9999998
19350.0	1137137550.0
19360.0	1034202624.9999995
19370.0	1250579999.9999998
19380.0	945207449.9999996
19390.0	1118386874.9999998
19400.0	962264549.9999996
19410.0	1163658424.9999998
19420.0	1131420349.9999998
19430.0	836325275.0
19440.0	985498949.9999999
19450.0	785380299.9999999
19460.0	744385349.9999998
19470.0	1120800050.0
19480.0	916018074.9999999
19490.0	858104324.9999998
19500.0	1077846949.9999998
19510.0	906821724.9999998
19520.0	876639249.9999996
19530.0	932889225.0
19540.0	1140727399.9999998
19550.0	865058024.9999998
19560.0	689808699.9999999
19570.0	1052315799.9999996
19580.0	1176988549.9999998
19590.0	1090742824.9999998
19600.0	603738174.9999999
19610.0	1026525875.0000001
19620.0	1034291124.9999998
19630.0	1150813274.9999998
19640.0	1046487024.9999999
19650.0	1236191899.9999998
19660.0	1301632399.9999998
19670.0	1292552999.9999998
19680.0	1091713749.9999998
19690.0	1133154224.9999998
19700.0	927915174.9999998
19710.0	1154718299.9999998
19720.0	1317637999.9999998
19730.0	1161825499.9999998
19740.0	890084849.9999999
19750.0	1204138499.9999998
19760.0	800120399.9999998
19770.0	1066520999.9999999
19780.0	841404349.9999998
19790.0	1095384899.9999995
19800.0	1080340700.0
19810.0	1056662899.9999998
19820.0	916815449.9999999
19830.0	1094069725.0
19840.0	1031643174.9999998
19850.0	796702649.9999999
19860.0	1010078299.9999999
19870.0	908782549.9999999
19880.0	877835799.9999999
19890.0	1152679699.9999998
19900.0	865321650.0
19910.0	746721425.0
19920.0	811721799.9999999
19930.0	1126007725.0
19940.0	1086298199.9999998
19950.0	982756774.9999996
19960.0	970298574.9999999
19970.0	864404699.9999999
19980.0	981249474.9999999
19990.0	1104072149.9999998
20000.0	1014710424.9999999
20010.0	722505274.9999999
20020.0	1008429224.9999999
20030.0	1013265174.9999999
20040.0	999226224.9999999
20050.0	848522949.9999996
20060.0	945608649.9999998
20070.0	853376349.9999998
20080.0	1362946224.9999998
20090.0	874270449.9999999
20100.0	1125444875.0
20110.0	942343499.9999998
20120.0	962667474.9999998
20130.0	992432124.9999998
20140.0	821445149.9999999
20150.0	957051149.9999998
20160.0	997873574.9999999
20170.0	1005513674.9999999
20180.0	996366749.9999999
20190.0	973707099.9999998
20200.0	842472949.9999999
20210.0	1031348249.9999996
20220.0	974797199.9999999
20230.0	1015877199.9999998
20240.0	1339310249.9999998
20250.0	1001763549.9999999
20260.0	704521599.9999998
20270.0	748161349.9999999
20280.0	859822674.9999998
20290.0	843200249.9999999
20300.0	895515274.9999998
20310.0	699035374.9999998
20320.0	1028728824.9999998
20330.0	1011049399.9999999
20340.0	891278999.9999996
20350.0	1070603374.9999998
20360.0	806207224.9999998
20370.0	1127968299.9999995
20380.0	999919274.9999996
20390.0	832264724.9999998
20400.0	886946624.9999996
20410.0	822592774.9999999
20420.0	1050956475.0
20430.0	1089772174.9999998
20440.0	789514449.9999998
20450.0	875358224.9999999
20460.0	1065453174.9999998
20470.0	900469824.9999999
20480.0	926190625.0
20490.0	803757825.0
20500.0	898938624.9999999
20510.0	1165975099.9999995
20520.0	985240174.9999998
20530.0	1025725174.9999998
20540.0	1006138849.9999998
20550.0	763349599.9999999
20560.0	750789249.9999999
20570.0	997896999.9999995
20580.0	1149932024.9999998
20590.0	886400799.9999996
20600.0	1098967624.9999998
20610.0	774839549.9999999
20620.0	975989224.9999996
20630.0	951912124.9999995
20640.0	807236374.9999999
20650.0	869387974.9999996
20660.0	901042824.9999996
20670.0	960304524.9999996
20680.0	876365724.9999999
20690.0	898760374.9999998
20700.0	953909699.9999998
20710.0	1113430999.9999998
20720.0	985209900.0
20730.0	992945149.9999996
20740.0	832919824.9999998
20750.0	988024324.9999999
20760.0	965510474.9999999
20770.0	830878849.9999999
20780.0	837742849.9999999
20790.0	979116899.9999998
20800.0	880944749.9999998
20810.0	799458499.9999999
20820.0	968051174.9999999
20830.0	935878475.0
20840.0	978058474.9999998
20850.0	898972349.9999998
20860.0	1003496174.9999999
20870.0	798621274.9999996
20880.0	1057467849.9999996
20890.0	953827724.9999996
20900.0	866870574.9999999
20910.0	1038011024.9999998
20920.0	931079324.9999996
20930.0	1039768899.9999998
20940.0	861385699.9999999
20950.0	906920499.9999998
20960.0	982956099.9999999
20970.0	809113774.9999999
20980.0	1117816399.9999998
20990.0	998819674.9999999
21000.0	923131575.0000001
21010.0	1007471699.9999998
21020.0	929848174.9999998
21030.0	828676674.9999999
21040.0	991013074.9999999
21050.0	972924099.9999999
21060.0	982258774.9999999
21070.0	945995249.9999996
21080.0	977788574.9999996
21090.0	872495624.9999999
21100.0	1013813824.9999996
21110.0	1114404025.0
21120.0	869790024.9999998
21130.0	862498349.9999999
21140.0	941389874.9999998
21150.0	922518974.9999998
21160.0	933880999.9999996
21170.0	952582449.9999996
21180.0	1003544799.9999996
21190.0	911263274.9999998
21200.0	989195024.9999996
21210.0	915028599.9999998
21220.0	832591824.9999998
21230.0	1083231699.9999995
21240.0	1003902174.9999995
21250.0	927285774.9999999
21260.0	1016161399.9999999
21270.0	1007718774.9999998
21280.0	995674425.0
21290.0	903382774.9999998
21300.0	1032753649.9999999
21310.0	964364174.9999998
21320.0	1033902049.9999998
21330.0	966401474.9999998
21340.0	1063036299.9999996
21350.0	1080958724.9999998
21360.0	933914124.9999998
21370.0	958644474.9999999
21380.0	918495049.9999999
21390.0	1015072274.9999999
21400.0	944545949.9999999
21410.0	1063671449.9999996
21420.0	1041537099.9999999
21430.0	901436349.9999999
21440.0	1047696249.9999999
21450.0	1016656199.9999998
21460.0	993357099.9999999
21470.0	1042281799.9999998
21480.0	995167099.9999998
21490.0	929084749.9999998
21500.0	904639025.0
21510.0	1045108224.9999998
21520.0	1033423049.9999996
21530.0	947201224.9999999
21540.0	973861799.9999999
21550.0	1084287799.9999998
21560.0	990147999.9999999
21570.0	1013303674.9999998
21580.0	894381524.9999999
21590.0	998729225.0
21600.0	1073105699.9999995
21610.0	1080571699.9999998
21620.0	1000621049.9999999
21630.0	1011172599.9999998
21640.0	1028777249.9999999
21650.0	1065914599.9999998
21660.0	961461399.9999999
21670.0	1022427174.9999998
21680.0	1009622824.9999999
21690.0	1056916124.9999999
21700.0	970393374.9999998
21710.0	993442374.9999998
21720.0	1047748199.9999996
21730.0	1028035174.9999998
21740.0	943725349.9999998
21750.0	1038075349.9999998
21760.0	973793424.9999998
21770.0	1034945474.9999998
21780.0	982285749.9999999
21790.0	967637074.9999999
21800.0	1000367774.9999995
21810.0	1021118399.9999998
21820.0	1011291374.9999999
21830.0	977546874.9999999
21840.0	1021026899.9999998
21850.0	998682699.9999999
21860.0	1039515374.9999998
21870.0	1038240624.9999998
21880.0	1002709149.9999996
21890.0	1038069975.0
21900.0	1032800699.9999999
21910.0	1095044024.9999995
21920.0	1019417099.9999999
21930.0	990707174.9999996
21940.0	1010452574.9999996
21950.0	1028276849.9999999
21960.0	1130846749.9999998
21970.0	1075843874.9999998
21980.0	1028396574.9999999
21990.0	1005961849.9999998
22000.0	1082668174.9999998
22010.0	1045952724.9999999
22020.0	1113110749.9999995
22030.0	964726774.9999999
22040.0	1007289224.9999996
22050.0	1058362724.9999996
22060.0	935968349.9999998
22070.0	1057670874.9999999
22080.0	1061882749.9999999
22090.0	996304499.9999999
22100.0	1034009849.9999996
22110.0	990757299.9999998
22120.0	1074230599.9999998
22130.0	1065175249.9999999
22140.0	1148051999.9999995
22150.0	1002649324.9999998
22160.0	1100574124.9999998
22170.0	1031867025.0
22180.0	1062953574.9999998
22190.0	983326549.9999998
22200.0	941238675.0
22210.0	991682249.9999999
22220.0	1021416274.9999998
22230.0	1001246824.9999999
22240.0	1054995774.9999996
22250.0	1091832249.9999998
22260.0	1064725949.9999998
22270.0	1090462774.9999998
22280.0	852395924.9999999
22290.0	1063900149.9999998
22300.0	966242124.9999999
22310.0	1091174399.9999998
22320.0	1078874524.9999998
22330.0	1044363599.9999998
22340.0	1086224474.9999995
22350.0	1076430299.9999995
22360.0	948994749.9999999
22370.0	1056013924.9999996
22380.0	1080492074.9999998
22390.0	959633624.9999998
22400.0	1125796499.9999998
22410.0	1113426499.9999998
22420.0	1080008100.0
22430.0	1083756999.9999998
22440.0	1046679199.9999996
22450.0	937265099.9999996
22460.0	1080492750.0
22470.0	1113464999.9999995
22480.0	1111648125.0
22490.0	1040509774.9999996
22500.0	1092456049.9999998
22510.0	1130160999.9999998
22520.0	1074574249.9999998
22530.0	1005542849.9999998
22540.0	1055634124.9999999
22550.0	980810924.9999999
22560.0	1056933099.9999999
22570.0	1099947299.9999995
22580.0	997333099.9999998
22590.0	1058849800.0
22600.0	1045845249.9999999
22610.0	1001743349.9999999
22620.0	999091374.9999999
22630.0	897081674.9999999
22640.0	1030109499.9999996
22650.0	1089538999.9999998
22660.0	1017397824.9999996
22670.0	1098567574.9999998
22680.0	1107820249.9999998
22690.0	1045711449.9999996
22700.0	954658249.9999996
22710.0	1075169149.9999998
22720.0	1028974100.0
22730.0	1093236500.0
22740.0	1022759799.9999999
22750.0	1116036749.9999998
22760.0	1050131749.9999998
22770.0	1076661249.9999998
22780.0	1054832199.9999998
22790.0	942859399.9999995
22800.0	996471499.9999995
22810.0	1013526499.9999998
22820.0	1056267749.9999996
22830.0	1010385549.9999996
22840.0	1024162749.9999999
22850.0	1055248099.9999998
22860.0	1053955499.9999998
22870.0	1029419949.9999998
22880.0	1076820249.9999998
22890.0	1043051049.9999996
22900.0	1099966999.9999998
22910.0	1108760749.9999995
22920.0	1051871999.9999999
22930.0	1085224775.0
22940.0	618512224.9999999
22950.0	793503974.9999996
22960.0	788664599.9999999
22970.0	811361274.9999998
22980.0	933304774.9999996
22990.0	1009608524.9999998
23000.0	847479949.9999998
23010.0	968963199.9999996
23020.0	1033483099.9999998
23030.0	841913624.9999998
23040.0	1037713174.9999999
23050.0	837319749.9999999
23060.0	903396849.9999998
23070.0	879545549.9999998
23080.0	892343749.9999996
23090.0	1021619474.9999999
23100.0	1022735224.9999996
23110.0	950704699.9999998
23120.0	1059054449.9999995
23130.0	1051666549.9999999
23140.0	1052811849.9999996
23150.0	715728899.9999998
23160.0	984393699.9999999
23170.0	1045942724.9999996
23180.0	983764199.9999999
23190.0	1014252649.9999998
23200.0	933909799.9999999
23210.0	750200199.9999999
23220.0	941610149.9999999
23230.0	610152299.9999999
23240.0	682606799.9999999
23250.0	709686424.9999998
23260.0	855890799.9999999
23270.0	782933199.9999996
23280.0	922251524.9999999
23290.0	805953049.9999998
23300.0	821564249.9999998
23310.0	793201999.9999998
23320.0	910171974.9999999
23330.0	919676674.9999998
23340.0	798824799.9999998
23350.0	798148174.9999998
23360.0	822322699.9999998
23370.0	763331949.9999999
23380.0	786674349.9999999
23390.0	785844199.9999999
23400.0	780172024.9999999
23410.0	972275199.9999999
23420.0	797152225.0
23430.0	980534949.9999998
23440.0	1028487799.9999999
23450.0	707056624.9999999
23460.0	973118825.0
23470.0	856223649.9999999
23480.0	796687299.9999999
23490.0	899392999.9999999
23500.0	880623949.9999996
23510.0	797171124.9999999
23520.0	757168524.9999999
23530.0	625599149.9999999
23540.0	751162274.9999999
23550.0	717818674.9999999
23560.0	751309774.9999999
23570.0	878476099.9999998
23580.0	728035774.9999998
23590.0	727863749.9999998
23600.0	887341274.9999998
23610.0	676901674.9999998
23620.0	680318374.9999999
23630.0	666602675.0
23640.0	752810574.9999998
23650.0	833877399.9999999
23660.0	856391600.0
23670.0	771088099.9999999
23680.0	601270700.0
23690.0	865513524.9999996
23700.0	806210449.9999999
23710.0	734776600.0
23720.0	925286299.9999998
23730.0	885558299.9999999
23740.0	648410549.9999999
23750.0	801129424.9999999
23760.0	742900399.9999998
23770.0	695461349.9999998
23780.0	673049799.9999999
23790.0	746284999.9999998
23800.0	812788074.9999998
23810.0	667782924.9999999
23820.0	756223124.9999998
23830.0	620673949.9999998
23840.0	657811149.9999998
23850.0	750525524.9999998
23860.0	706456024.9999999
23870.0	582463149.9999999
23880.0	541623549.9999998
23890.0	791911599.9999999
23900.0	719901349.9999998
23910.0	680553574.9999999
23920.0	500356749.9999999
23930.0	535060674.9999998
23940.0	743825349.9999999
23950.0	682649574.9999999
23960.0	627188824.9999998
23970.0	628378249.9999998
23980.0	614226224.9999999
23990.0	713593374.9999999
24000.0	744985524.9999998
24010.0	539832849.9999998
24020.0	616866349.9999999
24030.0	570946399.9999999
24040.0	719753749.9999998
24050.0	640084024.9999999
24060.0	633785574.9999999
24070.0	496021524.9999999
24080.0	675115674.9999999
24090.0	758391524.9999999
24100.0	514479174.99999994
24110.0	633789475.0
24120.0	635092074.9999998
24130.0	695967124.9999999
24140.0	573662374.9999999
24150.0	622926424.9999999
24160.0	672768624.9999998
24170.0	626661849.9999999
24180.0	489998324.9999998
24190.0	761335324.9999998
24200.0	635262049.9999999
24210.0	587017074.9999999
24220.0	456091924.9999999
24230.0	648767225.0
24240.0	684448574.9999999
24250.0	541083174.9999999
24260.0	589344874.9999999
24270.0	724230749.9999999
24280.0	582965049.9999999
24290.0	598182000.0
24300.0	605181324.9999999
24310.0	426904749.99999994
24320.0	638234349.9999999
24330.0	641959574.9999998
24340.0	458725924.9999999
24350.0	473911274.9999999
24360.0	594679449.9999999
24370.0	407486199.99999994
24380.0	485954199.99999994
24390.0	614907049.9999998
24400.0	493876999.9999999
24410.0	523474449.99999994
24420.0	546265124.9999999
24430.0	535577249.9999998
24440.0	442713074.9999999
24450.0	451917549.9999999
24460.0	485147399.99999994
24470.0	585409124.9999999
24480.0	603964999.9999999
24490.0	621494249.9999999
24500.0	507838774.99999994
24510.0	658354650.0
24520.0	412687225.0
24530.0	532124649.9999998
24540.0	393402149.9999999
24550.0	475620399.99999994
24560.0	534730899.9999998
24570.0	470306374.9999999
24580.0	522679174.9999999
24590.0	563238349.9999999
24600.0	511158674.9999998
24610.0	364314549.9999999
24620.0	531630124.9999999
24630.0	521527599.99999976
24640.0	640781999.9999999
24650.0	462523524.9999999
24660.0	373830374.9999999
24670.0	524868999.99999994
24680.0	355776424.9999999
24690.0	526395499.99999976
24700.0	474393449.9999999
24710.0	368123649.9999999
24720.0	460465774.9999999
24730.0	511762049.9999998
24740.0	305946649.9999999
24750.0	411363474.99999994
24760.0	419884024.99999994
24770.0	542414949.9999999
24780.0	535911574.9999999
24790.0	389642099.99999994
24800.0	495127349.9999998
24810.0	372175074.99999994
24820.0	418475824.99999994
24830.0	320153499.99999994
24840.0	485640725.0
24850.0	465126424.99999994
24860.0	410821924.9999999
24870.0	416631849.9999999
24880.0	399267999.99999994
24890.0	349118624.9999999
24900.0	357190249.9999999
24910.0	338555624.9999999
24920.0	423808849.9999999
24930.0	361932549.99999994
24940.0	452148174.99999994
24950.0	436854424.9999999
24960.0	431508125.0
24970.0	405790524.99999994
24980.0	356753774.99999994
24990.0	408057524.99999994
