# Flux units: erg / (cm m2 s)
# Wavelength units: Angstrom
wave	flux
9000.0	2817409999.9999995
9010.0	3979067500.0
9020.0	3981391249.999999
9030.0	3095170749.999999
9040.0	3839618999.9999995
9050.0	4096819249.9999986
9060.0	3114824749.9999995
9070.0	3844442499.9999995
9080.0	3953591749.999999
9090.0	3780845499.9999995
9100.0	4101715499.9999995
9110.0	3888191249.999999
9120.0	4284005249.9999986
9130.0	4214260749.9999986
9140.0	4255547999.9999995
9150.0	3919890749.999998
9160.0	4425267749.999999
9170.0	4182030999.999999
9180.0	4070739250.0
9190.0	3984809499.9999995
9200.0	3392790499.9999986
9210.0	3473343999.9999995
9220.0	4340577749.999998
9230.0	4121029999.9999986
9240.0	4153361749.999999
9250.0	3652869249.9999995
9260.0	3935232749.999999
9270.0	3389869749.999999
9280.0	3903687749.9999995
9290.0	3874155749.9999995
9300.0	3596370499.999999
9310.0	3308495499.999999
9320.0	4032775749.999999
9330.0	3440704999.999999
9340.0	4145717749.9999986
9350.0	3022711999.999999
9360.0	4057700749.9999986
9370.0	3463601499.999999
9380.0	4283934249.9999986
9390.0	3499726999.999999
9400.0	3846446749.9999995
9410.0	4191312999.9999995
9420.0	3917555249.9999995
9430.0	4336298000.0
9440.0	3413026999.9999995
9450.0	3910914249.9999986
9460.0	3525981499.999999
9470.0	4119380499.9999995
9480.0	4276605499.999999
9490.0	4287178249.999999
9500.0	4034921749.999998
9510.0	3950901249.9999986
9520.0	4082079999.999999
9530.0	3725573999.999999
9540.0	4080400749.999999
9550.0	3611343249.9999995
9560.0	4041178999.9999995
9570.0	3435410999.9999995
9580.0	4346748249.999999
9590.0	4334551999.999999
9600.0	3728479749.9999995
9610.0	4142287499.9999986
9620.0	4013338999.9999995
9630.0	4293993749.999999
9640.0	3339493999.999999
9650.0	3224893349.999999
9660.0	4092003249.999999
9670.0	4265552749.999999
9680.0	3339287000.0
9690.0	3605718250.0
9700.0	4353741249.999999
9710.0	3636362999.9999986
9720.0	3563513249.999999
9730.0	3911437749.999999
9740.0	3741361749.9999986
9750.0	3717907000.0
9760.0	3885849499.999998
9770.0	4131329249.9999986
9780.0	4033937874.999999
9790.0	2583095624.9999995
9800.0	4133636750.0
9810.0	3777491749.9999986
9820.0	3607026999.999999
9830.0	3625586250.0
9840.0	3771172499.9999995
9850.0	4368044499.999999
9860.0	4263846249.9999986
9870.0	3849854500.0
9880.0	4262190999.999999
9890.0	3860746249.9999986
9900.0	2164136999.9999995
9910.0	1266643249.9999995
9920.0	1201171749.9999995
9930.0	1494973499.9999995
9940.0	1997294750.0000002
9950.0	2308443249.9999995
9960.0	2301780999.9999995
9970.0	2324637749.9999995
9980.0	1996865999.9999998
9990.0	1834669249.9999995
10000.0	2149697749.9999995
10010.0	2386139999.999999
10020.0	2527714749.9999995
10030.0	3165334249.999999
10040.0	2484475249.9999995
10050.0	2428926250.0
10060.0	1620691249.9999995
10070.0	2153924424.999999
10080.0	2794902274.9999995
10090.0	2797501999.999999
10100.0	3044930249.9999995
10110.0	2739974999.9999995
10120.0	2501847499.9999995
10130.0	2810754749.9999995
10140.0	2325449999.9999995
10150.0	2456427749.9999995
10160.0	2446119499.9999995
10170.0	2238723749.9999995
10180.0	2910977499.9999995
10190.0	2323834999.999999
10200.0	2412187749.9999995
10210.0	2679826999.9999995
10220.0	2500054499.9999995
10230.0	2766341999.9999995
10240.0	3118851249.999999
10250.0	2817239749.999999
10260.0	2113709249.9999995
10270.0	2437619999.9999995
10280.0	2408221499.9999995
10290.0	2611304499.9999995
10300.0	2155678249.9999995
10310.0	2887932249.9999995
10320.0	2478789999.999999
10330.0	2631822999.999999
10340.0	2272122499.9999995
10350.0	2390382750.0
10360.0	2950305999.9999995
10370.0	3139989499.9999995
10380.0	2834362999.9999995
10390.0	2865021249.9999995
10400.0	3056567499.9999995
10410.0	3409863499.9999995
10420.0	2832804499.9999995
10430.0	2547726249.9999995
10440.0	3096023000.0
10450.0	3393605999.9999986
10460.0	3514821749.999999
10470.0	2649030249.9999995
10480.0	2733177250.0
10490.0	3744442999.999999
10500.0	3438135249.9999986
10510.0	3381729749.9999986
10520.0	2863614999.999999
10530.0	3570112499.999999
10540.0	3623555499.9999986
10550.0	3831464499.9999986
10560.0	3362067249.9999995
10570.0	2972429749.9999995
10580.0	3461546999.9999995
10590.0	3210508499.9999995
10600.0	3918711749.9999986
10610.0	3648615499.999999
10620.0	3305711499.999999
10630.0	3791931500.0
10640.0	3750203249.9999995
10650.0	3670860749.999999
10660.0	3773723999.999999
10670.0	3055978499.9999995
10680.0	3036274499.999999
10690.0	3669691749.999999
10700.0	3406686499.999999
10710.0	2853995749.999999
10720.0	3004092749.999999
10730.0	3386551999.999999
10740.0	3748026249.9999995
10750.0	3531602749.999999
10760.0	3858245499.9999995
10770.0	3648226249.999999
10780.0	3384590249.9999995
10790.0	4076639249.9999995
10800.0	4041704999.9999986
10810.0	3947452249.9999986
10820.0	3675689499.999999
10830.0	4048298249.9999995
10840.0	4119657499.999999
10850.0	3798160499.9999995
10860.0	3560748249.9999995
10870.0	3428269249.999999
10880.0	4002357499.9999986
10890.0	3603188249.999999
10900.0	3940789249.999999
10910.0	3570881999.999999
10920.0	3560513249.999999
10930.0	4038036749.9999986
10940.0	3998826749.999999
10950.0	4077644999.9999986
10960.0	3634308749.9999995
10970.0	3972747749.999999
10980.0	3493139249.9999995
10990.0	3559745999.999999
11000.0	3298848249.999999
11010.0	3878654249.999999
11020.0	3924961750.0
11030.0	3519657749.999999
11040.0	3532034499.9999995
11050.0	3595089749.999999
11060.0	3685441249.9999986
11070.0	3460175499.999999
11080.0	3439266749.9999995
11090.0	3710234999.999999
11100.0	3823522249.999999
11110.0	3292062499.9999986
11120.0	3564540249.999999
11130.0	3833607749.999999
11140.0	3624084249.9999986
11150.0	3895947999.9999995
11160.0	3802991999.9999986
11170.0	4073757999.9999986
11180.0	3478098249.999999
11190.0	3382804749.9999995
11200.0	3920537499.9999986
11210.0	3961840499.999999
11220.0	4031063499.999999
11230.0	3947176250.0
11240.0	4022976749.9999986
11250.0	3854988749.9999995
11260.0	3646972499.9999986
11270.0	3608544249.9999995
11280.0	3557853500.0
11290.0	3528574999.999999
11300.0	3979350499.999998
11310.0	4004575499.9999995
11320.0	3945779999.9999995
11330.0	3979534499.9999995
11340.0	3573103499.999999
11350.0	3730711749.999999
11360.0	3422252999.999999
11370.0	3837780749.999999
11380.0	2462590999.999999
11390.0	2893401499.9999995
11400.0	2898965749.9999995
11410.0	2156225499.9999995
11420.0	3437846249.9999995
11430.0	3398009749.999999
11440.0	3706165749.9999986
11450.0	3777717999.9999995
11460.0	3522317499.9999995
11470.0	3828207749.9999995
11480.0	3784502999.9999995
11490.0	3900694249.9999986
11500.0	4007310499.9999995
11510.0	3870738999.999999
11520.0	3855495999.999999
11530.0	3986064249.999999
11540.0	3911524750.0
11550.0	3929255249.9999986
11560.0	4027954249.999999
11570.0	3518678750.0000005
11580.0	3997212750.0000005
11590.0	4005890999.999998
11600.0	3501588499.9999995
11610.0	3653556249.999999
11620.0	3965745249.9999995
11630.0	3943425499.999999
11640.0	3686114999.9999995
11650.0	3599336499.999999
11660.0	3358164999.999999
11670.0	3981329749.999999
11680.0	3785698749.999999
11690.0	2408579249.9999995
11700.0	3288919749.999999
11710.0	3654147999.9999995
11720.0	3908381749.9999986
11730.0	3672967249.9999995
11740.0	3776917249.9999986
11750.0	3825768749.999999
11760.0	3690785499.9999995
11770.0	2586414149.9999995
11780.0	2186409799.999999
11790.0	3360360999.9999995
11800.0	3663295249.9999995
11810.0	3447165499.9999995
11820.0	3794949749.9999995
11830.0	3653603499.9999995
11840.0	3810204999.9999995
11850.0	3696475499.999999
11860.0	3723324749.9999995
11870.0	3717917999.999999
11880.0	3697199749.9999995
11890.0	3156802249.9999995
11900.0	3737398749.9999995
11910.0	3835724999.9999986
11920.0	3896318249.9999995
11930.0	3858727999.999999
11940.0	3758032249.999999
11950.0	3629635749.999999
11960.0	3646436999.9999995
11970.0	3427285499.9999995
11980.0	2809944749.9999995
11990.0	3510655749.999999
12000.0	3419367749.999999
12010.0	3540936749.9999995
12020.0	3466254249.9999986
12030.0	3600700249.9999995
12040.0	3640234249.9999995
12050.0	3703977249.9999986
12060.0	3683786999.999999
12070.0	3562841499.9999995
12080.0	3796443249.999999
12090.0	3434007499.999999
12100.0	3764657749.999999
12110.0	3571160749.999999
12120.0	3547607999.999999
12130.0	3706295749.999999
12140.0	3203849499.9999995
12150.0	3655506249.9999995
12160.0	3624126999.999999
12170.0	3676335249.999999
12180.0	3615974499.999999
12190.0	3841338499.9999986
12200.0	3452828749.999999
12210.0	3540164749.9999986
12220.0	3638359249.999999
12230.0	3634824499.9999995
12240.0	3581282999.999999
12250.0	3701552999.9999995
12260.0	3698736999.9999986
12270.0	3706508249.9999995
12280.0	3726771999.999999
12290.0	3658366249.9999995
12300.0	3635159999.9999995
12310.0	3716209249.999999
12320.0	3670252499.999999
12330.0	3603640749.999999
12340.0	3730871500.0
12350.0	3472330999.999999
12360.0	3599249999.9999995
12370.0	3702960000.0
12380.0	3473469749.9999995
12390.0	3561980749.999999
12400.0	3553257999.999999
12410.0	3111360499.9999995
12420.0	3459396499.9999995
12430.0	3192119499.999999
12440.0	2780248499.999999
12450.0	3482889249.9999995
12460.0	3669889749.999999
12470.0	3241091749.999999
12480.0	3412405999.999999
12490.0	3397829499.999999
12500.0	3093888499.9999995
12510.0	3609891999.999999
12520.0	2745865499.9999995
12530.0	2779611499.9999995
12540.0	3453774249.9999995
12550.0	3508878249.999999
12560.0	3591999249.9999995
12570.0	3685593249.999999
12580.0	3601459499.999999
12590.0	3574542499.999999
12600.0	3526645249.9999995
12610.0	3649336999.9999995
12620.0	3435126999.9999995
12630.0	3564662249.9999995
12640.0	3093447249.999999
12650.0	3418078249.999999
12660.0	3527645249.999999
12670.0	3623689499.999999
12680.0	3445930499.9999995
12690.0	3549124000.0
12700.0	3633386499.999999
12710.0	3634084999.999999
12720.0	3663201999.9999986
12730.0	3675743999.9999995
12740.0	3547712749.9999995
12750.0	3393962749.999999
12760.0	3609406499.999999
12770.0	3563894749.9999995
12780.0	3628339249.9999995
12790.0	3618903999.999999
12800.0	3480855499.9999995
12810.0	3563953999.9999995
12820.0	3516093499.999999
12830.0	3455242249.999999
12840.0	3556073749.9999995
12850.0	3332114249.9999995
12860.0	3412640499.999999
12870.0	3411169999.9999995
12880.0	3431162499.9999995
12890.0	3426433999.9999995
12900.0	2996456499.9999995
12910.0	3413246499.9999995
12920.0	3313912749.9999995
12930.0	3138011749.9999995
12940.0	3365069499.9999995
12950.0	3352313249.999999
12960.0	3492033249.9999986
12970.0	3570073499.9999995
12980.0	3507008249.999999
12990.0	3401170249.999999
13000.0	3521745249.9999995
13010.0	3514828249.9999986
13020.0	3473032749.9999995
13030.0	3360953999.9999986
13040.0	3454964999.999999
13050.0	3370091499.999999
13060.0	3596954749.999999
13070.0	3213548499.999999
13080.0	3527752499.9999995
13090.0	3470185249.9999986
13100.0	3492703249.9999986
13110.0	3562887499.9999995
13120.0	3386255999.999999
13130.0	2957595249.999999
13140.0	3392269249.9999995
13150.0	3206652999.9999995
13160.0	3273096249.9999995
13170.0	3047568749.9999995
13180.0	3525545249.9999995
13190.0	3546510999.9999986
13200.0	3290406499.999999
13210.0	3550289249.9999995
13220.0	3336737749.9999995
13230.0	3429711499.9999995
13240.0	3376897249.999999
13250.0	3184714749.999999
13260.0	3446703999.9999995
13270.0	3152794249.9999986
13280.0	3202817499.999999
13290.0	3214080749.999999
13300.0	3305568249.9999995
13310.0	3204645999.999999
13320.0	2924387749.9999995
13330.0	3186345249.999999
13340.0	3162548500.0
13350.0	2390664249.999999
13360.0	2885232499.9999995
13370.0	2658544749.9999995
13380.0	2690033249.9999995
13390.0	2445973999.9999995
13400.0	2698677499.9999995
13410.0	3052519499.999999
13420.0	2810930999.9999995
13430.0	2616295499.9999995
13440.0	2906505249.9999995
13450.0	2647279999.999999
13460.0	3020491999.9999995
13470.0	2622525749.9999995
13480.0	2586732999.999999
13490.0	2851363999.999999
13500.0	2530779249.9999986
13510.0	2903811499.999999
13520.0	2526218499.9999995
13530.0	3060944999.999999
13540.0	2785457499.9999995
13550.0	2641196999.9999995
13560.0	2806025749.9999995
13570.0	2930502499.999999
13580.0	2895944499.999999
13590.0	2777502999.999999
13600.0	2819883249.9999995
13610.0	2895789499.999999
13620.0	2491675499.999999
13630.0	2661806499.999999
13640.0	2802001749.9999995
13650.0	2851937749.9999995
13660.0	2884190749.9999995
13670.0	2767820499.9999995
13680.0	2794758749.9999995
13690.0	2736869499.9999995
13700.0	2812264749.9999995
13710.0	2910996749.999999
13720.0	2919599999.9999995
13730.0	2891181999.999999
13740.0	2932573499.999999
13750.0	2827699749.9999995
13760.0	2783325749.9999995
13770.0	3048971999.9999995
13780.0	3034074499.9999995
13790.0	2991372499.999999
13800.0	3086077749.9999995
13810.0	2793182749.9999995
13820.0	3038798499.9999995
13830.0	2787106249.9999995
13840.0	2957826999.9999995
13850.0	2864459499.999999
13860.0	2849853249.9999995
13870.0	2803984749.9999995
13880.0	2730374499.999999
13890.0	2663530749.9999995
13900.0	2706228749.9999995
13910.0	2675466499.999999
13920.0	2752668499.9999995
13930.0	2566875749.9999995
13940.0	2700158249.9999995
13950.0	2558068749.999999
13960.0	2764674249.9999995
13970.0	2642918499.999999
13980.0	2711181999.9999995
13990.0	2745805249.9999995
14000.0	2640581749.9999995
14010.0	2585320749.9999995
14020.0	2636826749.9999995
14030.0	2724244249.999999
14040.0	2537816249.9999995
14050.0	2467270749.9999995
14060.0	2927619999.999999
14070.0	2727618749.999999
14080.0	2571114499.9999995
14090.0	2572472499.999999
14100.0	2715930499.999999
14110.0	2701744499.999999
14120.0	2447330999.999999
14130.0	2680690749.9999995
14140.0	2668281749.9999995
14150.0	2513508749.999999
14160.0	2561486000.0
14170.0	2596449500.0
14180.0	2361936499.999999
14190.0	2415549999.999999
14200.0	2477847499.999999
14210.0	2564228999.9999995
14220.0	2497684499.999999
14230.0	2566156249.999999
14240.0	2326129499.9999995
14250.0	2522512249.9999995
14260.0	2382594499.9999995
14270.0	2425315749.9999995
14280.0	2513523499.999999
14290.0	2313950249.9999995
14300.0	2654126999.9999995
14310.0	2593286249.999999
14320.0	2467240249.9999995
14330.0	2656688499.999999
14340.0	2472238249.999999
14350.0	2691764749.9999995
14360.0	2587530749.999999
14370.0	2524162249.9999995
14380.0	2454334999.999999
14390.0	2563953249.9999995
14400.0	2482386749.9999995
14410.0	2497438499.9999995
14420.0	2476223249.9999995
14430.0	2541294499.9999995
14440.0	2567325999.9999995
14450.0	2379557499.999999
14460.0	2625849499.9999995
14470.0	2470994249.999999
14480.0	2456962999.9999995
14490.0	2596869749.9999995
14500.0	2489169499.9999995
14510.0	2328732249.9999995
14520.0	2702908499.9999995
14530.0	2525799999.9999995
14540.0	2501518249.9999995
14550.0	2588267499.999999
14560.0	2477669749.9999995
14570.0	2267152499.9999995
14580.0	2585121999.9999995
14590.0	2623569999.999999
14600.0	2545278749.999999
14610.0	2575324249.9999995
14620.0	2444601749.999999
14630.0	2189687749.9999995
14640.0	2577203749.9999995
14650.0	2587607750.0
14660.0	2546553749.9999995
14670.0	2576616999.9999995
14680.0	2286241499.9999995
14690.0	2306367749.9999995
14700.0	2474829749.9999995
14710.0	2518348750.0
14720.0	2535217249.9999995
14730.0	2481351249.9999995
14740.0	2412273749.9999995
14750.0	2393316249.9999995
14760.0	2435590999.9999995
14770.0	2468615749.9999995
14780.0	2369757000.0
14790.0	2516330999.9999995
14800.0	2417211249.999999
14810.0	2545084749.9999995
14820.0	2272792249.9999995
14830.0	2519970500.0
14840.0	2604470749.999999
14850.0	2407044499.9999995
14860.0	2418562249.9999995
14870.0	2578322999.9999995
14880.0	2383039999.9999995
14890.0	2419536249.9999995
14900.0	2441412999.9999995
14910.0	2549059749.999999
14920.0	2506153999.9999995
14930.0	2399828250.0
14940.0	2431317750.0
14950.0	2499703499.9999995
14960.0	2376941000.0
14970.0	2586102250.0
14980.0	2525987249.999999
14990.0	2622533999.999999
15000.0	2500155249.9999995
15010.0	2419703499.9999995
15020.0	2296847750.0
15030.0	2438874249.9999995
15040.0	2414420499.999999
15050.0	2478612749.999999
15060.0	2494297749.9999995
15070.0	2498485999.999999
15080.0	2488051499.9999995
15090.0	2526136999.9999995
15100.0	2439211249.9999995
15110.0	2520953249.9999995
15120.0	2520999249.999999
15130.0	2385193999.9999995
15140.0	2425626499.9999995
15150.0	2530564749.9999995
15160.0	2440082250.0
15170.0	2075406499.9999998
15180.0	2406171499.9999995
15190.0	2573402499.9999995
15200.0	2463291499.9999995
15210.0	2602180999.999999
15220.0	2508615249.9999995
15230.0	2622766749.9999995
15240.0	2506815749.9999995
15250.0	2486968999.9999995
15260.0	2468689749.9999995
15270.0	2463667749.999999
15280.0	2485844749.9999995
15290.0	2440008249.9999995
15300.0	2518954249.9999995
15310.0	2518130249.9999995
15320.0	2368575749.9999995
15330.0	2464394999.9999995
15340.0	2518071250.0
15350.0	2497254999.999999
15360.0	2502706749.9999995
15370.0	2521297249.9999995
15380.0	2505756499.9999995
15390.0	2535857749.9999995
15400.0	2396693249.9999995
15410.0	2426300249.9999995
15420.0	2431056999.9999995
15430.0	2420801749.999999
15440.0	2407053250.0
15450.0	2447314249.9999995
15460.0	2478034499.999999
15470.0	2446766499.999999
15480.0	2488912999.9999995
15490.0	2438464000.0
15500.0	2538310250.0
15510.0	2386446249.9999995
15520.0	2507154249.9999995
15530.0	2466615250.0
15540.0	2489968749.9999995
15550.0	2411095500.0
15560.0	2445348749.9999995
15570.0	2401327999.9999995
15580.0	2412765249.9999995
15590.0	2524887249.9999995
15600.0	2506481749.9999995
15610.0	2410919749.999999
15620.0	2460802999.9999995
15630.0	2486400999.9999995
15640.0	2523703499.9999995
15650.0	2487448749.9999995
15660.0	2413650499.999999
15670.0	2546947499.999999
15680.0	2472444749.9999995
15690.0	2493644999.9999995
15700.0	2451458499.999999
15710.0	2527184499.9999995
15720.0	2393249749.999999
15730.0	2462756499.999999
15740.0	2484712749.9999995
15750.0	2462785749.9999995
15760.0	2480122999.999999
15770.0	2547137999.9999995
15780.0	2543249749.999999
15790.0	2543325249.9999995
15800.0	2504544499.999999
15810.0	2531986499.999999
15820.0	2471967999.9999995
15830.0	2470890250.0
15840.0	2418747499.9999995
15850.0	2416422749.9999995
15860.0	2518710999.9999995
15870.0	2520109499.9999995
15880.0	2465111749.9999995
15890.0	2506688749.999999
15900.0	2442865999.999999
15910.0	2525076500.0
15920.0	2516638999.999999
15930.0	2470984749.999999
15940.0	2502852999.9999995
15950.0	2521856499.9999995
15960.0	2543999499.999999
15970.0	2516438249.9999995
15980.0	2478247999.9999995
15990.0	2461273749.999999
16000.0	2512667499.999999
16010.0	2439407249.9999995
16020.0	2413501500.0
16030.0	2537313499.9999995
16040.0	2495645249.9999995
16050.0	2464235499.999999
16060.0	2428878249.999999
16070.0	2369518499.9999995
16080.0	2436590749.9999995
16090.0	2503363249.999999
16100.0	2461449249.9999995
16110.0	2455956249.9999995
16120.0	2472598249.9999995
16130.0	2491031999.999999
16140.0	2415214249.9999995
16150.0	2404302499.9999995
16160.0	2309740749.999999
16170.0	2408883749.9999995
16180.0	2463221999.9999995
16190.0	2381725249.999999
16200.0	2309231249.9999995
16210.0	2386581999.9999995
16220.0	2415235000.0
16230.0	2392530499.9999995
16240.0	2435685249.999999
16250.0	2381944749.9999995
16260.0	2413986749.9999995
16270.0	2433605749.9999995
16280.0	2446346749.9999995
16290.0	2405832750.0
16300.0	2421826749.999999
16310.0	2401652999.9999995
16320.0	2402835249.9999995
16330.0	2420386999.9999995
16340.0	2412350499.9999995
16350.0	2368455749.9999995
16360.0	2443071749.9999995
16370.0	2412710749.999999
16380.0	2413198499.999999
16390.0	2411263500.0
16400.0	2443886999.9999995
16410.0	2347932999.9999995
16420.0	2344703249.9999995
16430.0	2364394749.999999
16440.0	2401906499.999999
16450.0	2388045249.9999995
16460.0	2409978749.9999995
16470.0	2390144749.9999995
16480.0	2396802499.9999995
16490.0	2401526999.9999995
16500.0	2409715499.9999995
16510.0	2397941999.9999995
16520.0	2356791499.999999
16530.0	2291299249.9999995
16540.0	2415104249.9999995
16550.0	2365003249.9999995
16560.0	2399535749.9999995
16570.0	2399374749.999999
16580.0	2374726499.999999
16590.0	2352793999.999999
16600.0	2378435499.9999995
16610.0	2255806999.9999995
16620.0	2337565749.9999995
16630.0	2364017249.9999995
16640.0	2319633249.9999995
16650.0	2353872749.9999995
16660.0	2359649249.9999995
16670.0	2331503749.9999995
16680.0	2305903249.9999995
16690.0	2328036499.9999995
16700.0	2324929999.9999995
16710.0	2269189249.9999995
16720.0	2296760250.0
16730.0	2328959749.9999995
16740.0	2327043749.9999995
16750.0	2260070250.0
16760.0	2268722249.999999
16770.0	2282435999.9999995
16780.0	2322216749.9999995
16790.0	2299805249.9999995
16800.0	2300537999.9999995
16810.0	2300674749.9999995
16820.0	2298978499.9999995
16830.0	2305244749.9999995
16840.0	2277300249.999999
16850.0	2260551999.9999995
16860.0	2308416499.999999
16870.0	2289297499.9999995
16880.0	2290661749.9999995
16890.0	2265105750.0
16900.0	2272257749.999999
16910.0	2233563249.9999995
16920.0	2228267499.9999995
16930.0	2242686499.9999995
16940.0	2273025999.9999995
16950.0	2250966499.999999
16960.0	2223886749.9999995
16970.0	2220459499.9999995
16980.0	2218945249.999999
16990.0	2191665749.9999995
17000.0	2180725999.9999995
17010.0	2179580499.999999
17020.0	2219286749.999999
17030.0	2194096499.9999995
17040.0	2166140000.0
17050.0	2175661499.9999995
17060.0	2185345250.0
17070.0	2131829249.9999993
17080.0	2125826749.9999995
17090.0	2090027749.9999995
17100.0	2159900499.9999995
17110.0	2072918999.9999998
17120.0	2116030249.9999995
17130.0	2105917499.9999993
17140.0	2083050999.9999993
17150.0	2098383249.9999995
17160.0	2093471000.0
17170.0	2096822750.0
17180.0	2062711249.9999995
17190.0	1960647999.9999993
17200.0	2058661999.9999998
17210.0	2058877999.9999988
17220.0	2057008750.0
17230.0	2019099249.9999998
17240.0	1993237499.9999993
17250.0	2060542499.9999995
17260.0	2032600999.9999993
17270.0	1863213249.9999995
17280.0	1971135249.9999995
17290.0	1963485499.9999998
17300.0	1995566499.999999
17310.0	1973226749.9999998
17320.0	1936793749.9999995
17330.0	1974525499.9999998
17340.0	1960661499.9999995
17350.0	1855063749.9999998
17360.0	1888410499.9999993
17370.0	1800747749.9999998
17380.0	1980855999.999999
17390.0	1976074499.9999998
17400.0	1890262499.9999995
17410.0	1807529499.9999998
17420.0	1827590499.9999998
17430.0	1849508999.9999998
17440.0	1873460499.9999998
17450.0	1868329749.9999998
17460.0	1872419249.9999995
17470.0	1859020749.9999998
17480.0	1867155249.9999995
17490.0	1869536999.9999993
17500.0	1897510999.9999995
17510.0	1807661499.9999995
17520.0	1850579999.9999995
17530.0	1805400249.9999993
17540.0	1773707749.9999995
17550.0	1763048249.9999998
17560.0	1706582249.9999998
17570.0	1811973000.0
17580.0	1691744249.9999998
17590.0	1711027499.9999998
17600.0	1826889749.9999995
17610.0	1752012499.9999995
17620.0	1737041499.9999998
17630.0	1614869749.9999995
17640.0	1786067999.9999995
17650.0	1743393249.9999995
17660.0	1857223749.9999998
17670.0	1687102999.9999995
17680.0	1462514499.9999998
17690.0	1629853499.9999995
17700.0	1754922500.0
17710.0	1722262249.9999995
17720.0	1542473249.9999998
17730.0	1591510749.9999995
17740.0	1795101999.9999998
17750.0	1575863249.9999993
17760.0	1447874999.9999995
17770.0	1659248249.9999993
17780.0	1608733499.9999998
17790.0	1652623249.9999998
17800.0	1587848999.9999995
17810.0	1482923499.9999998
17820.0	1668926499.9999993
17830.0	1478091749.9999995
17840.0	1713500999.9999995
17850.0	1594420249.9999998
17860.0	1550099249.9999995
17870.0	1519901749.9999993
17880.0	1489809999.9999998
17890.0	1510913999.9999995
17900.0	1629362499.9999995
17910.0	1271244224.9999998
17920.0	1508667924.9999993
17930.0	1572597999.9999998
17940.0	1459007599.9999998
17950.0	1453002749.9999995
17960.0	1395605474.9999998
17970.0	1509106674.9999998
17980.0	1570045999.9999995
17990.0	1463326249.9999995
18000.0	1343892999.9999998
18010.0	1219264549.9999998
18020.0	1458691749.9999998
18030.0	1462528499.9999998
18040.0	1601780749.9999998
18050.0	1487990249.9999998
18060.0	1366349250.0
18070.0	1412592749.9999998
18080.0	1290697149.9999998
18090.0	1322714050.0
18100.0	1540347249.9999998
18110.0	1176513849.9999998
18120.0	1440069249.9999998
18130.0	1465418249.9999998
18140.0	1610532499.9999995
18150.0	1448025774.9999998
18160.0	1417537224.9999995
18170.0	1268781699.9999998
18180.0	1423804749.9999995
18190.0	1355145249.9999995
18200.0	1372531749.9999995
18210.0	1289823749.9999995
18220.0	1230051999.9999995
18230.0	1470119499.9999998
18240.0	1643035749.9999995
18250.0	1402319499.9999998
18260.0	1259879774.9999998
18270.0	1314235324.9999998
18280.0	1375006749.9999998
18290.0	1497603749.9999995
18300.0	1458826749.9999998
18310.0	1377952999.9999998
18320.0	1435965499.9999998
18330.0	1378472749.9999998
18340.0	1477713249.9999995
18350.0	1370453999.9999995
18360.0	1402518999.9999998
18370.0	1505816500.0
18380.0	1310128499.9999998
18390.0	1346867749.9999998
18400.0	1362835749.9999998
18410.0	1504418499.9999998
18420.0	1307850250.0
18430.0	1360117500.0
18440.0	1266181674.9999998
18450.0	1265282974.9999998
18460.0	1260799000.0
18470.0	1048381224.9999999
18480.0	1146521674.9999998
18490.0	1221479999.9999998
18500.0	1256458999.9999998
18510.0	1381105499.9999995
18520.0	1291664499.9999998
18530.0	1271425249.9999998
18540.0	1289501499.9999995
18550.0	1256335949.9999998
18560.0	1215495499.9999998
18570.0	1028506699.9999995
18580.0	1151403899.9999998
18590.0	1155531049.9999995
18600.0	1104343600.0
18610.0	1201191199.9999998
18620.0	1283599699.9999998
18630.0	1243591600.0
18640.0	1200327750.0
18650.0	1192622499.9999998
18660.0	1337107999.9999998
18670.0	1310224999.9999998
18680.0	1063966349.9999998
18690.0	1365457750.0
18700.0	1335808749.9999998
18710.0	1279945750.0
18720.0	1262594724.9999998
18730.0	1091022824.9999998
18740.0	1257443499.9999998
18750.0	1155300000.0
18760.0	1297939249.9999998
18770.0	1254050249.9999995
18780.0	1301487749.9999998
18790.0	1126358999.9999998
18800.0	1263227324.9999998
18810.0	1164197025.0
18820.0	1306258249.9999998
18830.0	1388707999.9999998
18840.0	1298970999.9999998
18850.0	1110626599.9999998
18860.0	1287803999.9999995
18870.0	1216713749.9999998
18880.0	1362270499.9999995
18890.0	1226316749.9999995
18900.0	1337065499.9999998
18910.0	1323102999.9999998
18920.0	1149298999.9999995
18930.0	1231406499.9999998
18940.0	1291285249.9999995
18950.0	1295575500.0
18960.0	1237412649.9999995
18970.0	1296746499.9999998
18980.0	1218709250.0
18990.0	1304627749.9999995
19000.0	1268830499.9999995
19010.0	1191569749.9999998
19020.0	1292503250.0
19030.0	1237286699.9999998
19040.0	1277257749.9999998
19050.0	1309107499.9999998
19060.0	1250529749.9999995
19070.0	1188653949.9999995
19080.0	1355719499.9999998
19090.0	1273764749.9999998
19100.0	1324223249.9999995
19110.0	1138668325.0
19120.0	1296014475.0
19130.0	1302109999.9999998
19140.0	1291284999.9999998
19150.0	1383152999.9999998
19160.0	1212561749.9999998
19170.0	1227233749.9999995
19180.0	1274701249.9999995
19190.0	1357565999.9999995
19200.0	1191072899.9999995
19210.0	1138477750.0
19220.0	1240659499.9999998
19230.0	1224507499.9999995
19240.0	1118230249.9999995
19250.0	1259933499.9999995
19260.0	1237007000.0
19270.0	1184682049.9999995
19280.0	1323747249.9999998
19290.0	1219825250.0
19300.0	1187192749.9999998
19310.0	864469049.9999999
19320.0	963620449.9999998
19330.0	1142977749.9999995
19340.0	1102355449.9999998
19350.0	1246058749.9999998
19360.0	1175628650.0
19370.0	1219767299.9999998
19380.0	1140229199.9999998
19390.0	1155913200.0
19400.0	1102282050.0
19410.0	1163362075.0
19420.0	1178830774.9999998
19430.0	1094575074.9999998
19440.0	1076365624.9999995
19450.0	871982424.9999998
19460.0	715154349.9999998
19470.0	1061008475.0
19480.0	1030607174.9999995
19490.0	1045092449.9999998
19500.0	1102998549.9999998
19510.0	821377374.9999998
19520.0	1051204049.9999998
19530.0	1036554374.9999999
19540.0	1173234374.9999995
19550.0	1022817449.9999998
19560.0	991634900.0
19570.0	1154423549.9999995
19580.0	1165555724.9999998
19590.0	1245308400.0
19600.0	942803524.9999999
19610.0	1052595999.9999998
19620.0	1131304749.9999995
19630.0	1182239999.9999995
19640.0	1132517449.9999998
19650.0	1155066000.0
19660.0	1209213749.9999995
19670.0	1241799999.9999995
19680.0	1121567199.9999998
19690.0	1108784450.0
19700.0	1144022224.9999998
19710.0	1091276475.0
19720.0	1171630499.9999998
19730.0	1108065999.9999998
19740.0	1010184399.9999998
19750.0	1086661749.9999998
19760.0	894362499.9999999
19770.0	934482100.0
19780.0	670019724.9999998
19790.0	855448499.9999999
19800.0	956175224.9999998
19810.0	1044866050.0
19820.0	1019128899.9999999
19830.0	1065585799.9999998
19840.0	1068089599.9999999
19850.0	1024336125.0
19860.0	952125174.9999999
19870.0	811557900.0
19880.0	999670425.0
19890.0	1070279124.9999996
19900.0	960605099.9999998
19910.0	986156299.9999999
19920.0	901217149.9999999
19930.0	1063121699.9999998
19940.0	1108818750.0
19950.0	1018916824.9999999
19960.0	1091268174.9999998
19970.0	1046831824.9999998
19980.0	1002823049.9999999
19990.0	1098075374.9999998
20000.0	982438449.9999996
20010.0	1017975449.9999999
20020.0	1060767149.9999998
20030.0	1079946974.9999998
20040.0	1085621074.9999995
20050.0	1049207324.9999999
20060.0	1046198074.9999998
20070.0	1005399850.0
20080.0	1189384449.9999998
20090.0	948083824.9999998
20100.0	1079622624.9999998
20110.0	1004239324.9999999
20120.0	1051236675.0
20130.0	1049712849.9999998
20140.0	1005450724.9999999
20150.0	1057830749.9999999
20160.0	1013255974.9999998
20170.0	1036510249.9999996
20180.0	1087050399.9999998
20190.0	1039555074.9999999
20200.0	913998824.9999999
20210.0	1083964500.0
20220.0	1067470249.9999999
20230.0	1057834449.9999998
20240.0	1160709999.9999998
20250.0	1058811999.9999999
20260.0	976381074.9999998
20270.0	980785324.9999999
20280.0	1012618499.9999998
20290.0	914219749.9999996
20300.0	1026614599.9999999
20310.0	914643949.9999996
20320.0	1107308925.0
20330.0	1058531925.0000001
20340.0	1042443949.9999998
20350.0	1065095449.9999998
20360.0	942512224.9999999
20370.0	1103518674.9999998
20380.0	1042965249.9999996
20390.0	1001531149.9999998
20400.0	1013431299.9999999
20410.0	976246849.9999999
20420.0	1079011299.9999998
20430.0	1119879149.9999998
20440.0	952048774.9999999
20450.0	996108874.9999996
20460.0	1056858499.9999999
20470.0	1042913249.9999998
20480.0	1048968124.9999999
20490.0	981858399.9999999
20500.0	1004886024.9999996
20510.0	1113995299.9999998
20520.0	1045792599.9999998
20530.0	1037672849.9999998
20540.0	1014226699.9999998
20550.0	981808499.9999998
20560.0	946758124.9999999
20570.0	1043696324.9999998
20580.0	1110273999.9999995
20590.0	1002577824.9999999
20600.0	1082753724.9999998
20610.0	957520799.9999996
20620.0	1038133450.0
20630.0	1035481199.9999998
20640.0	936589174.9999996
20650.0	1017142949.9999998
20660.0	1016431874.9999996
20670.0	1052909999.9999998
20680.0	1029816224.9999998
20690.0	999458574.9999998
20700.0	1068400549.9999996
20710.0	1073173249.9999998
20720.0	1007508949.9999998
20730.0	1025642124.9999999
20740.0	981648374.9999999
20750.0	1011721099.9999999
20760.0	1038001424.9999998
20770.0	990299899.9999999
20780.0	1007416599.9999996
20790.0	1027987274.9999996
20800.0	1012625699.9999996
20810.0	987139224.9999996
20820.0	1021347499.9999996
20830.0	984592124.9999998
20840.0	1033013199.9999998
20850.0	1017797799.9999998
20860.0	1033948650.0
20870.0	971265499.9999999
20880.0	1044468999.9999996
20890.0	1013954799.9999996
20900.0	987313700.0000001
20910.0	1050100999.9999999
20920.0	1019929849.9999998
20930.0	1050079799.9999998
20940.0	979820074.9999999
20950.0	993437199.9999999
20960.0	1012533174.9999996
20970.0	989583999.9999998
20980.0	1049417399.9999996
20990.0	1041501199.9999999
21000.0	998418399.9999998
21010.0	1037769799.9999998
21020.0	1008896824.9999998
21030.0	977921849.9999998
21040.0	1023264974.9999999
21050.0	1021478449.9999999
21060.0	1014569024.9999998
21070.0	1013645999.9999998
21080.0	1012341149.9999998
21090.0	970177724.9999998
21100.0	1041483624.9999995
21110.0	1058092974.9999998
21120.0	969470049.9999999
21130.0	971169599.9999998
21140.0	1010671599.9999999
21150.0	997174074.9999996
21160.0	1016243874.9999998
21170.0	973327349.9999996
21180.0	1027607999.9999999
21190.0	992368999.9999996
21200.0	1018354449.9999996
21210.0	990791499.9999996
21220.0	947523724.9999999
21230.0	1035078825.0
21240.0	1015926599.9999999
21250.0	992277924.9999998
21260.0	1013120124.9999996
21270.0	1011299249.9999999
21280.0	1006171499.9999999
21290.0	974783499.9999998
21300.0	1016832349.9999998
21310.0	989736149.9999998
21320.0	1015919074.9999998
21330.0	998380574.9999998
21340.0	1013353799.9999996
21350.0	1028347824.9999996
21360.0	982056999.9999999
21370.0	981299774.9999999
21380.0	976613474.9999999
21390.0	998409049.9999995
21400.0	973787475.0
21410.0	1007150049.9999999
21420.0	1002560475.0
21430.0	964861900.0
21440.0	1007275724.9999996
21450.0	999160649.9999998
21460.0	997625175.0
21470.0	1001234124.9999999
21480.0	986726599.9999998
21490.0	959755049.9999998
21500.0	964516724.9999999
21510.0	1002097099.9999998
21520.0	986429500.0
21530.0	973433399.9999998
21540.0	978577224.9999998
21550.0	1006088574.9999996
21560.0	981878349.9999999
21570.0	987448624.9999998
21580.0	960319174.9999998
21590.0	976836249.9999996
21600.0	991065024.9999999
21610.0	999127224.9999995
21620.0	975977474.9999996
21630.0	973951424.9999999
21640.0	979032499.9999999
21650.0	990553149.9999998
21660.0	957392349.9999998
21670.0	980396724.9999998
21680.0	976096349.9999999
21690.0	983976724.9999996
21700.0	960595424.9999998
21710.0	966859949.9999999
21720.0	976023724.9999999
21730.0	968828874.9999996
21740.0	950259399.9999998
21750.0	969326049.9999998
21760.0	958893724.9999999
21770.0	969432424.9999998
21780.0	953268049.9999998
21790.0	933675974.9999999
21800.0	956224874.9999996
21810.0	961092625.0
21820.0	967568324.9999998
21830.0	947168999.9999998
21840.0	958345350.0
21850.0	951336224.9999999
21860.0	959439199.9999998
21870.0	958091224.9999999
21880.0	947054899.9999998
21890.0	955188199.9999999
21900.0	944170150.0
21910.0	964516574.9999998
21920.0	946821499.9999998
21930.0	942252474.9999999
21940.0	943251799.9999998
21950.0	948790174.9999999
21960.0	968261274.9999998
21970.0	952751999.9999998
21980.0	942272824.9999998
21990.0	940159199.9999998
22000.0	953022075.0
22010.0	943426549.9999998
22020.0	953383299.9999998
22030.0	914022274.9999998
22040.0	931172524.9999999
22050.0	918337674.9999998
22060.0	782835449.9999996
22070.0	877765000.0
22080.0	908624324.9999998
22090.0	824085474.9999999
22100.0	912748324.9999998
22110.0	916462349.9999998
22120.0	936173174.9999998
22130.0	935423974.9999998
22140.0	949301424.9999999
22150.0	917011199.9999999
22160.0	939402624.9999998
22170.0	924245724.9999996
22180.0	929786274.9999998
22190.0	910620549.9999996
22200.0	913075375.0
22210.0	913289849.9999998
22220.0	909686924.9999998
22230.0	906639899.9999998
22240.0	915537099.9999998
22250.0	929773224.9999999
22260.0	921264799.9999998
22270.0	924801149.9999998
22280.0	893298424.9999999
22290.0	920676724.9999998
22300.0	896216424.9999998
22310.0	923505925.0
22320.0	921047624.9999998
22330.0	905036849.9999998
22340.0	918984149.9999998
22350.0	910240749.9999996
22360.0	885553149.9999999
22370.0	908767274.9999999
22380.0	912282799.9999999
22390.0	886910924.9999998
22400.0	916866099.9999998
22410.0	915327299.9999998
22420.0	903497624.9999998
22430.0	906538199.9999998
22440.0	899188899.9999998
22450.0	881801474.9999998
22460.0	907680974.9999996
22470.0	906120050.0
22480.0	904135374.9999998
22490.0	894508099.9999999
22500.0	896075199.9999999
22510.0	905955149.9999998
22520.0	894005649.9999998
22530.0	889481099.9999998
22540.0	890446024.9999999
22550.0	877580274.9999999
22560.0	894957274.9999998
22570.0	897184024.9999998
22580.0	873391799.9999998
22590.0	885981549.9999998
22600.0	883612224.9999998
22610.0	881476425.0
22620.0	877569824.9999998
22630.0	853694124.9999999
22640.0	867691624.9999998
22650.0	876924249.9999999
22660.0	881277749.9999996
22670.0	886172474.9999996
22680.0	884993449.9999998
22690.0	876232174.9999998
22700.0	860512174.9999998
22710.0	873122675.0
22720.0	867133799.9999998
22730.0	874562324.9999999
22740.0	865744299.9999999
22750.0	878253549.9999998
22760.0	868719574.9999999
22770.0	872836424.9999998
22780.0	867364550.0
22790.0	832927649.9999998
22800.0	846731924.9999999
22810.0	856478549.9999998
22820.0	866080099.9999996
22830.0	861868849.9999999
22840.0	853678849.9999998
22850.0	855683849.9999999
22860.0	860289549.9999998
22870.0	852281924.9999999
22880.0	862552874.9999998
22890.0	856595924.9999998
22900.0	861437399.9999999
22910.0	860477599.9999998
22920.0	839703375.0
22930.0	844965799.9999999
22940.0	658039374.9999998
22950.0	727354849.9999999
22960.0	752873474.9999996
22970.0	759993849.9999998
22980.0	800592050.0
22990.0	813371699.9999999
23000.0	755299424.9999998
23010.0	790639224.9999998
23020.0	821363124.9999998
23030.0	764521574.9999999
23040.0	823756424.9999999
23050.0	744808025.0
23060.0	772670099.9999999
23070.0	751557249.9999999
23080.0	783277424.9999998
23090.0	815006099.9999998
23100.0	809242999.9999999
23110.0	788411975.0
23120.0	814898274.9999999
23130.0	829314099.9999999
23140.0	813641524.9999996
23150.0	717629799.9999999
23160.0	806533799.9999998
23170.0	823603449.9999998
23180.0	800354124.9999998
23190.0	807370049.9999999
23200.0	787948674.9999998
23210.0	726562349.9999999
23220.0	797098449.9999999
23230.0	642781249.9999998
23240.0	668061549.9999998
23250.0	663317674.9999998
23260.0	752207449.9999999
23270.0	715276349.9999999
23280.0	773189574.9999998
23290.0	738700475.0
23300.0	727258449.9999998
23310.0	759788199.9999999
23320.0	759167399.9999999
23330.0	768595549.9999999
23340.0	726865824.9999998
23350.0	732395249.9999999
23360.0	720729549.9999999
23370.0	711785099.9999998
23380.0	723411749.9999999
23390.0	725887224.9999999
23400.0	738382399.9999999
23410.0	773111674.9999999
23420.0	761958874.9999998
23430.0	768161299.9999998
23440.0	773326999.9999999
23450.0	686959850.0
23460.0	778542274.9999999
23470.0	717470774.9999998
23480.0	724863874.9999998
23490.0	777684874.9999999
23500.0	762621549.9999998
23510.0	722984524.9999999
23520.0	731728249.9999998
23530.0	634280099.9999998
23540.0	673377824.9999998
23550.0	694565874.9999999
23560.0	704056924.9999998
23570.0	744385299.9999999
23580.0	683366024.9999999
23590.0	684877649.9999998
23600.0	752136974.9999998
23610.0	671355374.9999999
23620.0	694212350.0
23630.0	685061774.9999998
23640.0	702190524.9999999
23650.0	728938999.9999998
23660.0	729665049.9999999
23670.0	717103599.9999999
23680.0	625637399.9999999
23690.0	731226174.9999998
23700.0	704447749.9999999
23710.0	691631525.0
23720.0	754068424.9999998
23730.0	743327124.9999998
23740.0	663656224.9999999
23750.0	722004624.9999998
23760.0	701606374.9999999
23770.0	690455724.9999998
23780.0	691907624.9999998
23790.0	691435574.9999998
23800.0	733510374.9999999
23810.0	642861274.9999999
23820.0	704054899.9999999
23830.0	642046699.9999999
23840.0	664743999.9999999
23850.0	701547649.9999999
23860.0	673565549.9999999
23870.0	632733399.9999999
23880.0	622811474.9999998
23890.0	685165899.9999999
23900.0	700042799.9999999
23910.0	680561399.9999999
23920.0	602536049.9999999
23930.0	637402699.9999999
23940.0	711645599.9999999
23950.0	681413349.9999998
23960.0	662288449.9999999
23970.0	646537024.9999999
23980.0	647115774.9999998
23990.0	688032599.9999998
24000.0	671236324.9999996
24010.0	623426699.9999999
24020.0	646864924.9999999
24030.0	608518649.9999999
24040.0	661403574.9999999
24050.0	642772624.9999999
24060.0	648531074.9999999
24070.0	593129024.9999999
24080.0	639661124.9999998
24090.0	662307399.9999999
24100.0	603785799.9999998
24110.0	659914274.9999999
24120.0	650893824.9999998
24130.0	619346474.9999998
24140.0	585651974.9999999
24150.0	644756799.9999999
24160.0	656138499.9999998
24170.0	604490450.0
24180.0	577161474.9999999
24190.0	676147524.9999999
24200.0	593944099.9999999
24210.0	637981449.9999999
24220.0	537962924.9999999
24230.0	605288724.9999999
24240.0	649301974.9999999
24250.0	576723899.9999999
24260.0	587808524.9999999
24270.0	592444974.9999998
24280.0	593804324.9999999
24290.0	619897124.9999999
24300.0	581690049.9999999
24310.0	543662899.9999999
24320.0	596099799.9999998
24330.0	611372474.9999998
24340.0	525165799.99999976
24350.0	550537499.9999999
24360.0	588167074.9999999
24370.0	471727449.9999998
24380.0	547153900.0
24390.0	632937974.9999999
24400.0	548672424.9999999
24410.0	541998399.9999999
24420.0	557537099.9999998
24430.0	559229849.9999999
24440.0	493874599.99999994
24450.0	537656700.0
24460.0	564537524.9999998
24470.0	565696999.9999999
24480.0	520239749.9999998
24490.0	564028999.9999999
24500.0	577018449.9999999
24510.0	603995474.9999999
24520.0	489571249.9999998
24530.0	490293049.99999994
24540.0	447896424.9999999
24550.0	506629199.99999994
24560.0	552056325.0
24570.0	575680049.9999999
24580.0	594781425.0
24590.0	573525799.9999999
24600.0	481530874.99999994
24610.0	423747124.99999994
24620.0	529592749.9999999
24630.0	563629474.9999999
24640.0	604883874.9999999
24650.0	535389174.9999999
24660.0	477393324.9999999
24670.0	484422624.9999999
24680.0	398906399.99999994
24690.0	546517799.9999999
24700.0	520932274.9999998
24710.0	495598699.9999999
24720.0	510798424.99999994
24730.0	531032624.9999998
24740.0	394064999.99999994
24750.0	432818274.9999998
24760.0	459122349.9999999
24770.0	559425225.0
24780.0	537889974.9999999
24790.0	453286524.9999999
24800.0	530896374.9999999
24810.0	449937524.99999994
24820.0	440123024.9999998
24830.0	418939824.99999994
24840.0	546678249.9999999
24850.0	539533924.9999999
24860.0	514253199.99999994
24870.0	469998049.99999994
24880.0	470761549.99999994
24890.0	424991924.99999994
24900.0	424640624.9999998
24910.0	414735774.9999998
24920.0	500487849.99999994
24930.0	468750549.99999994
24940.0	538790799.9999999
24950.0	514504274.9999999
24960.0	470557724.99999994
24970.0	480134899.9999999
24980.0	394260974.99999994
24990.0	486322474.99999994
