# Flux units: erg / (cm m2 s)
# Wavelength units: Angstrom
wave	flux
9000.0	219787824.9999999
9010.0	400485149.99999994
9020.0	372705699.9999999
9030.0	287747374.99999994
9040.0	289844299.99999994
9050.0	392871224.99999994
9060.0	358579174.9999999
9070.0	359644774.99999994
9080.0	568828324.9999999
9090.0	479407749.99999994
9100.0	483573649.9999999
9110.0	523023849.9999998
9120.0	749483749.9999999
9130.0	640819349.9999999
9140.0	576710224.9999999
9150.0	641372324.9999999
9160.0	768965124.9999999
9170.0	768055349.9999999
9180.0	719159749.9999999
9190.0	747560125.0
9200.0	549602874.9999998
9210.0	509355424.9999999
9220.0	524126075.0
9230.0	412692774.99999994
9240.0	311448875.0
9250.0	353955849.99999994
9260.0	378337925.0
9270.0	326785174.99999994
9280.0	285451449.9999999
9290.0	321098425.0
9300.0	304369274.99999994
9310.0	271894750.0
9320.0	313917200.0
9330.0	281209474.99999994
9340.0	475948174.99999994
9350.0	274269549.99999994
9360.0	373020474.99999994
9370.0	305960124.99999994
9380.0	462774074.9999999
9390.0	321156750.0
9400.0	412154199.9999999
9410.0	390846549.99999994
9420.0	473239099.99999994
9430.0	530956349.99999994
9440.0	350945149.99999994
9450.0	415810099.9999999
9460.0	402121925.0
9470.0	410642374.99999994
9480.0	556901649.9999999
9490.0	630900524.9999998
9500.0	457698625.0
9510.0	482921299.9999999
9520.0	608552449.9999999
9530.0	510583124.99999994
9540.0	586223799.9999999
9550.0	575359675.0
9560.0	605680174.9999999
9570.0	497252949.9999999
9580.0	835160925.0
9590.0	730622599.9999999
9600.0	574914649.9999999
9610.0	673030999.9999998
9620.0	656740399.9999998
9630.0	774642749.9999999
9640.0	600085199.9999998
9650.0	633082174.9999999
9660.0	818358349.9999999
9670.0	840651474.9999999
9680.0	797641149.9999999
9690.0	693675124.9999998
9700.0	916923674.9999999
9710.0	866919599.9999999
9720.0	664531725.0
9730.0	731567699.9999998
9740.0	651142024.9999999
9750.0	629209074.9999998
9760.0	683897999.9999999
9770.0	694721649.9999999
9780.0	600482525.0
9790.0	536042099.9999998
9800.0	827976899.9999996
9810.0	525615549.99999994
9820.0	464145199.9999999
9830.0	455222674.9999999
9840.0	569015125.0
9850.0	583477849.9999999
9860.0	724168424.9999999
9870.0	514726874.99999994
9880.0	686266774.9999998
9890.0	699259074.9999999
9900.0	281537099.99999994
9910.0	166791274.99999997
9920.0	161583424.99999997
9930.0	188700449.99999994
9940.0	231527949.99999994
9950.0	257759049.99999994
9960.0	268935350.0
9970.0	303409549.99999994
9980.0	247293799.99999994
9990.0	215563925.0
10000.0	264391524.99999994
10010.0	271458949.99999994
10020.0	294923749.9999999
10030.0	344362974.9999999
10040.0	270109149.99999994
10050.0	296885999.99999994
10060.0	211466024.99999994
10070.0	241737749.99999997
10080.0	336634624.99999994
10090.0	333780749.99999994
10100.0	377624574.9999999
10110.0	307668850.0
10120.0	318688724.99999994
10130.0	358810699.99999994
10140.0	287174649.99999994
10150.0	330590974.99999994
10160.0	302264624.99999994
10170.0	265590849.99999997
10180.0	401773099.9999999
10190.0	303833424.99999994
10200.0	287667299.99999994
10210.0	352759449.99999994
10220.0	315273499.99999994
10230.0	353221399.99999994
10240.0	415334474.9999999
10250.0	362766524.99999994
10260.0	258475399.99999994
10270.0	280942649.99999994
10280.0	286093350.0
10290.0	333885899.99999994
10300.0	284931774.9999999
10310.0	369095274.9999999
10320.0	298264799.99999994
10330.0	351127624.99999994
10340.0	309817524.9999999
10350.0	361852299.9999999
10360.0	392655199.9999999
10370.0	438755850.0
10380.0	400558374.9999999
10390.0	364018749.9999999
10400.0	443651949.9999999
10410.0	535007125.0
10420.0	375902074.99999994
10430.0	312906799.9999999
10440.0	425016424.9999999
10450.0	481950199.9999999
10460.0	676453949.9999999
10470.0	317163224.99999994
10480.0	350785324.99999994
10490.0	572597075.0
10500.0	511016049.9999999
10510.0	443823224.9999999
10520.0	338871899.99999994
10530.0	671213724.9999998
10540.0	576272849.9999999
10550.0	648063374.9999999
10560.0	434409424.9999998
10570.0	361624074.99999994
10580.0	588881149.9999998
10590.0	568428424.9999999
10600.0	673412299.9999998
10610.0	526540924.99999976
10620.0	440387749.99999994
10630.0	590295349.9999999
10640.0	772111649.9999999
10650.0	724977849.9999998
10660.0	683431349.9999999
10670.0	416358849.9999999
10680.0	571213774.9999998
10690.0	797088349.9999998
10700.0	647512024.9999998
10710.0	557262024.9999999
10720.0	598907199.9999999
10730.0	698561474.9999998
10740.0	824575574.9999998
10750.0	837555349.9999998
10760.0	1043738199.9999998
10770.0	948007524.9999995
10780.0	927878199.9999996
10790.0	1067611924.9999999
10800.0	1058973324.9999996
10810.0	1034090274.9999999
10820.0	988582474.9999996
10830.0	1131679074.9999998
10840.0	1293545824.9999998
10850.0	963048974.9999998
10860.0	794018399.9999999
10870.0	916100025.0
10880.0	1139210200.0
10890.0	854018099.9999998
10900.0	1079460799.9999995
10910.0	997411499.9999999
10920.0	948141299.9999999
10930.0	1146976300.0
10940.0	1121798749.9999995
10950.0	1194816249.9999998
10960.0	1072028899.9999999
10970.0	1077473949.9999998
10980.0	813947449.9999999
10990.0	942983649.9999998
11000.0	790286724.9999999
11010.0	1020762724.9999998
11020.0	936834299.9999998
11030.0	813396174.9999999
11040.0	758273424.9999998
11050.0	733962924.9999999
11060.0	732099824.9999998
11070.0	626647199.9999999
11080.0	630287849.9999998
11090.0	721266724.9999999
11100.0	850224099.9999999
11110.0	671275474.9999999
11120.0	902096474.9999999
11130.0	967642299.9999998
11140.0	991853474.9999996
11150.0	972411999.9999999
11160.0	955580099.9999999
11170.0	1050961249.9999999
11180.0	738710424.9999998
11190.0	664843225.0
11200.0	911089874.9999996
11210.0	904138575.0
11220.0	916914299.9999996
11230.0	955217399.9999998
11240.0	965210199.9999998
11250.0	977002649.9999998
11260.0	939171799.9999998
11270.0	804410049.9999998
11280.0	910431349.9999996
11290.0	881962049.9999999
11300.0	1084962549.9999998
11310.0	1015473449.9999998
11320.0	1060750399.9999999
11330.0	1101111074.9999998
11340.0	814634424.9999999
11350.0	711655574.9999999
11360.0	855340999.9999998
11370.0	955856974.9999998
11380.0	564587924.9999999
11390.0	691118674.9999998
11400.0	711765774.9999999
11410.0	528712499.9999999
11420.0	828152824.9999999
11430.0	763113599.9999999
11440.0	803545924.9999999
11450.0	926543449.9999999
11460.0	886410850.0
11470.0	1067565749.9999996
11480.0	901876449.9999998
11490.0	1100488574.9999995
11500.0	1042589299.9999999
11510.0	1026283749.9999998
11520.0	1058457499.9999995
11530.0	1059384849.9999996
11540.0	1026319699.9999996
11550.0	1023115099.9999998
11560.0	1194457299.9999998
11570.0	956171849.9999998
11580.0	1109929549.9999998
11590.0	1212477750.0
11600.0	926381774.9999998
11610.0	983369174.9999998
11620.0	1145838499.9999998
11630.0	1133000024.9999998
11640.0	865693224.9999998
11650.0	1007924900.0
11660.0	755049799.9999998
11670.0	1133860249.9999995
11680.0	907497749.9999998
11690.0	456760474.9999999
11700.0	607509399.9999998
11710.0	882311099.9999998
11720.0	1092276174.9999998
11730.0	826889524.9999998
11740.0	903795999.9999996
11750.0	915989424.9999998
11760.0	823728749.9999999
11770.0	492020879.9999999
11780.0	392178184.9999999
11790.0	722439949.9999998
11800.0	850044599.9999998
11810.0	841982024.9999998
11820.0	969393499.9999999
11830.0	1049009899.9999999
11840.0	995365749.9999998
11850.0	932993349.9999999
11860.0	922974149.9999998
11870.0	898622600.0
11880.0	1043981999.9999996
11890.0	864547199.9999998
11900.0	1091657999.9999998
11910.0	1086196399.9999998
11920.0	1139423350.0
11930.0	1141368249.9999995
11940.0	950798399.9999998
11950.0	828857349.9999998
11960.0	890707224.9999996
11970.0	750775749.9999999
11980.0	579787124.9999999
11990.0	730333274.9999998
12000.0	656866824.9999999
12010.0	700487775.0
12020.0	700087449.9999999
12030.0	755751299.9999999
12040.0	925427574.9999996
12050.0	869603649.9999999
12060.0	1004585799.9999999
12070.0	823550025.0
12080.0	1052800574.9999996
12090.0	787437825.0
12100.0	986143874.9999999
12110.0	733776174.9999999
12120.0	845317249.9999999
12130.0	885855974.9999998
12140.0	918699399.9999999
12150.0	1047718774.9999996
12160.0	977841474.9999998
12170.0	1059134899.9999998
12180.0	964317599.9999999
12190.0	1095334549.9999995
12200.0	872129724.9999999
12210.0	900729424.9999999
12220.0	901844224.9999999
12230.0	911238424.9999999
12240.0	924199999.9999998
12250.0	1098359599.9999998
12260.0	1068375424.9999996
12270.0	1078504649.9999995
12280.0	1074988574.9999998
12290.0	1059566299.9999999
12300.0	988547499.9999999
12310.0	1093221799.9999998
12320.0	992821199.9999999
12330.0	949037074.9999999
12340.0	1099254749.9999998
12350.0	856860450.0
12360.0	957707974.9999998
12370.0	1066987024.9999998
12380.0	926803274.9999998
12390.0	905503324.9999998
12400.0	888392399.9999998
12410.0	622467349.9999999
12420.0	707851674.9999998
12430.0	631362249.9999999
12440.0	573025174.9999999
12450.0	925755699.9999996
12460.0	975576549.9999996
12470.0	869325224.9999998
12480.0	858825224.9999999
12490.0	879023524.9999998
12500.0	812759849.9999999
12510.0	905251249.9999998
12520.0	567009425.0
12530.0	589439599.9999999
12540.0	847273899.9999999
12550.0	889273674.9999999
12560.0	1015024399.9999996
12570.0	1053755949.9999998
12580.0	896767949.9999998
12590.0	968823224.9999996
12600.0	951693924.9999998
12610.0	1192679449.9999995
12620.0	961317849.9999999
12630.0	920719949.9999999
12640.0	755490650.0
12650.0	917286399.9999998
12660.0	1012470049.9999996
12670.0	1070158974.9999999
12680.0	981400174.9999999
12690.0	1105098799.9999998
12700.0	1080716450.0
12710.0	1026262999.9999996
12720.0	1105711599.9999995
12730.0	1145982249.9999995
12740.0	1005823299.9999998
12750.0	929860125.0
12760.0	1094867599.9999998
12770.0	1037399724.9999999
12780.0	1076459999.9999998
12790.0	1102335249.9999998
12800.0	1039994399.9999999
12810.0	1005614649.9999998
12820.0	1064236049.9999999
12830.0	1023562199.9999998
12840.0	1081299549.9999998
12850.0	1060424149.9999998
12860.0	906699324.9999999
12870.0	1038723075.0
12880.0	1015439124.9999999
12890.0	1003124224.9999999
12900.0	824302974.9999999
12910.0	976729849.9999998
12920.0	972865524.9999996
12930.0	911786699.9999998
12940.0	1053000874.9999996
12950.0	940028149.9999999
12960.0	1143325024.9999995
12970.0	1170359274.9999995
12980.0	1137188674.9999995
12990.0	1004697949.9999998
13000.0	1116868949.9999998
13010.0	1115629250.0
13020.0	1142643049.9999995
13030.0	976457999.9999999
13040.0	1163230099.9999998
13050.0	997580599.9999999
13060.0	1247417399.9999998
13070.0	946587124.9999996
13080.0	1165361375.0
13090.0	1077502474.9999998
13100.0	1139829774.9999995
13110.0	1255576750.0
13120.0	1171621524.9999998
13130.0	965238474.9999999
13140.0	1091862649.9999998
13150.0	1065141549.9999999
13160.0	1062087699.9999998
13170.0	923731899.9999999
13180.0	1176251999.9999995
13190.0	1188464474.9999998
13200.0	991894924.9999996
13210.0	1234439449.9999998
13220.0	972206499.9999996
13230.0	1040916574.9999999
13240.0	1025570324.9999998
13250.0	889609899.9999999
13260.0	1051350949.9999998
13270.0	861805624.9999999
13280.0	879248249.9999999
13290.0	979584499.9999999
13300.0	994932999.9999996
13310.0	879721874.9999999
13320.0	631423899.9999998
13330.0	633473574.9999999
13340.0	757529499.9999999
13350.0	297470325.0
13360.0	549221599.9999999
13370.0	421485349.9999999
13380.0	402803299.99999994
13390.0	416480774.9999999
13400.0	546195099.9999999
13410.0	561539874.9999999
13420.0	469738074.99999994
13430.0	431384849.9999999
13440.0	485300524.9999998
13450.0	471280879.9999999
13460.0	603494502.4999999
13470.0	396593617.49999994
13480.0	485267799.9999999
13490.0	471787574.9999999
13500.0	424027167.4999999
13510.0	520805027.49999994
13520.0	318278699.9999999
13530.0	625830549.9999998
13540.0	379797249.9999999
13550.0	348330344.99999994
13560.0	482718624.99999994
13570.0	504261624.9999999
13580.0	501953349.9999999
13590.0	380822774.9999999
13600.0	511357099.99999994
13610.0	504135299.99999994
13620.0	362316699.99999994
13630.0	401055474.9999999
13640.0	471401374.9999999
13650.0	459497250.0
13660.0	465432799.9999999
13670.0	473706075.0
13680.0	455304539.9999999
13690.0	453842029.99999994
13700.0	463945174.9999998
13710.0	465237724.9999999
13720.0	503891649.9999999
13730.0	567712749.9999999
13740.0	430667724.9999999
13750.0	421451649.9999998
13760.0	469988999.9999999
13770.0	576451824.9999999
13780.0	607151524.9999998
13790.0	590540800.0
13800.0	628993199.9999998
13810.0	459758499.9999998
13820.0	635545574.9999999
13830.0	436438624.99999994
13840.0	601560249.9999999
13850.0	576356399.9999999
13860.0	494611774.9999999
13870.0	520642224.99999994
13880.0	483183949.9999999
13890.0	481394184.9999999
13900.0	473631794.9999999
13910.0	403167949.99999994
13920.0	481735199.9999999
13930.0	441660999.9999999
13940.0	476224599.9999998
13950.0	377070084.9999999
13960.0	471058424.99999994
13970.0	411523774.9999998
13980.0	473512774.9999999
13990.0	498258124.9999998
14000.0	388485324.99999994
14010.0	421146824.9999998
14020.0	482243649.9999999
14030.0	454497774.9999999
14040.0	330159549.9999998
14050.0	349307129.99999994
14060.0	562440325.0
14070.0	414542224.99999994
14080.0	338056474.9999999
14090.0	432774699.99999994
14100.0	428511699.9999999
14110.0	467493674.99999994
14120.0	404421949.9999999
14130.0	521003449.99999994
14140.0	472823224.99999994
14150.0	399509649.9999999
14160.0	375847699.99999994
14170.0	450055374.99999994
14180.0	293515899.9999999
14190.0	364870449.99999994
14200.0	369738209.99999994
14210.0	421641674.9999999
14220.0	353361149.99999994
14230.0	411378524.9999999
14240.0	323582574.99999994
14250.0	373083999.9999999
14260.0	289219625.0
14270.0	372317874.9999999
14280.0	400086349.99999994
14290.0	305497674.9999999
14300.0	451082249.9999999
14310.0	423793149.9999999
14320.0	419555174.9999999
14330.0	425474999.9999999
14340.0	396296424.99999994
14350.0	493449224.99999994
14360.0	403986525.0
14370.0	404133649.9999998
14380.0	387110249.9999999
14390.0	404129224.9999999
14400.0	391291899.9999999
14410.0	378902524.9999999
14420.0	362139999.99999994
14430.0	464664974.9999998
14440.0	422253874.9999998
14450.0	379887349.9999999
14460.0	445565549.9999999
14470.0	394250374.9999999
14480.0	397118524.99999994
14490.0	478897674.99999994
14500.0	453900674.9999998
14510.0	327341799.99999994
14520.0	515467799.9999999
14530.0	421474924.99999994
14540.0	375553624.9999999
14550.0	467555999.99999994
14560.0	401818124.99999994
14570.0	396917624.99999994
14580.0	509312749.99999994
14590.0	476234199.99999994
14600.0	473844174.9999999
14610.0	491635925.0
14620.0	413275274.99999994
14630.0	340316249.9999999
14640.0	471992749.9999999
14650.0	439945799.99999994
14660.0	456864624.9999999
14670.0	469276699.99999994
14680.0	377379174.99999994
14690.0	348941824.99999994
14700.0	474624474.99999994
14710.0	440595949.99999994
14720.0	490136049.9999999
14730.0	451336199.9999999
14740.0	378147874.9999999
14750.0	406998224.9999999
14760.0	430367499.9999999
14770.0	464855149.9999998
14780.0	435107699.99999994
14790.0	465281224.9999999
14800.0	442930099.9999999
14810.0	484394499.99999976
14820.0	392041999.9999999
14830.0	449055449.99999994
14840.0	536426874.99999994
14850.0	418823249.99999994
14860.0	418122574.9999999
14870.0	501244499.99999994
14880.0	398143549.9999999
14890.0	445581249.9999999
14900.0	436850674.9999999
14910.0	495494374.9999999
14920.0	462039849.9999999
14930.0	449082399.9999999
14940.0	425614124.9999999
14950.0	505639074.9999999
14960.0	414741049.99999994
14970.0	521616049.9999998
14980.0	415318550.0
14990.0	546546399.9999998
15000.0	452267899.9999999
15010.0	451450024.9999999
15020.0	399188249.9999999
15030.0	524568499.9999998
15040.0	449196474.9999998
15050.0	502883599.9999998
15060.0	485075374.99999976
15070.0	463132449.9999999
15080.0	477903399.9999999
15090.0	504565224.9999998
15100.0	475914674.9999998
15110.0	493499149.99999994
15120.0	519070775.0
15130.0	457729374.9999999
15140.0	455593624.99999994
15150.0	558663150.0
15160.0	515063774.9999999
15170.0	436122574.99999994
15180.0	504171799.99999994
15190.0	555934074.9999999
15200.0	487708999.99999994
15210.0	591459550.0
15220.0	516913699.9999998
15230.0	598692024.9999998
15240.0	523789974.9999999
15250.0	495141549.9999999
15260.0	499530149.99999994
15270.0	481124924.9999999
15280.0	488974800.0
15290.0	516987199.9999998
15300.0	483484174.99999976
15310.0	535397374.9999998
15320.0	449880124.9999999
15330.0	532927149.9999998
15340.0	591569474.9999999
15350.0	522649274.9999999
15360.0	540623125.0
15370.0	542464899.9999999
15380.0	544491724.9999999
15390.0	584486199.9999999
15400.0	492054274.9999999
15410.0	525220924.99999994
15420.0	583008224.9999999
15430.0	532946449.9999999
15440.0	482530824.9999999
15450.0	536763574.99999994
15460.0	571196225.0
15470.0	537180724.9999999
15480.0	537084124.9999999
15490.0	516576449.99999994
15500.0	603475274.9999999
15510.0	518476399.9999998
15520.0	594166524.9999999
15530.0	553898699.9999999
15540.0	605445099.9999999
15550.0	586856674.9999998
15560.0	580147575.0
15570.0	560892774.9999999
15580.0	525169074.99999994
15590.0	584518749.9999998
15600.0	580965424.9999998
15610.0	573304774.9999999
15620.0	596358499.9999999
15630.0	626424624.9999998
15640.0	628841624.9999999
15650.0	568294900.0
15660.0	561291524.9999999
15670.0	666563599.9999999
15680.0	623377374.9999999
15690.0	597952574.9999998
15700.0	604387224.9999998
15710.0	618914724.9999999
15720.0	561614725.0
15730.0	607508624.9999999
15740.0	638953399.9999999
15750.0	582599150.0
15760.0	638926324.9999998
15770.0	685903299.9999999
15780.0	673063924.9999999
15790.0	663413750.0
15800.0	651553249.9999999
15810.0	662995549.9999998
15820.0	631533149.9999999
15830.0	636414700.0
15840.0	617474624.9999999
15850.0	628723124.9999999
15860.0	660227799.9999998
15870.0	665236325.0
15880.0	676815975.0
15890.0	698319949.9999998
15900.0	630375324.9999998
15910.0	696261674.9999998
15920.0	692222699.9999999
15930.0	673221874.9999999
15940.0	692438999.9999998
15950.0	712711649.9999998
15960.0	724762099.9999999
15970.0	721429699.9999999
15980.0	666868850.0
15990.0	667766324.9999998
16000.0	721145150.0
16010.0	661481174.9999998
16020.0	676548074.9999999
16030.0	762711349.9999998
16040.0	715453249.9999998
16050.0	683483524.9999999
16060.0	700977599.9999999
16070.0	692180224.9999999
16080.0	697971074.9999998
16090.0	750868599.9999999
16100.0	688255299.9999999
16110.0	707078400.0
16120.0	725912724.9999999
16130.0	764679074.9999998
16140.0	714297549.9999999
16150.0	723783049.9999998
16160.0	682869399.9999999
16170.0	730069624.9999999
16180.0	787367099.9999998
16190.0	692687474.9999999
16200.0	684357374.9999998
16210.0	723233799.9999998
16220.0	736611049.9999996
16230.0	709451099.9999998
16240.0	726806549.9999999
16250.0	710494849.9999999
16260.0	737355124.9999999
16270.0	758437499.9999998
16280.0	777918749.9999999
16290.0	710895224.9999999
16300.0	771897524.9999998
16310.0	720055124.9999998
16320.0	729571949.9999999
16330.0	751961924.9999998
16340.0	739825724.9999999
16350.0	721883674.9999998
16360.0	782135349.9999999
16370.0	756300099.9999998
16380.0	766062649.9999998
16390.0	762169474.9999998
16400.0	809749574.9999996
16410.0	710872724.9999998
16420.0	692023599.9999998
16430.0	715836424.9999999
16440.0	777179424.9999999
16450.0	785368274.9999999
16460.0	798732724.9999999
16470.0	764231299.9999998
16480.0	789870924.9999999
16490.0	805877174.9999999
16500.0	808882624.9999996
16510.0	800317775.0
16520.0	755966674.9999999
16530.0	752966049.9999998
16540.0	829894575.0
16550.0	772189224.9999999
16560.0	828295499.9999998
16570.0	834014399.9999998
16580.0	793192249.9999999
16590.0	767558874.9999998
16600.0	809527099.9999998
16610.0	742016324.9999998
16620.0	737694800.0
16630.0	817695599.9999996
16640.0	763523174.9999998
16650.0	809859474.9999999
16660.0	833457924.9999998
16670.0	785981649.9999999
16680.0	785905574.9999999
16690.0	796487124.9999998
16700.0	795756624.9999999
16710.0	782307474.9999999
16720.0	785673774.9999999
16730.0	841958174.9999998
16740.0	837116699.9999996
16750.0	791273549.9999999
16760.0	809681799.9999999
16770.0	783628224.9999998
16780.0	827415599.9999998
16790.0	803394449.9999998
16800.0	797036999.9999999
16810.0	810552174.9999999
16820.0	822636674.9999998
16830.0	819611000.0
16840.0	781804524.9999999
16850.0	784522399.9999999
16860.0	851546024.9999998
16870.0	821499399.9999998
16880.0	809265799.9999999
16890.0	797329374.9999999
16900.0	832387724.9999998
16910.0	811493099.9999999
16920.0	760041799.9999999
16930.0	790739924.9999999
16940.0	830077749.9999999
16950.0	776899774.9999999
16960.0	758057174.9999999
16970.0	729924149.9999999
16980.0	757290299.9999999
16990.0	723732349.9999999
17000.0	707003074.9999999
17010.0	693025674.9999999
17020.0	793906749.9999999
17030.0	733853999.9999998
17040.0	712426324.9999998
17050.0	692590774.9999999
17060.0	767320549.9999998
17070.0	699400124.9999999
17080.0	666697574.9999999
17090.0	662182224.9999999
17100.0	761835674.9999998
17110.0	632089924.9999999
17120.0	665589524.9999999
17130.0	669464499.9999999
17140.0	624995924.9999999
17150.0	641690099.9999999
17160.0	632157000.0
17170.0	670025599.9999998
17180.0	588960049.9999999
17190.0	504109124.9999999
17200.0	630432774.9999998
17210.0	634429174.9999999
17220.0	657974374.9999999
17230.0	592051399.9999999
17240.0	576603999.9999999
17250.0	667881774.9999999
17260.0	602482049.9999999
17270.0	457324324.9999999
17280.0	559300949.9999998
17290.0	514394775.0
17300.0	559277474.9999999
17310.0	575182024.9999998
17320.0	523455774.99999994
17330.0	571942549.9999998
17340.0	577286049.9999999
17350.0	443483149.9999999
17360.0	490387949.9999999
17370.0	399396499.99999994
17380.0	611428599.9999999
17390.0	570191674.9999999
17400.0	511392849.9999999
17410.0	430624524.99999994
17420.0	472005224.99999994
17430.0	482798899.99999994
17440.0	465596774.99999994
17450.0	474221774.99999994
17460.0	487104899.9999998
17470.0	498405924.99999994
17480.0	471307899.9999999
17490.0	505697274.9999999
17500.0	542182199.9999999
17510.0	482442349.9999998
17520.0	447601049.99999994
17530.0	458355999.9999998
17540.0	433281599.9999999
17550.0	470150974.9999999
17560.0	400496374.9999999
17570.0	464442099.9999999
17580.0	399976100.0
17590.0	408124049.99999994
17600.0	489527749.9999998
17610.0	439759249.9999998
17620.0	448402049.9999999
17630.0	346343249.9999999
17640.0	470083949.99999994
17650.0	456692174.99999994
17660.0	529415724.9999999
17670.0	398555699.9999999
17680.0	263536199.99999997
17690.0	370024699.99999994
17700.0	462769624.9999999
17710.0	441738024.9999999
17720.0	347123699.99999994
17730.0	337047249.99999994
17740.0	494803474.9999999
17750.0	382237949.99999994
17760.0	311816285.0
17770.0	404423649.9999999
17780.0	397745574.9999999
17790.0	395592399.99999994
17800.0	381108274.9999999
17810.0	333202324.99999994
17820.0	426970874.9999999
17830.0	329663924.99999994
17840.0	464472899.99999994
17850.0	360968574.9999999
17860.0	364293974.99999994
17870.0	361926774.9999999
17880.0	350125624.9999999
17890.0	348454199.99999994
17900.0	419294849.9999999
17910.0	259755132.4999999
17920.0	314863172.4999999
17930.0	352089099.99999994
17940.0	333245824.9999999
17950.0	325419174.99999994
17960.0	308752999.99999994
17970.0	370203174.9999999
17980.0	378906624.99999994
17990.0	359190974.99999994
18000.0	248513900.0
18010.0	244105494.99999997
18020.0	333803024.9999999
18030.0	348337924.99999994
18040.0	405136425.0
18050.0	375018899.9999999
18060.0	273305949.9999999
18070.0	283376524.9999999
18080.0	261342724.99999994
18090.0	258284549.9999999
18100.0	342287124.9999999
18110.0	225598474.99999997
18120.0	334039274.99999994
18130.0	346277799.99999994
18140.0	404724249.9999999
18150.0	354043502.4999999
18160.0	327060317.49999994
18170.0	284225079.99999994
18180.0	331325675.0
18190.0	304989099.9999999
18200.0	318157549.99999994
18210.0	264292614.99999994
18220.0	263360574.99999994
18230.0	373980849.99999994
18240.0	463425424.99999976
18250.0	326943274.9999999
18260.0	274353229.99999994
18270.0	282754089.99999994
18280.0	295506350.0
18290.0	347236974.99999994
18300.0	345955074.9999999
18310.0	313755999.99999994
18320.0	359484474.99999994
18330.0	305715049.99999994
18340.0	374255325.0
18350.0	320607824.99999994
18360.0	363622074.9999999
18370.0	393098374.99999994
18380.0	313120224.9999999
18390.0	296148474.99999994
18400.0	308145474.99999994
18410.0	359094899.9999999
18420.0	264222149.99999997
18430.0	338967724.9999999
18440.0	301934324.9999999
18450.0	276475749.99999994
18460.0	269088899.99999994
18470.0	217206900.0
18480.0	265171274.99999994
18490.0	278336699.99999994
18500.0	297936224.99999994
18510.0	329674574.99999994
18520.0	296563297.49999994
18530.0	301009242.4999999
18540.0	309864499.99999994
18550.0	297196044.99999994
18560.0	259553849.99999994
18570.0	216782809.9999999
18580.0	253719524.9999999
18590.0	272369349.9999999
18600.0	206545714.99999994
18610.0	300185874.99999994
18620.0	293101519.99999994
18630.0	255854875.0
18640.0	257214875.0
18650.0	268047574.9999999
18660.0	341183299.99999994
18670.0	295759049.99999994
18680.0	192320359.99999994
18690.0	322508074.99999994
18700.0	295460524.9999999
18710.0	319444049.99999994
18720.0	289737949.9999999
18730.0	241081349.99999997
18740.0	294189274.9999999
18750.0	237168049.99999994
18760.0	316302149.99999994
18770.0	310377049.99999994
18780.0	300531074.99999994
18790.0	242473124.99999994
18800.0	299680524.99999994
18810.0	265067574.99999997
18820.0	328869549.9999999
18830.0	345515224.99999994
18840.0	309419624.99999994
18850.0	233705004.99999994
18860.0	305104124.99999994
18870.0	281135049.9999999
18880.0	325313799.9999999
18890.0	299298549.99999994
18900.0	340204624.99999994
18910.0	350794399.99999994
18920.0	261456024.9999999
18930.0	281553949.9999999
18940.0	322783874.9999999
18950.0	327691524.99999994
18960.0	298065499.9999999
18970.0	330030024.99999994
18980.0	280640050.0
18990.0	340229949.99999994
19000.0	300787149.99999994
19010.0	260649849.9999999
19020.0	314977574.99999994
19030.0	308327549.99999994
19040.0	319204625.0
19050.0	333228074.99999994
19060.0	314331524.99999994
19070.0	281988174.99999994
19080.0	364218450.0
19090.0	310967549.99999994
19100.0	351186399.9999999
19110.0	234106375.0
19120.0	330335249.99999994
19130.0	342932800.0
19140.0	313947724.99999994
19150.0	378648224.99999994
19160.0	281615174.99999994
19170.0	308201375.0
19180.0	331962899.99999994
19190.0	371523174.99999994
19200.0	261903784.9999999
19210.0	270375424.99999994
19220.0	313567849.99999994
19230.0	302420169.99999994
19240.0	265139774.99999994
19250.0	341928199.9999999
19260.0	311574524.9999999
19270.0	288356749.99999994
19280.0	384455449.99999994
19290.0	332110849.99999994
19300.0	343804124.99999994
19310.0	238261749.99999994
19320.0	294420599.9999999
19330.0	289993150.0
19340.0	279523799.99999994
19350.0	335018900.0
19360.0	295950899.99999994
19370.0	337002750.0
19380.0	267425339.99999994
19390.0	282167549.99999994
19400.0	267466399.9999999
19410.0	293080774.9999999
19420.0	305338249.99999994
19430.0	263866977.49999997
19440.0	285393392.5
19450.0	221197149.99999994
19460.0	226028909.99999994
19470.0	316294099.99999994
19480.0	257274749.9999999
19490.0	251543074.9999999
19500.0	306790974.99999994
19510.0	282776174.99999994
19520.0	298332450.0
19530.0	248938224.99999994
19540.0	315166649.99999994
19550.0	234467979.99999994
19560.0	194974182.49999994
19570.0	294654847.4999999
19580.0	315834024.9999998
19590.0	309666209.99999994
19600.0	175062219.99999997
19610.0	260824199.99999994
19620.0	289487124.99999994
19630.0	309518424.99999994
19640.0	305292074.99999994
19650.0	305206924.99999994
19660.0	330852624.99999994
19670.0	342655174.9999999
19680.0	288886099.99999994
19690.0	277086474.9999999
19700.0	283629524.99999994
19710.0	291754749.99999994
19720.0	326138199.9999999
19730.0	312391124.99999994
19740.0	244823644.99999994
19750.0	302955624.99999994
19760.0	217524859.9999999
19770.0	297988899.99999994
19780.0	253947449.99999997
19790.0	285802524.99999994
19800.0	274886774.99999994
19810.0	289117050.0
19820.0	266739599.99999997
19830.0	305412174.99999994
19840.0	290083624.99999994
19850.0	256861149.99999994
19860.0	285335749.99999994
19870.0	282015599.99999994
19880.0	250815975.0
19890.0	295211850.0
19900.0	243372374.99999997
19910.0	235273824.99999988
19920.0	237991200.0
19930.0	301097300.0
19940.0	328813199.99999994
19950.0	263855799.99999994
19960.0	285783724.99999994
19970.0	269035899.99999994
19980.0	261391850.0
19990.0	288631824.99999994
20000.0	248671434.99999988
20010.0	236411949.99999994
20020.0	283072824.99999994
20030.0	278647474.99999994
20040.0	289301449.99999994
20050.0	272995399.9999999
20060.0	271425549.99999994
20070.0	253463124.99999997
20080.0	355079549.9999999
20090.0	248339324.99999997
20100.0	300979824.99999994
20110.0	275837774.99999994
20120.0	283443174.99999994
20130.0	294447899.9999999
20140.0	263454399.99999994
20150.0	291412125.0
20160.0	263161599.9999999
20170.0	281568699.9999999
20180.0	307770349.99999994
20190.0	284772549.99999994
20200.0	242372974.9999999
20210.0	303114749.99999994
20220.0	296206524.99999994
20230.0	293136249.99999994
20240.0	355071124.9999999
20250.0	297285524.99999994
20260.0	236425299.99999994
20270.0	247841000.0
20280.0	289851175.0
20290.0	256153349.9999999
20300.0	289201699.99999994
20310.0	226735024.99999988
20320.0	325058374.99999994
20330.0	298770449.99999994
20340.0	275575849.99999994
20350.0	311726775.0
20360.0	251094099.99999997
20370.0	340760624.99999994
20380.0	296024199.99999994
20390.0	277750949.99999994
20400.0	276818275.0
20410.0	256728150.0
20420.0	320726599.99999994
20430.0	338148449.9999999
20440.0	249445024.99999994
20450.0	275038599.99999994
20460.0	315574774.99999994
20470.0	289454349.9999999
20480.0	309867300.0
20490.0	261742624.99999997
20500.0	286416299.99999994
20510.0	351084324.9999999
20520.0	301190499.99999994
20530.0	293524149.99999994
20540.0	302444324.9999999
20550.0	277000800.0
20560.0	266695474.99999994
20570.0	318555974.99999994
20580.0	350047674.99999994
20590.0	295576174.99999994
20600.0	337893974.99999994
20610.0	270050474.99999994
20620.0	305925449.99999994
20630.0	309991974.9999999
20640.0	260918549.99999997
20650.0	297327949.99999994
20660.0	304234624.99999994
20670.0	322376999.9999999
20680.0	315519750.0
20690.0	297953724.99999994
20700.0	340510724.99999994
20710.0	337757024.9999999
20720.0	305267274.99999994
20730.0	317830649.99999994
20740.0	297519649.99999994
20750.0	316415724.99999994
20760.0	331911249.9999999
20770.0	298792249.99999994
20780.0	303663274.99999994
20790.0	325779674.99999994
20800.0	310054499.99999994
20810.0	296934374.9999999
20820.0	326836749.9999999
20830.0	307276199.99999994
20840.0	324655575.0
20850.0	306317349.99999994
20860.0	338807624.99999994
20870.0	285890674.99999994
20880.0	342072074.99999994
20890.0	326340799.99999994
20900.0	309094124.99999994
20910.0	346929424.9999999
20920.0	328285849.99999994
20930.0	351145399.99999994
20940.0	306906724.99999994
20950.0	312852024.9999999
20960.0	330876624.99999994
20970.0	308066124.99999994
20980.0	364276649.9999999
20990.0	343803199.99999994
21000.0	325801974.99999994
21010.0	351153324.9999999
21020.0	329299949.9999999
21030.0	305782974.99999994
21040.0	347514274.99999994
21050.0	335063474.9999999
21060.0	344641575.0
21070.0	338407200.0
21080.0	342023524.99999994
21090.0	313033874.9999999
21100.0	352595049.99999994
21110.0	382360524.9999999
21120.0	324299974.99999994
21130.0	316677599.99999994
21140.0	340847124.99999994
21150.0	337463449.9999999
21160.0	338697149.99999994
21170.0	336162025.0
21180.0	350430924.9999999
21190.0	323990074.9999999
21200.0	355602349.99999994
21210.0	337287699.9999999
21220.0	306098049.99999994
21230.0	380012849.99999994
21240.0	354665324.9999999
21250.0	338600374.99999994
21260.0	367378099.9999999
21270.0	357273774.99999994
21280.0	346731249.99999994
21290.0	325360999.99999994
21300.0	361000424.9999999
21310.0	353009324.9999999
21320.0	366053424.99999994
21330.0	348364124.99999994
21340.0	379202449.9999999
21350.0	381212424.99999994
21360.0	348037324.9999999
21370.0	336025999.99999994
21380.0	339706899.99999994
21390.0	364958049.99999994
21400.0	336895824.99999994
21410.0	368064799.9999999
21420.0	363519974.9999999
21430.0	329386674.99999994
21440.0	371333799.99999994
21450.0	367021525.0
21460.0	361270524.9999999
21470.0	364513249.9999999
21480.0	351699374.9999999
21490.0	338879724.99999994
21500.0	330806474.99999994
21510.0	373081849.99999994
21520.0	361991324.9999999
21530.0	341064799.99999994
21540.0	356193224.99999994
21550.0	383245149.99999994
21560.0	351862374.99999994
21570.0	370433449.9999999
21580.0	342792774.99999994
21590.0	352961699.99999994
21600.0	382944774.99999994
21610.0	383409574.99999994
21620.0	361425799.99999994
21630.0	356026549.99999994
21640.0	372360424.99999994
21650.0	378297499.9999999
21660.0	342364049.99999994
21670.0	361161824.9999999
21680.0	363669225.0
21690.0	383290174.99999994
21700.0	356482074.99999994
21710.0	356222825.0
21720.0	377127124.9999999
21730.0	358021774.9999999
21740.0	341612524.99999994
21750.0	380848624.99999994
21760.0	358979674.9999999
21770.0	370298749.99999994
21780.0	342710774.99999994
21790.0	350014774.9999999
21800.0	359548649.99999994
21810.0	373764249.9999999
21820.0	377138599.99999994
21830.0	349565199.9999999
21840.0	368377274.9999999
21850.0	354984599.9999999
21860.0	360551674.9999999
21870.0	371684849.9999999
21880.0	353521125.0
21890.0	376691174.99999994
21900.0	373882999.9999999
21910.0	388167149.9999999
21920.0	363145724.99999994
21930.0	343750774.9999999
21940.0	356157524.9999999
21950.0	372297324.99999994
21960.0	385039649.99999994
21970.0	384639949.9999999
21980.0	365901999.99999994
21990.0	366739624.9999999
22000.0	382252899.9999999
22010.0	360519124.9999999
22020.0	388101574.99999994
22030.0	344858474.99999994
22040.0	349150799.99999994
22050.0	371261650.0
22060.0	337948175.0
22070.0	361020349.99999994
22080.0	357917874.9999999
22090.0	345900899.99999994
22100.0	360449024.9999999
22110.0	344312774.9999999
22120.0	376428774.9999999
22130.0	369864699.9999999
22140.0	396315699.99999994
22150.0	360105324.9999999
22160.0	389747574.9999998
22170.0	362911174.99999994
22180.0	370394700.0
22190.0	340879424.99999994
22200.0	325972474.99999994
22210.0	346187274.99999994
22220.0	358196324.9999999
22230.0	357177724.99999994
22240.0	369007749.99999994
22250.0	384585049.9999999
22260.0	373722699.9999999
22270.0	376049399.9999999
22280.0	331765599.9999999
22290.0	375284274.99999994
22300.0	346056374.99999994
22310.0	387018125.0
22320.0	392804374.9999999
22330.0	356510699.9999999
22340.0	381254674.9999999
22350.0	356211849.99999994
22360.0	317401649.99999994
22370.0	368949674.9999999
22380.0	374380024.9999999
22390.0	332708824.9999999
22400.0	398031449.99999994
22410.0	387790399.99999994
22420.0	374890949.99999994
22430.0	371016174.99999994
22440.0	354118399.99999994
22450.0	348539474.9999999
22460.0	388698624.9999999
22470.0	372969099.9999998
22480.0	372780650.0
22490.0	374984899.99999994
22500.0	359855149.99999994
22510.0	393027099.9999998
22520.0	371737624.99999994
22530.0	354272774.9999999
22540.0	356312199.99999994
22550.0	353932824.99999994
22560.0	368461574.99999994
22570.0	387235674.9999999
22580.0	342310000.0
22590.0	367465724.99999994
22600.0	362495099.99999994
22610.0	361802724.99999994
22620.0	357836825.0
22630.0	329993599.99999994
22640.0	350846974.99999994
22650.0	357517599.99999994
22660.0	359146924.99999994
22670.0	376801074.99999994
22680.0	374992799.9999999
22690.0	355514799.99999994
22700.0	327650674.99999994
22710.0	365871049.9999999
22720.0	341412574.99999994
22730.0	364192249.99999994
22740.0	356333049.9999999
22750.0	383374899.9999999
22760.0	362516874.99999994
22770.0	374467999.99999994
22780.0	368534424.9999998
22790.0	324843499.99999994
22800.0	327400724.99999994
22810.0	346465550.0
22820.0	369148224.9999999
22830.0	364162174.99999994
22840.0	343550974.99999994
22850.0	352537375.0
22860.0	357168399.99999994
22870.0	351391224.99999994
22880.0	379278124.99999994
22890.0	360322449.9999999
22900.0	375881274.9999999
22910.0	376512225.0
22920.0	341092774.9999999
22930.0	363038724.99999994
22940.0	207698899.99999997
22950.0	250194149.9999999
22960.0	259905124.99999997
22970.0	278638800.0
22980.0	308262624.99999994
22990.0	313467499.99999994
23000.0	284634354.9999999
23010.0	296119924.9999999
23020.0	332059249.9999999
23030.0	278207624.9999999
23040.0	338633424.99999994
23050.0	270526374.99999994
23060.0	289235099.99999994
23070.0	289240309.99999994
23080.0	297362324.99999994
23090.0	330093849.99999994
23100.0	304828724.99999994
23110.0	308821374.99999994
23120.0	335761300.0
23130.0	350578749.99999994
23140.0	326912074.9999999
23150.0	240104559.9999999
23160.0	326181675.0
23170.0	338381874.99999994
23180.0	312123224.99999994
23190.0	335996049.9999999
23200.0	314286034.99999994
23210.0	255192719.99999994
23220.0	312076099.99999994
23230.0	218301574.99999994
23240.0	221620799.99999997
23250.0	232559564.99999997
23260.0	284844249.99999994
23270.0	259138974.99999997
23280.0	285291450.0
23290.0	282061649.99999994
23300.0	260670184.9999999
23310.0	275455224.99999994
23320.0	300348224.99999994
23330.0	305174849.99999994
23340.0	263934499.99999994
23350.0	271947449.99999994
23360.0	278883774.99999994
23370.0	247576752.49999985
23380.0	269721507.49999994
23390.0	275016049.99999994
23400.0	265460824.9999999
23410.0	295058224.99999994
23420.0	274812924.99999994
23430.0	314168250.0
23440.0	304095499.9999999
23450.0	231657149.99999997
23460.0	321591524.99999994
23470.0	280880609.99999994
23480.0	278111150.0
23490.0	313908474.99999994
23500.0	292697100.0
23510.0	251771649.99999997
23520.0	261021574.99999997
23530.0	214121589.99999994
23540.0	230488917.49999997
23550.0	255420452.49999994
23560.0	253134074.99999994
23570.0	280133449.9999999
23580.0	240947492.4999999
23590.0	229006852.49999997
23600.0	285326924.9999998
23610.0	235184674.99999997
23620.0	240981299.99999997
23630.0	233043574.99999994
23640.0	256765749.99999997
23650.0	279746599.9999999
23660.0	273042374.99999994
23670.0	253036174.99999994
23680.0	202991134.99999994
23690.0	276212024.99999994
23700.0	263340024.99999994
23710.0	241110774.99999994
23720.0	294671874.99999994
23730.0	281615724.99999994
23740.0	237130099.99999994
23750.0	262318399.99999994
23760.0	244991925.0
23770.0	241416424.99999997
23780.0	232256624.9999999
23790.0	246931724.99999994
23800.0	280816825.0
23810.0	206788619.99999997
23820.0	255397250.0
23830.0	229791424.9999999
23840.0	225300324.99999997
23850.0	265806724.9999999
23860.0	226705724.99999994
23870.0	209580374.9999999
23880.0	198113149.99999997
23890.0	252427949.99999994
23900.0	269877074.99999994
23910.0	248299124.99999997
23920.0	174473429.99999997
23930.0	205593299.9999999
23940.0	261594875.0
23950.0	232536399.99999994
23960.0	220488099.9999999
23970.0	220598824.9999999
23980.0	223754849.99999994
23990.0	256771449.9999999
24000.0	246295899.9999999
24010.0	197611049.99999994
24020.0	219806099.99999997
24030.0	203566949.99999997
24040.0	247071224.99999994
24050.0	225611324.99999994
24060.0	227197124.99999997
24070.0	188193094.99999997
24080.0	225059049.99999994
24090.0	241695699.99999994
24100.0	201702774.99999994
24110.0	231366424.99999997
24120.0	213663724.99999994
24130.0	220557574.99999994
24140.0	197642149.99999997
24150.0	242344550.0
24160.0	224811674.9999999
24170.0	213460449.9999999
24180.0	188819449.99999994
24190.0	243802274.9999999
24200.0	205346349.99999994
24210.0	223521799.99999997
24220.0	172761749.99999994
24230.0	213410549.99999994
24240.0	233427849.9999999
24250.0	197382999.99999994
24260.0	202272399.99999997
24270.0	213933374.99999997
24280.0	199475024.99999994
24290.0	222825149.99999997
24300.0	201584989.99999994
24310.0	172233224.99999997
24320.0	205537074.99999994
24330.0	212534599.99999997
24340.0	171998577.49999997
24350.0	167030567.49999994
24360.0	196540749.99999994
24370.0	148302585.0
24380.0	185386424.99999997
24390.0	222940124.99999997
24400.0	184230174.99999997
24410.0	183104099.99999994
24420.0	197914674.99999997
24430.0	190274424.99999997
24440.0	148253377.49999997
24450.0	184511032.49999994
24460.0	187589322.49999997
24470.0	191455962.49999994
24480.0	186931424.99999997
24490.0	200840399.99999997
24500.0	202438699.99999994
24510.0	220385324.99999997
24520.0	157523384.99999997
24530.0	171684329.99999997
24540.0	136137559.99999997
24550.0	181325824.99999997
24560.0	187366639.99999994
24570.0	185006249.99999994
24580.0	204121299.99999994
24590.0	196258349.99999994
24600.0	167933064.99999997
24610.0	139347057.49999997
24620.0	183672502.49999994
24630.0	193381199.99999994
24640.0	219445849.99999994
24650.0	187682249.99999994
24660.0	149674089.99999997
24670.0	169951437.49999994
24680.0	110480809.99999999
24690.0	185980037.5
24700.0	182625049.99999997
24710.0	152760634.99999997
24720.0	166093474.99999997
24730.0	170243804.99999997
24740.0	112389684.99999997
24750.0	130538789.99999999
24760.0	152557609.99999997
24770.0	198645499.99999994
24780.0	185388529.99999994
24790.0	140085959.99999994
24800.0	187194349.9999999
24810.0	143645654.99999994
24820.0	155729359.99999997
24830.0	124281709.99999997
24840.0	176295494.99999994
24850.0	187856344.99999997
24860.0	177549799.99999997
24870.0	173653899.99999994
24880.0	161349432.49999997
24890.0	131900269.99999999
24900.0	133718402.49999997
24910.0	130149249.99999996
24920.0	179453774.99999994
24930.0	143598999.99999997
24940.0	197567974.99999997
24950.0	180569174.99999997
24960.0	163925597.49999997
24970.0	155544787.49999997
24980.0	126978559.99999999
24990.0	170481524.99999997
