# Flux units: erg / (cm m2 s)
# Wavelength units: Angstrom
wave	flux
9000.0	121424124.99999999
9010.0	201939624.99999994
9020.0	192806024.99999994
9030.0	152123234.99999997
9040.0	152436750.0
9050.0	201753257.49999997
9060.0	186081627.49999997
9070.0	185875124.99999997
9080.0	288304049.99999994
9090.0	250113099.99999997
9100.0	250172824.99999994
9110.0	267278324.99999997
9120.0	389881649.9999999
9130.0	334456824.9999999
9140.0	288287449.99999994
9150.0	333823474.9999999
9160.0	402232824.99999994
9170.0	404070399.9999999
9180.0	377130099.99999994
9190.0	395623774.9999999
9200.0	294406174.99999994
9210.0	265231354.99999997
9220.0	252516124.9999999
9230.0	215872824.99999994
9240.0	156439325.0
9250.0	205167024.99999994
9260.0	204193624.99999997
9270.0	174788394.99999997
9280.0	143882324.99999997
9290.0	158903874.99999994
9300.0	157369124.99999997
9310.0	143532199.99999997
9320.0	160184800.0
9330.0	147376499.99999994
9340.0	229741675.0
9350.0	143488524.99999994
9360.0	186198274.99999994
9370.0	158009824.99999994
9380.0	227812824.99999997
9390.0	168432525.0
9400.0	208236324.99999997
9410.0	199060799.99999997
9420.0	240914399.99999997
9430.0	263225849.9999999
9440.0	184504124.99999997
9450.0	212190749.99999994
9460.0	209953374.99999997
9470.0	206606849.9999999
9480.0	279241474.99999994
9490.0	323082949.9999999
9500.0	233482049.99999997
9510.0	248986599.99999997
9520.0	309839074.9999999
9530.0	265324824.99999994
9540.0	303055074.99999994
9550.0	300417474.9999999
9560.0	311923225.0
9570.0	265937924.9999999
9580.0	442249699.9999999
9590.0	380640499.9999999
9600.0	297788124.99999994
9610.0	352180649.9999999
9620.0	335818674.99999994
9630.0	407637874.9999999
9640.0	310992674.9999999
9650.0	331018924.9999999
9660.0	439427899.99999994
9670.0	444714900.0
9680.0	421977349.99999994
9690.0	374476049.99999994
9700.0	488561374.9999999
9710.0	459398324.99999994
9720.0	359467474.9999999
9730.0	377369599.99999994
9740.0	345236175.0
9750.0	327607724.9999999
9760.0	364459425.0
9770.0	368486499.9999999
9780.0	303018024.99999994
9790.0	290181949.99999994
9800.0	445414924.9999999
9810.0	281791124.99999994
9820.0	249675374.99999994
9830.0	246639374.99999994
9840.0	303780649.9999999
9850.0	300765299.9999999
9860.0	376534149.9999999
9870.0	275562099.9999999
9880.0	352389124.99999994
9890.0	378405324.99999994
9900.0	165090422.5
9910.0	105915337.49999997
9920.0	103485937.5
9930.0	118264537.49999997
9940.0	139887814.99999997
9950.0	152902824.99999997
9960.0	160100174.99999997
9970.0	178200924.99999997
9980.0	149595202.49999994
9990.0	132035667.49999997
10000.0	157489049.99999994
10010.0	161115449.99999997
10020.0	173440374.99999994
10030.0	193920899.99999994
10040.0	158810274.99999997
10050.0	173980512.49999994
10060.0	132077012.49999994
10070.0	144169574.99999997
10080.0	194543949.99999997
10090.0	191901399.99999997
10100.0	212782074.99999997
10110.0	177387925.0
10120.0	184835449.99999997
10130.0	205909049.99999997
10140.0	171755174.99999997
10150.0	192661974.99999997
10160.0	178155034.99999997
10170.0	159243774.99999994
10180.0	229346924.99999994
10190.0	180234374.99999997
10200.0	171339949.99999997
10210.0	201749274.9999999
10220.0	186827324.9999999
10230.0	206376199.99999994
10240.0	237175324.9999999
10250.0	209371849.99999994
10260.0	156362749.99999994
10270.0	166804974.99999997
10280.0	172021949.99999997
10290.0	196374374.99999994
10300.0	172347849.99999994
10310.0	214009324.99999994
10320.0	177844274.99999994
10330.0	201312149.99999994
10340.0	186133874.99999997
10350.0	210683999.99999994
10360.0	225362899.99999994
10370.0	246451899.99999994
10380.0	230417724.99999994
10390.0	212232249.99999994
10400.0	247937899.9999999
10410.0	293004574.99999994
10420.0	218858974.99999994
10430.0	186937725.0
10440.0	236502274.99999997
10450.0	270539500.0
10460.0	374074099.9999999
10470.0	189670949.99999997
10480.0	206488224.99999994
10490.0	308727149.9999999
10500.0	284147099.99999994
10510.0	249065824.9999999
10520.0	199452599.99999994
10530.0	380215874.99999994
10540.0	321217800.0
10550.0	350842324.9999999
10560.0	245479174.99999994
10570.0	211480849.99999994
10580.0	325070274.99999994
10590.0	309077474.99999994
10600.0	361722324.9999999
10610.0	285245925.0
10620.0	250476024.99999997
10630.0	319850099.99999994
10640.0	427961724.9999999
10650.0	395665949.9999998
10660.0	370886824.99999994
10670.0	237007349.9999999
10680.0	303222849.99999994
10690.0	450803074.9999998
10700.0	352865800.0
10710.0	322160974.99999994
10720.0	309478599.9999999
10730.0	377355574.99999994
10740.0	442080449.9999999
10750.0	485584399.99999994
10760.0	562677724.9999999
10770.0	513750149.9999998
10780.0	545074524.9999999
10790.0	612600524.9999999
10800.0	608981125.0
10810.0	582136149.9999999
10820.0	579592949.9999999
10830.0	662721599.9999999
10840.0	725354024.9999999
10850.0	556187124.9999999
10860.0	460375274.99999976
10870.0	538774899.9999999
10880.0	665610349.9999998
10890.0	489833574.99999994
10900.0	586649425.0
10910.0	586941174.9999999
10920.0	555557899.9999999
10930.0	649022425.0
10940.0	633835799.9999999
10950.0	653447474.9999998
10960.0	616204949.9999998
10970.0	609044574.9999999
10980.0	458321374.99999994
10990.0	530266224.99999976
11000.0	455080374.9999999
11010.0	578563599.9999999
11020.0	543211599.9999999
11030.0	456654824.9999999
11040.0	421954399.99999994
11050.0	409922624.9999999
11060.0	408758875.0
11070.0	352357599.99999994
11080.0	352148799.99999994
11090.0	409481699.9999999
11100.0	453396474.9999998
11110.0	377221874.9999999
11120.0	523764974.9999999
11130.0	543695749.9999998
11140.0	562381124.9999999
11150.0	547919449.9999999
11160.0	540282224.9999998
11170.0	571801824.9999999
11180.0	416153599.99999994
11190.0	381373549.99999994
11200.0	496542274.9999999
11210.0	504835674.99999994
11220.0	502231099.99999994
11230.0	535634349.99999976
11240.0	532366424.99999994
11250.0	558523049.9999999
11260.0	537643724.9999999
11270.0	455288724.9999998
11280.0	527023724.9999998
11290.0	511795424.99999994
11300.0	620333349.9999999
11310.0	566473174.9999998
11320.0	603653449.9999999
11330.0	630948524.9999999
11340.0	461200524.99999994
11350.0	376981074.9999999
11360.0	491441849.9999999
11370.0	539957549.9999998
11380.0	336246225.0
11390.0	412326074.9999999
11400.0	429223924.9999998
11410.0	328732599.9999999
11420.0	484875749.9999999
11430.0	438223424.99999994
11440.0	443279399.9999999
11450.0	527729849.99999994
11460.0	498600499.99999994
11470.0	616746499.9999999
11480.0	502504424.9999999
11490.0	623673849.9999999
11500.0	567550174.9999999
11510.0	583915775.0
11520.0	612993724.9999998
11530.0	600440224.9999999
11540.0	580152349.9999999
11550.0	576794500.0
11560.0	678100899.9999998
11570.0	542835674.9999999
11580.0	627121674.9999998
11590.0	704147424.9999998
11600.0	540664574.9999999
11610.0	577175424.9999998
11620.0	655884099.9999999
11630.0	651413124.9999999
11640.0	488560299.9999998
11650.0	575503049.9999998
11660.0	431125499.9999999
11670.0	660128849.9999999
11680.0	540860999.9999999
11690.0	288240824.99999994
11700.0	361546074.9999999
11710.0	518782450.0
11720.0	644683149.9999999
11730.0	467266474.9999999
11740.0	504755149.9999999
11750.0	530924649.9999999
11760.0	481165049.9999998
11770.0	311798024.99999994
11780.0	249079724.99999994
11790.0	439578249.99999994
11800.0	501070299.99999994
11810.0	492468699.99999994
11820.0	550480149.9999998
11830.0	618831624.9999999
11840.0	566351124.9999999
11850.0	534340824.9999998
11860.0	522362724.99999994
11870.0	505468274.99999976
11880.0	612726399.9999999
11890.0	509811824.99999994
11900.0	631824324.9999999
11910.0	617593599.9999999
11920.0	656005174.9999998
11930.0	655075099.9999999
11940.0	541191899.9999999
11950.0	462630824.99999994
11960.0	494441574.99999994
11970.0	430668024.9999999
11980.0	339737174.99999994
11990.0	415975224.9999999
12000.0	375519274.9999999
12010.0	396200574.9999999
12020.0	395060924.9999999
12030.0	429914324.9999999
12040.0	526252974.9999998
12050.0	495190724.9999999
12060.0	581468199.9999999
12070.0	468747125.0
12080.0	604868724.9999999
12090.0	455937849.9999999
12100.0	561374074.9999999
12110.0	415064874.9999999
12120.0	475898399.9999999
12130.0	496789524.99999994
12140.0	544611299.9999999
12150.0	602847174.9999999
12160.0	566518974.9999999
12170.0	611836624.9999999
12180.0	562698574.9999999
12190.0	634080824.9999999
12200.0	498945424.9999999
12210.0	522416424.99999994
12220.0	514819549.9999999
12230.0	522674599.9999998
12240.0	545278574.9999998
12250.0	656916550.0
12260.0	629020224.9999998
12270.0	595024499.9999999
12280.0	621450599.9999998
12290.0	628847050.0
12300.0	579705574.9999999
12310.0	635506350.0
12320.0	566253599.9999999
12330.0	547171124.9999999
12340.0	645419325.0
12350.0	501679874.9999998
12360.0	558172974.9999999
12370.0	623993874.9999998
12380.0	545588424.9999999
12390.0	527755624.9999998
12400.0	513482849.99999994
12410.0	371085999.9999999
12420.0	412027474.9999999
12430.0	383324549.99999994
12440.0	352978699.99999994
12450.0	548336100.0
12460.0	575802124.9999999
12470.0	520538749.99999976
12480.0	504392774.99999994
12490.0	517820349.9999999
12500.0	481994624.9999999
12510.0	535034549.99999994
12520.0	356342199.99999994
12530.0	370840250.0
12540.0	501718450.0
12550.0	517208799.9999998
12560.0	576181324.9999999
12570.0	632491300.0
12580.0	532925799.9999999
12590.0	569740474.9999999
12600.0	542561399.9999999
12610.0	721704274.9999999
12620.0	546782100.0
12630.0	537281774.9999999
12640.0	435198224.9999999
12650.0	538341699.9999999
12660.0	595801599.9999999
12670.0	634991899.9999999
12680.0	599770975.0
12690.0	648108649.9999999
12700.0	632082199.9999999
12710.0	604522424.9999998
12720.0	659045599.9999999
12730.0	682192174.9999999
12740.0	596094249.9999999
12750.0	553266825.0
12760.0	645845574.9999999
12770.0	616270949.9999998
12780.0	637530750.0
12790.0	655892874.9999999
12800.0	623465499.9999999
12810.0	589373124.9999998
12820.0	638211699.9999999
12830.0	603185425.0
12840.0	640260649.9999999
12850.0	638090874.9999999
12860.0	539028549.9999999
12870.0	631209824.9999999
12880.0	615173925.0
12890.0	600871999.9999999
12900.0	508135124.9999999
12910.0	580399699.9999999
12920.0	564620199.9999998
12930.0	562648200.0
12940.0	645250774.9999999
12950.0	556864924.9999999
12960.0	680742774.9999999
12970.0	708899424.9999999
12980.0	697559274.9999998
12990.0	605563449.9999998
13000.0	675215649.9999998
13010.0	648912474.9999998
13020.0	665703899.9999999
13030.0	585100174.9999999
13040.0	720763799.9999998
13050.0	604622599.9999998
13060.0	759455474.9999998
13070.0	578300724.9999998
13080.0	702534849.9999999
13090.0	634394474.9999999
13100.0	676716299.9999998
13110.0	771826974.9999998
13120.0	724993524.9999999
13130.0	604966475.0
13140.0	664149074.9999999
13150.0	653938274.9999998
13160.0	607229049.9999998
13170.0	561662025.0
13180.0	707017849.9999998
13190.0	712340749.9999999
13200.0	604308824.9999999
13210.0	751112899.9999999
13220.0	574521749.9999999
13230.0	616386499.9999998
13240.0	616094775.0
13250.0	531886349.9999998
13260.0	621294349.9999999
13270.0	504257649.99999994
13280.0	526212774.99999976
13290.0	586284124.9999999
13300.0	591277224.9999999
13310.0	516730374.9999999
13320.0	373889899.99999994
13330.0	354302374.9999999
13340.0	442266525.0
13350.0	186894874.99999997
13360.0	329108365.0
13370.0	249818934.99999997
13380.0	244724599.99999997
13390.0	256974250.0
13400.0	331298349.99999994
13410.0	327262074.99999994
13420.0	275443899.99999994
13430.0	265110374.99999994
13440.0	281619154.99999994
13450.0	272106650.0
13460.0	349223137.49999994
13470.0	233428687.49999994
13480.0	289706774.9999998
13490.0	279183774.99999994
13500.0	257046969.99999994
13510.0	305067710.0
13520.0	191937674.99999997
13530.0	363651449.99999994
13540.0	224053174.99999994
13550.0	204286094.99999997
13560.0	282376435.0
13570.0	293866625.0
13580.0	293176775.0
13590.0	219927964.9999999
13600.0	306993425.0
13610.0	297509324.9999999
13620.0	222193699.99999997
13630.0	240205249.99999994
13640.0	279566884.99999994
13650.0	269297649.99999994
13660.0	272834549.99999994
13670.0	278734249.99999994
13680.0	268852242.49999994
13690.0	267206324.9999999
13700.0	271042267.49999994
13710.0	272308225.0
13720.0	294038649.99999994
13730.0	336406849.99999994
13740.0	247347149.99999997
13750.0	246740575.0
13760.0	271868724.99999994
13770.0	327783249.9999999
13780.0	353137274.9999999
13790.0	343559074.9999999
13800.0	362001899.99999994
13810.0	271568499.99999994
13820.0	369971574.9999999
13830.0	256114699.99999994
13840.0	350933474.9999999
13850.0	339332424.99999994
13860.0	288203859.99999994
13870.0	307976104.99999994
13880.0	286997274.9999999
13890.0	281361489.99999994
13900.0	282263809.99999994
13910.0	242575624.99999997
13920.0	289105574.99999994
13930.0	267152174.99999994
13940.0	289917000.0
13950.0	223166874.99999997
13960.0	276285167.49999994
13970.0	247089197.49999994
13980.0	286162824.9999999
13990.0	302968674.99999994
14000.0	236383324.99999994
14010.0	258518974.99999994
14020.0	293639249.99999994
14030.0	272051699.99999994
14040.0	198908594.99999994
14050.0	208128249.99999994
14060.0	329530049.99999994
14070.0	250031849.99999997
14080.0	206096724.99999994
14090.0	265540349.99999997
14100.0	256025350.0
14110.0	288023449.99999994
14120.0	251391524.99999997
14130.0	315068299.99999994
14140.0	287319074.99999994
14150.0	244202500.0
14160.0	229819649.99999997
14170.0	277499649.99999994
14180.0	181349274.99999994
14190.0	226628399.99999994
14200.0	223448409.99999997
14210.0	255777349.99999994
14220.0	220123899.9999999
14230.0	249770824.99999997
14240.0	202323724.99999994
14250.0	231934924.99999994
14260.0	181685875.0
14270.0	231177224.99999994
14280.0	243485314.99999994
14290.0	191893374.99999994
14300.0	275129849.99999994
14310.0	257458150.0
14320.0	263684749.99999994
14330.0	257528974.99999997
14340.0	250398724.99999994
14350.0	300658024.99999994
14360.0	248848499.9999999
14370.0	253339699.99999994
14380.0	237257134.99999994
14390.0	242615609.9999999
14400.0	245105179.99999988
14410.0	236074024.99999994
14420.0	225043499.9999999
14430.0	287839474.99999994
14440.0	258813599.9999999
14450.0	236429504.99999994
14460.0	269549214.9999999
14470.0	248671624.99999994
14480.0	249518324.99999988
14490.0	293271374.99999994
14500.0	284703050.0
14510.0	203149249.99999994
14520.0	313599599.99999994
14530.0	261578724.99999997
14540.0	233780274.99999994
14550.0	284492174.9999999
14560.0	250547199.99999994
14570.0	255443874.99999997
14580.0	312119699.99999994
14590.0	293082675.0
14600.0	296167099.99999994
14610.0	305403174.99999994
14620.0	255903349.99999997
14630.0	216699274.99999997
14640.0	293485824.99999994
14650.0	268774749.99999994
14660.0	281887599.99999994
14670.0	288306274.99999994
14680.0	241237199.9999999
14690.0	222193199.99999994
14700.0	299031224.99999994
14710.0	273832349.99999994
14720.0	305636974.99999994
14730.0	280446074.9999999
14740.0	239988124.99999994
14750.0	257460874.99999997
14760.0	269062749.99999994
14770.0	290971124.99999994
14780.0	277315999.99999994
14790.0	289955299.99999994
14800.0	280583574.99999994
14810.0	301218174.99999994
14820.0	252771624.99999994
14830.0	275992499.9999999
14840.0	333225999.99999994
14850.0	265106724.99999994
14860.0	261941949.99999994
14870.0	311481974.99999994
14880.0	250209849.99999994
14890.0	281076649.99999994
14900.0	272542224.99999994
14910.0	308196274.99999994
14920.0	285012874.99999994
14930.0	284136199.9999999
14940.0	269826500.0
14950.0	316102849.99999994
14960.0	261708799.9999999
14970.0	323795525.0
14980.0	254370824.9999999
14990.0	337038249.99999994
15000.0	283551899.99999994
15010.0	283641524.99999994
15020.0	254759899.99999994
15030.0	323035424.99999994
15040.0	282547674.9999999
15050.0	310246899.9999999
15060.0	302577424.9999999
15070.0	286607924.99999994
15080.0	300392124.99999994
15090.0	314844449.9999999
15100.0	300075949.99999994
15110.0	305545024.9999999
15120.0	321935400.0
15130.0	288699499.99999994
15140.0	287903299.99999994
15150.0	352625249.99999994
15160.0	326173924.99999994
15170.0	293646949.99999994
15180.0	321243549.99999994
15190.0	345052374.99999994
15200.0	305543700.0
15210.0	366818799.99999994
15220.0	316799349.99999994
15230.0	373562599.9999999
15240.0	325201649.9999999
15250.0	309368374.99999994
15260.0	316173624.99999994
15270.0	299851299.99999994
15280.0	305405824.99999994
15290.0	329562699.9999999
15300.0	295260274.9999999
15310.0	330519999.99999994
15320.0	280976024.99999994
15330.0	336391624.99999994
15340.0	368049500.0
15350.0	324353499.9999999
15360.0	331093275.0
15370.0	337452574.99999994
15380.0	337387649.9999999
15390.0	364235324.9999999
15400.0	310972049.99999994
15410.0	331883174.99999994
15420.0	365112974.9999999
15430.0	336689099.99999994
15440.0	304183674.9999999
15450.0	337138075.0
15460.0	358076024.9999999
15470.0	336517199.9999999
15480.0	334864074.99999994
15490.0	323795049.9999999
15500.0	373441449.99999994
15510.0	328715724.9999999
15520.0	365498174.99999994
15530.0	342485549.99999994
15540.0	376015599.99999994
15550.0	369075649.99999994
15560.0	356904599.99999994
15570.0	350824649.99999994
15580.0	327693849.9999999
15590.0	367225075.0
15600.0	365265024.99999994
15610.0	359116224.99999994
15620.0	378685374.9999999
15630.0	388812724.9999999
15640.0	397112774.99999994
15650.0	354697474.99999994
15660.0	354140074.9999999
15670.0	407617574.9999998
15680.0	390749174.99999994
15690.0	375088274.99999994
15700.0	382354399.9999999
15710.0	380330874.9999999
15720.0	345574649.99999994
15730.0	375214674.99999994
15740.0	404445199.9999999
15750.0	360571949.9999999
15760.0	398352474.9999999
15770.0	424285425.0
15780.0	420935849.99999994
15790.0	412005124.9999998
15800.0	395596175.0
15810.0	413479300.0
15820.0	394692549.9999999
15830.0	401432799.9999998
15840.0	387506574.9999999
15850.0	385693149.99999994
15860.0	412055249.99999994
15870.0	419524824.99999994
15880.0	421169374.9999999
15890.0	437975274.99999994
15900.0	400169999.99999994
15910.0	438348249.99999994
15920.0	430742599.9999998
15930.0	418555049.99999994
15940.0	432972600.0
15950.0	448096274.99999994
15960.0	457706949.9999999
15970.0	449587949.9999999
15980.0	419815875.0
15990.0	419117524.99999994
16000.0	451845874.99999994
16010.0	410249749.9999999
16020.0	423414949.9999999
16030.0	470269724.9999999
16040.0	453107074.99999994
16050.0	422812349.99999994
16060.0	436963550.0
16070.0	436209249.99999994
16080.0	438689874.9999999
16090.0	472435149.9999998
16100.0	427759524.9999999
16110.0	446513374.99999994
16120.0	457205324.99999994
16130.0	473978399.9999998
16140.0	450487624.99999994
16150.0	455531799.9999999
16160.0	426027775.0
16170.0	456326049.99999994
16180.0	492533524.9999998
16190.0	436761549.9999999
16200.0	434133174.99999994
16210.0	458032949.9999999
16220.0	455944924.9999999
16230.0	445370599.9999999
16240.0	453846224.9999999
16250.0	442370449.99999994
16260.0	462905724.99999994
16270.0	480273874.9999998
16280.0	488663849.9999998
16290.0	442326374.9999998
16300.0	485287374.9999999
16310.0	447610724.99999994
16320.0	452501699.9999998
16330.0	476268974.9999999
16340.0	458079424.9999999
16350.0	442401899.9999999
16360.0	482050624.99999994
16370.0	473583274.9999998
16380.0	480891499.9999998
16390.0	481356199.9999999
16400.0	503310499.99999994
16410.0	441126875.0
16420.0	428361100.0
16430.0	444614574.9999999
16440.0	487358349.9999999
16450.0	487437275.00000006
16460.0	493934499.99999994
16470.0	476516549.99999994
16480.0	489178174.9999999
16490.0	504579299.9999999
16500.0	507519399.9999999
16510.0	501437374.9999999
16520.0	466805650.0
16530.0	464352299.9999999
16540.0	514117499.9999999
16550.0	470933624.99999994
16560.0	514404274.9999998
16570.0	518444399.9999999
16580.0	493851074.99999994
16590.0	475069724.9999999
16600.0	504645699.9999999
16610.0	469720399.9999999
16620.0	455679999.9999999
16630.0	508233149.99999976
16640.0	469495649.99999994
16650.0	501577549.99999994
16660.0	518980824.9999999
16670.0	489413075.0
16680.0	493012124.9999998
16690.0	490171549.9999998
16700.0	493380399.9999999
16710.0	489332574.9999998
16720.0	487159624.9999999
16730.0	523097699.99999994
16740.0	518655099.9999998
16750.0	492580749.9999999
16760.0	507593174.9999998
16770.0	474205224.9999999
16780.0	505640599.99999976
16790.0	497435099.99999976
16800.0	485467374.9999999
16810.0	500616624.99999994
16820.0	509546974.99999994
16830.0	504589549.9999999
16840.0	481963024.9999999
16850.0	489164874.9999999
16860.0	525916399.9999999
16870.0	504136499.99999994
16880.0	496844199.9999998
16890.0	497034074.9999998
16900.0	518658424.9999999
16910.0	508203799.9999999
16920.0	474555574.9999998
16930.0	483409249.9999998
16940.0	507541849.9999999
16950.0	483111574.9999999
16960.0	470080199.9999998
16970.0	444916149.99999994
16980.0	471932424.99999994
16990.0	449457349.99999994
17000.0	445542049.99999994
17010.0	423959799.9999999
17020.0	488638424.99999994
17030.0	453930699.9999998
17040.0	441773299.9999999
17050.0	433785599.9999999
17060.0	477208199.9999999
17070.0	437036499.99999994
17080.0	426627874.99999994
17090.0	403383825.0
17100.0	477910974.9999998
17110.0	402249674.9999999
17120.0	420223874.99999994
17130.0	418837525.0
17140.0	394121374.9999999
17150.0	397926574.99999994
17160.0	400225524.9999998
17170.0	421328499.9999999
17180.0	366788924.99999994
17190.0	322314349.99999994
17200.0	396115799.9999999
17210.0	397803724.9999999
17220.0	411993574.99999994
17230.0	368696849.9999999
17240.0	360798924.99999994
17250.0	409454949.99999994
17260.0	375121150.0
17270.0	290141599.99999994
17280.0	352361824.9999999
17290.0	320781524.99999994
17300.0	356024474.99999994
17310.0	357565374.9999999
17320.0	333275274.99999994
17330.0	352490249.99999994
17340.0	365576674.99999994
17350.0	292083824.9999999
17360.0	308602999.9999999
17370.0	258625699.9999999
17380.0	383492874.99999994
17390.0	356396699.99999994
17400.0	329699374.99999994
17410.0	275949150.0
17420.0	284499024.99999994
17430.0	314223849.9999999
17440.0	302432424.9999999
17450.0	305677424.9999999
17460.0	313486149.99999994
17470.0	322559699.99999994
17480.0	305978949.99999994
17490.0	326146999.99999994
17500.0	347294074.9999999
17510.0	313147149.99999994
17520.0	289455749.99999994
17530.0	289915674.9999999
17540.0	286726625.0
17550.0	305782399.9999999
17560.0	267789974.99999988
17570.0	306153299.9999999
17580.0	265779625.0
17590.0	269103349.9999999
17600.0	314839999.99999994
17610.0	291745699.99999994
17620.0	299215374.9999999
17630.0	234504999.99999994
17640.0	308276024.99999994
17650.0	294267399.99999994
17660.0	342967299.99999994
17670.0	265801824.99999997
17680.0	179004019.99999997
17690.0	251561899.99999994
17700.0	300524849.99999994
17710.0	290388599.99999994
17720.0	233877899.99999994
17730.0	229950924.9999999
17740.0	317225274.99999994
17750.0	257420124.99999994
17760.0	207353779.99999997
17770.0	269625924.99999994
17780.0	268826574.99999994
17790.0	262432249.9999999
17800.0	254617499.99999994
17810.0	227139799.99999997
17820.0	283633000.0
17830.0	225695424.99999997
17840.0	307662474.9999999
17850.0	244713224.99999994
17860.0	250800324.9999999
17870.0	248349249.99999988
17880.0	236443574.99999997
17890.0	239689764.99999997
17900.0	273899299.9999999
17910.0	180237407.49999997
17920.0	215000922.49999994
17930.0	239782799.99999997
17940.0	225250624.99999994
17950.0	223594574.9999999
17960.0	207500127.49999997
17970.0	245459007.4999999
17980.0	257153449.99999997
17990.0	247276874.99999997
18000.0	173223985.0
18010.0	167243464.9999999
18020.0	226979234.99999994
18030.0	234457574.99999997
18040.0	273001499.99999994
18050.0	258769774.99999994
18060.0	191654174.99999994
18070.0	194697624.99999997
18080.0	181291324.99999997
18090.0	175156909.99999997
18100.0	234077549.99999997
18110.0	159132914.99999994
18120.0	228982449.99999994
18130.0	237074849.99999997
18140.0	268381224.99999994
18150.0	235701684.99999994
18160.0	220964699.99999997
18170.0	195400959.99999994
18180.0	231345499.99999994
18190.0	213934599.9999999
18200.0	221648849.99999994
18210.0	184147769.9999999
18220.0	188716024.99999997
18230.0	257234874.9999999
18240.0	299223299.99999994
18250.0	226902674.99999994
18260.0	191978054.99999997
18270.0	201335589.99999994
18280.0	207421799.99999997
18290.0	230012639.9999999
18300.0	232728649.99999997
18310.0	214979795.0
18320.0	243244424.9999999
18330.0	212293899.99999994
18340.0	254239499.99999997
18350.0	222457649.99999994
18360.0	252662300.0
18370.0	265484324.9999999
18380.0	220216649.99999994
18390.0	203510599.99999994
18400.0	216284399.9999999
18410.0	239354522.49999994
18420.0	184774807.49999997
18430.0	235220599.99999994
18440.0	213337249.99999997
18450.0	194252124.99999994
18460.0	186976824.99999997
18470.0	153399764.99999997
18480.0	190410599.99999997
18490.0	199741449.99999997
18500.0	209959274.99999994
18510.0	228775150.0
18520.0	200898522.49999994
18530.0	213189442.49999997
18540.0	218224974.99999997
18550.0	207251159.99999997
18560.0	182775464.99999994
18570.0	156431899.99999994
18580.0	183023274.99999994
18590.0	195306749.99999994
18600.0	144498949.99999997
18610.0	215300829.9999999
18620.0	203404714.99999997
18630.0	179209049.99999997
18640.0	181512959.99999997
18650.0	191865574.99999994
18660.0	239429999.9999999
18670.0	208399924.99999997
18680.0	133082694.99999996
18690.0	224279224.99999988
18700.0	204179074.99999994
18710.0	226390174.99999997
18720.0	196726279.99999997
18730.0	170977459.99999994
18740.0	204396344.99999994
18750.0	165081784.99999997
18760.0	220995329.99999994
18770.0	219373200.0
18780.0	210634499.99999997
18790.0	173459399.99999997
18800.0	212618999.99999994
18810.0	188803500.0
18820.0	229234999.99999994
18830.0	235912600.0
18840.0	212242599.99999994
18850.0	163441609.99999997
18860.0	212915924.99999997
18870.0	200308124.99999997
18880.0	224962999.99999994
18890.0	210278150.0
18900.0	234801499.99999994
18910.0	245744549.99999997
18920.0	188199499.99999997
18930.0	200514224.99999994
18940.0	226800624.9999999
18950.0	230293200.0
18960.0	207989549.99999997
18970.0	228457424.99999994
18980.0	197700924.99999994
18990.0	238981824.99999994
19000.0	209617482.49999994
19010.0	181592927.49999997
19020.0	214584874.9999999
19030.0	213484709.99999997
19040.0	223736249.99999997
19050.0	229040550.0
19060.0	221233949.99999994
19070.0	199888699.99999997
19080.0	251877799.99999994
19090.0	220168224.99999997
19100.0	242251997.4999999
19110.0	164736617.49999994
19120.0	230127380.0
19130.0	236372499.99999994
19140.0	211404549.99999997
19150.0	259261099.99999997
19160.0	198639299.99999994
19170.0	219954549.99999994
19180.0	231856374.99999994
19190.0	257947124.99999994
19200.0	176931209.99999997
19210.0	188901777.49999997
19220.0	215254117.4999999
19230.0	206890584.99999994
19240.0	186779449.99999994
19250.0	237795299.99999997
19260.0	218145074.9999999
19270.0	199973509.99999994
19280.0	259024899.9999999
19290.0	232524999.99999994
19300.0	239744374.99999994
19310.0	172603744.99999997
19320.0	210881274.99999994
19330.0	202454549.99999997
19340.0	198472674.99999997
19350.0	231566524.99999997
19360.0	206100824.99999997
19370.0	231564774.99999997
19380.0	182593264.99999997
19390.0	199794199.99999997
19400.0	189978524.99999997
19410.0	205216224.99999994
19420.0	211649024.99999994
19430.0	186239864.99999997
19440.0	200617379.99999997
19450.0	157986804.99999994
19460.0	168330645.0
19470.0	222169599.99999994
19480.0	180255194.99999994
19490.0	177130694.99999994
19500.0	212486234.99999994
19510.0	206073199.99999994
19520.0	211838824.99999997
19530.0	179409324.99999997
19540.0	220401999.99999997
19550.0	167741737.49999997
19560.0	137473769.99999997
19570.0	205510277.4999999
19580.0	219706249.99999997
19590.0	210774129.99999997
19600.0	125552499.99999997
19610.0	186352574.99999997
19620.0	206384649.99999994
19630.0	215022499.99999994
19640.0	212271824.99999994
19650.0	216851699.99999994
19660.0	228015000.00000003
19670.0	235875499.9999999
19680.0	204032249.99999994
19690.0	195385324.99999997
19700.0	194987499.99999997
19710.0	209087174.99999994
19720.0	228806374.99999997
19730.0	222507449.99999997
19740.0	173263164.99999997
19750.0	215330124.99999988
19760.0	158233009.99999997
19770.0	211890074.99999997
19780.0	190341524.99999997
19790.0	207371149.99999994
19800.0	198620799.9999999
19810.0	206322249.99999997
19820.0	193067049.99999994
19830.0	217313849.99999994
19840.0	205967924.99999997
19850.0	184096374.99999994
19860.0	205517374.99999994
19870.0	206911074.99999997
19880.0	178655289.99999994
19890.0	209962119.99999994
19900.0	177852399.99999997
19910.0	171180289.99999997
19920.0	172824404.99999997
19930.0	214072349.99999994
19940.0	231672074.99999997
19950.0	190279999.99999994
19960.0	204582324.99999997
19970.0	195395649.99999994
19980.0	190457574.99999997
19990.0	205075899.99999997
20000.0	179472839.99999997
20010.0	170125574.99999997
20020.0	203939674.99999997
20030.0	196379027.4999999
20040.0	206534132.49999997
20050.0	196989974.99999997
20060.0	195690525.0
20070.0	183497299.99999994
20080.0	246280249.99999994
20090.0	180957824.99999997
20100.0	216545725.0
20110.0	201090524.99999994
20120.0	204497474.99999997
20130.0	211309349.99999994
20140.0	191465399.99999997
20150.0	207320074.99999994
20160.0	191325749.99999994
20170.0	201928999.99999994
20180.0	215029549.99999997
20190.0	206067025.0
20200.0	180521374.99999994
20210.0	215010249.99999994
20220.0	210431674.99999994
20230.0	211274224.99999994
20240.0	247948324.99999994
20250.0	214551424.99999997
20260.0	173136149.99999997
20270.0	179778599.99999997
20280.0	209275324.99999997
20290.0	186681099.99999997
20300.0	206731264.99999997
20310.0	166394029.99999994
20320.0	227268974.99999997
20330.0	213104674.99999997
20340.0	198077224.99999997
20350.0	221465899.99999994
20360.0	183450824.99999994
20370.0	238020274.99999997
20380.0	211054799.99999994
20390.0	198967924.99999997
20400.0	199458099.99999994
20410.0	186366775.0
20420.0	224730099.99999994
20430.0	235722799.9999999
20440.0	183781874.99999997
20450.0	200439425.0
20460.0	225645124.99999994
20470.0	208635074.99999994
20480.0	218956924.99999997
20490.0	188841949.99999994
20500.0	207083849.99999994
20510.0	243798324.99999997
20520.0	215837949.99999997
20530.0	208674299.99999994
20540.0	218583699.99999994
20550.0	200147149.99999997
20560.0	193963624.99999994
20570.0	226263524.99999994
20580.0	247161924.9999999
20590.0	212677674.99999994
20600.0	237696674.9999999
20610.0	195976299.99999997
20620.0	217718325.0
20630.0	219839549.99999997
20640.0	190868800.0
20650.0	216000199.99999997
20660.0	220163074.99999994
20670.0	223953024.99999997
20680.0	219537399.99999994
20690.0	213449174.99999994
20700.0	234959974.99999997
20710.0	236749549.99999994
20720.0	216694474.9999999
20730.0	225134849.99999994
20740.0	212149749.9999999
20750.0	227922649.99999994
20760.0	229871899.99999994
20770.0	212327499.99999997
20780.0	216339799.99999994
20790.0	230888374.99999994
20800.0	219433099.9999999
20810.0	207070424.99999994
20820.0	226345549.99999994
20830.0	221126449.9999999
20840.0	232059425.0
20850.0	220569799.99999994
20860.0	235826299.9999999
20870.0	206674599.99999994
20880.0	243286599.99999997
20890.0	228394249.99999994
20900.0	219074949.99999997
20910.0	242676524.9999999
20920.0	229555974.99999994
20930.0	244190974.9999999
20940.0	218053649.99999997
20950.0	225359824.99999997
20960.0	237956899.9999999
20970.0	219190500.0
20980.0	257690149.99999997
20990.0	237268349.99999997
21000.0	227935899.99999994
21010.0	240327749.99999994
21020.0	232280574.99999994
21030.0	216316175.0
21040.0	240161574.9999999
21050.0	232403099.99999997
21060.0	238455649.99999994
21070.0	236484374.99999997
21080.0	239339849.99999994
21090.0	222766599.99999997
21100.0	241005449.99999997
21110.0	259957299.99999994
21120.0	227166324.99999988
21130.0	225448099.99999994
21140.0	236630349.99999997
21150.0	232265449.99999997
21160.0	231431024.99999997
21170.0	237193325.0
21180.0	240305924.99999997
21190.0	225626699.99999994
21200.0	244624299.9999999
21210.0	235116299.99999994
21220.0	218564649.99999994
21230.0	257453124.99999997
21240.0	242465024.99999994
21250.0	231944849.9999999
21260.0	248253075.0
21270.0	245602975.0
21280.0	241205774.9999999
21290.0	228926299.99999994
21300.0	247302149.99999997
21310.0	239702524.9999999
21320.0	250192249.99999997
21330.0	239637424.99999994
21340.0	252866524.99999994
21350.0	255299099.99999994
21360.0	238863124.9999999
21370.0	234768374.99999997
21380.0	235689049.9999999
21390.0	245570124.99999994
21400.0	232464949.99999994
21410.0	249129775.0
21420.0	247099874.99999994
21430.0	228834525.0
21440.0	249386574.99999997
21450.0	247901974.99999997
21460.0	244113699.9999999
21470.0	243362424.99999994
21480.0	236468799.99999997
21490.0	231953599.9999999
21500.0	229013124.99999994
21510.0	251506449.99999997
21520.0	247916050.0
21530.0	234911274.99999997
21540.0	243532974.99999994
21550.0	256003174.9999999
21560.0	237073949.99999994
21570.0	249772974.99999994
21580.0	236628324.9999999
21590.0	239303425.0
21600.0	253505124.99999994
21610.0	254779974.99999994
21620.0	244326674.99999997
21630.0	245290049.9999999
21640.0	249511574.99999997
21650.0	248929349.99999994
21660.0	232815224.9999999
21670.0	243419149.99999997
21680.0	243679649.99999994
21690.0	254655674.99999997
21700.0	242341524.99999994
21710.0	242226774.99999994
21720.0	251129949.99999994
21730.0	239777974.99999994
21740.0	233550599.99999997
21750.0	253277849.99999994
21760.0	243275674.99999994
21770.0	247169224.99999994
21780.0	234614425.0
21790.0	235667299.99999994
21800.0	242313649.99999994
21810.0	249660974.9999999
21820.0	251711724.9999999
21830.0	238403124.9999999
21840.0	246174074.99999997
21850.0	231411774.9999999
21860.0	244160824.99999994
21870.0	248370824.99999994
21880.0	239163274.99999994
21890.0	248746674.99999994
21900.0	248187624.9999999
21910.0	254967424.9999999
21920.0	244577949.99999988
21930.0	233467674.9999999
21940.0	238838224.99999994
21950.0	247253024.99999997
21960.0	251767174.99999997
21970.0	251842099.9999999
21980.0	241327399.99999994
21990.0	243649474.99999994
22000.0	252892450.0
22010.0	237871124.99999997
22020.0	255445599.99999997
22030.0	234534699.9999999
22040.0	234926924.99999997
22050.0	246993649.99999994
22060.0	237911549.99999994
22070.0	246187924.9999999
22080.0	240860974.99999994
22090.0	242342999.9999999
22100.0	242993299.99999997
22110.0	232478049.99999997
22120.0	248541024.9999999
22130.0	247548024.99999994
22140.0	258771374.99999994
22150.0	236883649.99999997
22160.0	253543149.99999994
22170.0	241975874.99999994
22180.0	244860949.99999994
22190.0	230107974.9999999
22200.0	218382374.99999994
22210.0	231162199.99999997
22220.0	237665324.9999999
22230.0	234336624.99999997
22240.0	241971050.0
22250.0	250280349.99999997
22260.0	240233649.99999997
22270.0	247660999.9999999
22280.0	221880250.0
22290.0	248050049.99999994
22300.0	229754674.99999997
22310.0	249940724.99999994
22320.0	254104124.99999994
22330.0	234027749.9999999
22340.0	248818424.9999999
22350.0	235425899.99999994
22360.0	216362824.99999997
22370.0	241305374.99999994
22380.0	243026274.9999999
22390.0	220588349.99999997
22400.0	255415099.99999997
22410.0	252467649.9999999
22420.0	243614399.99999997
22430.0	245053249.99999994
22440.0	233299974.99999997
22450.0	225735474.99999997
22460.0	250082824.99999994
22470.0	242334849.99999997
22480.0	242953324.99999997
22490.0	244773024.99999994
22500.0	239138799.99999997
22510.0	251891274.99999994
22520.0	242487824.99999994
22530.0	232152499.99999997
22540.0	236555450.0
22550.0	233154699.9999999
22560.0	237279649.99999997
22570.0	248887374.99999994
22580.0	226823299.99999997
22590.0	240183299.9999999
22600.0	237457774.9999999
22610.0	236719874.9999999
22620.0	236339149.99999997
22630.0	215530624.99999994
22640.0	229155624.99999994
22650.0	233178324.99999997
22660.0	231704624.99999994
22670.0	242761599.9999999
22680.0	241102149.9999999
22690.0	231902624.99999997
22700.0	217303174.9999999
22710.0	236696449.99999994
22720.0	225291599.99999994
22730.0	236851599.99999997
22740.0	233525999.99999997
22750.0	245459774.99999994
22760.0	230333099.99999994
22770.0	241447199.99999994
22780.0	238223574.99999997
22790.0	213880799.99999994
22800.0	215159949.99999997
22810.0	226627899.99999994
22820.0	239885849.99999994
22830.0	235775324.9999999
22840.0	226544149.99999997
22850.0	230741849.99999994
22860.0	233206199.99999997
22870.0	226782649.99999997
22880.0	242952549.9999999
22890.0	234517074.99999997
22900.0	242308424.99999994
22910.0	240252324.99999994
22920.0	220966250.0
22930.0	235623599.99999997
22940.0	155358374.99999994
22950.0	176989157.49999997
22960.0	183829122.49999997
22970.0	195115299.99999994
22980.0	211484399.99999994
22990.0	212981224.99999994
23000.0	192482814.99999997
23010.0	203312549.99999997
23020.0	222515799.99999994
23030.0	189323914.99999997
23040.0	224126474.99999997
23050.0	181153064.99999994
23060.0	194906469.99999997
23070.0	190801744.99999994
23080.0	204134224.9999999
23090.0	219751024.99999994
23100.0	207451625.0
23110.0	209945100.0
23120.0	221399024.99999994
23130.0	230218874.9999999
23140.0	219714149.9999999
23150.0	164802429.99999994
23160.0	217686224.9999999
23170.0	223294974.99999997
23180.0	210454524.99999997
23190.0	221411474.99999997
23200.0	209689247.49999997
23210.0	175764457.49999994
23220.0	209231524.99999994
23230.0	164225977.49999994
23240.0	159939617.49999997
23250.0	160018829.99999994
23260.0	200940924.99999994
23270.0	178746469.99999994
23280.0	195734100.0
23290.0	196233299.99999997
23300.0	177699184.99999994
23310.0	191095324.99999997
23320.0	210095999.99999997
23330.0	208140399.9999999
23340.0	185929749.99999997
23350.0	191318149.99999994
23360.0	192653499.99999994
23370.0	175129234.99999997
23380.0	189706879.99999994
23390.0	196720274.99999994
23400.0	183776349.99999994
23410.0	203234349.99999997
23420.0	190733849.99999997
23430.0	212102399.99999997
23440.0	211360749.9999999
23450.0	167070832.4999999
23460.0	211840322.49999994
23470.0	189049480.0
23480.0	193951550.0
23490.0	208109099.99999997
23500.0	201746749.99999994
23510.0	181097124.99999997
23520.0	183755449.99999997
23530.0	156824160.0
23540.0	167574632.49999997
23550.0	184753597.49999997
23560.0	181328999.99999997
23570.0	195765424.99999994
23580.0	169628567.49999997
23590.0	169284402.5
23600.0	197809074.99999997
23610.0	165343564.99999997
23620.0	172443149.99999994
23630.0	168860100.0
23640.0	180607749.99999994
23650.0	192908974.99999994
23660.0	192186824.99999997
23670.0	178082075.0
23680.0	142970659.99999994
23690.0	194022924.99999997
23700.0	187123924.99999997
23710.0	169567349.99999997
23720.0	201725049.99999994
23730.0	197181850.0
23740.0	170792099.99999997
23750.0	187783850.0
23760.0	174088299.99999997
23770.0	173307249.99999997
23780.0	163823324.99999994
23790.0	177776474.99999994
23800.0	194356074.99999994
23810.0	142998594.99999997
23820.0	183706024.99999997
23830.0	168613149.99999994
23840.0	166638349.99999997
23850.0	190266124.99999997
23860.0	165391549.99999997
23870.0	157782374.99999997
23880.0	148239524.99999997
23890.0	185499524.99999997
23900.0	191253324.99999997
23910.0	180454799.99999994
23920.0	128373329.99999997
23930.0	152688724.99999994
23940.0	178435627.49999997
23950.0	167276582.5
23960.0	160125724.99999997
23970.0	161433474.99999997
23980.0	165783774.99999994
23990.0	187131124.99999994
24000.0	177406062.5
24010.0	149329837.49999994
24020.0	165710824.99999997
24030.0	148492374.99999994
24040.0	174816974.99999997
24050.0	169038349.99999997
24060.0	169890649.99999997
24070.0	139011994.99999994
24080.0	169190549.99999994
24090.0	177628049.99999994
24100.0	151842249.99999997
24110.0	170007974.99999994
24120.0	155806424.99999997
24130.0	164534899.99999994
24140.0	149503984.99999994
24150.0	178514349.99999997
24160.0	162489175.0
24170.0	161092974.99999997
24180.0	144815399.99999997
24190.0	173187499.99999997
24200.0	155950599.99999997
24210.0	166127149.99999997
24220.0	134099324.99999996
24230.0	157723685.0
24240.0	169702629.99999997
24250.0	150674799.99999997
24260.0	154205099.99999997
24270.0	162672074.99999997
24280.0	149298349.99999997
24290.0	167262374.99999997
24300.0	153177895.0
24310.0	132371572.49999996
24320.0	154970332.49999994
24330.0	157138049.99999994
24340.0	132488959.99999996
24350.0	126087735.0
24360.0	148399310.0
24370.0	115791759.99999996
24380.0	142044289.99999997
24390.0	165345599.99999997
24400.0	143372149.99999997
24410.0	139552239.99999997
24420.0	150891674.99999994
24430.0	145447124.99999997
24440.0	113202449.99999999
24450.0	142515309.99999994
24460.0	141852327.49999997
24470.0	142698547.49999997
24480.0	145464699.99999997
24490.0	152895324.99999997
24500.0	153012449.99999997
24510.0	163279024.9999999
24520.0	122615554.99999997
24530.0	134716039.99999997
24540.0	106742014.99999997
24550.0	141113999.99999997
24560.0	142233604.99999994
24570.0	139790469.99999997
24580.0	153870424.99999994
24590.0	148148299.99999997
24600.0	131265954.99999996
24610.0	110517902.49999996
24620.0	137111887.49999997
24630.0	147303599.99999994
24640.0	164988424.99999997
24650.0	143339039.99999997
24660.0	116165619.99999999
24670.0	132488312.49999999
24680.0	86128942.49999997
24690.0	139966759.99999997
24700.0	142806924.99999997
24710.0	119621840.0
24720.0	127703729.99999999
24730.0	131917829.99999996
24740.0	88477189.99999999
24750.0	100783579.99999997
24760.0	119817329.99999996
24770.0	153513224.99999997
24780.0	142627547.5
24790.0	109224707.49999999
24800.0	145202732.49999997
24810.0	113453682.49999994
24820.0	124528942.49999997
24830.0	97475994.99999999
24840.0	133101202.49999997
24850.0	141504409.99999997
24860.0	137440434.99999994
24870.0	136866075.0
24880.0	125467597.49999997
24890.0	101579982.49999997
24900.0	104021987.5
24910.0	102356082.49999997
24920.0	140619074.99999997
24930.0	110984609.99999999
24940.0	152681190.0
24950.0	138422544.99999994
24960.0	127997564.99999996
24970.0	120908254.99999997
24980.0	100510304.99999997
24990.0	133348124.99999997
