# Flux units: erg / (cm m2 s)
# Wavelength units: Angstrom
wave	flux
9000.0	10729702.499999998
9010.0	12066204.999999996
9020.0	11926460.0
9030.0	11451185.0
9040.0	11449289.999999998
9050.0	12227764.999999998
9060.0	11957209.999999998
9070.0	12160202.499999996
9080.0	13781465.0
9090.0	13410394.999999996
9100.0	13306132.499999996
9110.0	13492309.999999998
9120.0	15794909.999999996
9130.0	14926474.999999994
9140.0	14122689.999999996
9150.0	15161987.499999996
9160.0	16409982.499999998
9170.0	16356247.499999994
9180.0	16049097.499999998
9190.0	16546342.499999996
9200.0	15046817.499999998
9210.0	14096067.499999996
9220.0	13118277.499999996
9230.0	12725837.499999998
9240.0	12212334.999999994
9250.0	12658917.499999998
9260.0	12719729.999999996
9270.0	12441347.499999998
9280.0	11895069.999999998
9290.0	11925919.999999996
9300.0	12477297.499999996
9310.0	12072964.999999996
9320.0	12706584.999999996
9330.0	12509962.499999994
9340.0	12877622.499999998
9350.0	11960852.999999996
9360.0	12885087.499999998
9370.0	12332378.749999996
9380.0	13700408.749999998
9390.0	13247117.499999996
9400.0	13737402.499999998
9410.0	13810987.499999996
9420.0	14496922.499999996
9430.0	14634434.999999996
9440.0	13960779.999999996
9450.0	14264182.499999996
9460.0	14440657.499999998
9470.0	13705457.499999998
9480.0	15121699.999999994
9490.0	16050942.499999994
9500.0	14492602.499999998
9510.0	15166374.999999996
9520.0	15850424.999999994
9530.0	15530424.999999994
9540.0	16264444.999999998
9550.0	16212159.999999994
9560.0	15731974.999999998
9570.0	16181777.499999996
9580.0	18796252.499999996
9590.0	17813027.499999996
9600.0	16306517.499999998
9610.0	17805457.5
9620.0	16350377.499999996
9630.0	18772942.499999996
9640.0	17277727.499999996
9650.0	17621722.499999996
9660.0	19721399.999999996
9670.0	19882222.499999993
9680.0	19622117.499999996
9690.0	19354832.499999993
9700.0	20769135.0
9710.0	21052454.999999993
9720.0	19353492.499999993
9730.0	17873764.999999996
9740.0	17708872.5
9750.0	17737047.5
9760.0	18372894.999999996
9770.0	18465574.999999996
9780.0	17415537.499999996
9790.0	18337137.499999993
9800.0	20602379.999999996
9810.0	18081787.499999993
9820.0	17542787.5
9830.0	17655237.499999996
9840.0	18567577.499999996
9850.0	17999124.999999996
9860.0	18968184.999999993
9870.0	18231477.499999993
9880.0	18735784.999999996
9890.0	20448874.999999996
9900.0	16919830.0
9910.0	14739287.499999994
9920.0	14870982.499999994
9930.0	15795504.99999999
9940.0	16411744.999999996
9950.0	17056677.5
9960.0	17647504.999999996
9970.0	18277817.499999993
9980.0	17464892.499999996
9990.0	16306424.999999998
10000.0	17463192.499999996
10010.0	17823644.999999996
10020.0	18504737.499999993
10030.0	18541482.499999996
10040.0	17391734.999999996
10050.0	18311454.999999996
10060.0	17382899.999999996
10070.0	16853639.999999996
10080.0	19263164.999999996
10090.0	18936964.999999996
10100.0	19313762.499999993
10110.0	18191639.999999996
10120.0	19190242.499999993
10130.0	19761657.499999993
10140.0	19251772.499999996
10150.0	19129222.499999993
10160.0	18961612.499999993
10170.0	18179977.499999993
10180.0	20713839.999999996
10190.0	19465662.5
10200.0	19514517.499999996
10210.0	19472104.999999996
10220.0	20158439.999999996
10230.0	20733049.999999996
10240.0	21546239.999999996
10250.0	20153367.499999996
10260.0	18445544.999999993
10270.0	18903084.999999993
10280.0	19597972.499999993
10290.0	20380712.499999993
10300.0	19981517.499999993
10310.0	21058224.999999993
10320.0	19648239.999999996
10330.0	19879304.999999993
10340.0	20763654.999999993
10350.0	20742219.999999996
10360.0	21371399.999999996
10370.0	21969559.999999996
10380.0	21693207.499999996
10390.0	21351694.999999996
10400.0	22171639.999999996
10410.0	23322359.999999996
10420.0	22036782.499999996
10430.0	21160637.499999996
10440.0	21770360.0
10450.0	23165959.999999996
10460.0	24609082.499999996
10470.0	21560047.499999996
10480.0	21838549.999999996
10490.0	23458684.999999993
10500.0	23346369.999999996
10510.0	22328392.499999996
10520.0	21498352.499999996
10530.0	26287549.999999993
10540.0	24456239.999999996
10550.0	23980137.499999993
10560.0	22882749.999999993
10570.0	22500459.999999993
10580.0	24702947.499999993
10590.0	24355874.999999993
10600.0	24794122.499999993
10610.0	23410712.499999996
10620.0	23778439.999999996
10630.0	24527362.499999993
10640.0	27070727.499999993
10650.0	25369659.999999996
10660.0	25891729.999999993
10670.0	23502192.499999996
10680.0	24307944.999999996
10690.0	27569759.999999996
10700.0	25614137.499999996
10710.0	25498317.499999996
10720.0	25999994.999999996
10730.0	25269867.499999996
10740.0	28492332.49999999
10750.0	29422124.999999996
10760.0	31767127.499999993
10770.0	30105954.99999999
10780.0	30851607.499999996
10790.0	31558412.499999996
10800.0	33550404.99999999
10810.0	34639354.999999985
10820.0	32973324.999999993
10830.0	35490320.0
10840.0	37704602.49999999
10850.0	34142362.49999999
10860.0	30835997.499999996
10870.0	33021229.999999996
10880.0	36034837.49999999
10890.0	31392375.0
10900.0	33497499.999999993
10910.0	31418629.999999993
10920.0	32221489.999999996
10930.0	33500599.999999993
10940.0	33415907.49999999
10950.0	34058569.99999999
10960.0	32439857.499999993
10970.0	31660899.999999993
10980.0	28448179.999999996
10990.0	29876902.49999999
11000.0	29959069.999999993
11010.0	32243974.99999999
11020.0	32710604.99999999
11030.0	28207277.499999996
11040.0	28145262.49999999
11050.0	28444397.499999996
11060.0	28620352.499999993
11070.0	27480842.499999996
11080.0	27987602.499999993
11090.0	29673904.99999999
11100.0	30081512.499999993
11110.0	28454997.499999993
11120.0	32239369.999999993
11130.0	31659664.999999993
11140.0	32616802.499999985
11150.0	28656627.5
11160.0	31684467.499999993
11170.0	30536037.5
11180.0	29960997.499999993
11190.0	28455337.499999993
11200.0	27812822.499999993
11210.0	31246987.499999996
11220.0	29343359.999999993
11230.0	32403669.999999993
11240.0	30340659.99999999
11250.0	31588502.499999993
11260.0	32209192.5
11270.0	30363067.499999996
11280.0	33351097.49999999
11290.0	32797157.499999993
11300.0	34418487.5
11310.0	32488507.49999999
11320.0	34308849.99999999
11330.0	35462384.99999999
11340.0	31660597.499999996
11350.0	26328477.499999996
11360.0	32446294.999999993
11370.0	33259157.499999993
11380.0	29610532.499999996
11390.0	31234515.0
11400.0	32748834.99999999
11410.0	30774722.499999993
11420.0	33344344.999999993
11430.0	31876717.499999996
11440.0	29137889.999999993
11450.0	33393822.499999996
11460.0	31894809.999999996
11470.0	36333397.499999985
11480.0	31647602.5
11490.0	35473497.5
11500.0	31051829.999999993
11510.0	35194117.49999999
11520.0	36363264.99999999
11530.0	35942352.49999999
11540.0	34408407.49999999
11550.0	34225139.99999999
11560.0	38435962.499999985
11570.0	33917842.49999999
11580.0	35988574.99999999
11590.0	39285302.499999985
11600.0	34377044.99999999
11610.0	37232495.0
11620.0	37823514.999999985
11630.0	37181214.99999999
11640.0	32035607.5
11650.0	35325942.5
11660.0	32567374.999999993
11670.0	38636507.5
11680.0	37940954.99999999
11690.0	31778809.99999999
11700.0	32004882.499999996
11710.0	36163027.49999999
11720.0	39344272.49999999
11730.0	32475392.499999993
11740.0	34268689.99999999
11750.0	36032119.99999999
11760.0	36752169.99999999
11770.0	32918597.49999999
11780.0	28850187.499999993
11790.0	35757589.99999999
11800.0	36373052.49999999
11810.0	35245324.99999999
11820.0	35280699.99999999
11830.0	39232589.99999999
11840.0	36551825.0
11850.0	35851767.49999999
11860.0	35367334.99999999
11870.0	34913817.499999985
11880.0	38486897.499999985
11890.0	37057574.99999999
11900.0	39007267.49999999
11910.0	38998670.0
11920.0	38588967.5
11930.0	40408122.49999999
11940.0	38633682.49999999
11950.0	36307419.99999999
11960.0	38254635.0
11970.0	35745862.49999999
11980.0	33363252.499999993
11990.0	36047344.99999999
12000.0	35015087.49999999
12010.0	36066037.49999999
12020.0	35972094.99999999
12030.0	37351479.999999985
12040.0	38751874.999999985
12050.0	40718649.99999999
12060.0	39478189.99999999
12070.0	37708842.49999999
12080.0	41697124.99999999
12090.0	38353002.49999999
12100.0	42242787.49999999
12110.0	39001317.49999999
12120.0	39575727.49999999
12130.0	39468732.49999999
12140.0	39016367.499999985
12150.0	41607569.99999999
12160.0	40889492.499999985
12170.0	41179552.49999999
12180.0	41438507.499999985
12190.0	45416257.49999999
12200.0	39989547.49999999
12210.0	40965514.99999999
12220.0	42342375.0
12230.0	40141754.99999999
12240.0	41618349.999999985
12250.0	44633224.99999999
12260.0	44753102.49999999
12270.0	42283179.99999999
12280.0	42292152.49999999
12290.0	44015432.499999985
12300.0	43784787.499999985
12310.0	45513687.49999999
12320.0	40786067.49999999
12330.0	42015139.99999999
12340.0	44547254.99999999
12350.0	41508804.999999985
12360.0	42433602.499999985
12370.0	44335207.499999985
12380.0	42084604.99999999
12390.0	41368734.999999985
12400.0	42856307.49999999
12410.0	39701890.0
12420.0	40500842.49999999
12430.0	39872904.99999999
12440.0	37632717.49999999
12450.0	45087632.499999985
12460.0	44788379.999999985
12470.0	43196654.99999999
12480.0	43591239.99999999
12490.0	42769470.0
12500.0	41726304.99999999
12510.0	46106277.499999985
12520.0	39728822.49999999
12530.0	40932105.0
12540.0	43277164.999999985
12550.0	42946097.49999999
12560.0	47623419.99999999
12570.0	46301674.99999999
12580.0	43509767.499999985
12590.0	43979339.99999999
12600.0	46035787.499999985
12610.0	49477672.5
12620.0	44393347.49999999
12630.0	44595599.999999985
12640.0	42188229.999999985
12650.0	44579127.499999985
12660.0	46063939.99999999
12670.0	46826937.499999985
12680.0	48655519.999999985
12690.0	49047202.49999999
12700.0	48299489.99999998
12710.0	49997617.49999998
12720.0	47289414.99999999
12730.0	50174112.499999985
12740.0	45677144.999999985
12750.0	48137947.49999999
12760.0	47928534.99999999
12770.0	48777942.499999985
12780.0	52395119.999999985
12790.0	48619977.49999999
12800.0	49512614.999999985
12810.0	49221902.499999985
12820.0	50327924.999999985
12830.0	47290764.999999985
12840.0	51792859.99999999
12850.0	49103017.499999985
12860.0	46395569.99999999
12870.0	48449132.499999985
12880.0	49988004.999999985
12890.0	49094559.999999985
12900.0	46237299.99999999
12910.0	48262749.999999985
12920.0	47454237.49999999
12930.0	47141927.499999985
12940.0	49924339.99999999
12950.0	45262539.99999999
12960.0	48278309.99999999
12970.0	50677534.999999985
12980.0	50267654.999999985
12990.0	47091009.99999999
13000.0	50851549.99999998
13010.0	48684854.999999985
13020.0	51210454.99999999
13030.0	47354152.49999999
13040.0	51665617.49999998
13050.0	48730579.999999985
13060.0	53067577.499999985
13070.0	48085082.499999985
13080.0	51436989.99999999
13090.0	47614319.99999999
13100.0	47709839.999999985
13110.0	52896832.499999985
13120.0	51065514.99999999
13130.0	49213234.99999999
13140.0	49849657.49999999
13150.0	49968612.5
13160.0	47118242.49999999
13170.0	46809764.99999999
13180.0	50101237.499999985
13190.0	49452689.99999999
13200.0	49012232.499999985
13210.0	51981779.99999999
13220.0	46864049.99999999
13230.0	46800632.499999985
13240.0	48480102.49999999
13250.0	46004009.99999999
13260.0	47612729.999999985
13270.0	44422729.999999985
13280.0	45639472.49999999
13290.0	47170972.49999999
13300.0	47823084.99999998
13310.0	45037789.99999999
13320.0	42293337.49999999
13330.0	39938957.49999999
13340.0	43673934.99999999
13350.0	32449544.99999999
13360.0	40940932.499999985
13370.0	32991129.99999999
13380.0	36108799.999999985
13390.0	36356345.0
13400.0	41808462.49999999
13410.0	41164167.499999985
13420.0	35624437.499999985
13430.0	39838877.499999985
13440.0	35351177.49999999
13450.0	31464666.499999996
13460.0	41293173.99999999
13470.0	33339390.499999996
13480.0	38591902.49999999
13490.0	37981334.99999999
13500.0	34753679.99999999
13510.0	38787362.49999999
13520.0	27745234.999999993
13530.0	42619954.999999985
13540.0	31985954.999999993
13550.0	29175378.999999993
13560.0	35847529.99999999
13570.0	38995267.49999999
13580.0	37290522.49999999
13590.0	28922126.499999993
13600.0	41676662.499999985
13610.0	41181647.499999985
13620.0	33998179.99999999
13630.0	31716504.999999985
13640.0	35779406.499999985
13650.0	37934454.99999999
13660.0	39195902.49999999
13670.0	37842485.0
13680.0	36737527.0
13690.0	34108078.99999999
13700.0	35910937.49999999
13710.0	38717492.5
13720.0	39449777.499999985
13730.0	43536974.99999999
13740.0	34069847.49999999
13750.0	36033387.499999985
13760.0	37793189.99999999
13770.0	41138034.99999999
13780.0	43183877.49999999
13790.0	43406002.49999999
13800.0	43999327.49999999
13810.0	37820042.49999999
13820.0	44462792.49999999
13830.0	36682432.49999999
13840.0	42121717.49999999
13850.0	43595469.99999999
13860.0	37552864.99999999
13870.0	40605767.499999985
13880.0	40299242.49999999
13890.0	34687121.99999999
13900.0	36792879.0
13910.0	37047382.49999999
13920.0	42371117.499999985
13930.0	38719107.499999985
13940.0	41770349.999999985
13950.0	30367641.0
13960.0	38851610.24999999
13970.0	35689439.24999999
13980.0	41819347.49999999
13990.0	44417479.99999999
14000.0	36988939.99999999
14010.0	40574812.49999999
14020.0	42500094.999999985
14030.0	40572607.49999999
14040.0	31765559.999999996
14050.0	31804758.499999993
14060.0	43537062.49999999
14070.0	39715812.49999999
14080.0	34510707.49999999
14090.0	41812372.49999999
14100.0	39586509.999999985
14110.0	44649639.99999999
14120.0	38092157.49999999
14130.0	43674172.499999985
14140.0	43520387.24999999
14150.0	37029845.749999985
14160.0	36372084.99999999
14170.0	43137654.99999999
14180.0	30105067.499999993
14190.0	37082509.99999999
14200.0	33771181.5
14210.0	39256367.49999999
14220.0	38205062.49999999
14230.0	37962492.49999999
14240.0	34428810.0
14250.0	38530147.49999999
14260.0	32961932.499999993
14270.0	39375372.499999985
14280.0	37273717.499999985
14290.0	33609557.49999999
14300.0	41695092.49999999
14310.0	38653307.49999999
14320.0	44197319.999999985
14330.0	40801919.99999999
14340.0	43088064.99999999
14350.0	44954832.49999999
14360.0	41962669.99999999
14370.0	43332204.999999985
14380.0	37157162.49999999
14390.0	37412992.49999999
14400.0	42052429.99999999
14410.0	40409157.499999985
14420.0	38557467.5
14430.0	45549657.5
14440.0	42233130.0
14450.0	39851174.99999999
14460.0	42923650.0
14470.0	43706879.99999998
14480.0	43240894.999999985
14490.0	45926844.99999999
14500.0	45592334.99999999
14510.0	35078464.99999999
14520.0	46342394.999999985
14530.0	44222917.49999999
14540.0	41326354.99999999
14550.0	41422367.499999985
14560.0	41321295.0
14570.0	44231387.49999999
14580.0	47109344.999999985
14590.0	45624024.99999999
14600.0	47016167.49999999
14610.0	47305264.99999999
14620.0	42298442.49999999
14630.0	40581209.999999985
14640.0	47160575.0
14650.0	43756992.499999985
14660.0	43656099.999999985
14670.0	45863374.999999985
14680.0	42488497.49999999
14690.0	41352722.49999999
14700.0	48023379.99999999
14710.0	45886317.49999998
14720.0	48161330.0
14730.0	44895604.999999985
14740.0	43895369.99999999
14750.0	44667909.99999999
14760.0	44690907.49999999
14770.0	47260892.49999999
14780.0	46595214.999999985
14790.0	45972727.499999985
14800.0	47459484.99999999
14810.0	48572694.99999999
14820.0	46091827.499999985
14830.0	43840272.499999985
14840.0	49851504.999999985
14850.0	46610924.999999985
14860.0	45605859.99999999
14870.0	48518712.499999985
14880.0	44269284.999999985
14890.0	47430807.49999999
14900.0	44925464.99999999
14910.0	46980097.49999999
14920.0	46558407.49999999
14930.0	48504354.999999985
14940.0	47522887.49999999
14950.0	50442479.99999999
14960.0	46598157.49999999
14970.0	49921554.999999985
14980.0	41838149.999999985
14990.0	50650420.0
15000.0	48441859.999999985
15010.0	47372702.499999985
15020.0	46385059.99999999
15030.0	50225844.99999999
15040.0	48102919.99999999
15050.0	49465987.499999985
15060.0	49808977.499999985
15070.0	47742092.49999999
15080.0	49608327.49999999
15090.0	49778877.499999985
15100.0	49234002.499999985
15110.0	49054444.99999999
15120.0	50787812.49999999
15130.0	49650844.99999999
15140.0	48374364.999999985
15150.0	51930364.99999999
15160.0	51158082.499999985
15170.0	50328009.999999985
15180.0	51249914.99999999
15190.0	51711174.99999999
15200.0	50674204.99999999
15210.0	52845909.99999999
15220.0	50059272.49999998
15230.0	53652404.999999985
15240.0	51392357.499999985
15250.0	50658937.49999999
15260.0	51525139.99999999
15270.0	50096197.499999985
15280.0	49611067.49999999
15290.0	51991852.49999999
15300.0	49058792.49999999
15310.0	51505117.49999999
15320.0	48724222.49999999
15330.0	52789944.99999999
15340.0	53549097.499999985
15350.0	51588364.999999985
15360.0	51821412.499999985
15370.0	52141199.999999985
15380.0	52787637.499999985
15390.0	53468067.49999999
15400.0	51905849.99999998
15410.0	53021292.49999999
15420.0	53630549.999999985
15430.0	52610090.0
15440.0	51668217.49999999
15450.0	52797487.49999999
15460.0	53829904.99999999
15470.0	53109292.49999999
15480.0	53169975.0
15490.0	52387139.999999985
15500.0	54235382.499999985
15510.0	52858469.99999999
15520.0	54318554.99999999
15530.0	53404699.99999999
15540.0	54810097.499999985
15550.0	54420119.99999999
15560.0	54180702.499999985
15570.0	54043152.49999999
15580.0	52833179.99999997
15590.0	54694707.499999985
15600.0	54652705.0
15610.0	54613662.49999999
15620.0	55208269.999999985
15630.0	54814282.49999998
15640.0	55919214.99999999
15650.0	54361742.49999999
15660.0	54298584.99999998
15670.0	56387647.49999999
15680.0	56045077.49999999
15690.0	54944357.49999999
15700.0	56250532.49999999
15710.0	55646662.49999998
15720.0	53239879.999999985
15730.0	55230252.49999998
15740.0	56592159.99999998
15750.0	54597817.499999985
15760.0	56503947.49999999
15770.0	57888084.99999998
15780.0	57079524.99999999
15790.0	56388894.99999999
15800.0	56460672.49999998
15810.0	56823272.49999999
15820.0	56643122.49999999
15830.0	57055957.5
15840.0	56766994.99999998
15850.0	56847455.0
15860.0	57105319.99999999
15870.0	57442749.999999985
15880.0	57961727.49999998
15890.0	58407974.999999985
15900.0	57369912.49999999
15910.0	57962709.999999985
15920.0	58519109.999999985
15930.0	57857959.999999985
15940.0	58684194.999999985
15950.0	58993817.49999998
15960.0	58691519.999999985
15970.0	58535609.99999998
15980.0	58036027.49999999
15990.0	58191742.49999999
16000.0	59505939.99999998
16010.0	58082709.99999999
16020.0	58470279.99999999
16030.0	59313982.49999999
16040.0	59324569.99999998
16050.0	58318914.999999985
16060.0	59013079.99999999
16070.0	58933494.99999999
16080.0	59198334.999999985
16090.0	60116612.49999998
16100.0	58189464.999999985
16110.0	59321064.99999999
16120.0	60038752.49999999
16130.0	60020577.49999998
16140.0	59532434.99999999
16150.0	59731355.0
16160.0	58583074.99999999
16170.0	59941394.999999985
16180.0	61124947.499999985
16190.0	59653584.999999985
16200.0	59500454.99999998
16210.0	60370989.99999999
16220.0	60337672.499999985
16230.0	59808630.0
16240.0	59652944.99999998
16250.0	59503814.99999999
16260.0	60636397.49999999
16270.0	61132492.49999998
16280.0	61634142.499999985
16290.0	59895972.49999999
16300.0	61496704.999999985
16310.0	60005164.999999985
16320.0	60078957.5
16330.0	61509564.999999985
16340.0	59973542.5
16350.0	60245474.99999998
16360.0	61392397.49999998
16370.0	61693354.999999985
16380.0	61520144.999999985
16390.0	61991294.999999985
16400.0	61678594.99999998
16410.0	60463817.49999998
16420.0	59664412.49999999
16430.0	60619059.999999985
16440.0	62193954.999999985
16450.0	61576077.499999985
16460.0	61801884.999999985
16470.0	61820244.999999985
16480.0	61647947.49999999
16490.0	62882704.999999985
16500.0	62894522.499999985
16510.0	62882069.999999985
16520.0	61569577.499999985
16530.0	61871059.99999999
16540.0	62968464.99999998
16550.0	61604667.49999999
16560.0	62878759.999999985
16570.0	63477084.999999985
16580.0	62656254.999999985
16590.0	61848672.49999999
16600.0	63241389.999999985
16610.0	62463947.49999999
16620.0	61019557.49999999
16630.0	63077714.99999999
16640.0	61680922.49999999
16650.0	63125152.499999985
16660.0	63829524.99999998
16670.0	63069399.999999985
16680.0	63129087.499999985
16690.0	62391917.499999985
16700.0	63077612.499999985
16710.0	63078684.99999998
16720.0	62707442.499999985
16730.0	63820964.99999997
16740.0	64110577.49999998
16750.0	62964487.49999999
16760.0	63741497.499999985
16770.0	61592179.999999985
16780.0	62569739.999999985
16790.0	63485209.99999999
16800.0	62419814.99999998
16810.0	63714179.99999998
16820.0	63750249.99999999
16830.0	63205475.0
16840.0	62447979.99999998
16850.0	63729865.0
16860.0	64557774.99999998
16870.0	64025467.499999985
16880.0	63524882.49999999
16890.0	63885002.49999998
16900.0	64528532.5
16910.0	64581554.999999985
16920.0	62755707.49999999
16930.0	63264442.5
16940.0	64246494.99999999
16950.0	63351377.49999998
16960.0	63442737.49999997
16970.0	61793254.99999998
16980.0	63993432.499999985
16990.0	62648164.99999999
17000.0	62837342.49999999
17010.0	61070807.49999998
17020.0	63675574.99999998
17030.0	62587554.99999998
17040.0	63094982.49999998
17050.0	61984934.999999985
17060.0	63873962.49999999
17070.0	62852512.499999985
17080.0	62304657.49999999
17090.0	61631277.49999998
17100.0	64268779.999999985
17110.0	62070997.49999999
17120.0	62324377.49999999
17130.0	62577037.49999999
17140.0	61849559.99999999
17150.0	61690814.99999999
17160.0	62226052.499999985
17170.0	63085807.49999998
17180.0	60306202.49999999
17190.0	59690249.99999998
17200.0	62410442.499999985
17210.0	62083392.499999985
17220.0	61853419.99999998
17230.0	60673289.999999985
17240.0	60868969.99999999
17250.0	62257324.999999985
17260.0	60808684.99999999
17270.0	58153717.49999999
17280.0	59329902.49999999
17290.0	58607182.49999998
17300.0	59598919.999999985
17310.0	58882809.99999999
17320.0	59794047.499999985
17330.0	60859607.5
17340.0	61712497.499999985
17350.0	57201412.49999998
17360.0	57506714.99999999
17370.0	54361297.49999998
17380.0	62616404.99999999
17390.0	61370212.49999998
17400.0	60476334.99999999
17410.0	56531869.999999985
17420.0	56057137.49999998
17430.0	59274552.49999999
17440.0	59230197.499999985
17450.0	59004939.999999985
17460.0	59993804.99999998
17470.0	61178764.99999999
17480.0	60419767.499999985
17490.0	60459572.499999985
17500.0	61903997.49999998
17510.0	61311224.99999998
17520.0	59045477.49999997
17530.0	57088374.99999999
17540.0	59301647.49999998
17550.0	56804497.499999985
17560.0	58931099.999999985
17570.0	60621527.499999985
17580.0	57176129.99999999
17590.0	59256679.99999999
17600.0	60258647.49999999
17610.0	60111109.999999985
17620.0	58434314.99999999
17630.0	54874249.999999985
17640.0	61033394.99999999
17650.0	59845012.499999985
17660.0	62617194.99999999
17670.0	58386887.499999985
17680.0	42829689.99999999
17690.0	58453957.499999985
17700.0	60286747.49999999
17710.0	60570392.49999999
17720.0	52962579.99999997
17730.0	55172829.99999999
17740.0	60977299.999999985
17750.0	58510642.499999985
17760.0	47578592.49999999
17770.0	59771952.49999998
17780.0	60564625.0
17790.0	57752784.99999998
17800.0	56274897.499999985
17810.0	53204052.49999999
17820.0	59373927.499999985
17830.0	54512032.49999999
17840.0	62085002.49999998
17850.0	55599759.999999985
17860.0	59947877.49999998
17870.0	59706552.499999985
17880.0	54535622.49999999
17890.0	50827924.99999999
17900.0	56669537.49999999
17910.0	44611550.499999985
17920.0	51435206.499999985
17930.0	56984194.99999998
17940.0	53921712.499999985
17950.0	55755139.999999985
17960.0	48432499.99999999
17970.0	55011664.99999999
17980.0	59099477.499999985
17990.0	58879140.0
18000.0	45290844.999999985
18010.0	38992737.49999999
18020.0	52186624.999999985
18030.0	54856434.999999985
18040.0	60331644.99999999
18050.0	60933624.99999999
18060.0	50182419.99999999
18070.0	47494102.5
18080.0	47639429.999999985
18090.0	42316367.499999985
18100.0	56689392.499999985
18110.0	41912042.999999985
18120.0	56600292.49999999
18130.0	57573132.499999985
18140.0	59251542.49999999
18150.0	52401321.99999999
18160.0	50879396.49999998
18170.0	46527624.49999999
18180.0	58821672.49999999
18190.0	55744559.99999999
18200.0	55157842.499999985
18210.0	46582326.99999999
18220.0	52425930.0
18230.0	60626117.499999985
18240.0	59904367.499999985
18250.0	56848754.999999985
18260.0	48796707.74999999
18270.0	54968010.749999985
18280.0	52510022.49999999
18290.0	51834192.49999999
18300.0	57470957.49999998
18310.0	51656622.499999985
18320.0	59211719.999999985
18330.0	54757787.49999998
18340.0	60355619.999999985
18350.0	56094714.999999985
18360.0	61664454.99999998
18370.0	61737967.49999998
18380.0	57234217.49999998
18390.0	52387102.499999985
18400.0	56523137.49999999
18410.0	55565450.0
18420.0	49436954.999999985
18430.0	59154904.99999999
18440.0	56676287.499999985
18450.0	50709117.49999999
18460.0	50212402.49999999
18470.0	41652764.99999999
18480.0	53205224.999999985
18490.0	53783027.49999999
18500.0	56672967.499999985
18510.0	58742624.99999999
18520.0	47636814.999999985
18530.0	56916802.499999985
18540.0	57984532.49999999
18550.0	51393709.99999999
18560.0	50110122.49999999
18570.0	44697016.49999999
18580.0	52795914.999999985
18590.0	55034727.49999999
18600.0	35966707.499999985
18610.0	58782909.99999998
18620.0	50846035.0
18630.0	48859367.499999985
18640.0	48892717.49999999
18650.0	53688579.99999999
18660.0	60695189.999999985
18670.0	56129902.49999998
18680.0	33270139.999999985
18690.0	58669067.499999985
18700.0	53173777.49999999
18710.0	60471419.99999999
18720.0	47056777.49999999
18730.0	46842129.999999985
18740.0	51032315.0
18750.0	43009527.49999999
18760.0	58048112.49999998
18770.0	59467719.999999985
18780.0	56819432.49999999
18790.0	49452202.499999985
18800.0	57614707.49999999
18810.0	53000702.499999985
18820.0	59338227.49999999
18830.0	60139237.499999985
18840.0	53801814.99999999
18850.0	42671404.99999999
18860.0	55084057.49999999
18870.0	56993184.99999998
18880.0	59115942.49999999
18890.0	56573789.99999997
18900.0	59320522.49999999
18910.0	61627197.49999998
18920.0	53630724.99999999
18930.0	55247582.49999999
18940.0	58799744.99999998
18950.0	59990992.49999999
18960.0	55674259.99999998
18970.0	58462839.999999985
18980.0	54447092.5
18990.0	60985747.49999998
19000.0	57413530.0
19010.0	47688634.999999985
19020.0	55738994.999999985
19030.0	52149255.0
19040.0	59335184.99999998
19050.0	57627672.49999999
19060.0	59069310.0
19070.0	55595072.49999999
19080.0	62305309.999999985
19090.0	59358652.49999999
19100.0	60635082.49999998
19110.0	42497684.99999999
19120.0	58027649.999999985
19130.0	59737377.49999999
19140.0	56553279.99999999
19150.0	62674862.499999985
19160.0	54981199.99999998
19170.0	60305854.99999999
19180.0	61228854.999999985
19190.0	62619514.99999999
19200.0	42407597.5
19210.0	53130454.999999985
19220.0	53966977.499999985
19230.0	52338604.999999985
19240.0	51791194.999999985
19250.0	61423792.5
19260.0	55771477.499999985
19270.0	52450929.99999999
19280.0	62418987.49999998
19290.0	60523417.499999985
19300.0	61560342.5
19310.0	48287919.99999998
19320.0	59240552.49999999
19330.0	56126474.999999985
19340.0	56781390.0
19350.0	59768809.99999998
19360.0	57861737.499999985
19370.0	60212347.49999999
19380.0	46620749.99999999
19390.0	56415362.49999999
19400.0	53055837.499999985
19410.0	56138757.49999999
19420.0	55766904.99999999
19430.0	52132867.499999985
19440.0	51409029.99999999
19450.0	42957954.99999999
19460.0	48595202.49999999
19470.0	58794019.99999998
19480.0	48046434.99999999
19490.0	47599509.999999985
19500.0	53988729.999999985
19510.0	57471197.49999998
19520.0	59555352.499999985
19530.0	53489549.999999985
19540.0	60475587.499999985
19550.0	48121652.49999999
19560.0	38592454.99999999
19570.0	55880879.999999985
19580.0	58006934.99999999
19590.0	55830794.99999999
19600.0	36069792.49999999
19610.0	52578629.99999999
19620.0	58843157.499999985
19630.0	57245829.99999998
19640.0	57444809.99999999
19650.0	60991499.99999998
19660.0	59859949.99999998
19670.0	61819822.49999999
19680.0	57106777.499999985
19690.0	55554222.499999985
19700.0	53356264.999999985
19710.0	60432959.999999985
19720.0	62114657.499999985
19730.0	61589189.99999998
19740.0	48204359.999999985
19750.0	60779554.999999985
19760.0	47662227.499999985
19770.0	59227779.99999999
19780.0	58543774.999999985
19790.0	57950854.99999999
19800.0	58644804.999999985
19810.0	59490599.99999998
19820.0	57361032.499999985
19830.0	61003494.999999985
19840.0	59410637.49999998
19850.0	55686369.999999985
19860.0	58696059.999999985
19870.0	60371897.49999999
19880.0	51779617.499999985
19890.0	59838137.499999985
19900.0	54369619.99999999
19910.0	52900564.99999999
19920.0	51527444.99999998
19930.0	60452544.999999985
19940.0	61342554.999999985
19950.0	57325944.999999985
19960.0	59875377.499999985
19970.0	59240677.499999985
19980.0	57991607.499999985
19990.0	57750754.999999985
20000.0	52401199.99999999
20010.0	52930289.99999999
20020.0	59278907.499999985
20030.0	54692382.499999985
20040.0	59110142.49999999
20050.0	59042404.999999985
20060.0	58290677.499999985
20070.0	55109734.99999998
20080.0	63444962.499999985
20090.0	55765954.99999999
20100.0	62058899.99999998
20110.0	60780167.49999998
20120.0	60894352.5
20130.0	61140337.49999998
20140.0	57817354.99999999
20150.0	59666637.49999999
20160.0	57811299.999999985
20170.0	59019589.99999998
20180.0	60228677.499999985
20190.0	60204974.99999998
20200.0	58025019.99999999
20210.0	60895594.999999985
20220.0	61234432.499999985
20230.0	61576272.499999985
20240.0	64071037.499999985
20250.0	61854039.999999985
20260.0	55059304.999999985
20270.0	55834422.499999985
20280.0	61389139.99999997
20290.0	56772960.0
20300.0	60248532.499999985
20310.0	52027777.49999999
20320.0	62104939.999999985
20330.0	61408699.999999985
20340.0	58131734.99999999
20350.0	61908597.5
20360.0	57367912.49999999
20370.0	63322187.499999985
20380.0	61159049.99999998
20390.0	59451334.99999999
20400.0	59418672.499999985
20410.0	56254687.5
20420.0	61980982.499999985
20430.0	63176792.499999985
20440.0	57798412.499999985
20450.0	60563902.49999999
20460.0	62835422.49999998
20470.0	60673404.99999998
20480.0	61534779.99999999
20490.0	58233152.49999998
20500.0	61501314.99999999
20510.0	63769859.999999985
20520.0	62477167.499999985
20530.0	60048817.499999985
20540.0	62451799.99999998
20550.0	60837562.49999999
20560.0	59926602.5
20570.0	63147224.99999998
20580.0	63363264.99999998
20590.0	62380867.499999985
20600.0	62952245.0
20610.0	59329274.99999999
20620.0	62385124.99999998
20630.0	62378349.999999985
20640.0	59317492.499999985
20650.0	62289492.499999985
20660.0	62441817.49999999
20670.0	62248407.499999985
20680.0	61919964.99999998
20690.0	62332012.499999985
20700.0	62817009.99999998
20710.0	63149492.5
20720.0	62599244.99999997
20730.0	62850494.999999985
20740.0	61882244.999999985
20750.0	63348952.49999998
20760.0	63005619.999999985
20770.0	62224714.99999998
20780.0	62629387.49999999
20790.0	62816299.99999999
20800.0	62170422.499999985
20810.0	61123824.999999985
20820.0	62104262.49999999
20830.0	61645654.99999998
20840.0	63540342.49999998
20850.0	62633032.499999985
20860.0	62786864.99999998
20870.0	61609602.49999998
20880.0	63559407.499999985
20890.0	62397629.99999999
20900.0	63016109.999999985
20910.0	63699632.49999999
20920.0	62978397.499999985
20930.0	64026189.999999985
20940.0	62368439.999999985
20950.0	63198162.499999985
20960.0	63495662.49999998
20970.0	62675359.999999985
20980.0	64854639.999999985
20990.0	63032644.999999985
21000.0	63191444.99999999
21010.0	63548689.999999985
21020.0	63403709.999999985
21030.0	62667997.499999985
21040.0	63877804.99999999
21050.0	63438234.99999999
21060.0	63560164.999999985
21070.0	63826077.499999985
21080.0	63966327.49999999
21090.0	62661764.99999998
21100.0	63854704.999999985
21110.0	64626184.99999998
21120.0	62815684.999999985
21130.0	62955517.5
21140.0	63763672.49999997
21150.0	63439599.999999985
21160.0	63114039.99999999
21170.0	63885924.99999998
21180.0	63711904.999999985
21190.0	63031582.499999985
21200.0	64212472.49999998
21210.0	63917402.49999999
21220.0	63330787.499999985
21230.0	64614704.999999985
21240.0	63809017.49999999
21250.0	62990797.499999985
21260.0	64193277.499999985
21270.0	64020027.499999985
21280.0	64014609.999999985
21290.0	63507694.999999985
21300.0	64282530.0
21310.0	63609519.999999985
21320.0	64290132.49999998
21330.0	64033750.0
21340.0	64312314.99999998
21350.0	64507199.99999997
21360.0	63841594.99999998
21370.0	64024617.49999998
21380.0	64006167.49999998
21390.0	64022294.99999999
21400.0	63526692.499999985
21410.0	64324134.99999998
21420.0	64229864.999999985
21430.0	63442027.49999999
21440.0	64311502.499999985
21450.0	64298527.49999998
21460.0	64023652.49999997
21470.0	63659469.99999997
21480.0	63539894.99999998
21490.0	63286507.50000001
21500.0	63391087.49999999
21510.0	64450749.99999998
21520.0	64262984.99999997
21530.0	63806884.99999999
21540.0	64258722.49999999
21550.0	64546064.999999985
21560.0	63208477.499999985
21570.0	64481355.0
21580.0	63945977.49999998
21590.0	63890127.49999998
21600.0	64412809.99999999
21610.0	64670587.49999997
21620.0	64227727.499999985
21630.0	64213779.999999985
21640.0	64340739.99999998
21650.0	64147519.999999985
21660.0	63512954.999999985
21670.0	64121957.499999985
21680.0	64083234.999999985
21690.0	64556387.49999999
21700.0	64202944.999999985
21710.0	64147762.49999998
21720.0	64504797.499999985
21730.0	63261272.499999985
21740.0	63739197.49999999
21750.0	64617072.499999985
21760.0	64053419.99999999
21770.0	64120592.49999998
21780.0	63587137.49999999
21790.0	63817197.5
21800.0	64045739.999999985
21810.0	64451502.49999999
21820.0	64517530.0
21830.0	63740329.99999999
21840.0	64191412.499999985
21850.0	63181089.99999999
21860.0	63768537.499999985
21870.0	64375470.0
21880.0	63967134.99999998
21890.0	64141199.99999999
21900.0	64223682.49999998
21910.0	64415624.99999998
21920.0	64119694.999999985
21930.0	63567922.49999999
21940.0	63857039.999999985
21950.0	63976174.999999985
21960.0	64535554.99999999
21970.0	64106649.999999985
21980.0	63571002.49999999
21990.0	63861659.99999999
22000.0	64456089.999999985
22010.0	63238449.999999985
22020.0	64685207.49999998
22030.0	63780654.999999985
22040.0	63330680.0
22050.0	64157884.999999985
22060.0	64276419.99999998
22070.0	64266887.499999985
22080.0	64041712.49999998
22090.0	64374634.999999985
22100.0	63925734.999999985
22110.0	63623387.49999999
22120.0	64190954.999999985
22130.0	64185137.49999997
22140.0	64774694.999999985
22150.0	63091207.49999998
22160.0	64156194.99999999
22170.0	64016242.499999985
22180.0	63983864.999999985
22190.0	63445802.49999998
22200.0	61443592.49999999
22210.0	63116684.999999985
22220.0	63474307.499999985
22230.0	63012509.99999999
22240.0	63576304.999999985
22250.0	64024132.49999999
22260.0	63517319.999999985
22270.0	64179890.0
22280.0	62125514.99999999
22290.0	64075499.99999999
22300.0	62811752.49999999
22310.0	64277250.0
22320.0	64376414.999999985
22330.0	63175729.999999985
22340.0	64147062.49999997
22350.0	63600704.999999985
22360.0	62163964.999999985
22370.0	63823964.99999998
22380.0	63818847.49999998
22390.0	62111777.499999985
22400.0	64335807.5
22410.0	64254584.99999999
22420.0	63871984.99999999
22430.0	63974450.0
22440.0	63438847.499999985
22450.0	62386614.99999999
22460.0	64150789.999999985
22470.0	63992257.49999999
22480.0	64143409.999999985
22490.0	64049012.499999985
22500.0	63823389.999999985
22510.0	64134034.999999985
22520.0	63989072.49999999
22530.0	62918527.499999985
22540.0	63652244.999999985
22550.0	63244084.99999998
22560.0	62594719.999999985
22570.0	63978467.49999998
22580.0	62842262.5
22590.0	63785929.99999999
22600.0	63268487.49999999
22610.0	63586702.49999998
22620.0	63053362.49999999
22630.0	61360664.99999999
22640.0	62964832.49999998
22650.0	63413322.49999998
22660.0	62597179.99999999
22670.0	63727182.49999999
22680.0	63464214.99999998
22690.0	63283637.499999985
22700.0	61397154.99999997
22710.0	63148787.49999998
22720.0	62752679.99999998
22730.0	63634639.999999985
22740.0	63402884.999999985
22750.0	63945460.0
22760.0	62976697.49999999
22770.0	63747067.499999985
22780.0	63464364.99999998
22790.0	61793894.99999999
22800.0	61969182.49999998
22810.0	62599069.99999999
22820.0	63592527.499999985
22830.0	63289377.49999998
22840.0	63118297.49999998
22850.0	63291372.49999998
22860.0	63280524.99999999
22870.0	62041342.499999985
22880.0	63594074.999999985
22890.0	63336507.49999998
22900.0	63776087.49999998
22910.0	63699514.999999985
22920.0	62856004.999999985
22930.0	63486392.499999985
22940.0	54935399.999999985
22950.0	55791959.999999985
22960.0	57046982.49999998
22970.0	60305642.49999999
22980.0	62937504.999999985
22990.0	62745899.99999998
23000.0	55130027.499999985
23010.0	62243290.0
23020.0	63278814.99999998
23030.0	55193219.99999999
23040.0	63164377.499999985
23050.0	51962384.99999999
23060.0	56764829.99999999
23070.0	52978284.999999985
23080.0	61660562.49999999
23090.0	62795587.49999998
23100.0	62443392.499999985
23110.0	62240504.999999985
23120.0	63048932.499999985
23130.0	63296297.49999997
23140.0	63252872.49999999
23150.0	49762940.999999985
23160.0	62770697.499999985
23170.0	62758469.99999998
23180.0	62620279.99999997
23190.0	62931499.99999998
23200.0	60968619.99999999
23210.0	52748642.499999985
23220.0	62255214.999999985
23230.0	56776042.499999985
23240.0	52484207.499999985
23250.0	49009716.99999999
23260.0	62402687.49999998
23270.0	53748134.99999998
23280.0	60602072.499999985
23290.0	60739847.49999999
23300.0	51933047.499999985
23310.0	58810352.499999985
23320.0	62424004.99999999
23330.0	62330132.49999999
23340.0	58076744.99999998
23350.0	59870987.499999985
23360.0	59206034.99999999
23370.0	53343272.49999999
23380.0	59809452.49999998
23390.0	61911662.49999999
23400.0	57898879.99999999
23410.0	61959509.999999985
23420.0	59377547.499999985
23430.0	62446234.999999985
23440.0	62806660.0
23450.0	55122234.999999985
23460.0	61045384.999999985
23470.0	54668182.499999985
23480.0	61251424.99999999
23490.0	61687142.49999998
23500.0	61728287.49999999
23510.0	59184772.49999997
23520.0	57101964.999999985
23530.0	52443697.499999985
23540.0	55131534.999999985
23550.0	60089017.5
23560.0	59980169.999999985
23570.0	61166784.999999985
23580.0	52743282.499999985
23590.0	58758887.499999985
23600.0	61623529.99999997
23610.0	54080307.499999985
23620.0	58009979.99999999
23630.0	56841202.49999999
23640.0	58754187.499999985
23650.0	60094744.99999998
23660.0	61048312.499999985
23670.0	57098552.499999985
23680.0	47278636.49999999
23690.0	61857174.99999998
23700.0	61046802.499999985
23710.0	53807054.99999999
23720.0	60729684.99999998
23730.0	61319964.99999999
23740.0	57565027.499999985
23750.0	60154587.49999999
23760.0	57652639.999999985
23770.0	58119017.499999985
23780.0	54082304.99999999
23790.0	58983014.999999985
23800.0	59979012.49999998
23810.0	43681210.999999985
23820.0	60460727.49999998
23830.0	58425594.999999985
23840.0	57488319.99999999
23850.0	61180447.49999998
23860.0	54959647.5
23870.0	57908334.999999985
23880.0	54439359.999999985
23890.0	61252054.999999985
23900.0	61054444.999999985
23910.0	60629247.49999999
23920.0	45020649.99999999
23930.0	55558160.0
23940.0	55012035.0
23950.0	56644099.99999999
23960.0	54966234.99999999
23970.0	56882219.99999999
23980.0	59469282.49999999
23990.0	60710752.49999998
24000.0	57116269.999999985
24010.0	55721454.999999985
24020.0	56506427.499999985
24030.0	50865927.49999999
24040.0	59373667.5
24050.0	59910922.49999999
24060.0	59325822.499999985
24070.0	49012612.49999999
24080.0	59982589.99999999
24090.0	60913594.999999985
24100.0	56670432.49999999
24110.0	58988944.99999999
24120.0	54671159.99999999
24130.0	58730602.499999985
24140.0	53966074.99999999
24150.0	60593654.99999998
24160.0	54682727.49999999
24170.0	58977732.49999999
24180.0	56013962.499999985
24190.0	58550727.49999998
24200.0	58163992.499999985
24210.0	58433922.499999985
24220.0	53529112.49999999
24230.0	55296832.499999985
24240.0	58791792.499999985
24250.0	57144767.49999999
24260.0	56295859.999999985
24270.0	59575564.99999998
24280.0	54401054.99999998
24290.0	59738937.49999999
24300.0	53571489.99999998
24310.0	52141342.499999985
24320.0	56897804.99999999
24330.0	57874044.99999999
24340.0	52208377.49999999
24350.0	46119954.99999999
24360.0	53665757.49999999
24370.0	46105439.999999985
24380.0	54203237.49999999
24390.0	59510457.5
24400.0	56503374.999999985
24410.0	52187472.49999999
24420.0	57203794.99999999
24430.0	55244264.999999985
24440.0	42784300.0
24450.0	55901842.499999985
24460.0	53316674.99999999
24470.0	51235035.0
24480.0	57567307.499999985
24490.0	57580557.49999999
24500.0	56529774.999999985
24510.0	59187912.49999999
24520.0	48126682.49999999
24530.0	54803167.50000001
24540.0	43432092.499999985
24550.0	56054704.99999999
24560.0	51655987.499999985
24570.0	51841689.999999985
24580.0	57678009.999999985
24590.0	55147277.49999999
24600.0	51723172.49999999
24610.0	46911304.999999985
24620.0	49959434.99999999
24630.0	55499229.999999985
24640.0	59546224.99999999
24650.0	55904832.49999998
24660.0	46032167.499999985
24670.0	52598902.49999999
24680.0	33267397.499999996
24690.0	51040752.499999985
24700.0	56808344.999999985
24710.0	48361349.999999985
24720.0	49628892.499999985
24730.0	51741727.49999999
24740.0	36868622.49999999
24750.0	38708617.499999985
24760.0	47711739.999999985
24770.0	57333144.999999985
24780.0	55319186.99999999
24790.0	43899388.99999998
24800.0	56948394.999999985
24810.0	47531739.999999985
24820.0	52753879.999999985
24830.0	39023489.99999999
24840.0	50778152.499999985
24850.0	51146024.99999998
24860.0	54279354.99999999
24870.0	55853644.99999999
24880.0	49229077.49999999
24890.0	39082839.99999999
24900.0	40785297.499999985
24910.0	42673177.49999999
24920.0	56285299.99999999
24930.0	42639564.99999999
24940.0	57817124.999999985
24950.0	53446724.99999999
24960.0	50785757.499999985
24970.0	48075422.49999999
24980.0	41932556.999999985
24990.0	54363179.999999985
