# Flux units: erg / (cm m2 s)
# Wavelength units: Angstrom
wave	flux
9000.0	9399232500000000.0
9010.0	1.3773391999999994e+16
9020.0	1.3373973999999996e+16
9030.0	1.10067175e+16
9040.0	1.1225077499999996e+16
9050.0	1.3890777249999996e+16
9060.0	1.2928317749999996e+16
9070.0	1.3025209999999998e+16
9080.0	1.8655697499999996e+16
9090.0	1.6707321749999996e+16
9100.0	1.6696445249999992e+16
9110.0	1.7539117499999996e+16
9120.0	2.461789999999999e+16
9130.0	2.150809249999999e+16
9140.0	1.87456675e+16
9150.0	2.14651725e+16
9160.0	2.5372329999999996e+16
9170.0	2.559950749999999e+16
9180.0	2.4096170499999996e+16
9190.0	2.520365599999999e+16
9200.0	1.944107599999999e+16
9210.0	1.7563694999999996e+16
9220.0	1.6748514999999996e+16
9230.0	1.4788624999999992e+16
9240.0	1.1632354999999996e+16
9250.0	1.4104250999999996e+16
9260.0	1.4174162499999996e+16
9270.0	1.2450451999999996e+16
9280.0	1.0850974999999998e+16
9290.0	1.1624979749999996e+16
9300.0	1.1694364249999998e+16
9310.0	1.0842958999999996e+16
9320.0	1.1895279999999996e+16
9330.0	1.1133732499999998e+16
9340.0	1.5490727499999996e+16
9350.0	1.0715162749999996e+16
9360.0	1.3261043249999996e+16
9370.0	1.1617521749999998e+16
9380.0	1.5583005249999994e+16
9390.0	1.2336315999999996e+16
9400.0	1.4541469999999994e+16
9410.0	1.4114437499999996e+16
9420.0	1.6346042499999996e+16
9430.0	1.7604582499999996e+16
9440.0	1.3310766999999994e+16
9450.0	1.4866712499999996e+16
9460.0	1.4710129999999996e+16
9470.0	1.4465619999999998e+16
9480.0	1.8523084999999996e+16
9490.0	2.101798999999999e+16
9500.0	1.5942549999999996e+16
9510.0	1.6904809999999994e+16
9520.0	2.022944749999999e+16
9530.0	1.7827819999999996e+16
9540.0	1.999842249999999e+16
9550.0	1.9819282499999996e+16
9560.0	2.0329969999999996e+16
9570.0	1.7940477499999996e+16
9580.0	2.8051252499999996e+16
9590.0	2.434242499999999e+16
9600.0	1.964635749999999e+16
9610.0	2.26932475e+16
9620.0	2.1697952499999996e+16
9630.0	2.592464249999999e+16
9640.0	2.05805975e+16
9650.0	2.177613499999999e+16
9660.0	2.8063777499999996e+16
9670.0	2.8052072499999996e+16
9680.0	2.6884477499999996e+16
9690.0	2.4221637499999996e+16
9700.0	3.080913499999999e+16
9710.0	2.962301999999999e+16
9720.0	2.3521387499999996e+16
9730.0	2.4472827499999988e+16
9740.0	2.2456837499999996e+16
9750.0	2.183464749999999e+16
9760.0	2.4218009999999996e+16
9770.0	2.4347509999999996e+16
9780.0	2.0185987499999996e+16
9790.0	1.9792539999999996e+16
9800.0	2.8599139999999988e+16
9810.0	1.910651499999999e+16
9820.0	1.7329087499999998e+16
9830.0	1.7136909999999992e+16
9840.0	2.0383624999999996e+16
9850.0	2.0176084999999996e+16
9860.0	2.4666872499999996e+16
9870.0	1.8820872499999988e+16
9880.0	2.3196199999999996e+16
9890.0	2.489156499999999e+16
9900.0	1.2430878249999996e+16
9910.0	8727909499999998.0
9920.0	8502626749999997.0
9930.0	9519141000000000.0
9940.0	1.0945720749999998e+16
9950.0	1.1765503749999996e+16
9960.0	1.2198849999999998e+16
9970.0	1.3225751749999996e+16
9980.0	1.1548439249999996e+16
9990.0	1.0455614499999998e+16
10000.0	1.2072230999999994e+16
10010.0	1.2397724999999998e+16
10020.0	1.3039469999999994e+16
10030.0	1.4306572499999996e+16
10040.0	1.2294496999999996e+16
10050.0	1.3070795749999996e+16
10060.0	1.0452655999999998e+16
10070.0	1.1339417499999996e+16
10080.0	1.4367171249999996e+16
10090.0	1.4160362499999996e+16
10100.0	1.5425517499999994e+16
10110.0	1.3377554499999998e+16
10120.0	1.3765302499999996e+16
10130.0	1.4863683999999994e+16
10140.0	1.3099964999999996e+16
10150.0	1.4155196999999994e+16
10160.0	1.3432775499999996e+16
10170.0	1.2306034499999996e+16
10180.0	1.6272444999999998e+16
10190.0	1.3609032499999998e+16
10200.0	1.3006037499999998e+16
10210.0	1.4774338999999998e+16
10220.0	1.4058631999999998e+16
10230.0	1.5130154999999996e+16
10240.0	1.6870682499999998e+16
10250.0	1.5363957499999996e+16
10260.0	1.2323819999999996e+16
10270.0	1.3006593999999996e+16
10280.0	1.3333877499999996e+16
10290.0	1.4710797499999994e+16
10300.0	1.3304772499999998e+16
10310.0	1.577306e+16
10320.0	1.3689617499999996e+16
10330.0	1.489204e+16
10340.0	1.4081689999999996e+16
10350.0	1.5330187499999996e+16
10360.0	1.6307529999999994e+16
10370.0	1.7397129999999996e+16
10380.0	1.6354127499999994e+16
10390.0	1.5452969999999998e+16
10400.0	1.7817597499999996e+16
10410.0	2.0386104999999996e+16
10420.0	1.6030614999999996e+16
10430.0	1.4175097499999996e+16
10440.0	1.6895842499999994e+16
10450.0	1.9103679999999996e+16
10460.0	2.5652849999999996e+16
10470.0	1.4434897499999998e+16
10480.0	1.5448387499999996e+16
10490.0	2.1119999999999996e+16
10500.0	1.984853499999999e+16
10510.0	1.7769407499999996e+16
10520.0	1.5138139999999996e+16
10530.0	2.543727249999999e+16
10540.0	2.1941965e+16
10550.0	2.372094499999999e+16
10560.0	1.7513607499999998e+16
10570.0	1.577439e+16
10580.0	2.2295744999999996e+16
10590.0	2.1123569999999996e+16
10600.0	2.3842834999999996e+16
10610.0	2.019369749999999e+16
10620.0	1.8060254999999996e+16
10630.0	2.2144414999999996e+16
10640.0	2.776067499999999e+16
10650.0	2.6533627499999996e+16
10660.0	2.517037749999999e+16
10670.0	1.7411417499999996e+16
10680.0	2.119329749999999e+16
10690.0	2.943237499999999e+16
10700.0	2.4184559999999996e+16
10710.0	2.241825999999999e+16
10720.0	2.164912499999999e+16
10730.0	2.5724137499999996e+16
10740.0	2.911606749999999e+16
10750.0	3.167083499999999e+16
10760.0	3.604260749999999e+16
10770.0	3.4293499999999984e+16
10780.0	3.4261354999999988e+16
10790.0	4.038542499999999e+16
10800.0	3.971082249999999e+16
10810.0	3.5852412499999984e+16
10820.0	3.942764749999999e+16
10830.0	4.332777249999999e+16
10840.0	4.643451999999999e+16
10850.0	3.643671999999999e+16
10860.0	3.0688117499999996e+16
10870.0	3.717177499999999e+16
10880.0	4.394274999999999e+16
10890.0	3.289413999999999e+16
10900.0	3.887499249999999e+16
10910.0	3.989776749999999e+16
10920.0	3.714556499999999e+16
10930.0	4.275842499999999e+16
10940.0	4.204013999999999e+16
10950.0	4.392894499999998e+16
10960.0	3.930312499999998e+16
10970.0	4.022632249999998e+16
10980.0	3.082783499999999e+16
10990.0	3.5258104999999996e+16
11000.0	3.1221357499999988e+16
11010.0	3.820675249999999e+16
11020.0	3.566057749999999e+16
11030.0	3.093391249999999e+16
11040.0	2.6359789999999996e+16
11050.0	2.764480999999999e+16
11060.0	2.7807664999999996e+16
11070.0	2.4350992499999996e+16
11080.0	2.4187542499999996e+16
11090.0	2.7619199999999996e+16
11100.0	3.0405409999999988e+16
11110.0	2.556729999999999e+16
11120.0	3.5066849999999984e+16
11130.0	3.5715727499999984e+16
11140.0	3.720928249999999e+16
11150.0	3.244727499999999e+16
11160.0	3.4998277499999988e+16
11170.0	3.708213749999999e+16
11180.0	2.828995999999999e+16
11190.0	2.629106749999999e+16
11200.0	3.060409999999999e+16
11210.0	3.3542619999999988e+16
11220.0	3.3040167499999988e+16
11230.0	3.495137e+16
11240.0	3.4959494999999996e+16
11250.0	3.695915999999999e+16
11260.0	3.5599077499999984e+16
11270.0	3.0467242499999984e+16
11280.0	3.491147499999999e+16
11290.0	3.441003249999999e+16
11300.0	4.063017499999999e+16
11310.0	3.721297749999999e+16
11320.0	3.95581975e+16
11330.0	4.121398999999999e+16
11340.0	3.072632249999999e+16
11350.0	2.5465617499999996e+16
11360.0	3.246408249999999e+16
11370.0	3.5075972499999988e+16
11380.0	2.3746804999999996e+16
11390.0	2.817591249999999e+16
11400.0	2.92283425e+16
11410.0	2.3467767499999996e+16
11420.0	3.231752249999999e+16
11430.0	2.942864249999999e+16
11440.0	2.968088749999999e+16
11450.0	3.491842249999999e+16
11460.0	3.356788999999999e+16
11470.0	4.060066749999998e+16
11480.0	3.347279749999999e+16
11490.0	4.126547999999998e+16
11500.0	3.755138999999999e+16
11510.0	3.836829249999998e+16
11520.0	4.057586999999999e+16
11530.0	3.934181749999998e+16
11540.0	3.8416905e+16
11550.0	3.788507249999998e+16
11560.0	4.433664749999999e+16
11570.0	3.624631e+16
11580.0	4.116071999999999e+16
11590.0	4.605887249999998e+16
11600.0	3.5782309999999988e+16
11610.0	3.785831999999999e+16
11620.0	4.255999999999999e+16
11630.0	4.291467749999999e+16
11640.0	3.252980249999999e+16
11650.0	3.802350249999999e+16
11660.0	2.9261809999999996e+16
11670.0	4.243245249999998e+16
11680.0	3.5170527499999988e+16
11690.0	2.1129869999999996e+16
11700.0	2.5013732499999996e+16
11710.0	3.3900159999999996e+16
11720.0	4.156864749999999e+16
11730.0	3.133999999999999e+16
11740.0	3.3322067499999996e+16
11750.0	3.471627249999999e+16
11760.0	3.1738869999999988e+16
11770.0	2.250637199999999e+16
11780.0	1.8368236499999996e+16
11790.0	2.9605264999999996e+16
11800.0	3.31471475e+16
11810.0	3.2881979999999996e+16
11820.0	3.613637749999999e+16
11830.0	4.063889749999999e+16
11840.0	3.732579999999999e+16
11850.0	3.5740432499999988e+16
11860.0	3.471740499999999e+16
11870.0	3.386534999999999e+16
11880.0	4.010506999999999e+16
11890.0	3.4397387499999988e+16
11900.0	4.175557999999999e+16
11910.0	4.077017499999999e+16
11920.0	4.332045499999999e+16
11930.0	4.287467249999999e+16
11940.0	3.614268999999999e+16
11950.0	3.141280249999999e+16
11960.0	3.2777864999999988e+16
11970.0	2.9470597499999988e+16
11980.0	2.427225749999999e+16
11990.0	2.8425175e+16
12000.0	2.6169357499999996e+16
12010.0	2.7359177499999996e+16
12020.0	2.733414749999999e+16
12030.0	2.9493464999999996e+16
12040.0	3.2971332499999996e+16
12050.0	3.3839345e+16
12060.0	3.886428249999998e+16
12070.0	3.1807542499999996e+16
12080.0	4.079462499999999e+16
12090.0	3.140583749999999e+16
12100.0	3.789183749999999e+16
12110.0	2.893806249999999e+16
12120.0	3.3813207499999996e+16
12130.0	3.665138249999999e+16
12140.0	3.321564999999999e+16
12150.0	3.854943749999999e+16
12160.0	3.920470249999999e+16
12170.0	4.040589999999999e+16
12180.0	3.841057999999999e+16
12190.0	4.324852249999999e+16
12200.0	3.632017249999999e+16
12210.0	3.4209284999999996e+16
12220.0	3.442833499999999e+16
12230.0	3.5428097499999988e+16
12240.0	3.651698499999999e+16
12250.0	4.401325749999998e+16
12260.0	4.195319999999998e+16
12270.0	4.016373249999999e+16
12280.0	4.178045499999999e+16
12290.0	4.184701749999999e+16
12300.0	3.891656249999999e+16
12310.0	4.248653749999999e+16
12320.0	3.775550749999999e+16
12330.0	3.698390999999998e+16
12340.0	4.2945504999999976e+16
12350.0	3.3820805e+16
12360.0	3.665982999999999e+16
12370.0	4.152871749999999e+16
12380.0	3.69347425e+16
12390.0	3.5881644999999996e+16
12400.0	3.485995499999999e+16
12410.0	2.652814499999999e+16
12420.0	2.9443994999999996e+16
12430.0	2.7825174999999988e+16
12440.0	2.455848999999999e+16
12450.0	3.5399237499999996e+16
12460.0	3.941406999999999e+16
12470.0	3.5525459999999996e+16
12480.0	3.4663629999999988e+16
12490.0	3.5169752499999988e+16
12500.0	3.0903004999999988e+16
12510.0	3.802158249999998e+16
12520.0	2.5976472499999988e+16
12530.0	2.728042499999999e+16
12540.0	3.5644019999999996e+16
12550.0	3.506524999999999e+16
12560.0	4.021347749999998e+16
12570.0	4.599995999999999e+16
12580.0	3.687300999999998e+16
12590.0	3.901338749999998e+16
12600.0	3.850705249999999e+16
12610.0	4.886427249999999e+16
12620.0	3.810504999999998e+16
12630.0	3.89219e+16
12640.0	3.046110249999999e+16
12650.0	3.662975999999999e+16
12660.0	4.171792249999999e+16
12670.0	4.361572499999998e+16
12680.0	4.116489249999999e+16
12690.0	4.380176249999998e+16
12700.0	4.350915e+16
12710.0	4.159045249999999e+16
12720.0	4.551578499999998e+16
12730.0	4.889806999999998e+16
12740.0	4.09450625e+16
12750.0	3.877675749999999e+16
12760.0	4.35401825e+16
12770.0	4.158437749999999e+16
12780.0	4.524886749999999e+16
12790.0	4.446254249999998e+16
12800.0	4.227773999999999e+16
12810.0	4.031147749999999e+16
12820.0	4.525539499999999e+16
12830.0	4.097459249999999e+16
12840.0	4.332002999999998e+16
12850.0	4.349166249999998e+16
12860.0	3.699663249999999e+16
12870.0	4.306910249999998e+16
12880.0	4.196839499999999e+16
12890.0	4.094884999999999e+16
12900.0	3.5369477499999984e+16
12910.0	3.97858425e+16
12920.0	3.869909999999999e+16
12930.0	3.890650499999998e+16
12940.0	4.432196249999999e+16
12950.0	3.871036499999999e+16
12960.0	4.335661249999999e+16
12970.0	4.798650499999998e+16
12980.0	4.643759749999998e+16
12990.0	4.173399749999999e+16
13000.0	4.57248225e+16
13010.0	4.410731749999999e+16
13020.0	4.518932499999998e+16
13030.0	3.995977499999999e+16
13040.0	4.903630249999998e+16
13050.0	4.152265999999998e+16
13060.0	5.278075249999999e+16
13070.0	4.039126249999998e+16
13080.0	4.894235249999999e+16
13090.0	4.419029249999998e+16
13100.0	4.673110999999999e+16
13110.0	5.240416999999999e+16
13120.0	4.907935999999999e+16
13130.0	4.171325499999999e+16
13140.0	4.567875999999998e+16
13150.0	4.516507999999999e+16
13160.0	4.151936249999999e+16
13170.0	3.918886249999999e+16
13180.0	4.770970999999998e+16
13190.0	4.857546749999998e+16
13200.0	4.166217749999998e+16
13210.0	5.121170999999998e+16
13220.0	3.966439749999999e+16
13230.0	4.225587749999999e+16
13240.0	4.186861999999999e+16
13250.0	3.695532999999999e+16
13260.0	4.237002999999999e+16
13270.0	3.4061937499999984e+16
13280.0	3.6651295e+16
13290.0	4.008528249999998e+16
13300.0	3.898569249999999e+16
13310.0	3.5757572499999988e+16
13320.0	2.667116749999999e+16
13330.0	2.5749457499999996e+16
13340.0	3.0925409999999996e+16
13350.0	1.5091143999999996e+16
13360.0	2.398769499999999e+16
13370.0	1.8526115499999996e+16
13380.0	1.878416999999999e+16
13390.0	1.962765574999999e+16
13400.0	2.4128829749999996e+16
13410.0	2.3959222499999996e+16
13420.0	2.0450657499999996e+16
13430.0	2.058762249999999e+16
13440.0	2.064845499999999e+16
13450.0	1.9447083499999996e+16
13460.0	2.5221470249999996e+16
13470.0	1.7793034249999996e+16
13480.0	2.1318958499999996e+16
13490.0	2.0847415499999996e+16
13500.0	1.9335246499999996e+16
13510.0	2.2493871999999996e+16
13520.0	1.4677881499999996e+16
13530.0	2.6014729999999996e+16
13540.0	1.7063984999999996e+16
13550.0	1.5625170499999994e+16
13560.0	2.0802502999999996e+16
13570.0	2.1760092499999996e+16
13580.0	2.147357249999999e+16
13590.0	1.6484214499999998e+16
13600.0	2.294364749999999e+16
13610.0	2.2356512499999996e+16
13620.0	1.7241352499999994e+16
13630.0	1.797006499999999e+16
13640.0	2.0790811e+16
13650.0	2.032606249999999e+16
13660.0	2.0805014999999996e+16
13670.0	2.0873825e+16
13680.0	2.0275396249999996e+16
13690.0	1.9723152749999996e+16
13700.0	2.0257727999999996e+16
13710.0	2.066911999999999e+16
13720.0	2.1980454999999996e+16
13730.0	2.477052e+16
13740.0	1.880257699999999e+16
13750.0	1.9014444999999996e+16
13760.0	2.0623709999999996e+16
13770.0	2.399926249999999e+16
13780.0	2.546533999999999e+16
13790.0	2.516077249999999e+16
13800.0	2.616989249999999e+16
13810.0	2.043128749999999e+16
13820.0	2.6714634999999996e+16
13830.0	1.947333249999999e+16
13840.0	2.5398372499999996e+16
13850.0	2.493393749999999e+16
13860.0	2.1297069999999996e+16
13870.0	2.310503749999999e+16
13880.0	2.1622307499999996e+16
13890.0	2.0692137499999996e+16
13900.0	2.0917404499999996e+16
13910.0	1.8853072499999996e+16
13920.0	2.2060452499999996e+16
13930.0	2.0369413999999996e+16
13940.0	2.190464499999999e+16
13950.0	1.67202405e+16
13960.0	2.091826574999999e+16
13970.0	1.8874797749999996e+16
13980.0	2.1729554999999996e+16
13990.0	2.299300499999999e+16
14000.0	1.844733249999999e+16
14010.0	2.0049409999999996e+16
14020.0	2.2213567499999996e+16
14030.0	2.0736384999999996e+16
14040.0	1.5581993499999998e+16
14050.0	1.6148874499999998e+16
14060.0	2.438502499999999e+16
14070.0	1.9562989999999996e+16
14080.0	1.6300639999999996e+16
14090.0	2.060246749999999e+16
14100.0	1.9774477499999996e+16
14110.0	2.2229602499999996e+16
14120.0	1.93295075e+16
14130.0	2.3602024999999996e+16
14140.0	2.193587474999999e+16
14150.0	1.888836075e+16
14160.0	1.8045359999999996e+16
14170.0	2.1432494999999996e+16
14180.0	1.4365723499999994e+16
14190.0	1.7825494999999998e+16
14200.0	1.7162558749999996e+16
14210.0	1.971804974999999e+16
14220.0	1.7611892499999994e+16
14230.0	1.9258117499999996e+16
14240.0	1.6099056499999996e+16
14250.0	1.8228454999999996e+16
14260.0	1.4732307499999996e+16
14270.0	1.834886499999999e+16
14280.0	1.88424905e+16
14290.0	1.5355271499999998e+16
14300.0	2.1074674999999996e+16
14310.0	1.9729154999999996e+16
14320.0	2.067076749999999e+16
14330.0	2.0052569999999996e+16
14340.0	1.978994999999999e+16
14350.0	2.285604749999999e+16
14360.0	1.9638512499999996e+16
14370.0	2.0012425e+16
14380.0	1.8353848e+16
14390.0	1.8695358249999996e+16
14400.0	1.9375374749999996e+16
14410.0	1.866533249999999e+16
14420.0	1.7830414999999992e+16
14430.0	2.224689249999999e+16
14440.0	2.0221912499999996e+16
14450.0	1.857550549999999e+16
14460.0	2.090796649999999e+16
14470.0	1.9754827499999996e+16
14480.0	1.9846419999999996e+16
14490.0	2.249891999999999e+16
14500.0	2.197442499999999e+16
14510.0	1.6120042499999998e+16
14520.0	2.3718992499999996e+16
14530.0	2.066332499999999e+16
14540.0	1.866929499999999e+16
14550.0	2.1424287999999996e+16
14560.0	1.9657739999999996e+16
14570.0	2.0093507499999996e+16
14580.0	2.3788977499999996e+16
14590.0	2.256948999999999e+16
14600.0	2.281985499999999e+16
14610.0	2.3350669999999996e+16
14620.0	1.9977742499999996e+16
14630.0	1.749225249999999e+16
14640.0	2.2665464999999996e+16
14650.0	2.0960084999999996e+16
14660.0	2.158645499999999e+16
14670.0	2.230146999999999e+16
14680.0	1.9134704999999996e+16
14690.0	1.7985904999999998e+16
14700.0	2.3103482499999996e+16
14710.0	2.1483812499999996e+16
14720.0	2.352229499999999e+16
14730.0	2.1776747499999996e+16
14740.0	1.930376999999999e+16
14750.0	2.0338304999999996e+16
14760.0	2.1068134999999996e+16
14770.0	2.245136499999999e+16
14780.0	2.1672792499999996e+16
14790.0	2.2343852499999996e+16
14800.0	2.1992017499999996e+16
14810.0	2.336639749999999e+16
14820.0	2.019048e+16
14830.0	2.1314202499999996e+16
14840.0	2.51731375e+16
14850.0	2.1026092499999996e+16
14860.0	2.0738797499999996e+16
14870.0	2.388082999999999e+16
14880.0	1.980103749999999e+16
14890.0	2.2017527499999996e+16
14900.0	2.1261134999999996e+16
14910.0	2.356163249999999e+16
14920.0	2.219353249999999e+16
14930.0	2.236858499999999e+16
14940.0	2.139838749999999e+16
14950.0	2.4260294999999996e+16
14960.0	2.0700169999999996e+16
14970.0	2.463197249999999e+16
14980.0	1.99115e+16
14990.0	2.547536249999999e+16
15000.0	2.225376499999999e+16
15010.0	2.204402999999999e+16
15020.0	2.0297747499999996e+16
15030.0	2.464443999999999e+16
15040.0	2.207809749999999e+16
15050.0	2.375600749999999e+16
15060.0	2.3464139999999996e+16
15070.0	2.2268017499999996e+16
15080.0	2.325967249999999e+16
15090.0	2.4123474999999996e+16
15100.0	2.3192117499999996e+16
15110.0	2.353662749999999e+16
15120.0	2.473947499999999e+16
15130.0	2.260020749999999e+16
15140.0	2.240127999999999e+16
15150.0	2.64466225e+16
15160.0	2.492964749999999e+16
15170.0	2.3047784999999996e+16
15180.0	2.4524767499999996e+16
15190.0	2.5962569999999988e+16
15200.0	2.368064749999999e+16
15210.0	2.741231749999999e+16
15220.0	2.423867999999999e+16
15230.0	2.768317249999999e+16
15240.0	2.485789249999999e+16
15250.0	2.386072e+16
15260.0	2.4413797499999996e+16
15270.0	2.332806749999999e+16
15280.0	2.3413859999999996e+16
15290.0	2.497165999999999e+16
15300.0	2.290586249999999e+16
15310.0	2.5002804999999996e+16
15320.0	2.204079499999999e+16
15330.0	2.565208249999999e+16
15340.0	2.7485597499999996e+16
15350.0	2.482299499999999e+16
15360.0	2.518582999999999e+16
15370.0	2.563221999999999e+16
15380.0	2.5665402499999996e+16
15390.0	2.733131249999999e+16
15400.0	2.4157072499999996e+16
15410.0	2.5378692499999996e+16
15420.0	2.740985999999999e+16
15430.0	2.5704047499999996e+16
15440.0	2.3640949999999996e+16
15450.0	2.580994249999999e+16
15460.0	2.7050447499999996e+16
15470.0	2.569045999999999e+16
15480.0	2.563155249999999e+16
15490.0	2.486011249999999e+16
15500.0	2.775924999999999e+16
15510.0	2.534331999999999e+16
15520.0	2.749650749999999e+16
15530.0	2.603211999999999e+16
15540.0	2.803731249999999e+16
15550.0	2.7616032499999988e+16
15560.0	2.6853975e+16
15570.0	2.6557764999999988e+16
15580.0	2.5122719999999996e+16
15590.0	2.759369999999999e+16
15600.0	2.738572999999999e+16
15610.0	2.7060409999999988e+16
15620.0	2.8328064999999988e+16
15630.0	2.881458499999999e+16
15640.0	2.925586249999999e+16
15650.0	2.694316249999999e+16
15660.0	2.6567364999999996e+16
15670.0	2.9901962499999996e+16
15680.0	2.907946749999999e+16
15690.0	2.8208407499999996e+16
15700.0	2.8716672499999988e+16
15710.0	2.84553925e+16
15720.0	2.6263264999999996e+16
15730.0	2.800262249999999e+16
15740.0	2.9864024999999996e+16
15750.0	2.7429377499999996e+16
15760.0	2.940232999999999e+16
15770.0	3.112510499999999e+16
15780.0	3.0931789999999988e+16
15790.0	3.021769749999999e+16
15800.0	2.9352354999999984e+16
15810.0	3.0288932499999996e+16
15820.0	2.922068499999999e+16
15830.0	2.961247749999999e+16
15840.0	2.8506014999999996e+16
15850.0	2.8828059999999996e+16
15860.0	3.0203514999999996e+16
15870.0	3.0771249999999984e+16
15880.0	3.099617999999999e+16
15890.0	3.204889499999999e+16
15900.0	2.982243749999999e+16
15910.0	3.201015499999999e+16
15920.0	3.130080249999999e+16
15930.0	3.063286749999999e+16
15940.0	3.160079999999999e+16
15950.0	3.249933499999999e+16
15960.0	3.3030864999999996e+16
15970.0	3.2690434999999988e+16
15980.0	3.066800999999999e+16
15990.0	3.0857952499999996e+16
16000.0	3.275592749999999e+16
16010.0	3.038644749999999e+16
16020.0	3.1047129999999988e+16
16030.0	3.381242249999999e+16
16040.0	3.2704762499999984e+16
16050.0	3.045399999999999e+16
16060.0	3.1811942499999996e+16
16070.0	3.187004999999999e+16
16080.0	3.175078749999999e+16
16090.0	3.405163999999999e+16
16100.0	3.1458814999999996e+16
16110.0	3.2262567499999988e+16
16120.0	3.3018354999999988e+16
16130.0	3.424895249999999e+16
16140.0	3.224316499999999e+16
16150.0	3.3035862499999996e+16
16160.0	3.127115749999999e+16
16170.0	3.29451175e+16
16180.0	3.5188914999999984e+16
16190.0	3.185642499999999e+16
16200.0	3.1766107499999988e+16
16210.0	3.3200949999999988e+16
16220.0	3.313971749999999e+16
16230.0	3.240267749999999e+16
16240.0	3.2897784999999988e+16
16250.0	3.184369499999999e+16
16260.0	3.374996e+16
16270.0	3.4573682499999996e+16
16280.0	3.505220999999999e+16
16290.0	3.2172559999999988e+16
16300.0	3.4864097499999988e+16
16310.0	3.2513282499999984e+16
16320.0	3.2812454999999988e+16
16330.0	3.4238089999999988e+16
16340.0	3.3362394999999996e+16
16350.0	3.222674249999999e+16
16360.0	3.457671749999999e+16
16370.0	3.40984925e+16
16380.0	3.4574757499999984e+16
16390.0	3.4577534999999996e+16
16400.0	3.591473499999999e+16
16410.0	3.210353749999999e+16
16420.0	3.138979999999999e+16
16430.0	3.252502499999999e+16
16440.0	3.4946269999999988e+16
16450.0	3.503006499999999e+16
16460.0	3.5357262499999996e+16
16470.0	3.4341804999999984e+16
16480.0	3.485329749999999e+16
16490.0	3.603537499999999e+16
16500.0	3.616587749999998e+16
16510.0	3.5855722499999988e+16
16520.0	3.371232749999999e+16
16530.0	3.366294499999999e+16
16540.0	3.662442999999999e+16
16550.0	3.3974994999999996e+16
16560.0	3.658466249999999e+16
16570.0	3.682919749999998e+16
16580.0	3.536320499999999e+16
16590.0	3.416157999999999e+16
16600.0	3.5998907499999984e+16
16610.0	3.4002229999999988e+16
16620.0	3.2978317499999988e+16
16630.0	3.565181999999999e+16
16640.0	3.3818182499999996e+16
16650.0	3.579957749999999e+16
16660.0	3.689873999999999e+16
16670.0	3.5072819999999984e+16
16680.0	3.512939249999999e+16
16690.0	3.504487499999999e+16
16700.0	3.5357559999999988e+16
16710.0	3.5097574999999988e+16
16720.0	3.498447749999999e+16
16730.0	3.711046499999999e+16
16740.0	3.683855499999999e+16
16750.0	3.532180749999999e+16
16760.0	3.628813249999998e+16
16770.0	3.414427499999999e+16
16780.0	3.5932222499999996e+16
16790.0	3.5596817499999996e+16
16800.0	3.4809147499999996e+16
16810.0	3.5909059999999996e+16
16820.0	3.633422999999998e+16
16830.0	3.5959147499999996e+16
16840.0	3.461318749999999e+16
16850.0	3.5112684999999988e+16
16860.0	3.732831999999998e+16
16870.0	3.591782749999999e+16
16880.0	3.5495729999999996e+16
16890.0	3.5507775e+16
16900.0	3.685554499999999e+16
16910.0	3.627811249999999e+16
16920.0	3.4147824999999988e+16
16930.0	3.4699574999999988e+16
16940.0	3.638736999999999e+16
16950.0	3.4666729999999988e+16
16960.0	3.3717869999999996e+16
16970.0	3.2222629999999988e+16
16980.0	3.3864052499999996e+16
16990.0	3.263506249999999e+16
17000.0	3.220782499999999e+16
17010.0	3.0383964999999988e+16
17020.0	3.4902192499999988e+16
17030.0	3.289148249999999e+16
17040.0	3.2126184999999996e+16
17050.0	3.157909249999999e+16
17060.0	3.4289597499999988e+16
17070.0	3.2145922499999996e+16
17080.0	3.1155119999999988e+16
17090.0	2.9803627499999996e+16
17100.0	3.4340664999999984e+16
17110.0	2.9691977499999988e+16
17120.0	3.082613749999999e+16
17130.0	3.0705984999999996e+16
17140.0	2.9428807499999996e+16
17150.0	2.93868925e+16
17160.0	2.9552857499999996e+16
17170.0	3.1088682499999988e+16
17180.0	2.7566877499999996e+16
17190.0	2.5015574999999996e+16
17200.0	2.947923999999999e+16
17210.0	2.94752175e+16
17220.0	3.0167377499999996e+16
17230.0	2.764789749999999e+16
17240.0	2.7001544999999996e+16
17250.0	2.9875399999999996e+16
17260.0	2.802088749999999e+16
17270.0	2.2899942499999996e+16
17280.0	2.6553255e+16
17290.0	2.466284999999999e+16
17300.0	2.6710919999999996e+16
17310.0	2.6759935e+16
17320.0	2.537311499999999e+16
17330.0	2.661160499999999e+16
17340.0	2.733885999999999e+16
17350.0	2.280959e+16
17360.0	2.371651749999999e+16
17370.0	2.056553749999999e+16
17380.0	2.7937534999999988e+16
17390.0	2.6701732499999988e+16
17400.0	2.526855249999999e+16
17410.0	2.1676087499999996e+16
17420.0	2.2402749999999996e+16
17430.0	2.4351027499999996e+16
17440.0	2.356742499999999e+16
17450.0	2.3600684999999996e+16
17460.0	2.4226937499999996e+16
17470.0	2.4757322499999996e+16
17480.0	2.395758999999999e+16
17490.0	2.5125259999999996e+16
17500.0	2.6341682499999996e+16
17510.0	2.427909249999999e+16
17520.0	2.28827625e+16
17530.0	2.2673867499999996e+16
17540.0	2.2611552499999996e+16
17550.0	2.3574479999999996e+16
17560.0	2.1623649999999996e+16
17570.0	2.389823999999999e+16
17580.0	2.104864249999999e+16
17590.0	2.1730587499999996e+16
17600.0	2.442115499999999e+16
17610.0	2.2967069999999996e+16
17620.0	2.3269309999999996e+16
17630.0	1.923345499999999e+16
17640.0	2.4058294999999996e+16
17650.0	2.3060572499999996e+16
17660.0	2.607181999999999e+16
17670.0	2.1326854999999996e+16
17680.0	1.4778230999999992e+16
17690.0	2.0574854999999996e+16
17700.0	2.3439309999999996e+16
17710.0	2.3049282499999996e+16
17720.0	1.8908997749999996e+16
17730.0	1.889282324999999e+16
17740.0	2.4168502499999996e+16
17750.0	2.081130249999999e+16
17760.0	1.6797354499999994e+16
17770.0	2.1717982499999996e+16
17780.0	2.178814249999999e+16
17790.0	2.105534249999999e+16
17800.0	2.0553327499999996e+16
17810.0	1.8438423499999996e+16
17820.0	2.239684999999999e+16
17830.0	1.8634742499999996e+16
17840.0	2.3962859999999996e+16
17850.0	1.9888462499999996e+16
17860.0	2.059500499999999e+16
17870.0	2.044241249999999e+16
17880.0	1.895729749999999e+16
17890.0	1.9048378499999996e+16
17900.0	2.161360749999999e+16
17910.0	1.4896777249999996e+16
17920.0	1.7775821749999992e+16
17930.0	1.9686179999999996e+16
17940.0	1.8467899999999996e+16
17950.0	1.8650605e+16
17960.0	1.6942784499999998e+16
17970.0	1.9725019999999996e+16
17980.0	2.090649499999999e+16
17990.0	2.011480999999999e+16
18000.0	1.4606969499999998e+16
18010.0	1.3638065499999998e+16
18020.0	1.8431304999999996e+16
18030.0	1.9159069999999996e+16
18040.0	2.1894307499999996e+16
18050.0	2.1166972499999996e+16
18060.0	1.6172237499999994e+16
18070.0	1.6176293749999996e+16
18080.0	1.5274444249999994e+16
18090.0	1.4590361499999996e+16
18100.0	1.9305909999999996e+16
18110.0	1.3378851499999998e+16
18120.0	1.898466249999999e+16
18130.0	1.9566432499999996e+16
18140.0	2.1574512499999996e+16
18150.0	1.8894927e+16
18160.0	1.7954110499999994e+16
18170.0	1.5965180999999996e+16
18180.0	1.9357794999999996e+16
18190.0	1.8072244999999996e+16
18200.0	1.8359897499999996e+16
18210.0	1.5281844499999998e+16
18220.0	1.6101322499999996e+16
18230.0	2.101400249999999e+16
18240.0	2.340087249999999e+16
18250.0	1.8749762499999996e+16
18260.0	1.6025684749999992e+16
18270.0	1.7065104249999996e+16
18280.0	1.7235559499999996e+16
18290.0	1.8633180999999996e+16
18300.0	1.926933749999999e+16
18310.0	1.7715928999999996e+16
18320.0	1.9930709999999996e+16
18330.0	1.7825419999999994e+16
18340.0	2.080000999999999e+16
18350.0	1.84201675e+16
18360.0	2.0728589999999996e+16
18370.0	2.1468899999999996e+16
18380.0	1.828383249999999e+16
18390.0	1.7011317499999994e+16
18400.0	1.81587975e+16
18410.0	1.9554851249999996e+16
18420.0	1.5650073749999996e+16
18430.0	1.94672025e+16
18440.0	1.7874132499999996e+16
18450.0	1.6358522499999994e+16
18460.0	1.5806347499999996e+16
18470.0	1.3088972999999996e+16
18480.0	1.6138118999999994e+16
18490.0	1.6776825e+16
18500.0	1.7699372499999996e+16
18510.0	1.9026752499999996e+16
18520.0	1.6357004249999994e+16
18530.0	1.7889899249999998e+16
18540.0	1.8217319999999996e+16
18550.0	1.7102865999999998e+16
18560.0	1.5394799499999996e+16
18570.0	1.3401586499999996e+16
18580.0	1.5661759999999994e+16
18590.0	1.6641506249999994e+16
18600.0	1.2079598499999998e+16
18610.0	1.8134499249999996e+16
18620.0	1.6907081999999998e+16
18630.0	1.5216369999999998e+16
18640.0	1.5317063499999994e+16
18650.0	1.6301472499999996e+16
18660.0	1.9800619999999996e+16
18670.0	1.7611772499999994e+16
18680.0	1.1105597999999996e+16
18690.0	1.8857202499999996e+16
18700.0	1.7159359999999996e+16
18710.0	1.8980867499999996e+16
18720.0	1.6124976999999996e+16
18730.0	1.4470287999999996e+16
18740.0	1.69412965e+16
18750.0	1.3939822499999994e+16
18760.0	1.84949555e+16
18770.0	1.8574529999999996e+16
18780.0	1.7823057499999994e+16
18790.0	1.4805402499999996e+16
18800.0	1.7970529999999994e+16
18810.0	1.6017542499999996e+16
18820.0	1.9011087499999996e+16
18830.0	1.963495499999999e+16
18840.0	1.7528712499999998e+16
18850.0	1.3688771499999994e+16
18860.0	1.7760129999999994e+16
18870.0	1.7162244999999998e+16
18880.0	1.869503249999999e+16
18890.0	1.7628269999999996e+16
18900.0	1.9456969999999996e+16
18910.0	2.0248212499999996e+16
18920.0	1.6048459999999998e+16
18930.0	1.7080214999999992e+16
18940.0	1.8849799999999996e+16
18950.0	1.923594249999999e+16
18960.0	1.7430051999999996e+16
18970.0	1.875791e+16
18980.0	1.6732107499999998e+16
18990.0	1.9764334999999996e+16
19000.0	1.7711714249999992e+16
19010.0	1.5174422249999996e+16
19020.0	1.7880214999999996e+16
19030.0	1.7624702499999992e+16
19040.0	1.8711837499999996e+16
19050.0	1.8784604999999996e+16
19060.0	1.850223749999999e+16
19070.0	1.6943267499999998e+16
19080.0	2.0702032499999996e+16
19090.0	1.8625477499999996e+16
19100.0	1.992599199999999e+16
19110.0	1.3850064999999996e+16
19120.0	1.8893320499999996e+16
19130.0	1.9566107499999996e+16
19140.0	1.7751274999999998e+16
19150.0	2.107910749999999e+16
19160.0	1.6812434999999998e+16
19170.0	1.8500527499999996e+16
19180.0	1.9452199999999996e+16
19190.0	2.1105602499999996e+16
19200.0	1.4483165999999998e+16
19210.0	1.6018303499999996e+16
19220.0	1.7756324499999994e+16
19230.0	1.7215673999999998e+16
19240.0	1.5833532499999998e+16
19250.0	1.9666882499999996e+16
19260.0	1.81635575e+16
19270.0	1.6688568999999996e+16
19280.0	2.1048562499999996e+16
19290.0	1.924583249999999e+16
19300.0	1.9847325e+16
19310.0	1.4670122499999994e+16
19320.0	1.7926354999999998e+16
19330.0	1.7186654999999998e+16
19340.0	1.68564175e+16
19350.0	1.9168564999999996e+16
19360.0	1.7425467499999998e+16
19370.0	1.9077465e+16
19380.0	1.5113205999999996e+16
19390.0	1.6881154999999994e+16
19400.0	1.6027076499999998e+16
19410.0	1.7169804499999994e+16
19420.0	1.7596056499999994e+16
19430.0	1.5742408249999998e+16
19440.0	1.6585307749999996e+16
19450.0	1.3331470249999998e+16
19460.0	1.4341470749999996e+16
19470.0	1.8506439999999996e+16
19480.0	1.5063372499999998e+16
19490.0	1.4900181749999994e+16
19500.0	1.7492409749999994e+16
19510.0	1.7557502499999998e+16
19520.0	1.8012627499999994e+16
19530.0	1.5347749999999992e+16
19540.0	1.84543725e+16
19550.0	1.4244429999999998e+16
19560.0	1.1683819999999996e+16
19570.0	1.7199087499999998e+16
19580.0	1.8119107499999996e+16
19590.0	1.7601712999999996e+16
19600.0	1.0729049999999996e+16
19610.0	1.5783477499999996e+16
19620.0	1.7461942499999996e+16
19630.0	1.7841009999999998e+16
19640.0	1.7664612499999994e+16
19650.0	1.8235949999999996e+16
19660.0	1.8831242499999996e+16
19670.0	1.9512062499999996e+16
19680.0	1.7129964999999992e+16
19690.0	1.6510260499999996e+16
19700.0	1.6281574749999996e+16
19710.0	1.770699725e+16
19720.0	1.8902352499999996e+16
19730.0	1.8680892499999996e+16
19740.0	1.4536968499999996e+16
19750.0	1.8098109999999996e+16
19760.0	1.3572594999999998e+16
19770.0	1.7801422499999996e+16
19780.0	1.6366604999999996e+16
19790.0	1.7455312499999996e+16
19800.0	1.6833894999999996e+16
19810.0	1.7475144999999992e+16
19820.0	1.6429189999999998e+16
19830.0	1.8254337499999996e+16
19840.0	1.7483994999999998e+16
19850.0	1.5846422499999996e+16
19860.0	1.7358107499999998e+16
19870.0	1.7695189999999998e+16
19880.0	1.5266866999999994e+16
19890.0	1.7531898499999998e+16
19900.0	1.5321086999999996e+16
19910.0	1.4779886999999996e+16
19920.0	1.4805666499999998e+16
19930.0	1.7972597499999992e+16
19940.0	1.91347725e+16
19950.0	1.6269289999999998e+16
19960.0	1.7321102499999996e+16
19970.0	1.6818832499999996e+16
19980.0	1.6370734999999992e+16
19990.0	1.7334452499999998e+16
20000.0	1.5241885499999996e+16
20010.0	1.4713884999999996e+16
20020.0	1.7191229999999996e+16
20030.0	1.6497201499999998e+16
20040.0	1.7628596999999998e+16
20050.0	1.692062749999999e+16
20060.0	1.6758048749999998e+16
20070.0	1.5662123749999996e+16
20080.0	2.0091269999999996e+16
20090.0	1.5469464999999998e+16
20100.0	1.8302794999999996e+16
20110.0	1.7233487499999996e+16
20120.0	1.7509697499999998e+16
20130.0	1.7914179999999996e+16
20140.0	1.6374492499999994e+16
20150.0	1.7509344999999994e+16
20160.0	1.6353722499999994e+16
20170.0	1.7081307499999998e+16
20180.0	1.8053855e+16
20190.0	1.7483812499999996e+16
20200.0	1.5586322499999994e+16
20210.0	1.8037974999999996e+16
20220.0	1.7877447499999998e+16
20230.0	1.7948812499999992e+16
20240.0	2.0257634999999996e+16
20250.0	1.8287789999999996e+16
20260.0	1.5065099999999996e+16
20270.0	1.5527434999999998e+16
20280.0	1.7766767499999998e+16
20290.0	1.6008589249999996e+16
20300.0	1.7459838499999994e+16
20310.0	1.4391555249999998e+16
20320.0	1.8920589999999996e+16
20330.0	1.808185749999999e+16
20340.0	1.6909254999999994e+16
20350.0	1.8542417499999996e+16
20360.0	1.5877394999999994e+16
20370.0	1.97850475e+16
20380.0	1.8009554999999996e+16
20390.0	1.7092334999999994e+16
20400.0	1.7093059999999998e+16
20410.0	1.5978922999999996e+16
20420.0	1.8797018999999996e+16
20430.0	1.9550177499999996e+16
20440.0	1.5880614999999996e+16
20450.0	1.7136119999999998e+16
20460.0	1.8868064999999996e+16
20470.0	1.7572312499999996e+16
20480.0	1.8255382499999996e+16
20490.0	1.6311587499999996e+16
20500.0	1.7713594999999996e+16
20510.0	2.005088749999999e+16
20520.0	1.8331617499999996e+16
20530.0	1.7643977499999996e+16
20540.0	1.8381599999999996e+16
20550.0	1.7216374999999996e+16
20560.0	1.6716457499999996e+16
20570.0	1.8964687499999996e+16
20580.0	2.0110937499999996e+16
20590.0	1.8138149999999996e+16
20600.0	1.9571257499999996e+16
20610.0	1.6751684999999994e+16
20620.0	1.8401482499999996e+16
20630.0	1.8525969999999996e+16
20640.0	1.6507884999999998e+16
20650.0	1.8302194999999996e+16
20660.0	1.8387717499999996e+16
20670.0	1.879272499999999e+16
20680.0	1.8433014999999996e+16
20690.0	1.8140914999999996e+16
20700.0	1.9353174999999996e+16
20710.0	1.967167749999999e+16
20720.0	1.8307477499999996e+16
20730.0	1.8776465e+16
20740.0	1.7994302499999994e+16
20750.0	1.8966557499999996e+16
20760.0	1.9052199999999996e+16
20770.0	1.8140194999999996e+16
20780.0	1.8384757499999996e+16
20790.0	1.9128102499999996e+16
20800.0	1.8568142499999996e+16
20810.0	1.7600159999999992e+16
20820.0	1.8797782499999996e+16
20830.0	1.840396999999999e+16
20840.0	1.9342762499999996e+16
20850.0	1.8679174999999996e+16
20860.0	1.9466364999999996e+16
20870.0	1.75800275e+16
20880.0	1.9886807499999996e+16
20890.0	1.8909484999999996e+16
20900.0	1.8453674999999996e+16
20910.0	1.986959749999999e+16
20920.0	1.910020499999999e+16
20930.0	1.9953457499999996e+16
20940.0	1.8152857499999996e+16
20950.0	1.8807852499999996e+16
20960.0	1.956381749999999e+16
20970.0	1.8427117499999996e+16
20980.0	2.0796949999999996e+16
20990.0	1.943263499999999e+16
21000.0	1.902086499999999e+16
21010.0	1.962550249999999e+16
21020.0	1.9240617499999996e+16
21030.0	1.8267874999999996e+16
21040.0	1.9703099999999996e+16
21050.0	1.9223387499999996e+16
21060.0	1.9540077499999996e+16
21070.0	1.95072925e+16
21080.0	1.966911499999999e+16
21090.0	1.8614229999999996e+16
21100.0	1.9808287499999996e+16
21110.0	2.0850952499999996e+16
21120.0	1.884271999999999e+16
21130.0	1.8808229999999996e+16
21140.0	1.9514834999999996e+16
21150.0	1.9222675e+16
21160.0	1.9121592499999996e+16
21170.0	1.9629964999999996e+16
21180.0	1.9724184999999996e+16
21190.0	1.88077025e+16
21200.0	1.996032e+16
21210.0	1.9408492499999996e+16
21220.0	1.869233249999999e+16
21230.0	2.0682487499999996e+16
21240.0	1.9745747499999988e+16
21250.0	1.912243749999999e+16
21260.0	2.01455425e+16
21270.0	1.9962784999999996e+16
21280.0	1.9714082499999996e+16
21290.0	1.9018644999999996e+16
21300.0	2.006475499999999e+16
21310.0	1.954872499999999e+16
21320.0	2.023334999999999e+16
21330.0	1.9686494999999996e+16
21340.0	2.0379619999999996e+16
21350.0	2.05249525e+16
21360.0	1.956298e+16
21370.0	1.9328727499999996e+16
21380.0	1.944679749999999e+16
21390.0	1.9936687499999996e+16
21400.0	1.9283344999999996e+16
21410.0	2.015467e+16
21420.0	2.0010112499999996e+16
21430.0	1.89593275e+16
21440.0	2.0157732499999996e+16
21450.0	2.0074982499999996e+16
21460.0	1.9840244999999996e+16
21470.0	1.9781149999999996e+16
21480.0	1.9347192499999996e+16
21490.0	1.9083019999999996e+16
21500.0	1.89197175e+16
21510.0	2.028563499999999e+16
21520.0	2.0050289999999996e+16
21530.0	1.930557749999999e+16
21540.0	1.9819114999999996e+16
21550.0	2.0500872499999996e+16
21560.0	1.9374094999999996e+16
21570.0	2.0156787499999996e+16
21580.0	1.94138625e+16
21590.0	1.9503612499999996e+16
21600.0	2.037661e+16
21610.0	2.045797249999999e+16
21620.0	1.982953499999999e+16
21630.0	1.9872302499999996e+16
21640.0	2.0123977499999996e+16
21650.0	2.0061709999999996e+16
21660.0	1.9107642499999996e+16
21670.0	1.9728642499999996e+16
21680.0	1.977245499999999e+16
21690.0	2.041037999999999e+16
21700.0	1.9700069999999996e+16
21710.0	1.9693072499999996e+16
21720.0	2.0219619999999996e+16
21730.0	1.9455592499999996e+16
21740.0	1.9156859999999996e+16
21750.0	2.0314e+16
21760.0	1.971712249999999e+16
21770.0	1.98651675e+16
21780.0	1.924854999999999e+16
21790.0	1.927378999999999e+16
21800.0	1.9639379999999996e+16
21810.0	2.009956499999999e+16
21820.0	2.0202567499999996e+16
21830.0	1.9397804999999996e+16
21840.0	1.986279999999999e+16
21850.0	1.8932119999999996e+16
21860.0	1.9624409999999996e+16
21870.0	1.9968712499999996e+16
21880.0	1.9430792499999996e+16
21890.0	1.9974727499999996e+16
21900.0	1.9951367499999996e+16
21910.0	2.0332319999999996e+16
21920.0	1.97436375e+16
21930.0	1.9079844999999996e+16
21940.0	1.9482334999999996e+16
21950.0	1.98843475e+16
21960.0	2.009776249999999e+16
21970.0	1.9992337499999996e+16
21980.0	1.94815225e+16
21990.0	1.9584137499999996e+16
22000.0	2.0189914999999996e+16
22010.0	1.92461225e+16
22020.0	2.03270625e+16
22030.0	1.9124244999999996e+16
22040.0	1.9092044999999996e+16
22050.0	1.983996499999999e+16
22060.0	1.9432809999999996e+16
22070.0	1.9827207499999996e+16
22080.0	1.9482437499999996e+16
22090.0	1.966368e+16
22100.0	1.9579672499999996e+16
22110.0	1.9002424999999996e+16
22120.0	1.991891249999999e+16
22130.0	1.985130249999999e+16
22140.0	2.0467007499999996e+16
22150.0	1.8815082499999996e+16
22160.0	2.015122749999999e+16
22170.0	1.9496719999999996e+16
22180.0	1.9700512499999996e+16
22190.0	1.880230999999999e+16
22200.0	1.7945407499999996e+16
22210.0	1.8803547499999996e+16
22220.0	1.9205179999999996e+16
22230.0	1.8965602499999996e+16
22240.0	1.949379499999999e+16
22250.0	1.9939442499999996e+16
22260.0	1.9334934999999996e+16
22270.0	1.9823724999999996e+16
22280.0	1.8225012499999996e+16
22290.0	1.9797527499999996e+16
22300.0	1.872826999999999e+16
22310.0	1.9890589999999996e+16
22320.0	2.0146094999999996e+16
22330.0	1.8913137499999996e+16
22340.0	1.9833059999999996e+16
22350.0	1.9010107499999996e+16
22360.0	1.7838994999999998e+16
22370.0	1.9388002499999996e+16
22380.0	1.9456144999999996e+16
22390.0	1.8086667499999996e+16
22400.0	2.0191869999999996e+16
22410.0	2.0013864999999996e+16
22420.0	1.938273999999999e+16
22430.0	1.957082499999999e+16
22440.0	1.8971944999999996e+16
22450.0	1.839666999999999e+16
22460.0	1.9885834999999996e+16
22470.0	1.9410884999999996e+16
22480.0	1.961715999999999e+16
22490.0	1.9567567499999996e+16
22500.0	1.9196522499999996e+16
22510.0	1.9938887499999996e+16
22520.0	1.9419682499999996e+16
22530.0	1.874384999999999e+16
22540.0	1.9088965e+16
22550.0	1.8860257499999996e+16
22560.0	1.8973929999999996e+16
22570.0	1.9737807499999996e+16
22580.0	1.8491564999999996e+16
22590.0	1.92560225e+16
22600.0	1.9076617499999996e+16
22610.0	1.905690249999999e+16
22620.0	1.8986094999999996e+16
22630.0	1.7629092499999998e+16
22640.0	1.8559589999999996e+16
22650.0	1.8760587499999996e+16
22660.0	1.86909875e+16
22670.0	1.9350039999999996e+16
22680.0	1.9232322499999996e+16
22690.0	1.8717574999999996e+16
22700.0	1.77558125e+16
22710.0	1.8958369999999996e+16
22720.0	1.8350189999999996e+16
22730.0	1.9000589999999996e+16
22740.0	1.887947499999999e+16
22750.0	1.9486092499999996e+16
22760.0	1.860209e+16
22770.0	1.9269499999999996e+16
22780.0	1.9057124999999996e+16
22790.0	1.7571127499999994e+16
22800.0	1.7653422499999996e+16
22810.0	1.8354899999999996e+16
22820.0	1.9161832499999996e+16
22830.0	1.8910992499999996e+16
22840.0	1.8387867499999996e+16
22850.0	1.8620732499999996e+16
22860.0	1.8748722499999996e+16
22870.0	1.8295592499999996e+16
22880.0	1.9314444999999996e+16
22890.0	1.883747499999999e+16
22900.0	1.927300999999999e+16
22910.0	1.9124692499999996e+16
22920.0	1.7988957499999996e+16
22930.0	1.8907609999999996e+16
22940.0	1.3475684999999998e+16
22950.0	1.4902333499999998e+16
22960.0	1.5387233499999998e+16
22970.0	1.6365629999999996e+16
22980.0	1.7470407499999996e+16
22990.0	1.7518002499999994e+16
23000.0	1.5717193999999996e+16
23010.0	1.6940247499999998e+16
23020.0	1.8089904999999996e+16
23030.0	1.5539634999999996e+16
23040.0	1.8166124999999996e+16
23050.0	1.4821114499999998e+16
23060.0	1.5980729499999998e+16
23070.0	1.5421828999999994e+16
23080.0	1.6893017499999994e+16
23090.0	1.7886715e+16
23100.0	1.7169382499999996e+16
23110.0	1.7274862499999998e+16
23120.0	1.7963392499999994e+16
23130.0	1.8481539999999996e+16
23140.0	1.7872922499999996e+16
23150.0	1.3728056999999998e+16
23160.0	1.7781467499999998e+16
23170.0	1.8057252499999996e+16
23180.0	1.7380257499999996e+16
23190.0	1.7944912499999994e+16
23200.0	1.7158346999999998e+16
23210.0	1.4647613999999998e+16
23220.0	1.7300717499999998e+16
23230.0	1.4263759749999998e+16
23240.0	1.3606023249999996e+16
23250.0	1.3248518499999996e+16
23260.0	1.6874449999999996e+16
23270.0	1.4715873499999994e+16
23280.0	1.6335032499999998e+16
23290.0	1.6306244999999996e+16
23300.0	1.4601966999999996e+16
23310.0	1.5965629999999998e+16
23320.0	1.7268447499999998e+16
23330.0	1.7171919999999998e+16
23340.0	1.5493128999999998e+16
23350.0	1.6001792499999998e+16
23360.0	1.5956015e+16
23370.0	1.461133025e+16
23380.0	1.5944473249999998e+16
23390.0	1.6524527499999992e+16
23400.0	1.5494527499999998e+16
23410.0	1.6859384999999998e+16
23420.0	1.5970684999999994e+16
23430.0	1.7400292499999996e+16
23440.0	1.7474877499999994e+16
23450.0	1.4163301999999996e+16
23460.0	1.7157903499999996e+16
23470.0	1.5352373499999998e+16
23480.0	1.6260682499999996e+16
23490.0	1.7102377499999998e+16
23500.0	1.6734237499999996e+16
23510.0	1.5374622749999994e+16
23520.0	1.5390841749999998e+16
23530.0	1.3694831499999996e+16
23540.0	1.4274795999999998e+16
23550.0	1.5686097999999998e+16
23560.0	1.5418927499999996e+16
23570.0	1.6379372499999998e+16
23580.0	1.4393471499999996e+16
23590.0	1.4629656999999998e+16
23600.0	1.6508369999999998e+16
23610.0	1.4059178999999996e+16
23620.0	1.4753704999999994e+16
23630.0	1.4396202499999996e+16
23640.0	1.5213139999999996e+16
23650.0	1.6095249999999996e+16
23660.0	1.6125864999999992e+16
23670.0	1.5064994999999996e+16
23680.0	1.2076600499999998e+16
23690.0	1.6263957499999996e+16
23700.0	1.5797464999999996e+16
23710.0	1.4162471749999998e+16
23720.0	1.6762570249999996e+16
23730.0	1.6410669999999998e+16
23740.0	1.4481529999999996e+16
23750.0	1.5874619999999996e+16
23760.0	1.4848204999999994e+16
23770.0	1.4784049999999996e+16
23780.0	1.3927984999999998e+16
23790.0	1.5065515e+16
23800.0	1.6165562499999996e+16
23810.0	1.1892756999999996e+16
23820.0	1.5799334999999998e+16
23830.0	1.4454304999999994e+16
23840.0	1.4368102499999996e+16
23850.0	1.6042265e+16
23860.0	1.4136034999999996e+16
23870.0	1.3842905e+16
23880.0	1.2926409999999996e+16
23890.0	1.5725192499999998e+16
23900.0	1.6105079999999994e+16
23910.0	1.5561919e+16
23920.0	1.1164435249999998e+16
23930.0	1.3321130249999996e+16
23940.0	1.4850537749999996e+16
23950.0	1.4275925749999996e+16
23960.0	1.3774434999999998e+16
23970.0	1.3906167499999998e+16
23980.0	1.4464577499999996e+16
23990.0	1.5793689999999998e+16
24000.0	1.4868097749999998e+16
24010.0	1.3176950749999996e+16
24020.0	1.4172129999999998e+16
24030.0	1.2683286499999998e+16
24040.0	1.4930107499999994e+16
24050.0	1.4712054999999998e+16
24060.0	1.4822817499999996e+16
24070.0	1.2021546499999998e+16
24080.0	1.4639322499999996e+16
24090.0	1.5310029999999996e+16
24100.0	1.3353862499999996e+16
24110.0	1.4598452499999996e+16
24120.0	1.3578973499999998e+16
24130.0	1.4263242499999998e+16
24140.0	1.3039298499999998e+16
24150.0	1.5238954999999994e+16
24160.0	1.3868666999999998e+16
24170.0	1.4092152499999998e+16
24180.0	1.2864009999999998e+16
24190.0	1.4693154999999996e+16
24200.0	1.3647564999999996e+16
24210.0	1.4372564999999998e+16
24220.0	1.1962210499999996e+16
24230.0	1.35979095e+16
24240.0	1.4512540999999998e+16
24250.0	1.3248974999999998e+16
24260.0	1.3480274999999996e+16
24270.0	1.4222839999999996e+16
24280.0	1.2987734999999998e+16
24290.0	1.4622297499999998e+16
24300.0	1.3225935999999994e+16
24310.0	1.1752436249999998e+16
24320.0	1.3540085249999996e+16
24330.0	1.3882277499999998e+16
24340.0	1.1725710249999998e+16
24350.0	1.1032999999999998e+16
24360.0	1.2938935749999998e+16
24370.0	1.0296725999999996e+16
24380.0	1.2538706999999998e+16
24390.0	1.4394299999999996e+16
24400.0	1.2748382499999994e+16
24410.0	1.2236213499999998e+16
24420.0	1.3279971499999996e+16
24430.0	1.2883512499999996e+16
24440.0	9984947249999996.0
24450.0	1.266183675e+16
24460.0	1.2451571999999998e+16
24470.0	1.2369323999999998e+16
24480.0	1.2868263749999998e+16
24490.0	1.3375228749999996e+16
24500.0	1.3430424999999996e+16
24510.0	1.4198942499999996e+16
24520.0	1.0878617999999996e+16
24530.0	1.1946105999999996e+16
24540.0	9481317999999996.0
24550.0	1.2497232499999998e+16
24560.0	1.2390051999999996e+16
24570.0	1.2258087499999996e+16
24580.0	1.3520774999999996e+16
24590.0	1.2941974999999998e+16
24600.0	1.1659505499999998e+16
24610.0	9881220249999998.0
24620.0	1.1942398249999996e+16
24630.0	1.3018302499999996e+16
24640.0	1.4388902499999996e+16
24650.0	1.2659457999999996e+16
24660.0	1.0342960499999996e+16
24670.0	1.1731348749999996e+16
24680.0	7621180249999998.0
24690.0	1.2170408499999998e+16
24700.0	1.2682264999999996e+16
24710.0	1.0631332749999996e+16
24720.0	1.1279765749999998e+16
24730.0	1.1684670249999996e+16
24740.0	7892430749999998.0
24750.0	8855802999999998.0
24760.0	1.0658079999999998e+16
24770.0	1.3359352249999998e+16
24780.0	1.2565340499999998e+16
24790.0	9714772999999996.0
24800.0	1.2936495249999998e+16
24810.0	1.017112075e+16
24820.0	1.1100721749999998e+16
24830.0	8678155999999997.0
24840.0	1.1678168749999998e+16
24850.0	1.2263315249999996e+16
24860.0	1.2160368499999998e+16
24870.0	1.2201950749999996e+16
24880.0	1.1128496249999998e+16
24890.0	8957016999999998.0
24900.0	9196636750000000.0
24910.0	9113614499999998.0
24920.0	1.2550395249999996e+16
24930.0	9861576999999998.0
24940.0	1.3454597499999996e+16
24950.0	1.2246841499999998e+16
24960.0	1.1356610999999998e+16
24970.0	1.0707781999999996e+16
24980.0	8918471499999997.0
24990.0	1.1891474999999998e+16
