# Flux units: erg / (cm m2 s)
# Wavelength units: Angstrom
wave	flux
9000.0	671399499.9999999
9010.0	1588409324.9999995
9020.0	1294274975.0
9030.0	1198014899.9999998
9040.0	1005868999.9999996
9050.0	1369186124.9999998
9060.0	1279054174.9999995
9070.0	1341275899.9999995
9080.0	1955858249.9999998
9090.0	1696365249.9999995
9100.0	1679059499.9999995
9110.0	1794275999.9999998
9120.0	2308204499.9999995
9130.0	2069961249.9999993
9140.0	2152731250.0
9150.0	2144520249.9999993
9160.0	2367104250.0
9170.0	2350765749.9999995
9180.0	2260804249.9999995
9190.0	2228653249.999999
9200.0	1927856499.9999995
9210.0	1704536899.9999995
9220.0	1778876749.9999995
9230.0	1507133824.9999995
9240.0	1107944024.9999998
9250.0	1485373849.9999995
9260.0	1473624999.9999998
9270.0	1293419849.9999998
9280.0	921501974.9999996
9290.0	1153545149.9999998
9300.0	1094752825.0
9310.0	944222349.9999999
9320.0	1092093224.9999995
9330.0	993519674.9999996
9340.0	1584862999.9999998
9350.0	1048057274.9999998
9360.0	1329958974.9999998
9370.0	1074365925.0
9380.0	1559669074.9999995
9390.0	1156598749.9999998
9400.0	1451335349.9999995
9410.0	1345113999.9999998
9420.0	1682074249.9999995
9430.0	1759186749.9999998
9440.0	1307311099.9999998
9450.0	1477185999.9999993
9460.0	1519733499.9999995
9470.0	1428353999.9999995
9480.0	1826913249.9999995
9490.0	2046002999.9999998
9500.0	1685612999.9999998
9510.0	1727234749.9999995
9520.0	1983801499.999999
9530.0	1765145499.9999995
9540.0	1940400999.9999998
9550.0	1892824999.9999993
9560.0	1955010999.9999995
9570.0	1812402249.9999995
9580.0	2451741999.9999995
9590.0	2298084249.9999995
9600.0	2107654999.9999995
9610.0	2256385499.9999995
9620.0	2114005249.9999993
9630.0	2393696249.999999
9640.0	2117671999.9999995
9650.0	1976262899.9999998
9660.0	2394459749.999999
9670.0	2516448499.999999
9680.0	2279349999.9999995
9690.0	2319782249.9999995
9700.0	2596127249.9999995
9710.0	2557975749.9999995
9720.0	2281722500.0
9730.0	2205463999.9999995
9740.0	1993070999.9999995
9750.0	1974462499.9999998
9760.0	2053594249.9999995
9770.0	1968349149.9999998
9780.0	1941443000.0
9790.0	1821634499.9999995
9800.0	2490485749.999999
9810.0	1922854749.9999998
9820.0	1783271499.9999995
9830.0	1703484749.9999998
9840.0	1969082749.9999995
9850.0	1917400499.9999995
9860.0	2103496999.9999998
9870.0	1851098249.9999995
9880.0	2073271500.0
9890.0	2189448749.9999995
9900.0	1490164374.9999998
9910.0	742075124.9999998
9920.0	847227099.9999998
9930.0	959308249.9999998
9940.0	1366039624.9999998
9950.0	1431003674.9999998
9960.0	1708298250.0
9970.0	1851468999.9999993
9980.0	1593370299.9999998
9990.0	1205053849.9999995
10000.0	1552894749.9999995
10010.0	1404973749.9999998
10020.0	1812321249.9999995
10030.0	1800617499.9999995
10040.0	1375049274.9999995
10050.0	1608484199.9999998
10060.0	1349391874.9999998
10070.0	1025611299.9999999
10080.0	1953210549.9999995
10090.0	1730661399.9999993
10100.0	1823858349.9999995
10110.0	1469630649.9999995
10120.0	1777491049.9999998
10130.0	2133557449.9999993
10140.0	1729465749.9999993
10150.0	1642292149.9999995
10160.0	1780070549.9999995
10170.0	1280336949.9999998
10180.0	2232959499.9999995
10190.0	1552377499.9999995
10200.0	1789919749.9999995
10210.0	1648745774.9999995
10220.0	1969600724.9999998
10230.0	2070111999.9999993
10240.0	2319307250.0
10250.0	1808504349.9999998
10260.0	1132544199.9999998
10270.0	1294921049.9999995
10280.0	1399125099.9999998
10290.0	1683495749.9999998
10300.0	1486645624.9999998
10310.0	1968617374.999999
10320.0	1460366349.9999995
10330.0	1443045999.9999998
10340.0	1728355474.9999995
10350.0	1661526474.9999995
10360.0	1815451899.9999998
10370.0	2072231349.9999993
10380.0	2019798499.9999998
10390.0	1952357999.9999998
10400.0	2071193249.9999995
10410.0	2134240299.9999995
10420.0	1986520349.9999993
10430.0	1744447549.9999998
10440.0	1795485999.9999995
10450.0	2186442249.999999
10460.0	2228963949.9999995
10470.0	1665519474.9999998
10480.0	1814002374.9999998
10490.0	2277056249.999999
10500.0	2358681000.0
10510.0	1946844974.9999995
10520.0	1542886949.9999998
10530.0	2479025124.9999995
10540.0	2314952750.0
10550.0	2340281749.9999995
10560.0	2094665999.9999998
10570.0	1962669749.9999993
10580.0	2274434499.999999
10590.0	2275352550.0
10600.0	2421696749.9999995
10610.0	1994733999.9999993
10620.0	2135097749.9999998
10630.0	2288748249.9999995
10640.0	2484415749.999999
10650.0	2534565999.999999
10660.0	2469182249.999999
10670.0	1832448749.9999995
10680.0	1822638499.9999995
10690.0	2357074749.999999
10700.0	2144400999.9999993
10710.0	1883230849.9999995
10720.0	2037517999.9999993
10730.0	2263702749.9999995
10740.0	2562482999.9999995
10750.0	2382925249.9999995
10760.0	2748769949.9999995
10770.0	2391235899.999999
10780.0	2336794349.9999995
10790.0	2599269249.9999995
10800.0	2734940749.9999995
10810.0	2691185249.999999
10820.0	2512180749.999999
10830.0	2862666999.9999995
10840.0	2861145499.9999995
10850.0	2681548749.999999
10860.0	2536115749.9999995
10870.0	2379554200.0
10880.0	2731808499.999999
10890.0	2436937249.9999995
10900.0	2644510999.9999995
10910.0	2471050999.9999995
10920.0	2465626999.9999995
10930.0	2709537749.9999995
10940.0	2697684999.999999
10950.0	2780126749.9999995
10960.0	2467341049.999999
10970.0	2620472649.9999995
10980.0	2308555174.9999995
10990.0	2260899724.9999995
11000.0	2212567499.9999995
11010.0	2536700749.999999
11020.0	2702597749.999999
11030.0	2160219949.999999
11040.0	2281990499.9999995
11050.0	2221656499.9999995
11060.0	2245185999.9999995
11070.0	2021572249.9999995
11080.0	2199730499.9999995
11090.0	2256335249.9999995
11100.0	2398725499.999999
11110.0	2010076399.9999995
11120.0	2267745749.9999995
11130.0	2532284750.0
11140.0	2324702499.9999995
11150.0	2370856249.9999995
11160.0	2485403749.9999986
11170.0	2588809999.9999995
11180.0	2165438999.9999995
11190.0	1913489999.9999993
11200.0	2319057749.9999995
11210.0	2381653749.9999995
11220.0	2324029749.9999995
11230.0	2558118500.0
11240.0	2447772499.9999995
11250.0	2349838174.999999
11260.0	2340183524.9999995
11270.0	2242688999.9999995
11280.0	2489863499.9999995
11290.0	2204369249.9999995
11300.0	2522424749.9999995
11310.0	2506505999.9999995
11320.0	2631778749.9999995
11330.0	2705039499.9999995
11340.0	2412749499.9999995
11350.0	2141325249.9999993
11360.0	2328949499.9999995
11370.0	2635945250.0
11380.0	1848284499.9999998
11390.0	2248093250.0
11400.0	2363610249.999999
11410.0	1911322749.9999998
11420.0	2503745249.9999995
11430.0	2379775249.999999
11440.0	2199616500.0
11450.0	2473655999.999999
11460.0	2260720999.9999995
11470.0	2604803499.9999995
11480.0	2351221999.999999
11490.0	2585209749.999999
11500.0	2459886499.9999995
11510.0	2622913750.0
11520.0	2626055999.999999
11530.0	2611279249.9999995
11540.0	2500820249.9999995
11550.0	2511104999.9999995
11560.0	2769215999.9999995
11570.0	2328407249.9999995
11580.0	2654730249.9999995
11590.0	2807166999.9999995
11600.0	2290041749.9999995
11610.0	2648022249.9999995
11620.0	2709122499.9999995
11630.0	2653951999.9999995
11640.0	2311080499.999999
11650.0	2455586999.9999995
11660.0	2144222999.9999993
11670.0	2785837749.9999995
11680.0	2740247249.9999995
11690.0	2068373249.9999995
11700.0	2422636749.999999
11710.0	2539973499.9999995
11720.0	2742441249.9999995
11730.0	2183739749.9999995
11740.0	2509562499.999999
11750.0	2599009499.9999995
11760.0	2655288999.9999995
11770.0	2223698264.9999995
11780.0	1828843854.9999998
11790.0	2413187499.9999995
11800.0	2493128249.999999
11810.0	2292891999.9999995
11820.0	2482517750.0
11830.0	2629701249.999999
11840.0	2524600749.9999995
11850.0	2318431249.9999995
11860.0	2380351249.9999995
11870.0	2277754750.0
11880.0	2527725000.0
11890.0	2206420249.9999995
11900.0	2539817999.9999995
11910.0	2628682500.0
11920.0	2605179499.999999
11930.0	2677162249.9999995
11940.0	2490995999.9999995
11950.0	2249960249.9999995
11960.0	2525138250.0
11970.0	2337185749.9999995
11980.0	1930478249.9999995
11990.0	2435816749.9999995
12000.0	2227168499.9999995
12010.0	2313579999.9999995
12020.0	2288505999.9999995
12030.0	2449302749.9999995
12040.0	2468900749.9999995
12050.0	2520700749.9999995
12060.0	2481053249.999999
12070.0	2359864499.9999995
12080.0	2608404999.9999995
12090.0	2290063249.9999995
12100.0	2569967749.999999
12110.0	2340406499.9999995
12120.0	2435334750.0
12130.0	2327773999.9999995
12140.0	2289645750.0
12150.0	2577757000.0
12160.0	2419781249.999999
12170.0	2543805999.9999995
12180.0	2445395999.999999
12190.0	2669692999.999999
12200.0	2348971999.9999995
12210.0	2466243499.999999
12220.0	2543704999.999999
12230.0	2544492249.9999995
12240.0	2526641999.9999995
12250.0	2612305499.999999
12260.0	2625411249.9999995
12270.0	2588608999.9999995
12280.0	2523507499.9999995
12290.0	2676834499.9999995
12300.0	2594726999.9999995
12310.0	2644883749.9999995
12320.0	2535994999.9999995
12330.0	2533098249.9999995
12340.0	2619781999.9999995
12350.0	2583359749.9999995
12360.0	2569796749.9999995
12370.0	2622579999.9999995
12380.0	2447614499.9999995
12390.0	2358930999.9999995
12400.0	2426128499.9999995
12410.0	2159080249.999999
12420.0	2193371749.9999995
12430.0	2265713249.999999
12440.0	2103908749.9999998
12450.0	2527098999.9999995
12460.0	2473473249.9999995
12470.0	2312024499.9999995
12480.0	2403624500.0
12490.0	2422170999.999999
12500.0	2375962750.0
12510.0	2601165499.9999995
12520.0	2144169749.9999995
12530.0	2172280249.9999995
12540.0	2420863499.999999
12550.0	2362724999.999999
12560.0	2539391749.999999
12570.0	2521439749.9999995
12580.0	2323072249.9999995
12590.0	2365420499.9999995
12600.0	2414064499.999999
12610.0	2636841999.999999
12620.0	2390723749.999999
12630.0	2392799249.9999995
12640.0	2191647749.9999995
12650.0	2385356999.9999995
12660.0	2493941249.9999995
12670.0	2492833749.9999995
12680.0	2472015499.999999
12690.0	2568614749.9999995
12700.0	2549685749.9999995
12710.0	2532688750.0
12720.0	2515490499.9999986
12730.0	2633308249.999999
12740.0	2410258249.999999
12750.0	2463049999.9999995
12760.0	2524815749.9999995
12770.0	2505276249.9999995
12780.0	2569153749.999999
12790.0	2515674499.9999995
12800.0	2523104249.999999
12810.0	2449265749.999999
12820.0	2523077749.9999995
12830.0	2419254499.9999995
12840.0	2544816249.9999995
12850.0	2473656249.999999
12860.0	2351295249.999999
12870.0	2469213249.9999995
12880.0	2501558499.999999
12890.0	2476648749.9999995
12900.0	2242296000.0
12910.0	2370463499.999999
12920.0	2399131749.999999
12930.0	2296691499.9999995
12940.0	2478973249.999999
12950.0	2256563499.9999995
12960.0	2446420499.9999995
12970.0	2552423749.9999995
12980.0	2541511749.9999995
12990.0	2329210749.9999995
13000.0	2554471999.999999
13010.0	2498833999.9999995
13020.0	2530250999.999999
13030.0	2416842749.9999995
13040.0	2571197249.999999
13050.0	2487311249.9999995
13060.0	2576049749.9999995
13070.0	2323785999.9999995
13080.0	2459877499.999999
13090.0	2416706499.9999995
13100.0	2410861249.9999995
13110.0	2580168749.9999995
13120.0	2563084999.9999995
13130.0	2382916249.9999995
13140.0	2448730250.0
13150.0	2419029749.9999995
13160.0	2392498749.9999995
13170.0	2194954999.9999995
13180.0	2504670999.999999
13190.0	2524933749.9999995
13200.0	2389304749.9999995
13210.0	2569535499.9999995
13220.0	2295758500.0
13230.0	2387330499.9999995
13240.0	2434382499.999999
13250.0	2222784499.9999995
13260.0	2281389500.0
13270.0	2104756749.9999993
13280.0	2044239749.9999998
13290.0	2270945750.0
13300.0	2399209999.999999
13310.0	2166255249.9999995
13320.0	1846449499.9999998
13330.0	1520134249.9999998
13340.0	2004100499.9999998
13350.0	722393174.9999998
13360.0	1718313024.9999998
13370.0	1238537749.9999995
13380.0	1306902624.9999995
13390.0	1255926950.0
13400.0	1841335874.9999998
13410.0	1928293249.9999993
13420.0	1537964949.9999995
13430.0	1272892924.9999998
13440.0	1441538199.9999998
13450.0	1369595374.9999995
13460.0	1737519149.9999998
13470.0	1190842549.9999998
13480.0	1588619199.9999995
13490.0	1576852024.9999995
13500.0	1413858574.9999995
13510.0	1685874824.9999995
13520.0	1055300774.9999998
13530.0	1950312499.9999995
13540.0	1167557899.9999998
13550.0	1091813649.9999998
13560.0	1538945249.9999998
13570.0	1684797200.0
13580.0	1637143499.9999995
13590.0	1188462699.9999995
13600.0	1659437699.9999995
13610.0	1629275024.9999998
13620.0	1163670149.9999998
13630.0	1184205649.9999998
13640.0	1416989074.9999998
13650.0	1482186599.9999998
13660.0	1374733499.9999995
13670.0	1267814099.9999998
13680.0	1371709474.9999998
13690.0	1253124124.9999995
13700.0	1375988749.9999998
13710.0	1391420849.9999998
13720.0	1488969849.9999998
13730.0	1667730749.9999995
13740.0	1274317600.0
13750.0	1241505599.9999998
13760.0	1310645199.9999995
13770.0	1656997749.9999995
13780.0	1760438799.9999995
13790.0	1719689499.9999998
13800.0	1783659249.9999998
13810.0	1402061899.9999995
13820.0	1756126774.9999998
13830.0	1271144274.9999995
13840.0	1708880599.9999998
13850.0	1762706749.9999995
13860.0	1467336924.9999998
13870.0	1313674174.9999998
13880.0	1395802449.9999998
13890.0	1326893549.9999998
13900.0	1352415349.9999995
13910.0	1044636874.9999998
13920.0	1324560074.9999995
13930.0	1252165699.9999998
13940.0	1451887100.0
13950.0	1147399974.9999998
13960.0	1342901249.9999995
13970.0	1244079224.9999998
13980.0	1423804450.0
13990.0	1551077999.9999995
14000.0	1052654149.9999999
14010.0	1270486999.9999998
14020.0	1336372624.9999995
14030.0	1217057649.9999998
14040.0	878946199.9999998
14050.0	982568624.9999998
14060.0	1568777074.9999993
14070.0	1152498724.9999998
14080.0	955377799.9999998
14090.0	1277445849.9999998
14100.0	1194804949.9999998
14110.0	1415996849.9999995
14120.0	1271409524.9999998
14130.0	1543158724.9999998
14140.0	1433157575.0
14150.0	1135122824.9999995
14160.0	1034502649.9999999
14170.0	1349763799.9999998
14180.0	829037049.9999998
14190.0	981799899.9999999
14200.0	1057929424.9999998
14210.0	1198184249.9999998
14220.0	976187499.9999998
14230.0	1172508999.9999998
14240.0	900106849.9999999
14250.0	1031545649.9999995
14260.0	799619649.9999998
14270.0	988294774.9999999
14280.0	1181783725.0
14290.0	903822424.9999996
14300.0	1300143149.9999998
14310.0	1158998799.9999998
14320.0	1244436799.9999998
14330.0	1162406899.9999998
14340.0	1283927924.9999998
14350.0	1439277524.9999998
14360.0	1141532325.0
14370.0	1155249374.9999995
14380.0	1010671749.9999999
14390.0	1095586524.9999998
14400.0	1125819575.0
14410.0	1033098024.9999998
14420.0	982645799.9999996
14430.0	1382320724.9999995
14440.0	1103705474.9999995
14450.0	1116706575.0
14460.0	1307705574.9999995
14470.0	1144500774.9999998
14480.0	1075227149.9999998
14490.0	1358190350.0
14500.0	1391181250.0
14510.0	905789649.9999998
14520.0	1397072199.9999998
14530.0	1028027749.9999998
14540.0	962204174.9999999
14550.0	1239787749.9999998
14560.0	1010268824.9999999
14570.0	1080238799.9999998
14580.0	1379566049.9999998
14590.0	1227616949.9999998
14600.0	1269093449.9999998
14610.0	1291025699.9999995
14620.0	1050455949.9999996
14630.0	888206799.9999998
14640.0	1259079650.0
14650.0	1248820949.9999998
14660.0	1266280249.9999998
14670.0	1248460499.9999998
14680.0	999344499.9999998
14690.0	872241049.9999998
14700.0	1236188199.9999998
14710.0	1099377599.9999998
14720.0	1338791499.9999998
14730.0	1226118449.9999998
14740.0	927092849.9999999
14750.0	1085603024.9999998
14760.0	1140259550.0
14770.0	1200572150.0
14780.0	1095051124.9999998
14790.0	1231604899.9999998
14800.0	1233377674.9999998
14810.0	1295663275.0
14820.0	1026627849.9999999
14830.0	1187173699.9999998
14840.0	1461304749.9999998
14850.0	1066844374.9999998
14860.0	1023781624.9999998
14870.0	1286084299.9999995
14880.0	1028838124.9999999
14890.0	1195179425.0
14900.0	1156267499.9999998
14910.0	1283588074.9999998
14920.0	1199109424.9999998
14930.0	1092709149.9999998
14940.0	1079985549.9999998
14950.0	1376658325.0
14960.0	1021696574.9999998
14970.0	1478594725.0
14980.0	1045514374.9999998
14990.0	1416529999.9999995
15000.0	1124766199.9999998
15010.0	1146322499.9999998
15020.0	1047283649.9999998
15030.0	1266165699.9999995
15040.0	1177171350.0
15050.0	1265686050.0
15060.0	1207964799.9999998
15070.0	1138493749.9999998
15080.0	1255949749.9999998
15090.0	1345169599.9999998
15100.0	1212052599.9999995
15110.0	1335840699.9999998
15120.0	1267883999.9999995
15130.0	1140080874.9999998
15140.0	1111283774.9999998
15150.0	1208053200.0
15160.0	1334478249.9999998
15170.0	1288677524.9999995
15180.0	1355447324.9999995
15190.0	1493330249.9999995
15200.0	1226904949.9999998
15210.0	1531657499.9999995
15220.0	1252837049.9999995
15230.0	1638145249.9999995
15240.0	1289529249.9999995
15250.0	1291083999.9999998
15260.0	1228710549.9999998
15270.0	1169768624.9999998
15280.0	1167741924.9999998
15290.0	1270653199.9999993
15300.0	1164603649.9999998
15310.0	1249679249.9999998
15320.0	1092761350.0
15330.0	1369210399.9999995
15340.0	1448789674.9999998
15350.0	1312837024.9999995
15360.0	1309458199.9999995
15370.0	1282746499.9999995
15380.0	1328705499.9999995
15390.0	1402224824.9999998
15400.0	1181948375.0
15410.0	1299004199.9999995
15420.0	1403491149.9999998
15430.0	1221700974.9999995
15440.0	1229608774.9999998
15450.0	1265556199.9999995
15460.0	1353067999.9999998
15470.0	1260645249.9999998
15480.0	1251656499.9999998
15490.0	1195059649.9999998
15500.0	1431102000.0
15510.0	1176856999.9999998
15520.0	1401008749.9999998
15530.0	1307835999.9999995
15540.0	1453643249.9999995
15550.0	1364271499.9999995
15560.0	1338282749.9999998
15570.0	1314011499.9999998
15580.0	1212159949.9999998
15590.0	1427200249.9999998
15600.0	1409088799.9999998
15610.0	1397373149.9999998
15620.0	1431659999.9999995
15630.0	1439424249.9999998
15640.0	1522147849.9999998
15650.0	1326969449.9999998
15660.0	1277946749.9999998
15670.0	1558279749.9999998
15680.0	1481729999.9999998
15690.0	1395571299.9999998
15700.0	1463332499.9999995
15710.0	1473924499.9999995
15720.0	1209291250.0
15730.0	1383076499.9999995
15740.0	1510205749.9999993
15750.0	1295007499.9999998
15760.0	1440800749.9999995
15770.0	1640947499.9999995
15780.0	1580851749.9999998
15790.0	1569947999.9999998
15800.0	1498197249.9999998
15810.0	1583193499.9999995
15820.0	1459547249.9999998
15830.0	1500697999.9999998
15840.0	1403696249.9999998
15850.0	1429003749.9999998
15860.0	1535146999.9999998
15870.0	1553541999.9999998
15880.0	1569888999.9999998
15890.0	1567829249.9999998
15900.0	1286373999.9999995
15910.0	1583985999.9999998
15920.0	1594520249.9999993
15930.0	1509522699.9999995
15940.0	1607406499.9999998
15950.0	1640599249.9999998
15960.0	1627537749.9999998
15970.0	1627565499.9999998
15980.0	1533807499.9999998
15990.0	1537383249.9999998
16000.0	1651470750.0
16010.0	1464514249.9999998
16020.0	1551670249.9999995
16030.0	1684258749.9999995
16040.0	1603607999.9999998
16050.0	1500340499.9999995
16060.0	1518548999.9999995
16070.0	1449657999.9999995
16080.0	1554498749.9999998
16090.0	1695920249.9999995
16100.0	1509795999.9999998
16110.0	1586416749.9999998
16120.0	1659753499.9999998
16130.0	1678841249.9999993
16140.0	1580666249.9999998
16150.0	1609316999.9999998
16160.0	1447010249.9999993
16170.0	1606312749.9999995
16180.0	1713665249.9999998
16190.0	1547451499.9999998
16200.0	1484610749.9999995
16210.0	1586726249.9999995
16220.0	1608808999.9999995
16230.0	1520855749.9999998
16240.0	1582106999.9999995
16250.0	1511258249.9999995
16260.0	1561169999.9999998
16270.0	1626314499.999999
16280.0	1656733499.9999995
16290.0	1575336999.9999998
16300.0	1644534499.9999995
16310.0	1570238499.9999995
16320.0	1602208499.9999995
16330.0	1667645999.9999998
16340.0	1588190249.9999998
16350.0	1517448999.9999995
16360.0	1666610499.9999995
16370.0	1670334499.9999998
16380.0	1651584999.9999995
16390.0	1672535749.9999995
16400.0	1720277999.9999995
16410.0	1548787499.9999998
16420.0	1522911749.9999998
16430.0	1564679999.9999995
16440.0	1662551749.9999995
16450.0	1651425999.9999995
16460.0	1695777249.9999995
16470.0	1674485999.9999995
16480.0	1691122249.9999998
16490.0	1721865749.9999993
16500.0	1739651249.9999995
16510.0	1714646499.9999995
16520.0	1627317249.9999995
16530.0	1558585749.9999995
16540.0	1750067749.9999995
16550.0	1647186499.9999995
16560.0	1757871499.9999998
16570.0	1771316749.9999998
16580.0	1721021499.9999995
16590.0	1623199749.9999993
16600.0	1737820499.9999998
16610.0	1518291749.9999995
16620.0	1602947249.9999995
16630.0	1730830499.9999995
16640.0	1640759499.9999998
16650.0	1740926999.9999998
16660.0	1747249249.9999995
16670.0	1683149249.9999995
16680.0	1684783749.9999998
16690.0	1689571749.9999995
16700.0	1681995999.9999995
16710.0	1618231500.0
16720.0	1671954999.9999995
16730.0	1781204999.9999995
16740.0	1780534999.9999998
16750.0	1652633499.9999995
16760.0	1685063249.9999995
16770.0	1597143249.9999995
16780.0	1717684499.9999995
16790.0	1706347749.9999995
16800.0	1660683499.9999995
16810.0	1720675999.9999998
16820.0	1733720999.9999998
16830.0	1710862999.9999995
16840.0	1669232750.0
16850.0	1683345249.9999998
16860.0	1767845249.9999995
16870.0	1735765999.9999993
16880.0	1741227249.9999995
16890.0	1688649750.0
16900.0	1713516999.9999998
16910.0	1619749499.9999995
16920.0	1621445749.9999995
16930.0	1659581499.9999995
16940.0	1760981499.9999998
16950.0	1661043749.9999998
16960.0	1605927250.0
16970.0	1563736749.9999995
16980.0	1677836999.9999998
16990.0	1517634749.9999995
17000.0	1586221999.9999995
17010.0	1435051749.9999995
17020.0	1639553249.9999998
17030.0	1552045999.9999995
17040.0	1575836249.9999998
17050.0	1551317499.9999995
17060.0	1625439749.9999998
17070.0	1469417499.9999995
17080.0	1483665299.9999995
17090.0	1447000999.9999995
17100.0	1660476749.9999998
17110.0	1443631024.9999998
17120.0	1477501575.0
17130.0	1554857249.9999998
17140.0	1462271999.9999998
17150.0	1436154924.9999998
17160.0	1460177724.9999995
17170.0	1514933250.0
17180.0	1355013774.9999998
17190.0	1198782999.9999995
17200.0	1468259974.9999995
17210.0	1441864674.9999998
17220.0	1439090224.9999998
17230.0	1365213799.9999998
17240.0	1313021749.9999998
17250.0	1480638249.9999993
17260.0	1382815824.9999998
17270.0	1098790674.9999998
17280.0	1237310049.9999998
17290.0	1184614599.9999998
17300.0	1280213400.0
17310.0	1257577199.9999998
17320.0	1414731749.9999995
17330.0	1373307249.9999998
17340.0	1357354424.9999995
17350.0	1021141574.9999998
17360.0	1097189149.9999998
17370.0	937055749.9999996
17380.0	1462666249.9999995
17390.0	1349530749.9999998
17400.0	1256705724.9999995
17410.0	1040848149.9999999
17420.0	1009802674.9999999
17430.0	1190967299.9999998
17440.0	1124431349.9999998
17450.0	1256585700.0
17460.0	1213656999.9999998
17470.0	1314651499.9999998
17480.0	1230367249.9999995
17490.0	1195332199.9999998
17500.0	1383368249.9999995
17510.0	1355534524.9999995
17520.0	1101675250.0
17530.0	1020111224.9999996
17540.0	1217131749.9999998
17550.0	1162515774.9999998
17560.0	1012962574.9999996
17570.0	1267302399.9999998
17580.0	1063567724.9999998
17590.0	1091024449.9999995
17600.0	1078504274.9999995
17610.0	1184845899.9999998
17620.0	1102071899.9999998
17630.0	791765024.9999998
17640.0	1226329624.9999998
17650.0	1155167799.9999998
17660.0	1372674574.9999998
17670.0	1012147924.9999996
17680.0	688465599.9999999
17690.0	996748199.9999998
17700.0	1208581999.9999998
17710.0	1130128749.9999995
17720.0	849848824.9999998
17730.0	938664174.9999998
17740.0	1197599899.9999998
17750.0	949507899.9999998
17760.0	767631474.9999999
17770.0	1040501824.9999998
17780.0	1043742949.9999999
17790.0	1000252099.9999999
17800.0	904463799.9999999
17810.0	840116349.9999999
17820.0	1123646674.9999998
17830.0	764633024.9999999
17840.0	1218864349.9999998
17850.0	974059074.9999998
17860.0	1013590924.9999998
17870.0	1004861274.9999996
17880.0	866253924.9999998
17890.0	880959174.9999998
17900.0	1048561850.0
17910.0	594851749.9999999
17920.0	748555099.9999998
17930.0	852271049.9999999
17940.0	817857224.9999996
17950.0	745887449.9999999
17960.0	790583749.9999999
17970.0	944086574.9999996
17980.0	949670674.9999998
17990.0	829811724.9999999
18000.0	593041024.9999999
18010.0	634039949.9999999
18020.0	972482599.9999999
18030.0	888407149.9999998
18040.0	1014015624.9999999
18050.0	1033037424.9999999
18060.0	646222774.9999999
18070.0	694624899.9999999
18080.0	550440899.9999999
18090.0	557733649.9999998
18100.0	803402424.9999999
18110.0	544074750.0
18120.0	818721374.9999999
18130.0	907395099.9999996
18140.0	955344924.9999998
18150.0	924400350.0
18160.0	846728749.9999998
18170.0	685959349.9999999
18180.0	823976574.9999996
18190.0	678081074.9999999
18200.0	718261674.9999999
18210.0	662947449.9999998
18220.0	561235199.9999999
18230.0	926268649.9999996
18240.0	1115155675.0
18250.0	778089275.0
18260.0	650587524.9999999
18270.0	666170899.9999998
18280.0	736568799.9999998
18290.0	840584799.9999999
18300.0	836169449.9999999
18310.0	801593399.9999999
18320.0	889867874.9999998
18330.0	734846924.9999998
18340.0	864817074.9999998
18350.0	809488624.9999999
18360.0	978409074.9999999
18370.0	1028966049.9999996
18380.0	775144749.9999998
18390.0	627760699.9999999
18400.0	802187624.9999996
18410.0	848997099.9999998
18420.0	622045374.9999999
18430.0	828836174.9999996
18440.0	769652350.0
18450.0	611724674.9999999
18460.0	610559449.9999999
18470.0	471347274.9999998
18480.0	583915424.9999999
18490.0	619825724.9999999
18500.0	674060149.9999998
18510.0	775710374.9999998
18520.0	707643074.9999999
18530.0	768689599.9999998
18540.0	824900249.9999999
18550.0	701679449.9999998
18560.0	532247449.99999994
18570.0	451405474.9999998
18580.0	546510049.9999999
18590.0	611328099.9999999
18600.0	512034774.99999976
18610.0	791822599.9999999
18620.0	717183849.9999999
18630.0	553045850.0
18640.0	609127624.9999999
18650.0	623370449.9999999
18660.0	839037699.9999999
18670.0	699948124.9999998
18680.0	425481924.9999999
18690.0	727093825.0
18700.0	680155499.9999998
18710.0	829958324.9999996
18720.0	707645199.9999998
18730.0	558114799.9999999
18740.0	678768024.9999999
18750.0	494038374.99999994
18760.0	711303650.0
18770.0	755975999.9999998
18780.0	681983199.9999999
18790.0	510828824.9999999
18800.0	616908050.0
18810.0	599829874.9999998
18820.0	823110799.9999999
18830.0	800840124.9999998
18840.0	666287299.9999999
18850.0	571665999.9999999
18860.0	710228324.9999999
18870.0	541567774.9999999
18880.0	711774349.9999999
18890.0	743581749.9999998
18900.0	825518849.9999998
18910.0	848418699.9999999
18920.0	584202649.9999998
18930.0	602102675.0
18940.0	766055949.9999999
18950.0	765955524.9999999
18960.0	664218649.9999999
18970.0	739146349.9999998
18980.0	650795474.9999999
18990.0	778968824.9999999
19000.0	593520074.9999999
19010.0	585578299.9999999
19020.0	677782824.9999999
19030.0	707212950.0
19040.0	712499899.9999998
19050.0	772054324.9999998
19060.0	718558499.9999998
19070.0	624144649.9999998
19080.0	855588349.9999999
19090.0	642574749.9999998
19100.0	813147699.9999998
19110.0	531766349.99999994
19120.0	801952774.9999999
19130.0	739128124.9999999
19140.0	745706749.9999998
19150.0	909736149.9999998
19160.0	596674774.9999999
19170.0	665839924.9999999
19180.0	720640199.9999999
19190.0	837929275.0
19200.0	647462974.9999999
19210.0	577413224.9999999
19220.0	718010724.9999999
19230.0	680928549.9999999
19240.0	580722025.0
19250.0	790904374.9999999
19260.0	678843274.9999999
19270.0	664512124.9999998
19280.0	849186624.9999999
19290.0	795268149.9999999
19300.0	784896924.9999999
19310.0	472859974.9999998
19320.0	658872024.9999998
19330.0	602594399.9999998
19340.0	612417899.9999999
19350.0	749943874.9999999
19360.0	659627624.9999998
19370.0	800012174.9999999
19380.0	584919800.0
19390.0	691091149.9999998
19400.0	607581224.9999999
19410.0	731291950.0
19420.0	724074375.0
19430.0	535986924.9999999
19440.0	630264949.9999999
19450.0	484647474.99999994
19460.0	477985799.9999998
19470.0	733805124.9999998
19480.0	580602299.9999998
19490.0	549142949.9999999
19500.0	705724224.9999998
19510.0	596451874.9999999
19520.0	603914574.9999999
19530.0	567880499.9999998
19540.0	725925824.9999999
19550.0	532181149.9999999
19560.0	417424674.99999994
19570.0	665272799.9999999
19580.0	761710049.9999999
19590.0	684975624.9999999
19600.0	359966174.99999994
19610.0	644536799.9999999
19620.0	672950799.9999999
19630.0	745616749.9999999
19640.0	679234299.9999999
19650.0	775965674.9999998
19660.0	834537575.0
19670.0	834471574.9999998
19680.0	699368874.9999998
19690.0	683731799.9999998
19700.0	589970599.9999999
19710.0	724662249.9999999
19720.0	826428049.9999999
19730.0	743547074.9999998
19740.0	562531974.9999999
19750.0	752788599.9999998
19760.0	496545799.9999999
19770.0	693315674.9999998
19780.0	546878449.9999998
19790.0	689943874.9999998
19800.0	673076124.9999999
19810.0	676842049.9999999
19820.0	588872425.0
19830.0	715015124.9999998
19840.0	665671249.9999999
19850.0	503891924.9999999
19860.0	669651774.9999999
19870.0	593544624.9999999
19880.0	546360100.0
19890.0	714465274.9999999
19900.0	540145399.9999998
19910.0	474586249.9999998
19920.0	505096249.9999999
19930.0	724804474.9999998
19940.0	736623624.9999999
19950.0	606779074.9999999
19960.0	619927424.9999998
19970.0	551007724.9999999
19980.0	597125549.9999999
19990.0	695914574.9999999
20000.0	622257224.9999998
20010.0	455898024.99999994
20020.0	648427499.9999998
20030.0	662691274.9999999
20040.0	642415424.9999998
20050.0	556438699.9999998
20060.0	592541274.9999998
20070.0	540920674.9999999
20080.0	894192199.9999998
20090.0	555366999.9999999
20100.0	730279649.9999999
20110.0	604135524.9999998
20120.0	614885674.9999999
20130.0	655647049.9999999
20140.0	538506049.9999998
20150.0	627255724.9999999
20160.0	617686549.9999998
20170.0	647991274.9999999
20180.0	660296974.9999999
20190.0	623485425.0
20200.0	514690924.9999998
20210.0	677057249.9999999
20220.0	638096374.9999998
20230.0	651593049.9999998
20240.0	880217124.9999999
20250.0	654115274.9999999
20260.0	447229674.9999999
20270.0	483834949.99999994
20280.0	604224899.9999999
20290.0	547230650.0
20300.0	624616874.9999998
20310.0	450368974.99999994
20320.0	699782724.9999999
20330.0	658306425.0
20340.0	584596500.0
20350.0	705603974.9999999
20360.0	516511999.9999999
20370.0	758491099.9999999
20380.0	650874824.9999999
20390.0	553100449.9999999
20400.0	578344600.0
20410.0	532045024.99999994
20420.0	700123299.9999998
20430.0	737944924.9999998
20440.0	510530674.99999994
20450.0	575784224.9999998
20460.0	706825399.9999999
20470.0	596509925.0
20480.0	631376199.9999999
20490.0	520154274.9999999
20500.0	595589274.9999999
20510.0	778184624.9999999
20520.0	659443174.9999998
20530.0	661706899.9999996
20540.0	664786149.9999998
20550.0	525255149.9999999
20560.0	511550875.0
20570.0	682244424.9999999
20580.0	773448374.9999998
20590.0	602828875.0
20600.0	738254099.9999998
20610.0	522786849.9999999
20620.0	646689499.9999999
20630.0	650267824.9999999
20640.0	535067374.99999976
20650.0	600609749.9999999
20660.0	616335674.9999999
20670.0	648150624.9999999
20680.0	607944949.9999999
20690.0	615651174.9999999
20700.0	671216725.0
20710.0	748525249.9999999
20720.0	657663674.9999998
20730.0	678628399.9999999
20740.0	574259074.9999999
20750.0	675935574.9999999
20760.0	667541449.9999998
20770.0	582282349.9999999
20780.0	588649599.9999999
20790.0	672593774.9999998
20800.0	622447999.9999999
20810.0	555708699.9999999
20820.0	662368899.9999998
20830.0	642924499.9999998
20840.0	680282474.9999999
20850.0	618843149.9999999
20860.0	693027449.9999998
20870.0	563452349.9999999
20880.0	727320874.9999998
20890.0	654799799.9999999
20900.0	614474349.9999998
20910.0	728560999.9999998
20920.0	656004849.9999999
20930.0	732283074.9999999
20940.0	600875599.9999998
20950.0	637223824.9999999
20960.0	686113299.9999999
20970.0	594824975.0
20980.0	793022499.9999999
20990.0	694816149.9999998
21000.0	648120049.9999999
21010.0	703189849.9999998
21020.0	658178324.9999999
21030.0	591193224.9999999
21040.0	709433749.9999999
21050.0	682055874.9999998
21060.0	689500149.9999999
21070.0	684016699.9999998
21080.0	689640874.9999998
21090.0	621731774.9999999
21100.0	728748299.9999996
21110.0	780853749.9999998
21120.0	623872774.9999998
21130.0	628549899.9999999
21140.0	685050899.9999999
21150.0	661408749.9999998
21160.0	666057449.9999999
21170.0	685561674.9999999
21180.0	715037775.0
21190.0	646532124.9999999
21200.0	716961274.9999998
21210.0	669785049.9999999
21220.0	606662174.9999998
21230.0	772967374.9999998
21240.0	711594524.9999999
21250.0	666215724.9999998
21260.0	721305949.9999998
21270.0	726149599.9999998
21280.0	717835724.9999998
21290.0	652453049.9999999
21300.0	740703049.9999999
21310.0	692689874.9999999
21320.0	743137524.9999999
21330.0	705058799.9999999
21340.0	756689874.9999999
21350.0	772319624.9999999
21360.0	698117174.9999998
21370.0	697535749.9999999
21380.0	676695699.9999998
21390.0	731055824.9999999
21400.0	679567249.9999999
21410.0	758215849.9999998
21420.0	744762374.9999998
21430.0	658109199.9999998
21440.0	755179049.9999999
21450.0	740139799.9999999
21460.0	729999249.9999998
21470.0	744349024.9999999
21480.0	709600374.9999998
21490.0	666783599.9999999
21500.0	654504949.9999998
21510.0	754662599.9999999
21520.0	745832499.9999999
21530.0	686211174.9999999
21540.0	718334099.9999998
21550.0	784075949.9999999
21560.0	706259224.9999999
21570.0	747479924.9999998
21580.0	673109224.9999999
21590.0	724541224.9999999
21600.0	773412174.9999999
21610.0	782901874.9999999
21620.0	721968100.0
21630.0	728554274.9999999
21640.0	750934749.9999998
21650.0	767759675.0
21660.0	696043050.0
21670.0	742309499.9999998
21680.0	742984625.0
21690.0	776497749.9999998
21700.0	717710124.9999999
21710.0	724026124.9999998
21720.0	762854499.9999999
21730.0	731370174.9999999
21740.0	690662474.9999998
21750.0	766694749.9999996
21760.0	715558925.0
21770.0	747912049.9999999
21780.0	707769925.0
21790.0	709364099.9999998
21800.0	730360174.9999999
21810.0	750870799.9999998
21820.0	759830524.9999998
21830.0	716137550.0
21840.0	743841524.9999999
21850.0	713483399.9999998
21860.0	745884774.9999998
21870.0	763781399.9999998
21880.0	730399025.0
21890.0	759466850.0
21900.0	753640549.9999999
21910.0	795077399.9999999
21920.0	745313424.9999998
21930.0	709332799.9999999
21940.0	730720649.9999999
21950.0	750693474.9999999
21960.0	818966599.9999998
21970.0	775433524.9999999
21980.0	738235549.9999999
21990.0	738511274.9999998
22000.0	790489375.0
22010.0	742630849.9999999
22020.0	810444849.9999998
22030.0	709972424.9999998
22040.0	717187274.9999998
22050.0	765137174.9999999
22060.0	691009599.9999999
22070.0	767615124.9999999
22080.0	762551424.9999999
22090.0	725611724.9999998
22100.0	749959849.9999998
22110.0	713275775.0
22120.0	782370799.9999999
22130.0	769279274.9999998
22140.0	833366149.9999998
22150.0	716552349.9999998
22160.0	795695924.9999998
22170.0	743392449.9999998
22180.0	770209074.9999999
22190.0	710666149.9999999
22200.0	660391924.9999998
22210.0	713041874.9999999
22220.0	740989474.9999999
22230.0	719386699.9999998
22240.0	763114350.0
22250.0	794468549.9999998
22260.0	764272924.9999999
22270.0	796185499.9999998
22280.0	648627149.9999998
22290.0	774001849.9999998
22300.0	695012449.9999999
22310.0	811806499.9999998
22320.0	802063174.9999998
22330.0	742160799.9999999
22340.0	786757299.9999999
22350.0	765945374.9999998
22360.0	666561674.9999999
22370.0	759930099.9999998
22380.0	777728749.9999998
22390.0	676371974.9999999
22400.0	819387324.9999999
22410.0	807367549.9999996
22420.0	777985249.9999998
22430.0	788708424.9999996
22440.0	752217650.0
22450.0	686053749.9999999
22460.0	794267225.0
22470.0	799333024.9999998
22480.0	802507524.9999998
22490.0	773920574.9999999
22500.0	788067950.0
22510.0	818836574.9999998
22520.0	780272774.9999998
22530.0	721789499.9999998
22540.0	762195324.9999999
22550.0	718121349.9999999
22560.0	757612124.9999999
22570.0	800032299.9999998
22580.0	708082174.9999999
22590.0	768164324.9999998
22600.0	750007974.9999999
22610.0	746117199.9999998
22620.0	737497849.9999999
22630.0	653115874.9999999
22640.0	733416649.9999998
22650.0	779920724.9999998
22660.0	743887199.9999999
22670.0	795024924.9999999
22680.0	795542924.9999998
22690.0	757724949.9999998
22700.0	675097399.9999998
22710.0	774192899.9999999
22720.0	736075899.9999998
22730.0	785513849.9999999
22740.0	737147374.9999998
22750.0	810929224.9999999
22760.0	748515724.9999998
22770.0	778400174.9999998
22780.0	761392674.9999998
22790.0	665975649.9999998
22800.0	700664249.9999999
22810.0	733953899.9999999
22820.0	771260599.9999999
22830.0	736455774.9999999
22840.0	733942099.9999998
22850.0	761850699.9999999
22860.0	760556699.9999999
22870.0	734151149.9999999
22880.0	782955649.9999999
22890.0	753566224.9999998
22900.0	803052424.9999999
22910.0	803142349.9999996
22920.0	750473874.9999998
22930.0	783541024.9999999
22940.0	434649499.9999999
22950.0	558528775.0
22960.0	562157149.9999999
22970.0	587386524.9999998
22980.0	689888924.9999999
22990.0	716903000.0
23000.0	607054949.9999999
23010.0	677797800.0
23020.0	749132274.9999998
23030.0	584401349.9999998
23040.0	752730574.9999998
23050.0	594642099.9999999
23060.0	636116774.9999999
23070.0	621291249.9999999
23080.0	646545424.9999998
23090.0	726574924.9999999
23100.0	720251249.9999998
23110.0	680794374.9999999
23120.0	755794374.9999999
23130.0	760636749.9999999
23140.0	762253399.9999998
23150.0	495744324.9999999
23160.0	700928999.9999998
23170.0	748347324.9999999
23180.0	714611974.9999998
23190.0	738648974.9999998
23200.0	667716349.9999999
23210.0	531317049.9999999
23220.0	673930399.9999999
23230.0	442141724.99999994
23240.0	471088674.9999998
23250.0	495750624.9999999
23260.0	615506974.9999998
23270.0	548062774.9999999
23280.0	636582249.9999999
23290.0	596615974.9999999
23300.0	579210475.0
23310.0	562084374.9999999
23320.0	654377149.9999999
23330.0	668889699.9999999
23340.0	562506524.9999999
23350.0	564025925.0
23360.0	594972025.0
23370.0	531780274.99999976
23380.0	552985549.9999998
23390.0	575100699.9999998
23400.0	540152424.9999999
23410.0	683998224.9999999
23420.0	556902174.9999999
23430.0	708893374.9999998
23440.0	715697549.9999999
23450.0	499970924.9999998
23460.0	702763574.9999999
23470.0	616595974.9999998
23480.0	587510249.9999998
23490.0	649906499.9999998
23500.0	643891674.9999998
23510.0	555021674.9999998
23520.0	537217424.9999999
23530.0	450455024.9999999
23540.0	518977349.9999999
23550.0	522296599.9999999
23560.0	531946224.99999976
23570.0	626646974.9999999
23580.0	524851724.9999998
23590.0	501278224.99999994
23600.0	636949074.9999998
23610.0	478531825.0
23620.0	469175725.0
23630.0	465211324.9999999
23640.0	533312574.9999998
23650.0	604843899.9999998
23660.0	604747324.9999998
23670.0	542811849.9999999
23680.0	412168374.9999999
23690.0	623093574.9999999
23700.0	581644149.9999999
23710.0	516494050.00000006
23720.0	651409449.9999998
23730.0	635748700.0
23740.0	478551449.99999976
23750.0	578101699.9999998
23760.0	516356624.99999994
23770.0	492362224.99999994
23780.0	461650275.0
23790.0	533236949.9999998
23800.0	582433074.9999999
23810.0	457825874.9999998
23820.0	537498374.9999999
23830.0	455220149.99999994
23840.0	465034249.9999999
23850.0	569728499.9999999
23860.0	502012550.0
23870.0	404946149.9999998
23880.0	380988724.9999999
23890.0	572843574.9999999
23900.0	535626574.9999998
23910.0	509476474.9999998
23920.0	341037724.99999994
23930.0	374999374.9999999
23940.0	523377774.99999994
23950.0	477482974.9999999
23960.0	445444774.99999994
23970.0	441084674.99999994
23980.0	435687249.9999999
23990.0	531596399.9999999
24000.0	525761924.9999999
24010.0	373761499.99999994
24020.0	432622549.9999999
24030.0	401644199.9999999
24040.0	516772124.9999999
24050.0	462318624.99999994
24060.0	451992699.9999999
24070.0	347899199.99999994
24080.0	479693474.9999998
24090.0	542124799.9999999
24100.0	362719349.9999999
24110.0	458019524.9999999
24120.0	435045750.0
24130.0	478490199.9999999
24140.0	407956849.99999994
24150.0	485962749.99999994
24160.0	461818000.0
24170.0	443668074.99999994
24180.0	339687374.9999999
24190.0	535158324.99999994
24200.0	436760574.9999999
24210.0	424806374.99999994
24220.0	308062974.9999999
24230.0	449001350.0
24240.0	496790499.9999998
24250.0	379866999.9999999
24260.0	406231474.99999994
24270.0	489027374.99999994
24280.0	404247049.99999994
24290.0	438937324.99999994
24300.0	427488274.99999994
24310.0	302351999.99999994
24320.0	433317399.99999994
24330.0	432865974.99999994
24340.0	319481749.9999999
24350.0	321632299.99999994
24360.0	408979075.0
24370.0	269911949.99999994
24380.0	346172350.0
24390.0	448912324.9999998
24400.0	341320099.9999999
24410.0	369484899.9999999
24420.0	391799199.99999994
24430.0	372237799.99999994
24440.0	290413849.9999999
24450.0	320251974.99999994
24460.0	350910775.0
24470.0	430024900.0
24480.0	409513924.99999994
24490.0	433161224.99999994
24500.0	379558200.0
24510.0	465539574.9999998
24520.0	282802849.99999994
24530.0	350487299.99999994
24540.0	249059849.99999994
24550.0	330802350.0
24560.0	378175599.99999994
24570.0	333629349.99999994
24580.0	375292724.9999999
24590.0	392303274.99999994
24600.0	335077999.99999994
24610.0	248764119.99999994
24620.0	359986014.99999994
24630.0	365771624.99999994
24640.0	454361424.9999998
24650.0	329607374.9999999
24660.0	256433449.9999999
24670.0	349656049.9999999
24680.0	218081879.99999994
24690.0	377595674.99999994
24700.0	336563600.0
24710.0	252544699.99999997
24720.0	316264449.99999994
24730.0	337772949.9999999
24740.0	196790024.9999999
24750.0	269329514.99999994
24760.0	287059999.99999994
24770.0	387165599.99999994
24780.0	371879119.9999998
24790.0	259102564.99999994
24800.0	345828624.99999994
24810.0	251002200.0
24820.0	286032149.99999994
24830.0	214624899.99999994
24840.0	340285974.9999999
24850.0	360560399.99999994
24860.0	328096650.0
24870.0	322166899.99999994
24880.0	305260995.0
24890.0	262933782.4999999
24900.0	255863277.49999997
24910.0	243074374.99999994
24920.0	331644450.0
24930.0	258992674.99999994
24940.0	373140474.99999994
24950.0	353759124.99999994
24960.0	338190074.99999994
24970.0	306095749.99999994
24980.0	257616379.99999994
24990.0	317148475.0
