# Flux units: erg / (cm m2 s)
# Wavelength units: Angstrom
wave	flux
9000.0	153505024.99999997
9010.0	314506124.99999994
9020.0	278025950.0
9030.0	215676594.99999997
9040.0	232188025.0
9050.0	313835977.49999994
9060.0	276048427.49999994
9070.0	290034674.99999994
9080.0	372020049.9999999
9090.0	365039199.9999999
9100.0	357813249.9999999
9110.0	381556849.9999999
9120.0	466780649.9999999
9130.0	418801574.9999998
9140.0	420260724.9999999
9150.0	370769699.9999999
9160.0	476393424.9999999
9170.0	463046224.9999999
9180.0	466295000.0
9190.0	458009424.9999999
9200.0	325863424.99999994
9210.0	316226514.9999999
9220.0	396087550.0
9230.0	321103924.9999999
9240.0	243509274.99999997
9250.0	296973479.99999994
9260.0	306291099.99999994
9270.0	253727609.99999997
9280.0	199174424.99999994
9290.0	243696849.99999994
9300.0	226609074.99999994
9310.0	184544899.99999994
9320.0	241328774.99999994
9330.0	193376724.99999997
9340.0	361483324.99999994
9350.0	189850754.99999997
9360.0	306024424.99999994
9370.0	237306539.99999997
9380.0	362019049.99999994
9390.0	223459249.99999997
9400.0	302382424.99999994
9410.0	307983549.99999994
9420.0	336518099.9999999
9430.0	427884374.9999999
9440.0	254944174.99999994
9450.0	328865224.99999994
9460.0	290897449.99999994
9470.0	339863349.9999999
9480.0	410740624.9999999
9490.0	453112099.9999999
9500.0	343489249.99999994
9510.0	366213874.9999999
9520.0	448987499.9999999
9530.0	373640599.99999994
9540.0	412495899.9999998
9550.0	374012174.99999994
9560.0	442872574.9999999
9570.0	333277324.9999999
9580.0	551604674.9999998
9590.0	505513349.99999994
9600.0	395138624.9999999
9610.0	451491749.9999999
9620.0	450738699.9999999
9630.0	489663099.9999999
9640.0	316730149.9999999
9650.0	341498249.9999999
9660.0	479450599.99999994
9670.0	508370324.9999998
9680.0	358112524.99999994
9690.0	376873899.9999999
9700.0	549462099.9999998
9710.0	431997574.9999999
9720.0	385204774.99999994
9730.0	422433499.9999999
9740.0	389273249.99999994
9750.0	406942699.99999994
9760.0	426595299.9999998
9770.0	443223049.99999994
9780.0	374552374.9999999
9790.0	268546375.0
9800.0	513361225.0
9810.0	364496099.99999994
9820.0	321250399.99999994
9830.0	315351999.9999999
9840.0	372812124.99999994
9850.0	463801674.99999994
9860.0	541442749.9999999
9870.0	364427549.99999994
9880.0	500626549.99999976
9890.0	443099974.9999998
9900.0	136350165.0
9910.0	93374574.99999997
9920.0	89613819.99999999
9930.0	101372574.99999999
9940.0	120456189.99999999
9950.0	137948774.99999997
9960.0	133356899.99999996
9970.0	136134624.99999997
9980.0	118794524.99999997
9990.0	117265524.99999999
10000.0	129470099.99999997
10010.0	145863699.99999997
10020.0	150162349.99999997
10030.0	213981024.99999994
10040.0	149023124.99999994
10050.0	157974474.99999994
10060.0	106561422.49999999
10070.0	137208210.0
10080.0	170774427.49999997
10090.0	181991450.0
10100.0	215943049.99999994
10110.0	179754899.99999994
10120.0	146163774.99999997
10130.0	164198599.99999994
10140.0	140382099.99999997
10150.0	151551675.0
10160.0	144946374.99999994
10170.0	143760250.0
10180.0	175631049.99999997
10190.0	150217124.99999997
10200.0	147189874.99999997
10210.0	172640949.99999997
10220.0	153136124.99999997
10230.0	165258999.99999997
10240.0	202851450.0
10250.0	204032224.99999997
10260.0	143958874.99999997
10270.0	170435000.0
10280.0	163857924.99999994
10290.0	182184099.99999994
10300.0	151194574.99999994
10310.0	214034699.99999994
10320.0	174481000.0
10330.0	215727374.99999994
10340.0	166814624.99999997
10350.0	222193099.99999994
10360.0	235476324.99999994
10370.0	296172199.99999994
10380.0	214771874.99999994
10390.0	209876650.0
10400.0	295659975.0
10410.0	316703799.99999994
10420.0	224310974.99999994
10430.0	192527324.99999997
10440.0	278348174.99999994
10450.0	341660174.9999999
10460.0	454173150.0
10470.0	210426199.99999997
10480.0	233597049.99999994
10490.0	431749949.99999994
10500.0	346978374.9999999
10510.0	338712949.9999999
10520.0	238162424.99999994
10530.0	392153049.99999994
10540.0	419341749.9999998
10550.0	455843674.99999994
10560.0	331192324.99999994
10570.0	269824649.99999994
10580.0	381799499.9999999
10590.0	386118224.99999994
10600.0	539150750.0
10610.0	487639374.9999999
10620.0	345110974.9999998
10630.0	504287499.9999999
10640.0	517376424.9999999
10650.0	445629649.9999999
10660.0	499266524.9999999
10670.0	340569299.9999999
10680.0	394045849.99999994
10690.0	527909224.99999994
10700.0	469672224.99999994
10710.0	362898749.9999999
10720.0	312840999.99999994
10730.0	437074099.9999999
10740.0	487835849.9999999
10750.0	527651449.99999976
10760.0	525982774.9999998
10770.0	556614325.0
10780.0	526920099.9999999
10790.0	688125749.9999998
10800.0	645106650.0
10810.0	631114699.9999999
10820.0	591773299.9999999
10830.0	643378949.9999999
10840.0	721243999.9999998
10850.0	565820124.9999999
10860.0	457492774.9999999
10870.0	530704374.99999976
10880.0	690553224.9999998
10890.0	517625499.9999998
10900.0	641581674.9999999
10910.0	485582249.9999999
10920.0	539849474.9999999
10930.0	678810974.9999998
10940.0	679022599.9999999
10950.0	667323524.9999999
10960.0	598684624.9999999
10970.0	631993599.9999998
10980.0	478058574.9999999
10990.0	576509449.9999998
11000.0	486525074.99999994
11010.0	627483824.9999999
11020.0	610905325.0
11030.0	573222174.9999999
11040.0	430023399.9999999
11050.0	458804399.9999999
11060.0	468492874.9999999
11070.0	425720674.9999999
11080.0	398061824.9999999
11090.0	458718924.9999999
11100.0	508918124.9999998
11110.0	430964449.99999994
11120.0	523593524.9999999
11130.0	587220799.9999999
11140.0	598188849.9999999
11150.0	555012374.9999999
11160.0	574027949.9999998
11170.0	642601099.9999999
11180.0	452116924.9999999
11190.0	452496974.9999999
11200.0	577157149.9999999
11210.0	582182049.9999999
11220.0	635477824.9999999
11230.0	613676049.9999999
11240.0	633089049.9999999
11250.0	619316999.9999999
11260.0	577236949.9999998
11270.0	530967049.99999994
11280.0	542215099.9999999
11290.0	564127549.9999998
11300.0	675734074.9999998
11310.0	667812474.9999998
11320.0	646570824.9999998
11330.0	663224324.9999999
11340.0	490701599.99999994
11350.0	489847474.9999999
11360.0	498054550.0
11370.0	578853749.9999999
11380.0	349493699.99999994
11390.0	402393149.99999994
11400.0	403134774.9999999
11410.0	309211674.99999994
11420.0	484869024.99999994
11430.0	463403024.99999994
11440.0	575984650.0
11450.0	570905949.9999998
11460.0	559287674.9999999
11470.0	663226999.9999998
11480.0	588424924.9999998
11490.0	677291749.9999998
11500.0	691126499.9999998
11510.0	634227449.9999998
11520.0	663738549.9999996
11530.0	683658750.0
11540.0	648524199.9999999
11550.0	665225749.9999999
11560.0	722920849.9999999
11570.0	575989474.9999999
11580.0	696742774.9999998
11590.0	721088549.9999998
11600.0	577590449.9999999
11610.0	617501674.9999999
11620.0	681494974.9999999
11630.0	688176349.9999999
11640.0	586104074.9999999
11650.0	598117274.9999999
11660.0	454300524.9999999
11670.0	616211599.9999998
11680.0	476053224.9999998
11690.0	244226449.99999994
11700.0	328873974.9999999
11710.0	475608974.9999998
11720.0	592234524.9999998
11730.0	523876524.9999999
11740.0	511636899.99999994
11750.0	521474449.9999999
11760.0	424086574.9999998
11770.0	259888052.49999988
11780.0	217080192.49999997
11790.0	384151649.99999994
11800.0	493232524.9999999
11810.0	507526925.0
11820.0	601273049.9999998
11830.0	626023799.9999999
11840.0	625764649.9999999
11850.0	610705349.9999998
11860.0	602693349.9999999
11870.0	608804224.9999999
11880.0	639164999.9999998
11890.0	558846949.9999999
11900.0	689437924.9999998
11910.0	673144700.0
11920.0	712892599.9999999
11930.0	705670574.9999998
11940.0	621507299.9999999
11950.0	537141099.9999998
11960.0	648620624.9999998
11970.0	541440124.9999999
11980.0	412238849.99999994
11990.0	523720449.9999999
12000.0	515442024.99999994
12010.0	617516974.9999999
12020.0	541234024.9999998
12030.0	620227274.9999999
12040.0	551495399.9999998
12050.0	682696799.9999998
12060.0	600477999.9999999
12070.0	586540799.9999999
12080.0	725752049.9999998
12090.0	552631424.9999999
12100.0	755682399.9999999
12110.0	556172974.9999999
12120.0	582129625.0
12130.0	635525424.9999999
12140.0	507259874.9999999
12150.0	685083099.9999999
12160.0	612742124.9999999
12170.0	653620499.9999999
12180.0	692469624.9999999
12190.0	806130824.9999998
12200.0	586687850.0
12210.0	553247674.9999999
12220.0	742462974.9999998
12230.0	645445449.9999999
12240.0	698521724.9999999
12250.0	721984699.9999998
12260.0	759659949.9999998
12270.0	726491774.9999999
12280.0	652291174.9999998
12290.0	751482474.9999998
12300.0	743821249.9999999
12310.0	750597749.9999999
12320.0	655103099.9999999
12330.0	650845749.9999998
12340.0	701825100.0
12350.0	598945099.9999999
12360.0	639547700.0
12370.0	715247049.9999999
12380.0	632127250.0
12390.0	571627349.9999999
12400.0	531829975.00000006
12410.0	461335349.9999999
12420.0	522421624.9999999
12430.0	402188774.99999994
12440.0	329292524.9999999
12450.0	577765049.9999999
12460.0	708242949.9999998
12470.0	605901049.9999998
12480.0	642208674.9999999
12490.0	575922899.9999998
12500.0	502994374.9999999
12510.0	625797249.9999999
12520.0	339605324.9999999
12530.0	352602724.99999994
12540.0	564537824.9999998
12550.0	553691349.9999998
12560.0	696516024.9999999
12570.0	728642974.9999999
12580.0	626676249.9999998
12590.0	587445799.9999998
12600.0	704454624.9999999
12610.0	769951599.9999999
12620.0	634615724.9999999
12630.0	604168049.9999999
12640.0	466466324.9999999
12650.0	584753274.9999998
12660.0	679492049.9999998
12670.0	750819824.9999998
12680.0	766566374.9999999
12690.0	697475999.9999999
12700.0	751349724.9999999
12710.0	809437899.9999999
12720.0	762633599.9999998
12730.0	806214749.9999998
12740.0	571871324.9999999
12750.0	679655999.9999999
12760.0	712999949.9999998
12770.0	688176649.9999999
12780.0	830606774.9999998
12790.0	697599724.9999999
12800.0	729122724.9999999
12810.0	801497524.9999999
12820.0	767719174.9999998
12830.0	745749799.9999999
12840.0	795397099.9999999
12850.0	702191674.9999999
12860.0	588801999.9999999
12870.0	668488274.9999999
12880.0	688192624.9999999
12890.0	690391724.9999999
12900.0	534645574.9999999
12910.0	735769774.9999998
12920.0	646461899.9999996
12930.0	593026974.9999999
12940.0	684065724.9999999
12950.0	598270374.9999999
12960.0	725343124.9999998
12970.0	760413074.9999999
12980.0	743714949.9999999
12990.0	665630924.9999998
13000.0	716859549.9999999
13010.0	659983324.9999999
13020.0	718102175.0
13030.0	635803549.9999999
13040.0	732242574.9999999
13050.0	620549999.9999999
13060.0	812435749.9999999
13070.0	614467699.9999998
13080.0	769361924.9999999
13090.0	624002924.9999998
13100.0	645331425.0
13110.0	797229949.9999998
13120.0	765231999.9999999
13130.0	678401849.9999999
13140.0	720307299.9999998
13150.0	729911024.9999999
13160.0	672030049.9999999
13170.0	583056324.9999999
13180.0	770161199.9999998
13190.0	777008474.9999999
13200.0	641209725.0
13210.0	780399149.9999999
13220.0	666436274.9999999
13230.0	686950799.9999999
13240.0	652195574.9999999
13250.0	564255125.0
13260.0	683253549.9999999
13270.0	565374299.9999998
13280.0	615921074.9999999
13290.0	636386899.9999999
13300.0	624364049.9999999
13310.0	583927774.9999999
13320.0	411958824.99999994
13330.0	513029649.9999999
13340.0	504959674.99999994
13350.0	261378724.99999997
13360.0	332340274.99999994
13370.0	272582050.0
13380.0	263646424.99999988
13390.0	270710099.99999994
13400.0	308282924.99999994
13410.0	385482974.99999994
13420.0	296728049.99999994
13430.0	274788274.99999994
13440.0	322709074.9999999
13450.0	289671394.99999994
13460.0	376773714.9999999
13470.0	276837380.0
13480.0	254631049.99999997
13490.0	311388049.99999994
13500.0	275132817.4999999
13510.0	317614577.49999994
13520.0	214683074.99999997
13530.0	365137524.99999994
13540.0	256250149.99999997
13550.0	238172264.99999994
13560.0	302499934.9999999
13570.0	305122849.9999999
13580.0	313431224.99999994
13590.0	270681199.99999994
13600.0	324065349.9999999
13610.0	320816699.99999994
13620.0	233138099.99999994
13630.0	301099599.99999994
13640.0	338645225.0
13650.0	311303749.9999999
13660.0	364972224.9999999
13670.0	343615649.99999994
13680.0	323009117.49999994
13690.0	318374697.49999994
13700.0	332462199.9999999
13710.0	346201824.9999999
13720.0	374005299.9999999
13730.0	375554374.99999994
13740.0	333325049.99999994
13750.0	353459699.99999994
13760.0	365200349.99999994
13770.0	404411124.99999994
13780.0	420075924.9999999
13790.0	426920849.9999999
13800.0	451475124.9999999
13810.0	322035724.99999994
13820.0	430127749.9999999
13830.0	296237524.99999994
13840.0	426477174.99999994
13850.0	352946999.99999994
13860.0	327060124.9999999
13870.0	414570575.0
13880.0	322694549.99999994
13890.0	353478364.9999999
13900.0	340399644.9999999
13910.0	301098549.99999994
13920.0	315509724.9999999
13930.0	306522999.9999999
13940.0	316920124.99999994
13950.0	262400694.99999997
13960.0	306334524.99999994
13970.0	283052524.9999999
13980.0	304372149.9999999
13990.0	337019899.9999999
14000.0	298533574.99999994
14010.0	271191524.99999994
14020.0	360941349.9999999
14030.0	332983074.99999994
14040.0	276887649.99999994
14050.0	256004479.9999999
14060.0	418438474.9999999
14070.0	309873324.99999994
14080.0	273472625.0
14090.0	279702925.0
14100.0	320197499.99999994
14110.0	323155349.9999999
14120.0	259828924.99999997
14130.0	345725500.0
14140.0	293991527.49999994
14150.0	283378317.5
14160.0	312284024.9999999
14170.0	302484624.99999994
14180.0	232581624.99999997
14190.0	248174774.9999999
14200.0	275849565.0
14210.0	304869624.9999999
14220.0	271498224.99999994
14230.0	285259600.0
14240.0	227868379.99999994
14250.0	293024275.0
14260.0	239356124.99999997
14270.0	288712950.0
14280.0	284956849.99999994
14290.0	209033974.99999997
14300.0	339934799.99999994
14310.0	314603674.99999994
14320.0	288017275.0
14330.0	322951425.0
14340.0	244485324.99999997
14350.0	331503874.99999994
14360.0	314816174.9999999
14370.0	291096574.99999994
14380.0	288962699.99999994
14390.0	298114274.99999994
14400.0	281774099.9999999
14410.0	286407449.99999994
14420.0	269060799.99999994
14430.0	343313899.99999994
14440.0	312166474.99999994
14450.0	251808699.9999999
14460.0	323758649.99999994
14470.0	281369024.99999994
14480.0	302863674.99999994
14490.0	340532724.99999994
14500.0	296239124.99999994
14510.0	243431224.99999994
14520.0	389678799.9999999
14530.0	328728674.9999999
14540.0	294946199.99999994
14550.0	346094549.99999994
14560.0	299706199.99999994
14570.0	265764099.9999999
14580.0	366484724.99999994
14590.0	380141675.0
14600.0	361587149.99999994
14610.0	370793324.99999994
14620.0	296462874.99999994
14630.0	247819774.99999997
14640.0	346833549.99999994
14650.0	346068074.99999994
14660.0	345066174.99999994
14670.0	362874299.99999994
14680.0	293385649.99999994
14690.0	273265099.99999994
14700.0	342511599.9999999
14710.0	333701074.99999994
14720.0	370175374.9999999
14730.0	358820174.9999999
14740.0	306387549.99999994
14750.0	297305074.99999994
14760.0	320415874.9999999
14770.0	348316849.99999994
14780.0	349532899.99999994
14790.0	383714899.99999994
14800.0	321479799.99999994
14810.0	364825749.9999999
14820.0	287984724.99999994
14830.0	354444874.99999994
14840.0	382601324.9999999
14850.0	332655124.99999994
14860.0	339637274.99999994
14870.0	371657149.99999994
14880.0	337410074.9999999
14890.0	337499249.9999999
14900.0	325493949.99999994
14910.0	384072599.9999998
14920.0	354257299.99999994
14930.0	340487799.99999994
14940.0	338168849.99999994
14950.0	360880124.9999999
14960.0	325527849.9999999
14970.0	394520124.99999994
14980.0	345844499.99999994
14990.0	391226999.9999999
15000.0	355581424.99999994
15010.0	355322174.9999999
15020.0	306656549.99999994
15030.0	366754024.99999994
15040.0	368253499.9999999
15050.0	379173849.9999999
15060.0	359083049.9999999
15070.0	366643999.99999994
15080.0	364806024.99999994
15090.0	382630049.99999994
15100.0	360877999.9999999
15110.0	374721975.0
15120.0	377915549.99999994
15130.0	354667449.99999994
15140.0	355513824.99999994
15150.0	419502899.9999999
15160.0	380256549.99999994
15170.0	343175324.9999999
15180.0	369596349.99999994
15190.0	426976949.99999994
15200.0	372433399.99999994
15210.0	436639474.99999994
15220.0	372438124.9999999
15230.0	441507024.9999999
15240.0	407794399.9999999
15250.0	394302299.99999994
15260.0	384768674.99999994
15270.0	382056150.0
15280.0	376168349.9999999
15290.0	393774524.99999994
15300.0	389519249.99999994
15310.0	382510099.9999999
15320.0	375304874.9999999
15330.0	410375600.0
15340.0	428178950.0
15350.0	425788524.99999994
15360.0	422927849.9999999
15370.0	394943249.99999994
15380.0	409754174.99999994
15390.0	446249375.0
15400.0	406556649.99999994
15410.0	403192849.99999994
15420.0	416245524.99999994
15430.0	385586599.99999994
15440.0	393871524.9999999
15450.0	402276724.9999999
15460.0	423957974.9999999
15470.0	418200000.0
15480.0	385868749.99999994
15490.0	399567524.99999994
15500.0	434289974.99999994
15510.0	380586174.9999999
15520.0	424909024.9999999
15530.0	405938049.99999994
15540.0	441958599.9999999
15550.0	438782049.99999994
15560.0	420719724.9999999
15570.0	402268174.9999999
15580.0	382476424.99999994
15590.0	431289449.9999999
15600.0	448558624.9999998
15610.0	421514499.9999999
15620.0	431322074.9999999
15630.0	429026874.9999999
15640.0	449882499.9999999
15650.0	420370924.9999999
15660.0	400696724.9999999
15670.0	456924999.99999994
15680.0	439175999.9999999
15690.0	417493199.99999994
15700.0	442165674.99999994
15710.0	448812974.9999999
15720.0	408441999.99999994
15730.0	418336999.99999994
15740.0	445558574.9999998
15750.0	405358749.9999999
15760.0	442220124.99999994
15770.0	476032549.9999999
15780.0	451492874.99999994
15790.0	446037099.9999999
15800.0	441390400.0
15810.0	454700624.9999999
15820.0	431008574.99999994
15830.0	442470499.9999999
15840.0	428320349.9999999
15850.0	423521249.99999994
15860.0	438601249.9999999
15870.0	444029824.99999994
15880.0	443769799.99999994
15890.0	459385549.9999998
15900.0	439332599.9999998
15910.0	446752124.9999999
15920.0	453181949.9999999
15930.0	433466224.99999994
15940.0	453738900.0
15950.0	457078749.9999998
15960.0	448787299.9999999
15970.0	450764299.99999994
15980.0	437322599.9999999
15990.0	436209024.99999994
16000.0	454058399.9999998
16010.0	422229449.9999998
16020.0	432595049.9999999
16030.0	451630024.9999999
16040.0	445726474.9999999
16050.0	424714749.9999999
16060.0	439430074.9999999
16070.0	438015750.0
16080.0	438986474.9999999
16090.0	451076499.9999999
16100.0	416492675.0
16110.0	437167724.9999999
16120.0	445886949.99999994
16130.0	441757474.99999994
16140.0	434614949.99999994
16150.0	435756999.9999999
16160.0	418750049.9999999
16170.0	433070949.99999994
16180.0	443317025.0
16190.0	429255350.0
16200.0	421211349.9999999
16210.0	435143449.99999994
16220.0	431352799.9999999
16230.0	424841974.99999994
16240.0	424670800.0
16250.0	419955974.9999999
16260.0	433042949.99999994
16270.0	432373874.9999998
16280.0	438571399.99999994
16290.0	420265549.9999998
16300.0	434573274.9999998
16310.0	419991049.9999999
16320.0	418996949.99999994
16330.0	431175824.99999994
16340.0	416211849.9999999
16350.0	418777724.9999999
16360.0	426225824.9999999
16370.0	428255049.99999994
16380.0	426715349.9999999
16390.0	429184524.99999994
16400.0	425947424.99999994
16410.0	412416649.9999999
16420.0	400529899.99999994
16430.0	406688074.9999999
16440.0	424880149.9999999
16450.0	420303949.99999994
16460.0	419811449.99999994
16470.0	419741149.9999998
16480.0	416686649.99999994
16490.0	423964375.0
16500.0	424369599.9999999
16510.0	422536249.99999994
16520.0	410281749.99999994
16530.0	413185499.9999999
16540.0	419765674.9999999
16550.0	409201349.9999999
16560.0	417669149.9999999
16570.0	419899274.9999999
16580.0	414073974.9999998
16590.0	403198649.99999994
16600.0	413770374.9999999
16610.0	407423649.9999999
16620.0	394323974.9999999
16630.0	410981474.99999994
16640.0	399626249.99999994
16650.0	409922074.99999994
16660.0	411988049.9999999
16670.0	407212749.99999994
16680.0	403785049.9999998
16690.0	397422924.99999994
16700.0	403014374.99999994
16710.0	401386974.9999999
16720.0	397497625.0
16730.0	404618099.99999994
16740.0	404769799.9999999
16750.0	396649599.9999999
16760.0	400751924.99999994
16770.0	383688624.99999994
16780.0	397483399.9999999
16790.0	397804549.9999998
16800.0	387613674.9999998
16810.0	396816849.9999999
16820.0	393450899.99999994
16830.0	391025249.99999994
16840.0	388684399.99999994
16850.0	391688924.9999998
16860.0	396698424.9999998
16870.0	392071224.9999999
16880.0	390036999.99999994
16890.0	389367675.0
16900.0	392375200.0
16910.0	392942299.9999999
16920.0	376922199.9999999
16930.0	380794624.9999998
16940.0	387470474.9999999
16950.0	379804724.99999994
16960.0	378341674.9999999
16970.0	370240349.99999994
16980.0	382292924.9999999
16990.0	361649049.99999994
17000.0	374585174.99999994
17010.0	354287024.99999994
17020.0	368798449.99999994
17030.0	367751849.9999999
17040.0	368362749.9999999
17050.0	364451499.9999999
17060.0	370920449.9999999
17070.0	364104499.99999994
17080.0	352271349.9999998
17090.0	351647699.99999994
17100.0	373642799.9999999
17110.0	354895650.0
17120.0	357385774.99999994
17130.0	362089449.99999994
17140.0	356900274.9999998
17150.0	345058074.9999999
17160.0	349996324.9999999
17170.0	351273099.9999999
17180.0	337273124.99999994
17190.0	323078424.99999994
17200.0	355396124.99999994
17210.0	351649374.99999994
17220.0	335810799.9999999
17230.0	327015724.9999999
17240.0	334131924.9999999
17250.0	343469200.0
17260.0	333832099.9999999
17270.0	301877649.99999994
17280.0	321895149.99999994
17290.0	306023349.99999994
17300.0	322809924.99999994
17310.0	318042274.99999994
17320.0	316325824.9999999
17330.0	317581650.0
17340.0	326917724.99999994
17350.0	297041449.99999994
17360.0	302841949.99999994
17370.0	281250099.99999994
17380.0	331345049.99999994
17390.0	319912074.99999994
17400.0	295287299.9999999
17410.0	269297325.0
17420.0	283344049.99999994
17430.0	303354749.99999994
17440.0	285604074.99999994
17450.0	310397549.99999994
17460.0	303254199.99999994
17470.0	290679949.99999994
17480.0	299980324.99999994
17490.0	291107474.99999994
17500.0	315620499.99999994
17510.0	285716849.99999994
17520.0	284135699.99999994
17530.0	275799749.9999999
17540.0	271759499.9999999
17550.0	278954674.99999994
17560.0	258484924.99999994
17570.0	289667650.0
17580.0	254226399.99999994
17590.0	272465074.9999999
17600.0	279854100.0
17610.0	263011599.99999994
17620.0	271353849.99999994
17630.0	242099999.99999994
17640.0	295548924.9999999
17650.0	273133549.99999994
17660.0	309618475.0
17670.0	248496149.9999999
17680.0	195752649.99999994
17690.0	240416199.99999994
17700.0	279868949.9999999
17710.0	271512424.99999994
17720.0	233866424.99999994
17730.0	232281099.99999997
17740.0	293690424.99999994
17750.0	244199199.99999997
17760.0	201161329.99999997
17770.0	251102774.99999994
17780.0	255647374.9999999
17790.0	241217649.99999994
17800.0	251958174.99999994
17810.0	215295125.0
17820.0	258633649.9999999
17830.0	225344974.99999994
17840.0	269043424.99999994
17850.0	225958724.99999997
17860.0	225368899.9999999
17870.0	223553449.99999997
17880.0	224106424.99999994
17890.0	229702319.99999994
17900.0	260645675.0
17910.0	177331362.49999994
17920.0	209446362.49999994
17930.0	234716324.9999999
17940.0	210158699.99999997
17950.0	226579249.99999994
17960.0	200365449.99999997
17970.0	225547799.99999994
17980.0	245649674.99999997
17990.0	243479524.99999997
18000.0	182101474.99999994
18010.0	159415804.99999997
18020.0	206779694.99999994
18030.0	219744149.99999997
18040.0	260365574.99999994
18050.0	234249399.99999997
18060.0	182818324.99999997
18070.0	199748849.9999999
18080.0	189251519.99999997
18090.0	183322639.99999994
18100.0	241274624.99999997
18110.0	153977124.99999997
18120.0	214924199.99999994
18130.0	216128074.99999997
18140.0	264321874.99999994
18150.0	220682869.9999999
18160.0	203364839.99999994
18170.0	187689829.99999997
18180.0	227994224.99999994
18190.0	205386149.99999997
18200.0	212441724.99999994
18210.0	177045580.0
18220.0	178700024.99999997
18230.0	241531074.99999994
18240.0	274436249.99999994
18250.0	237524224.99999994
18260.0	180626012.49999997
18270.0	193855162.49999994
18280.0	211612024.9999999
18290.0	233899199.99999994
18300.0	224518599.99999994
18310.0	198418124.99999994
18320.0	224920799.99999994
18330.0	213185800.0
18340.0	241537199.99999994
18350.0	209368549.99999997
18360.0	234276499.99999997
18370.0	239501474.99999994
18380.0	206091949.99999997
18390.0	201648375.0
18400.0	201537274.99999997
18410.0	236960274.9999999
18420.0	180521824.99999994
18430.0	228402699.9999999
18440.0	201601049.99999994
18450.0	200137299.99999994
18460.0	190541499.99999997
18470.0	169313399.99999994
18480.0	183733774.99999997
18490.0	193272174.99999994
18500.0	190344775.0
18510.0	220280774.99999994
18520.0	199102559.99999997
18530.0	200646704.99999997
18540.0	190972674.99999997
18550.0	196329344.99999994
18560.0	192485074.99999997
18570.0	154290984.99999997
18580.0	178663149.99999997
18590.0	195556374.9999999
18600.0	150356579.99999997
18610.0	188395509.99999997
18620.0	203899194.99999997
18630.0	186691324.99999997
18640.0	177985299.99999994
18650.0	174762899.99999997
18660.0	230219524.9999999
18670.0	197597049.99999997
18680.0	136770830.0
18690.0	225687799.99999994
18700.0	203586549.99999997
18710.0	196449149.99999994
18720.0	196461449.99999997
18730.0	166462524.99999997
18740.0	196108949.99999997
18750.0	179425325.0
18760.0	210348274.99999994
18770.0	199051749.99999994
18780.0	210671749.99999994
18790.0	180449524.99999994
18800.0	210960149.9999999
18810.0	181738824.99999997
18820.0	215213249.99999994
18830.0	234715549.99999997
18840.0	208471549.99999997
18850.0	159756029.99999997
18860.0	214908149.99999997
18870.0	201644624.99999997
18880.0	218975225.0
18890.0	199755574.99999994
18900.0	224008849.99999994
18910.0	235689224.99999994
18920.0	192195374.99999997
18930.0	211544649.99999997
18940.0	221383899.99999994
18950.0	239488974.99999997
18960.0	210554299.9999999
18970.0	222348799.99999994
18980.0	200370174.99999997
18990.0	224760349.9999999
19000.0	203021422.4999999
19010.0	181219607.49999997
19020.0	215566724.99999994
19030.0	205478394.99999994
19040.0	224558224.99999997
19050.0	210523749.99999994
19060.0	204332999.99999994
19070.0	191800674.99999994
19080.0	245179049.99999994
19090.0	220710999.99999994
19100.0	227654524.99999994
19110.0	177572604.99999994
19120.0	219068514.9999999
19130.0	221682399.99999997
19140.0	200034399.99999997
19150.0	243200724.99999997
19160.0	199496324.99999997
19170.0	216638474.99999994
19180.0	232052399.99999994
19190.0	244244674.99999997
19200.0	173490519.99999997
19210.0	175566874.99999994
19220.0	216985274.99999994
19230.0	208106239.99999994
19240.0	178735249.99999997
19250.0	221698749.9999999
19260.0	215840949.99999997
19270.0	191224944.99999997
19280.0	236310299.99999997
19290.0	210565399.99999994
19300.0	223569849.99999994
19310.0	171205069.99999997
19320.0	199269674.99999997
19330.0	202699599.99999997
19340.0	182156024.99999997
19350.0	215845099.99999994
19360.0	193978824.99999997
19370.0	212721049.99999997
19380.0	175895429.99999994
19390.0	184785074.99999994
19400.0	172969149.99999997
19410.0	183416299.99999997
19420.0	198900899.99999994
19430.0	189010819.99999997
19440.0	189570914.99999997
19450.0	161407900.0
19460.0	161421759.99999994
19470.0	211691049.99999994
19480.0	170208094.99999997
19490.0	173178399.99999997
19500.0	201339324.99999997
19510.0	200381074.99999994
19520.0	208197524.99999997
19530.0	176323174.99999994
19540.0	200784950.0
19550.0	158523369.99999997
19560.0	145030044.99999997
19570.0	198237084.99999994
19580.0	190474525.0
19590.0	203332722.49999997
19600.0	144864427.49999997
19610.0	176553499.99999997
19620.0	191795774.99999997
19630.0	204220674.99999997
19640.0	193677449.99999994
19650.0	199036649.99999997
19660.0	207373674.99999997
19670.0	220875649.99999994
19680.0	186285699.99999994
19690.0	185730599.99999994
19700.0	190134649.99999997
19710.0	191126624.99999997
19720.0	203904449.99999994
19730.0	205079449.99999997
19740.0	166230964.99999997
19750.0	192100100.0
19760.0	157005674.99999994
19770.0	193211099.99999997
19780.0	177587749.99999997
19790.0	195988574.99999997
19800.0	184770674.99999994
19810.0	196778874.99999994
19820.0	177802299.99999997
19830.0	201176175.0
19840.0	196273299.99999997
19850.0	182955100.0
19860.0	204201599.99999994
19870.0	198281424.99999994
19880.0	176558574.99999994
19890.0	191627849.99999997
19900.0	166074324.99999997
19910.0	173439874.99999997
19920.0	169419100.0
19930.0	200068499.99999994
19940.0	207820649.99999994
19950.0	181840149.99999997
19960.0	199165849.99999994
19970.0	195737350.0
19980.0	180703599.99999994
19990.0	206885374.99999994
20000.0	169780399.99999997
20010.0	173052124.99999997
20020.0	194782074.99999997
20030.0	193292999.99999997
20040.0	202143325.0
20050.0	197639549.99999994
20060.0	194811649.99999994
20070.0	179129849.99999997
20080.0	222014299.99999994
20090.0	171118024.99999997
20100.0	194385774.99999997
20110.0	193480324.99999994
20120.0	205083999.99999994
20130.0	208045099.99999994
20140.0	189979674.99999994
20150.0	201336824.99999994
20160.0	193836249.99999994
20170.0	195215849.99999997
20180.0	206880724.99999994
20190.0	201849324.9999999
20200.0	173116199.99999997
20210.0	208899624.99999994
20220.0	208597224.9999999
20230.0	207028549.99999994
20240.0	226340824.99999997
20250.0	205174499.99999997
20260.0	176632949.99999997
20270.0	182388799.99999997
20280.0	206072499.9999999
20290.0	187669499.99999994
20300.0	200676824.99999994
20310.0	177000099.99999997
20320.0	212234425.0
20330.0	212434424.99999997
20340.0	198900749.99999994
20350.0	209199149.99999997
20360.0	186010849.99999997
20370.0	218173399.99999997
20380.0	210736749.99999997
20390.0	192759474.99999997
20400.0	196358249.99999997
20410.0	189414425.0
20420.0	208164049.99999994
20430.0	217349074.99999994
20440.0	186512149.99999997
20450.0	196978075.0
20460.0	211114624.99999997
20470.0	195706449.99999997
20480.0	202954824.99999997
20490.0	191353274.99999994
20500.0	201261149.99999997
20510.0	215390499.99999994
20520.0	207427649.99999994
20530.0	197402049.99999997
20540.0	209057650.0
20550.0	195270424.99999994
20560.0	192545474.99999997
20570.0	211504574.99999997
20580.0	216478524.99999994
20590.0	208711974.99999997
20600.0	212966299.99999994
20610.0	191861299.99999997
20620.0	208000899.99999997
20630.0	208417399.99999997
20640.0	184933124.99999997
20650.0	206152874.99999994
20660.0	204625874.99999994
20670.0	201550174.99999997
20680.0	202142724.99999994
20690.0	206700049.99999994
20700.0	205579874.99999997
20710.0	212796774.99999994
20720.0	209295949.99999997
20730.0	207714824.99999994
20740.0	198256774.99999997
20750.0	211145250.0
20760.0	206337499.99999997
20770.0	202134724.99999994
20780.0	203785349.99999994
20790.0	207605424.99999997
20800.0	200855099.99999994
20810.0	197726774.99999997
20820.0	204908574.99999994
20830.0	198522199.99999997
20840.0	209561849.99999997
20850.0	203108149.99999994
20860.0	205785925.0
20870.0	196789975.0
20880.0	208290699.99999997
20890.0	204620399.99999994
20900.0	203201299.99999997
20910.0	209411474.99999997
20920.0	205577974.99999997
20930.0	210023349.99999994
20940.0	198337974.99999994
20950.0	204462574.99999997
20960.0	206750050.0
20970.0	201089074.99999994
20980.0	211907849.99999997
20990.0	202751449.99999994
21000.0	204166274.99999997
21010.0	205949849.99999994
21020.0	205494949.99999997
21030.0	200426474.99999994
21040.0	206687549.99999997
21050.0	205567274.99999997
21060.0	203922274.99999994
21070.0	206235449.99999997
21080.0	206738749.99999997
21090.0	199886924.99999997
21100.0	206697924.99999997
21110.0	208212874.99999994
21120.0	198380974.99999997
21130.0	201511024.99999994
21140.0	204826774.99999994
21150.0	203037599.99999994
21160.0	201838799.99999997
21170.0	203664450.0
21180.0	204676899.99999994
21190.0	200907324.99999997
21200.0	205442099.99999994
21210.0	203743249.9999999
21220.0	200917874.99999994
21230.0	206067874.99999994
21240.0	203393924.99999994
21250.0	199228424.99999994
21260.0	204374099.99999994
21270.0	203309274.9999999
21280.0	203353924.99999994
21290.0	201019700.0
21300.0	204010224.99999997
21310.0	200484875.0
21320.0	203156524.99999997
21330.0	202528649.99999994
21340.0	202574574.99999997
21350.0	203801400.0
21360.0	200943999.99999994
21370.0	201503074.99999994
21380.0	200966424.99999997
21390.0	200551000.0
21400.0	198841299.99999994
21410.0	201743099.99999994
21420.0	201512974.99999994
21430.0	198126199.99999997
21440.0	201425524.99999994
21450.0	200909174.99999997
21460.0	200234599.99999997
21470.0	199182874.99999997
21480.0	198017774.99999997
21490.0	195847024.99999997
21500.0	196151574.99999997
21510.0	200610499.9999999
21520.0	199647599.99999994
21530.0	198172324.99999997
21540.0	199484074.99999994
21550.0	199945374.99999994
21560.0	195512549.99999997
21570.0	199367999.99999994
21580.0	197520674.99999997
21590.0	197281749.99999994
21600.0	198478224.99999994
21610.0	199310649.99999994
21620.0	197637924.99999997
21630.0	197282324.99999997
21640.0	197838599.99999994
21650.0	197032749.99999997
21660.0	194961974.99999994
21670.0	196734074.99999997
21680.0	196320749.99999994
21690.0	197631650.0
21700.0	196427999.99999997
21710.0	196066999.99999997
21720.0	196579975.0
21730.0	193076074.99999997
21740.0	194180549.99999997
21750.0	196230449.99999994
21760.0	194843450.0
21770.0	194755424.99999994
21780.0	193146374.99999997
21790.0	193803749.99999994
21800.0	194052474.99999997
21810.0	195078275.0
21820.0	195097375.0
21830.0	192753349.99999994
21840.0	193762974.99999994
21850.0	190414299.99999997
21860.0	192128874.99999994
21870.0	193874949.99999997
21880.0	192699424.99999997
21890.0	193115399.99999994
21900.0	192521324.99999997
21910.0	193280899.99999994
21920.0	192347824.99999997
21930.0	190559249.99999997
21940.0	190930049.99999997
21950.0	191336049.99999997
21960.0	192735174.99999997
21970.0	190971099.99999997
21980.0	189588749.99999997
21990.0	190654924.99999997
22000.0	191936149.99999994
22010.0	188265599.99999997
22020.0	191911874.99999997
22030.0	189276774.99999994
22040.0	187595174.99999997
22050.0	190140999.99999997
22060.0	190214024.99999997
22070.0	190264524.99999997
22080.0	189366074.99999997
22090.0	190175949.99999994
22100.0	189100174.99999997
22110.0	188061999.99999997
22120.0	189111524.99999994
22130.0	189051574.99999997
22140.0	189977749.99999997
22150.0	185169324.99999997
22160.0	188684299.99999994
22170.0	187794924.99999994
22180.0	187642549.99999997
22190.0	186014175.0
22200.0	179310324.99999997
22210.0	184097649.99999997
22220.0	185607724.99999997
22230.0	183768249.99999997
22240.0	186297599.99999994
22250.0	186942099.99999997
22260.0	185482874.99999997
22270.0	186827474.99999997
22280.0	180692124.99999997
22290.0	186436949.99999994
22300.0	182958224.99999997
22310.0	186499649.99999994
22320.0	186616949.99999994
22330.0	182798649.99999994
22340.0	185653974.99999997
22350.0	183709074.99999994
22360.0	180455949.99999997
22370.0	184383224.99999997
22380.0	184532799.99999997
22390.0	178877975.0
22400.0	185182799.99999997
22410.0	184789299.99999997
22420.0	183649099.99999997
22430.0	184262574.99999997
22440.0	182816024.99999994
22450.0	179281399.99999994
22460.0	183908299.99999997
22470.0	183675499.99999997
22480.0	183675599.99999997
22490.0	183234149.99999994
22500.0	182807224.99999994
22510.0	183128849.99999997
22520.0	182905774.99999997
22530.0	178622924.99999994
22540.0	181921674.99999994
22550.0	180197599.99999997
22560.0	177817074.99999997
22570.0	181743499.99999994
22580.0	178853475.0
22590.0	181433049.99999997
22600.0	180057899.99999994
22610.0	180794499.99999997
22620.0	178928324.99999997
22630.0	171653875.0
22640.0	178515699.99999997
22650.0	180079549.99999997
22660.0	178035324.99999997
22670.0	180324749.99999997
22680.0	179902124.99999997
22690.0	179214599.99999997
22700.0	173489199.99999994
22710.0	178400124.99999994
22720.0	177589099.99999997
22730.0	179505750.0
22740.0	178421799.99999997
22750.0	179546849.99999997
22760.0	177293774.99999997
22770.0	178836849.99999994
22780.0	178090174.99999997
22790.0	173194624.99999997
22800.0	174521499.99999997
22810.0	175506850.0
22820.0	177951449.99999994
22830.0	176655224.99999997
22840.0	176846424.99999997
22850.0	177270174.99999994
22860.0	176821324.99999994
22870.0	173883199.99999994
22880.0	176916649.99999997
22890.0	176659624.99999997
22900.0	177328199.99999997
22910.0	176940899.99999997
22920.0	175384699.99999994
22930.0	176134450.0
22940.0	151285650.0
22950.0	154223624.99999997
22960.0	157650274.99999997
22970.0	162959549.99999994
22980.0	169682649.99999997
22990.0	170803949.99999997
23000.0	154961649.99999994
23010.0	167407949.99999997
23020.0	170884749.99999994
23030.0	154884425.0
23040.0	170432724.99999997
23050.0	147684784.99999994
23060.0	158258699.99999994
23070.0	149973904.99999994
23080.0	163905974.99999997
23090.0	168638649.99999997
23100.0	168290650.0
23110.0	164701274.99999994
23120.0	168818924.99999994
23130.0	171631874.99999997
23140.0	169702999.99999997
23150.0	139985734.99999997
23160.0	167897699.99999997
23170.0	171095375.0
23180.0	167889024.99999997
23190.0	167518074.99999997
23200.0	166178137.49999997
23210.0	148475062.49999997
23220.0	165887074.99999997
23230.0	155478189.99999994
23240.0	146407579.99999997
23250.0	134757630.0
23260.0	170137799.99999997
23270.0	152017694.99999997
23280.0	164301624.99999994
23290.0	161030049.99999997
23300.0	145503304.99999994
23310.0	160575224.99999997
23320.0	164339999.99999997
23330.0	165543924.99999997
23340.0	155930099.99999994
23350.0	158449799.99999997
23360.0	156671449.99999997
23370.0	147264397.49999997
23380.0	160273992.49999997
23390.0	164098274.99999994
23400.0	154962999.99999997
23410.0	165705524.99999997
23420.0	160370424.99999997
23430.0	163540849.99999994
23440.0	166007749.99999997
23450.0	145923724.99999997
23460.0	162520975.0
23470.0	149871954.99999997
23480.0	160135374.99999997
23490.0	166029299.99999997
23500.0	164768300.0
23510.0	157119174.99999997
23520.0	158359074.99999994
23530.0	145309154.99999997
23540.0	150024979.99999997
23550.0	159918964.99999994
23560.0	155421549.99999997
23570.0	162989874.99999997
23580.0	146763094.99999997
23590.0	153538959.99999997
23600.0	164951649.99999997
23610.0	146009194.99999997
23620.0	153405399.99999994
23630.0	149624775.0
23640.0	156213424.99999997
23650.0	160477074.99999994
23660.0	160841824.99999997
23670.0	153966749.99999997
23680.0	128005299.99999996
23690.0	162921449.99999997
23700.0	161515924.99999997
23710.0	144224925.0
23720.0	163078899.99999997
23730.0	161449299.99999997
23740.0	150142849.99999997
23750.0	161029224.99999997
23760.0	151159649.99999997
23770.0	153747924.99999997
23780.0	144689374.99999997
23790.0	154772699.99999997
23800.0	160147899.99999997
23810.0	125873915.0
23820.0	159516649.99999997
23830.0	151939324.99999994
23840.0	151588024.99999994
23850.0	162917624.99999997
23860.0	148609699.99999997
23870.0	150693974.99999997
23880.0	139566774.99999997
23890.0	160282874.99999997
23900.0	160253400.0
23910.0	159054299.99999994
23920.0	121462955.0
23930.0	143317474.99999994
23940.0	152859999.99999997
23950.0	145983550.0
23960.0	146446425.0
23970.0	147506924.99999997
23980.0	151176724.99999997
23990.0	160648599.99999994
24000.0	152166574.99999997
24010.0	142087624.99999997
24020.0	147709250.0
24030.0	138923159.99999997
24040.0	151127699.99999997
24050.0	155997374.99999997
24060.0	154166974.99999997
24070.0	130510024.99999994
24080.0	154498349.99999997
24090.0	158032124.99999997
24100.0	141723649.99999994
24110.0	150328099.99999997
24120.0	145297474.99999997
24130.0	153569749.99999997
24140.0	135640724.99999997
24150.0	157960974.99999997
24160.0	145595749.99999994
24170.0	148267574.99999997
24180.0	139550749.99999994
24190.0	146811225.0
24200.0	141408774.99999997
24210.0	151725624.99999994
24220.0	130277974.99999996
24230.0	145177249.99999997
24240.0	150992824.99999994
24250.0	143748224.99999994
24260.0	148062199.99999997
24270.0	146524249.99999997
24280.0	140152924.99999994
24290.0	154067799.99999994
24300.0	140484104.99999997
24310.0	128224944.99999996
24320.0	146048675.0
24330.0	147130024.99999994
24340.0	127689022.49999999
24350.0	123809267.49999999
24360.0	136632999.99999997
24370.0	111155504.99999997
24380.0	138302174.99999994
24390.0	154304024.99999997
24400.0	134021524.99999997
24410.0	129611124.99999997
24420.0	139283124.99999997
24430.0	136983225.00000003
24440.0	112071969.99999997
24450.0	133864205.0
24460.0	133189574.99999997
24470.0	131863409.99999996
24480.0	127934812.49999993
24490.0	138240912.49999997
24500.0	146537574.99999997
24510.0	147533524.99999997
24520.0	117466599.99999997
24530.0	119453224.99999996
24540.0	102376150.0
24550.0	128777049.99999996
24560.0	133057779.99999996
24570.0	133388974.99999997
24580.0	145746349.99999997
24590.0	135385902.49999997
24600.0	119356922.49999999
24610.0	103905869.99999999
24620.0	122464324.99999997
24630.0	137363749.99999994
24640.0	154265824.99999997
24650.0	135596400.0
24660.0	113057244.99999997
24670.0	118665447.49999999
24680.0	85114849.99999999
24690.0	125270057.49999999
24700.0	128475399.99999996
24710.0	114560689.99999999
24720.0	122998384.99999999
24730.0	121857029.99999996
24740.0	90615244.99999997
24750.0	94927879.99999999
24760.0	114960469.99999997
24770.0	134775382.5
24780.0	125739689.99999996
24790.0	105319947.49999997
24800.0	141529705.0
24810.0	110340367.49999996
24820.0	108212747.49999996
24830.0	95435049.99999997
24840.0	126386659.99999997
24850.0	132272279.99999997
24860.0	131806499.99999997
24870.0	122597899.99999999
24880.0	115533729.99999997
24890.0	90572564.99999999
24900.0	91866947.49999997
24910.0	92750952.49999999
24920.0	137602299.99999997
24930.0	110751710.0
24940.0	145739574.99999994
24950.0	128427544.99999999
24960.0	115138817.49999999
24970.0	109117442.49999996
24980.0	84640079.99999997
24990.0	128636225.0
