# Flux units: erg / (cm m2 s)
# Wavelength units: Angstrom
wave	flux
9000.0	828695774999.9999
9010.0	830008549999.9998
9020.0	859746874999.9998
9030.0	874248899999.9999
9040.0	889844449999.9995
9050.0	904756824999.9998
9060.0	921130524999.9998
9070.0	937080149999.9999
9080.0	952787824999.9998
9090.0	967794599999.9999
9100.0	984474699999.9998
9110.0	1001652224999.9998
9120.0	1021784249999.9998
9130.0	1039055499999.9996
9140.0	1056226999999.9998
9150.0	1068702499999.9999
9160.0	1081422499999.9996
9170.0	1105480249999.9995
9180.0	1129723749999.9998
9190.0	1143373249999.9995
9200.0	1156303749999.9998
9210.0	1180737999999.9995
9220.0	1203050749999.9998
9230.0	1230019999999.9998
9240.0	1250048499999.9995
9250.0	1264539999999.9998
9260.0	1266482499999.9998
9270.0	1291025999999.9998
9280.0	1282132749999.9998
9290.0	1234405199999.9998
9300.0	1348122249999.9998
9310.0	1232343399999.9998
9320.0	1406281999999.9998
9330.0	1334048399999.9995
9340.0	1234571799999.9995
9350.0	1202673499999.9998
9360.0	1307461549999.9998
9370.0	1249337124999.9998
9380.0	1515078124999.9998
9390.0	1568010749999.9995
9400.0	1605622249999.9998
9410.0	1626954749999.9995
9420.0	1642625749999.9998
9430.0	1690958249999.9995
9440.0	1715234749999.9995
9450.0	1731444499999.9998
9460.0	1724840249999.9993
9470.0	1577535999999.9995
9480.0	1799735249999.9995
9490.0	1830422999999.9998
9500.0	1590343999999.9995
9510.0	1880103999999.9995
9520.0	1880001249999.9995
9530.0	1914577249999.9998
9540.0	2003157249999.9995
9550.0	2005313124999.9993
9560.0	1788119874999.9995
9570.0	2075437249999.9998
9580.0	2106021499999.9993
9590.0	2153105999999.9998
9600.0	2042313249999.9998
9610.0	2230846249999.9995
9620.0	2019503750000.0
9630.0	2298192999999.999
9640.0	2281066749999.9995
9650.0	2319835749999.9995
9660.0	2396267499999.999
9670.0	2404059499999.999
9680.0	2489535249999.999
9690.0	2514554499999.9995
9700.0	2555692999999.9995
9710.0	2590037749999.9995
9720.0	2594639749999.9995
9730.0	2641999749999.999
9740.0	2693971499999.9995
9750.0	2689756999999.9985
9760.0	2788214999999.9995
9770.0	2829666000000.0
9780.0	2876877999999.9995
9790.0	2897900999999.9995
9800.0	2913452499999.999
9810.0	3003763499999.999
9820.0	3060793249999.999
9830.0	3098516999999.999
9840.0	3147893499999.999
9850.0	3180997249999.999
9860.0	3218163999999.9995
9870.0	3284701249999.9995
9880.0	3311432999999.999
9890.0	3366218249999.9995
9900.0	3426166249999.999
9910.0	3488106749999.999
9920.0	3526914999999.999
9930.0	3577922999999.999
9940.0	3616889749999.999
9950.0	3690497499999.9995
9960.0	3734873249999.9995
9970.0	3795072749999.999
9980.0	3848592499999.9985
9990.0	3898088499999.999
10000.0	3942102249999.999
10010.0	3993763249999.999
10020.0	4051880999999.999
10030.0	4105498499999.9995
10040.0	4154721249999.9985
10050.0	4218891999999.9995
10060.0	4273378750000.0
10070.0	4332024499999.999
10080.0	4382063499999.998
10090.0	4444533499999.999
10100.0	4507555999999.998
10110.0	4565280999999.999
10120.0	4621598499999.999
10130.0	4685609499999.998
10140.0	4747045000000.0
10150.0	4809981749999.998
10160.0	4873163749999.999
10170.0	4936517749999.999
10180.0	4997445249999.999
10190.0	5064400000000.0
10200.0	5130454749999.999
10210.0	5196376749999.999
10220.0	5263388749999.999
10230.0	5330688499999.998
10240.0	5398284999999.998
10250.0	5466201249999.999
10260.0	5536125999999.999
10270.0	5607678499999.998
10280.0	5678364499999.998
10290.0	5750468749999.999
10300.0	5822914749999.998
10310.0	5895055249999.998
10320.0	5967073999999.999
10330.0	6043002499999.998
10340.0	6119460999999.998
10350.0	6195306749999.999
10360.0	6272532999999.999
10370.0	6350389999999.997
10380.0	6428034249999.999
10390.0	6507146499999.999
10400.0	6587496750000.0
10410.0	6667843499999.999
10420.0	6750297249999.998
10430.0	6831921249999.997
10440.0	6914533499999.998
10450.0	6998467249999.997
10460.0	7083660999999.998
10470.0	7168821500000.0
10480.0	7255717499999.998
10490.0	7342604499999.998
10500.0	7428788749999.999
10510.0	7519998749999.997
10520.0	7608168749999.998
10530.0	7699242999999.998
10540.0	7792290499999.998
10550.0	7884290000000.0
10560.0	7977787999999.999
10570.0	8072351249999.999
10580.0	8166622999999.999
10590.0	8260860999999.998
10600.0	8334411499999.998
10610.0	8457038999999.998
10620.0	8568761749999.996
10630.0	8697585999999.995
10640.0	8802429750000.0
10650.0	8901488249999.998
10660.0	9007099999999.998
10670.0	9089381749999.998
10680.0	9198610249999.998
10690.0	9318859499999.998
10700.0	9407081999999.996
10710.0	9529284749999.998
10720.0	9635973000000.0
10730.0	9751872249999.998
10740.0	9853598749999.998
10750.0	9971415499999.996
10760.0	10088214999999.996
10770.0	10191779999999.998
10780.0	10279419999999.998
10790.0	10427534999999.996
10800.0	10531044999999.996
10810.0	10662794999999.996
10820.0	10781654999999.998
10830.0	10903487499999.998
10840.0	11020164999999.998
10850.0	11142869999999.998
10860.0	11261127499999.998
10870.0	11351612499999.998
10880.0	11516167499999.998
10890.0	11640024999999.994
10900.0	11708792499999.996
10910.0	11869957499999.998
10920.0	11972337499999.996
10930.0	12070877499999.996
10940.0	12183394999999.996
10950.0	12369109999999.998
10960.0	12404369999999.998
10970.0	12568569999999.996
10980.0	12505762499999.996
10990.0	12656592499999.998
11000.0	13005487499999.998
11010.0	12421666499999.998
11020.0	13110404999999.994
11030.0	12752122499999.998
11040.0	13399084999999.996
11050.0	13500854999999.994
11060.0	13540582499999.996
11070.0	13667040000000.0
11080.0	13722859999999.998
11090.0	14302337499999.998
11100.0	14298204999999.996
11110.0	14148784999999.996
11120.0	14604929999999.996
11130.0	14362557499999.996
11140.0	14808404999999.994
11150.0	12214468499999.998
11160.0	13819463249999.998
11170.0	13460299749999.998
11180.0	15324914999999.996
11190.0	13823464999999.996
11200.0	11026109749999.998
11210.0	15570311749999.994
11220.0	13347656749999.996
11230.0	15288142749999.996
11240.0	13606810499999.994
11250.0	13820260749999.994
11260.0	15036194249999.996
11270.0	14519262499999.996
11280.0	16946252499999.996
11290.0	17354744999999.996
11300.0	17167584999999.992
11310.0	16676634999999.996
11320.0	17955007499999.996
11330.0	17844694999999.996
11340.0	17058954249999.996
11350.0	12878827249999.998
11360.0	17464689999999.996
11370.0	18561889999999.992
11380.0	18712264999999.992
11390.0	19073677499999.992
11400.0	19403862499999.996
11410.0	19491212499999.996
11420.0	17924987499999.996
11430.0	19166354999999.996
11440.0	18357029999999.992
11450.0	19791249999999.992
11460.0	19870929999999.996
11470.0	20450524749999.996
11480.0	17435133249999.996
11490.0	20518189499999.992
11500.0	15159751499999.994
11510.0	21599327499999.992
11520.0	21493967499999.996
11530.0	21223297499999.996
11540.0	20799434999999.992
11550.0	20900507499999.992
11560.0	22059712499999.992
11570.0	21134824999999.996
11580.0	21330187499999.996
11590.0	22991224999999.996
11600.0	20488583749999.996
11610.0	23108323750000.0
11620.0	23872564999999.996
11630.0	23951782499999.996
11640.0	19411859999999.992
11650.0	23847139999999.992
11660.0	22484674999999.992
11670.0	24985932499999.996
11680.0	25164017499999.996
11690.0	24816169999999.992
11700.0	23831357499999.996
11710.0	25485147499999.992
11720.0	26310499999999.996
11730.0	22060956999999.996
11740.0	25642649999999.996
11750.0	26451952499999.996
11760.0	27186780000000.0
11770.0	27431999999999.992
11780.0	27065267499999.992
11790.0	28076867499999.996
11800.0	27679522499999.996
11810.0	28206642499999.992
11820.0	27486432499999.992
11830.0	29110074999999.996
11840.0	29342984999999.992
11850.0	28709392499999.992
11860.0	29513942499999.996
11870.0	30014342499999.992
11880.0	30295119999999.996
11890.0	30558439999999.99
11900.0	30774079999999.992
11910.0	31296272499999.996
11920.0	31546557499999.992
11930.0	31844524999999.99
11940.0	31872487499999.992
11950.0	32412249999999.992
11960.0	32651862500000.0
11970.0	32954154999999.992
11980.0	32696357499999.99
11990.0	32673924999999.99
12000.0	33878262499999.99
12010.0	34179092499999.996
12020.0	34141017499999.996
12030.0	34627102499999.992
12040.0	34711757499999.98
12050.0	35375872499999.99
12060.0	35652867499999.99
12070.0	35921309999999.984
12080.0	36237199999999.984
12090.0	36457259999999.99
12100.0	36864949999999.99
12110.0	37170982499999.984
12120.0	37148184999999.99
12130.0	37679387499999.984
12140.0	37692667499999.99
12150.0	38087944999999.99
12160.0	38738072499999.99
12170.0	39082559999999.984
12180.0	39378354999999.984
12190.0	39772144999999.99
12200.0	39902439999999.99
12210.0	40374217499999.99
12220.0	40616297499999.99
12230.0	40979922499999.99
12240.0	41260299999999.984
12250.0	41712002499999.984
12260.0	42048285000000.0
12270.0	42413677499999.99
12280.0	42714584999999.99
12290.0	42776224999999.984
12300.0	43447454999999.99
12310.0	43649614999999.99
12320.0	44125414999999.99
12330.0	44396982499999.99
12340.0	44884669999999.984
12350.0	45266999999999.99
12360.0	45592075000000.0
12370.0	45900349999999.98
12380.0	46352302499999.99
12390.0	46674642499999.98
12400.0	47070792499999.99
12410.0	47415022499999.984
12420.0	47816049999999.99
12430.0	48191587499999.98
12440.0	48576232499999.99
12450.0	48969277499999.984
12460.0	49321699999999.984
12470.0	49708939999999.984
12480.0	50103002499999.99
12490.0	50466402499999.99
12500.0	50861157499999.99
12510.0	51274769999999.98
12520.0	51679817499999.984
12530.0	52078834999999.99
12540.0	52132159999999.984
12550.0	52854472499999.984
12560.0	53250844999999.99
12570.0	53678964999999.98
12580.0	54097644999999.97
12590.0	54479882499999.984
12600.0	54897299999999.99
12610.0	55343439999999.984
12620.0	55746014999999.984
12630.0	56164094999999.984
12640.0	56577502499999.98
12650.0	56991264999999.984
12660.0	57405174999999.984
12670.0	57820707499999.98
12680.0	58288617499999.984
12690.0	58742999999999.99
12700.0	59151312499999.99
12710.0	59420039999999.98
12720.0	59757419999999.99
12730.0	60395599999999.984
12740.0	60768832499999.98
12750.0	61382707499999.98
12760.0	61631122499999.99
12770.0	62252029999999.99
12780.0	62732312500000.0
12790.0	63148942499999.98
12800.0	63423492499999.98
12810.0	63926234999999.984
12820.0	64473949999999.97
12830.0	64397934999999.984
12840.0	65440647499999.97
12850.0	65260614999999.984
12860.0	66385522499999.99
12870.0	66800914999999.984
12880.0	67290849999999.99
12890.0	67697082499999.98
12900.0	68079464999999.984
12910.0	68399999999999.99
12920.0	68681984999999.99
12930.0	69341424999999.984
12940.0	70029054999999.984
12950.0	68421939999999.99
12960.0	69344947499999.984
12970.0	70976049999999.98
12980.0	72215227499999.98
12990.0	71252192499999.98
13000.0	73154239999999.98
13010.0	73477029999999.98
13020.0	74166542499999.97
13030.0	73108677499999.98
13040.0	74820377499999.98
13050.0	75737422499999.98
13060.0	76358702499999.98
13070.0	76242082499999.97
13080.0	77314572499999.98
13090.0	77257694999999.97
13100.0	78207229999999.98
13110.0	78930302499999.98
13120.0	78616809999999.97
13130.0	79749757499999.98
13140.0	79148609999999.97
13150.0	79902569999999.98
13160.0	80533024999999.97
13170.0	82034574999999.98
13180.0	82631499999999.97
13190.0	79488089999999.98
13200.0	83313669999999.97
13210.0	83905604999999.97
13220.0	84881509999999.97
13230.0	74963229999999.98
13240.0	84905424999999.98
13250.0	86134707499999.98
13260.0	86016417500000.0
13270.0	86874444999999.97
13280.0	87317277499999.98
13290.0	85067297499999.97
13300.0	88785879999999.97
13310.0	88271869999999.98
13320.0	82577429999999.98
13330.0	87799304999999.98
13340.0	88917519999999.97
13350.0	81210634999999.97
13360.0	83378394999999.97
13370.0	65368749999999.99
13380.0	68519834999999.984
13390.0	75509069999999.98
13400.0	81842742500000.0
13410.0	80971722499999.98
13420.0	62888997499999.98
13430.0	84025364999999.97
13440.0	71221065999999.97
13450.0	58959093999999.98
13460.0	88840227999999.97
13470.0	69598303500000.0
13480.0	65849556249999.99
13490.0	74902236249999.98
13500.0	68858761824999.984
13510.0	68397435974999.99
13520.0	45490620499999.984
13530.0	79506597499999.98
13540.0	55320197499999.98
13550.0	49208139479999.984
13560.0	73628843699999.97
13570.0	69055452499999.97
13580.0	62562613499999.984
13590.0	48568627699999.984
13600.0	85194617499999.97
13610.0	73047792499999.98
13620.0	46218105749999.984
13630.0	47038331749999.984
13640.0	76349361299999.97
13650.0	60567319000000.0
13660.0	79127907499999.98
13670.0	75795414999999.98
13680.0	57102616507499.99
13690.0	74772553052499.98
13700.0	67825372499999.984
13710.0	79555969999999.97
13720.0	86208207499999.98
13730.0	101293644999999.97
13740.0	53215665499999.984
13750.0	73809882499999.98
13760.0	80795617499999.98
13770.0	85711937499999.98
13780.0	106367269999999.98
13790.0	105255734999999.97
13800.0	110002395250000.0
13810.0	59946116749999.99
13820.0	106803282499999.97
13830.0	67900278499999.97
13840.0	100799259999999.98
13850.0	90470117499999.97
13860.0	76488940174999.98
13870.0	99865337524999.98
13880.0	87086267499999.97
13890.0	87013531699999.98
13900.0	96465775299999.97
13910.0	78909609999999.98
13920.0	93213149999999.98
13930.0	89451769499999.97
13940.0	99211419999999.98
13950.0	69370015679999.98
13960.0	77055875099999.98
13970.0	78337043199999.98
13980.0	99363869999999.97
13990.0	119223714999999.97
14000.0	76302645499999.98
14010.0	78520776499999.98
14020.0	111591669999999.97
14030.0	111343114999999.95
14040.0	65592559499999.99
14050.0	71742379039999.97
14060.0	113523999999999.97
14070.0	104205347499999.97
14080.0	80182117499999.98
14090.0	98958609999999.97
14100.0	96193304999999.97
14110.0	133405574999999.97
14120.0	83599649999999.97
14130.0	115817019999999.97
14140.0	111641258449999.98
14150.0	95351374149999.97
14160.0	87225895999999.98
14170.0	126326355249999.97
14180.0	61659141749999.99
14190.0	80534124999999.98
14200.0	90669858549999.97
14210.0	102221613249999.97
14220.0	96158869999999.98
14230.0	80865662499999.97
14240.0	84068100499999.97
14250.0	109509893749999.97
14260.0	73705100999999.98
14270.0	117167194249999.98
14280.0	80739033499999.97
14290.0	77143383250000.0
14300.0	126229457249999.97
14310.0	115273523499999.98
14320.0	125456577499999.98
14330.0	118606439999999.98
14340.0	101246849999999.97
14350.0	136337854999999.98
14360.0	125690954999999.97
14370.0	132575024999999.98
14380.0	102666765999999.95
14390.0	108287429749999.97
14400.0	115001929249999.97
14410.0	122657547499999.98
14420.0	110300072499999.98
14430.0	152610949999999.97
14440.0	139654042499999.97
14450.0	117206264999999.97
14460.0	111834437499999.97
14470.0	146131374999999.97
14480.0	143107244999999.97
14490.0	164017574999999.97
14500.0	139042664249999.97
14510.0	80928784749999.98
14520.0	167074024999999.97
14530.0	164011699999999.94
14540.0	144191774999999.97
14550.0	138738174999999.98
14560.0	136551979999999.98
14570.0	155423309999999.94
14580.0	180102849999999.94
14590.0	176900575000000.0
14600.0	180917499999999.97
14610.0	179296149999999.97
14620.0	151607344999999.97
14630.0	119727124999999.97
14640.0	183934374999999.97
14650.0	147217779999999.97
14660.0	147787292499999.94
14670.0	170216227499999.97
14680.0	159710474999999.97
14690.0	149110784999999.97
14700.0	176694949999999.97
14710.0	178363749999999.97
14720.0	185348594999999.94
14730.0	151577914999999.97
14740.0	171692299999999.94
14750.0	173915049999999.94
14760.0	147957744999999.94
14770.0	188573729999999.97
14780.0	195962024999999.97
14790.0	180164199999999.94
14800.0	178030149999999.97
14810.0	198971149999999.97
14820.0	188239249999999.97
14830.0	161609544999999.97
14840.0	204066924999999.97
14850.0	195204149999999.97
14860.0	192297674999999.94
14870.0	200258174999999.94
14880.0	195075624999999.97
14890.0	204598299999999.94
14900.0	174632854999999.97
14910.0	183268564999999.94
14920.0	178448644999999.97
14930.0	213937099999999.9
14940.0	201118699999999.9
14950.0	222693049999999.94
14960.0	207015124999999.94
14970.0	214125832499999.9
14980.0	142340747500000.0
14990.0	226329949999999.94
15000.0	227145449999999.97
15010.0	204756349999999.94
15020.0	188013124999999.97
15030.0	226085149999999.9
15040.0	210991174999999.9
15050.0	223572949999999.94
15060.0	235895324999999.97
15070.0	220897449999999.97
15080.0	232338624999999.94
15090.0	227079649999999.94
15100.0	230729224999999.94
15110.0	222453799999999.94
15120.0	243197149999999.97
15130.0	236903949999999.97
15140.0	231062824999999.97
15150.0	242490699999999.94
15160.0	245130474999999.94
15170.0	238730249999999.94
15180.0	246764149999999.97
15190.0	243835374999999.97
15200.0	248143149999999.97
15210.0	255069999999999.94
15220.0	244949674999999.97
15230.0	259425499999999.94
15240.0	256955199999999.94
15250.0	250439974999999.94
15260.0	259807975000000.0
15270.0	254843949999999.94
15280.0	248761924999999.97
15290.0	264800499999999.94
15300.0	250496674999999.9
15310.0	265999224999999.97
15320.0	254686249999999.97
15330.0	269830924999999.9
15340.0	272907249999999.9
15350.0	267750274999999.94
15360.0	273201574999999.94
15370.0	275080349999999.88
15380.0	276551999999999.97
15390.0	278812599999999.97
15400.0	278164149999999.88
15410.0	281548499999999.94
15420.0	280698574999999.94
15430.0	284279374999999.94
15440.0	280295174999999.97
15450.0	286124024999999.9
15460.0	288856774999999.94
15470.0	288786224999999.94
15480.0	291906224999999.94
15490.0	291481924999999.94
15500.0	293609624999999.94
15510.0	292936124999999.94
15520.0	295243349999999.94
15530.0	297374274999999.9
15540.0	300334699999999.94
15550.0	297973499999999.9
15560.0	302416924999999.94
15570.0	301711149999999.94
15580.0	305127874999999.94
15590.0	307310199999999.94
15600.0	306825349999999.9
15610.0	307140199999999.94
15620.0	310965649999999.94
15630.0	311442849999999.94
15640.0	313676649999999.94
15650.0	312419574999999.94
15660.0	316593999999999.94
15670.0	318842624999999.9
15680.0	319761899999999.9
15690.0	319793074999999.9
15700.0	323203399999999.94
15710.0	323912699999999.94
15720.0	319999849999999.94
15730.0	325951924999999.94
15740.0	328041349999999.94
15750.0	328410199999999.9
15760.0	331437199999999.9
15770.0	333426599999999.94
15780.0	334023474999999.9
15790.0	334814774999999.9
15800.0	337307749999999.94
15810.0	338398974999999.9
15820.0	340389624999999.9
15830.0	340879599999999.9
15840.0	343400999999999.9
15850.0	344508800000000.0
15860.0	345406000000000.0
15870.0	345892099999999.94
15880.0	348940099999999.94
15890.0	350247625000000.0
15900.0	351581574999999.9
15910.0	352960674999999.9
15920.0	354550924999999.9
15930.0	356308775000000.0
15940.0	358364599999999.94
15950.0	359295624999999.94
15960.0	360541400000000.0
15970.0	361848224999999.94
15980.0	363561174999999.9
15990.0	365553399999999.94
16000.0	367283199999999.9
16010.0	368151624999999.9
16020.0	370169924999999.94
16030.0	369817649999999.9
16040.0	373229674999999.9
16050.0	374650324999999.94
16060.0	376227174999999.94
16070.0	377877024999999.9
16080.0	378966799999999.9
16090.0	381088149999999.94
16100.0	380675224999999.94
16110.0	384084624999999.94
16120.0	385589899999999.9
16130.0	386102399999999.94
16140.0	388844099999999.9
16150.0	389384724999999.94
16160.0	391089174999999.94
16170.0	392423299999999.94
16180.0	394684524999999.94
16190.0	396598074999999.9
16200.0	397741599999999.94
16210.0	394367199999999.94
16220.0	400086524999999.8
16230.0	397396974999999.9
16240.0	374734899999999.94
16250.0	404213199999999.94
16260.0	361934074999999.94
16270.0	405584649999999.94
16280.0	343575144999999.9
16290.0	402958174999999.9
16300.0	404114599999999.9
16310.0	401046249999999.9
16320.0	413356224999999.9
16330.0	313306474999999.9
16340.0	391951274999999.94
16350.0	347547534999999.9
16360.0	410517079999999.8
16370.0	424550249999999.9
16380.0	422344374999999.94
16390.0	420970749999999.9
16400.0	423140374999999.94
16410.0	431059824999999.9
16420.0	428611499999999.9
16430.0	428400449999999.8
16440.0	437271249999999.9
16450.0	434488099999999.8
16460.0	431816875000000.0
16470.0	437841049999999.9
16480.0	417420499999999.9
16490.0	423208099999999.9
16500.0	438828924999999.9
16510.0	440659649999999.94
16520.0	450481999999999.9
16530.0	452481199999999.94
16540.0	453942799999999.9
16550.0	436817524999999.94
16560.0	421408149999999.8
16570.0	400097124999999.94
16580.0	459863974999999.94
16590.0	449558174999999.9
16600.0	457529449999999.9
16610.0	461843099999999.94
16620.0	459240099999999.9
16630.0	460716399999999.94
16640.0	469225499999999.8
16650.0	457475757499999.94
16660.0	317999637499999.94
16670.0	320541327499999.9
16680.0	336243747499999.94
16690.0	459926974999999.94
16700.0	462413574999999.94
16710.0	476175549999999.94
16720.0	469850449999999.94
16730.0	471912674999999.8
16740.0	487171524999999.94
16750.0	482694449999999.8
16760.0	491442224999999.94
16770.0	476932349999999.94
16780.0	406089499999999.8
16790.0	490089274999999.9
16800.0	497969799999999.9
16810.0	433906874999999.94
16820.0	477781099999999.9
16830.0	500479224999999.8
16840.0	455684599999999.8
16850.0	486655199999999.9
16860.0	500561249999999.94
16870.0	502283649999999.8
16880.0	505149699999999.94
16890.0	492137274999999.8
16900.0	508275100000000.0
16910.0	446906224999999.9
16920.0	479091699999999.94
16930.0	520161099999999.9
16940.0	454777824999999.8
16950.0	507215949999999.8
16960.0	525493974999999.9
16970.0	444992099999999.94
16980.0	507668699999999.9
16990.0	512611474999999.94
17000.0	459299025000000.0
17010.0	451753749999999.94
17020.0	488194324999999.94
17030.0	499538999999999.8
17040.0	448579674999999.8
17050.0	498101324999999.9
17060.0	484418649999999.8
17070.0	492958174999999.94
17080.0	493906574999999.94
17090.0	517848574999999.9
17100.0	538800774999999.8
17110.0	541108449999999.8
17120.0	541946674999999.9
17130.0	541833574999999.9
17140.0	541363224999999.94
17150.0	553625374999999.94
17160.0	563130674999999.8
17170.0	529589999999999.9
17180.0	559427574999999.8
17190.0	549845274999999.9
17200.0	563278399999999.9
17210.0	558501874999999.8
17220.0	558245449999999.9
17230.0	539861125000000.0
17240.0	531202874999999.8
17250.0	552622699999999.9
17260.0	529566274999999.9
17270.0	488876024999999.8
17280.0	535870049999999.9
17290.0	518066574999999.94
17300.0	521632699999999.9
17310.0	534387699999999.9
17320.0	466174924999999.9
17330.0	582366975000000.0
17340.0	561714124999999.8
17350.0	545066799999999.8
17360.0	550112624999999.9
17370.0	485828374999999.8
17380.0	582783374999999.9
17390.0	603634999999999.9
17400.0	557067850000000.0
17410.0	543239799999999.94
17420.0	535222374999999.8
17430.0	568238349999999.9
17440.0	572468175000000.0
17450.0	568078049999999.9
17460.0	534315549999999.9
17470.0	598449150000000.0
17480.0	604513749999999.9
17490.0	580313624999999.9
17500.0	554003124999999.8
17510.0	572454124999999.9
17520.0	590987024999999.9
17530.0	570897549999999.9
17540.0	570383174999999.8
17550.0	512432374999999.9
17560.0	612880149999999.8
17570.0	586913974999999.9
17580.0	511525074999999.9
17590.0	541987124999999.75
17600.0	610354749999999.9
17610.0	569072249999999.8
17620.0	526584349999999.8
17630.0	518420149999999.94
17640.0	606760099999999.9
17650.0	628179075000000.0
17660.0	604616249999999.9
17670.0	585817549999999.9
17680.0	293330080000000.0
17690.0	600343149999999.8
17700.0	596653249999999.9
17710.0	566685525000000.0
17720.0	550217199999999.8
17730.0	511862899999999.8
17740.0	627623599999999.9
17750.0	501256399999999.8
17760.0	466329334999999.9
17770.0	587543049999999.9
17780.0	615115524999999.9
17790.0	505128099999999.94
17800.0	569693124999999.9
17810.0	475042349999999.9
17820.0	570424450000000.0
17830.0	524668724999999.9
17840.0	605348974999999.9
17850.0	444514854999999.9
17860.0	532414524999999.8
17870.0	538839124999999.94
17880.0	493296824999999.9
17890.0	517149711999999.9
17900.0	524821629999999.9
17910.0	398782351999999.9
17920.0	429668885999999.94
17930.0	528255124999999.75
17940.0	427352549999999.94
17950.0	570148425000000.0
17960.0	409950530000000.0
17970.0	507746094999999.94
17980.0	640466824999999.9
17990.0	674032899999999.8
18000.0	298844119999999.94
18010.0	297678621999999.94
18020.0	499690194999999.9
18030.0	473134164999999.94
18040.0	664021419999999.8
18050.0	629177749999999.9
18060.0	318500285999999.9
18070.0	406275305499999.9
18080.0	483650794999999.9
18090.0	406181956500000.0
18100.0	584678299999999.9
18110.0	244555814999999.97
18120.0	536979149999999.75
18130.0	441704599999999.94
18140.0	645032549999999.9
18150.0	540591330599999.9
18160.0	492872669199999.9
18170.0	477264653199999.9
18180.0	641902399999999.8
18190.0	550672074999999.94
18200.0	497712862499999.8
18210.0	368281081499999.9
18220.0	344051399999999.94
18230.0	641019074999999.8
18240.0	759296999999999.8
18250.0	693801325000000.0
18260.0	424929333749999.94
18270.0	553412726249999.9
18280.0	542931939999999.8
18290.0	570164038999999.9
18300.0	512219199999999.9
18310.0	493336258999999.9
18320.0	605405474999999.9
18330.0	463875699999999.94
18340.0	727847492499999.9
18350.0	436960622499999.94
18360.0	555686100000000.0
18370.0	644408199999999.9
18380.0	484073994999999.94
18390.0	561849875000000.0
18400.0	384146069999999.9
18410.0	583953418999999.9
18420.0	352059062999999.94
18430.0	687954499999999.8
18440.0	623024912499999.8
18450.0	601455062499999.8
18460.0	387025249999999.94
18470.0	357755511999999.9
18480.0	368542062499999.94
18490.0	433330287499999.94
18500.0	493765424999999.94
18510.0	729860324999999.8
18520.0	555038724999999.9
18530.0	532996649999999.94
18540.0	451176014999999.9
18550.0	570493329999999.9
18560.0	550979774999999.9
18570.0	377992545999999.94
18580.0	489768674999999.94
18590.0	633845894999999.9
18600.0	298225734199999.94
18610.0	435698719999999.9
18620.0	613939074000000.0
18630.0	434976414999999.8
18640.0	339389799999999.9
18650.0	323941004999999.9
18660.0	717142049999999.8
18670.0	436713874999999.94
18680.0	181306919999999.9
18690.0	668475523749999.9
18700.0	479645366249999.9
18710.0	410179324999999.9
18720.0	530085248999999.9
18730.0	297591654999999.9
18740.0	563073958999999.8
18750.0	414322061749999.9
18760.0	710280405249999.6
18770.0	513189374999999.94
18780.0	728341574999999.9
18790.0	476063282499999.8
18800.0	784557197499999.9
18810.0	465734799999999.9
18820.0	667359524999999.9
18830.0	782195274999999.9
18840.0	577826174999999.9
18850.0	439429999999999.9
18860.0	648660024999999.8
18870.0	740384124999999.9
18880.0	740434149999999.9
18890.0	643508749999999.9
18900.0	677574229999999.8
18910.0	846423074999999.8
18920.0	570693444999999.9
18930.0	608802224999999.9
18940.0	688460349999999.9
18950.0	793852249999999.9
18960.0	726677099999999.8
18970.0	767297124999999.6
18980.0	597762274999999.9
18990.0	782559149999999.9
19000.0	668362884249999.9
19010.0	515928372249999.8
19020.0	725789027499999.9
19030.0	662915820999999.8
19040.0	858416574999999.8
19050.0	630148239999999.9
19060.0	681453219999999.9
19070.0	518835674999999.94
19080.0	957591549999999.6
19090.0	865002749999999.8
19100.0	887952834499999.6
19110.0	485677912249999.9
19120.0	618811092249999.9
19130.0	677371644999999.8
19140.0	441988559999999.8
19150.0	847697324999999.9
19160.0	557342324999999.8
19170.0	793821924999999.8
19180.0	957281399999999.9
19190.0	970801474999999.8
19200.0	458076022999999.9
19210.0	396031447499999.94
19220.0	773722602499999.8
19230.0	780060124999999.8
19240.0	382858665000000.0
19250.0	846320374999999.8
19260.0	766006364999999.8
19270.0	590876834999999.8
19280.0	859819274999999.9
19290.0	646343125000000.0
19300.0	773260974999999.8
19310.0	460255030999999.9
19320.0	718051749999999.8
19330.0	687547174999999.8
19340.0	585810924999999.9
19350.0	806108617499999.9
19360.0	625873234999999.9
19370.0	754883637499999.8
19380.0	533086256999999.94
19390.0	483489399999999.94
19400.0	478995369999999.9
19410.0	469862882499999.8
19420.0	694454252499999.8
19430.0	698461069999999.9
19440.0	712176614999999.9
19450.0	418401402499999.94
19460.0	606003842499999.9
19470.0	787104474999999.8
19480.0	541661589999999.8
19490.0	448502702499999.8
19500.0	651094267499999.8
19510.0	866854099999999.9
19520.0	914719574999999.6
19530.0	553277949999999.8
19540.0	787866124999999.9
19550.0	462617694999999.94
19560.0	284996607500000.0
19570.0	716075237499999.8
19580.0	624991220000000.0
19590.0	652572452499999.8
19600.0	377500232499999.94
19610.0	617433664999999.8
19620.0	691447324999999.9
19630.0	776306799999999.9
19640.0	757464874999999.9
19650.0	787176624999999.9
19660.0	850183224999999.9
19670.0	988430299999999.8
19680.0	758363024999999.8
19690.0	697448724999999.9
19700.0	778636024999999.8
19710.0	768534699999999.8
19720.0	834127324999999.9
19730.0	964263574999999.8
19740.0	638226814999999.9
19750.0	844563624999999.8
19760.0	581563489999999.9
19770.0	981558849999999.9
19780.0	959473199999999.5
19790.0	839452874999999.8
19800.0	774961374999999.6
19810.0	1006055174999999.9
19820.0	813444349999999.9
19830.0	928350049999999.8
19840.0	1000120875000000.0
19850.0	885340599999999.9
19860.0	975804824999999.6
19870.0	1068850824999999.8
19880.0	812234869999999.8
19890.0	893769634999999.8
19900.0	745798879999999.9
19910.0	779218837499999.9
19920.0	709778962499999.9
19930.0	1046200349999999.9
19940.0	1072135924999999.8
19950.0	889355874999999.8
19960.0	1026651299999999.8
19970.0	1052251949999999.9
19980.0	859960074999999.8
19990.0	997779099999999.8
20000.0	820512999999999.8
20010.0	820776224999999.8
20020.0	991136224999999.8
20030.0	825294799999999.8
20040.0	1002779624999999.6
20050.0	1105299699999999.8
20060.0	989202899999999.6
20070.0	912408999999999.8
20080.0	1178512049999999.5
20090.0	855225699999999.8
20100.0	1072690249999999.9
20110.0	1134670499999999.8
20120.0	1178627749999999.8
20130.0	1143591749999999.8
20140.0	1106526299999999.8
20150.0	1068887674999999.6
20160.0	1002419174999999.8
20170.0	1042945399999999.8
20180.0	1058796849999999.9
20190.0	1151428499999999.8
20200.0	967522149999999.8
20210.0	1159513249999999.8
20220.0	1214882499999999.8
20230.0	1215238499999999.8
20240.0	1246828249999999.8
20250.0	1211275624999999.8
20260.0	1013608849999999.8
20270.0	1070429074999999.5
20280.0	1223603249999999.2
20290.0	996024724999999.8
20300.0	1182952499999999.8
20310.0	934150574999999.8
20320.0	1238340249999999.8
20330.0	1143649999999999.8
20340.0	1093884199999999.8
20350.0	1236262249999999.8
20360.0	1118315749999999.9
20370.0	1275813999999999.5
20380.0	1182239399999999.8
20390.0	1217557124999999.8
20400.0	1084589749999999.9
20410.0	1012504724999999.8
20420.0	1252644549999999.8
20430.0	1278366949999999.8
20440.0	1167713149999999.8
20450.0	1257100499999999.8
20460.0	1283516749999999.8
20470.0	1269006999999999.8
20480.0	1278359749999999.8
20490.0	1095332249999999.6
20500.0	1267208649999999.8
20510.0	1307067249999999.8
20520.0	1274622999999999.5
20530.0	1213060449999999.8
20540.0	1302104999999999.8
20550.0	1301917499999999.8
20560.0	1257116749999999.5
20570.0	1314351249999999.8
20580.0	1273391499999999.8
20590.0	1331083999999999.8
20600.0	1317442899999999.8
20610.0	1251991299999999.8
20620.0	1326497249999999.5
20630.0	1297456249999999.8
20640.0	1258004749999999.8
20650.0	1324339999999999.8
20660.0	1338693499999999.8
20670.0	1332976999999999.8
20680.0	1305303749999999.8
20690.0	1308224499999999.8
20700.0	1334281749999999.5
20710.0	1325192249999999.8
20720.0	1331971749999999.5
20730.0	1353072249999999.5
20740.0	1358364999999999.8
20750.0	1367313749999999.5
20760.0	1367679499999999.8
20770.0	1347476499999999.8
20780.0	1372117749999999.5
20790.0	1342710249999999.8
20800.0	1363197249999999.5
20810.0	1321472874999999.8
20820.0	1307692374999999.8
20830.0	1346251999999999.5
20840.0	1389261249999999.8
20850.0	1370152999999999.8
20860.0	1352917499999999.5
20870.0	1371394499999999.5
20880.0	1388431074999999.8
20890.0	1319393024999999.5
20900.0	1407518499999999.5
20910.0	1407353249999999.5
20920.0	1391608249999999.8
20930.0	1414374999999999.8
20940.0	1406799249999999.8
20950.0	1418918249999999.8
20960.0	1420539749999999.5
20970.0	1409840249999999.5
20980.0	1428928249999999.8
20990.0	1398526499999999.5
21000.0	1426748749999999.5
21010.0	1415766249999999.8
21020.0	1430588999999999.5
21030.0	1435746749999999.5
21040.0	1444693249999999.5
21050.0	1423470249999999.5
21060.0	1445258000000000.0
21070.0	1452197749999999.5
21080.0	1453869249999999.5
21090.0	1424153499999999.5
21100.0	1453053499999999.8
21110.0	1459421749999999.5
21120.0	1429554749999999.8
21130.0	1394705499999999.8
21140.0	1465559250000000.0
21150.0	1455220749999999.5
21160.0	1429591249999999.5
21170.0	1473083249999999.8
21180.0	1456395499999999.5
21190.0	1448312249999999.5
21200.0	1477089000000000.0
21210.0	1484315749999999.5
21220.0	1484657500000000.0
21230.0	1488077499999999.5
21240.0	1479802749999999.8
21250.0	1458684999999999.5
21260.0	1486652499999999.8
21270.0	1484552249999999.8
21280.0	1476891499999999.5
21290.0	1497541999999999.5
21300.0	1500207999999999.8
21310.0	1494584499999999.5
21320.0	1506177999999999.8
21330.0	1504588249999999.8
21340.0	1509226999999999.8
21350.0	1515566749999999.2
21360.0	1506741749999999.5
21370.0	1519070249999999.5
21380.0	1520642249999999.8
21390.0	1513338499999999.8
21400.0	1503930749999999.5
21410.0	1526866499999999.2
21420.0	1524003999999999.8
21430.0	1519213999999999.5
21440.0	1531448249999999.5
21450.0	1534275749999999.8
21460.0	1533853249999999.8
21470.0	1506532749999999.5
21480.0	1534553999999999.8
21490.0	1499588499999999.5
21500.0	1531811499999999.5
21510.0	1533811249999999.8
21520.0	1513676999999999.8
21530.0	1543824499999999.8
21540.0	1555523249999999.8
21550.0	1456367999999999.5
21560.0	1500654999999999.8
21570.0	1562880999999999.5
21580.0	1554649999999999.8
21590.0	1559693999999999.5
21600.0	1565227999999999.8
21610.0	1496731749999999.8
21620.0	1561520249999999.8
21630.0	1569755999999999.5
21640.0	1557547999999999.5
21650.0	1572611999999999.5
21660.0	1569148999999999.5
21670.0	1562713999999999.5
21680.0	1581262500000000.0
21690.0	1568802999999999.5
21700.0	1587833499999999.5
21710.0	1592301749999999.8
21720.0	1593262749999999.8
21730.0	1524815249999999.5
21740.0	1586770249999999.8
21750.0	1573559999999999.5
21760.0	1586852999999999.5
21770.0	1598448249999999.8
21780.0	1584355499999999.8
21790.0	1602813249999999.5
21800.0	1607515749999999.8
21810.0	1613806249999999.5
21820.0	1615196999999999.2
21830.0	1569184749999999.5
21840.0	1601347999999999.2
21850.0	1587431749999999.5
21860.0	1601208499999999.5
21870.0	1621697999999999.5
21880.0	1622665749999999.5
21890.0	1602343749999999.5
21900.0	1606117999999999.5
21910.0	1629028249999999.5
21920.0	1633336249999999.8
21930.0	1631091499999999.5
21940.0	1634925999999999.5
21950.0	1599203999999999.2
21960.0	1641377999999999.8
21970.0	1626515749999999.8
21980.0	1594238249999999.5
21990.0	1340809999999999.5
22000.0	1337133249999999.5
22010.0	1590255249999999.8
22020.0	1230050400000000.0
22030.0	1512837749999999.8
22040.0	1605952999999999.5
22050.0	1371964799999999.8
22060.0	1634306899999999.8
22070.0	1645495999999999.5
22080.0	1660095749999999.5
22090.0	1667825999999999.8
22100.0	1630298499999999.5
22110.0	1657571750000000.0
22120.0	1674074249999999.8
22130.0	1674272249999999.0
22140.0	1673604999999999.2
22150.0	1660799500000000.0
22160.0	1619579499999999.8
22170.0	1660994249999999.8
22180.0	1553052499999999.5
22190.0	1669370499999999.8
22200.0	1486159074999999.8
22210.0	1076671999999999.8
22220.0	1295271274999999.5
22230.0	1521561999999999.5
22240.0	1527610999999999.5
22250.0	1360160399999999.5
22260.0	1388485749999999.8
22270.0	1261078549999999.5
22280.0	1465816749999999.5
22290.0	1547545999999999.8
22300.0	1625148824999999.5
22310.0	1221146149999999.8
22320.0	1080371824999999.9
22330.0	1527924349999999.8
22340.0	1604803999999999.8
22350.0	1662181999999999.5
22360.0	1177123302499999.8
22370.0	1397277157499999.5
22380.0	1445541199999999.8
22390.0	1647389749999999.5
22400.0	1661150749999999.5
22410.0	1456350199999999.5
22420.0	1523219399999999.8
22430.0	1592298649999999.5
22440.0	1070145649999999.6
22450.0	1446091949999999.8
22460.0	1265011649999999.5
22470.0	1120840874999999.9
22480.0	1272692924999999.8
22490.0	1565455449999999.5
22500.0	1631336749999999.5
22510.0	1319835274999999.8
22520.0	1111907574999999.6
22530.0	1429797774999999.5
22540.0	1617209574999999.5
22550.0	1339784474999999.8
22560.0	935630724999999.8
22570.0	1549946124999999.5
22580.0	1551357874999999.8
22590.0	1743965999999999.5
22600.0	1552618749999999.8
22610.0	1519792599999999.5
22620.0	1564538249999999.5
22630.0	1675225749999999.8
22640.0	1565091999999999.5
22650.0	1490354999999999.8
22660.0	1646912749999999.8
22670.0	1583045824999999.5
22680.0	1294989499999999.5
22690.0	1166595674999999.8
22700.0	1595720924999999.8
22710.0	1685184149999999.5
22720.0	1381791624999999.8
22730.0	1723705199999999.5
22740.0	1569021149999999.8
22750.0	1487291499999999.5
22760.0	1503127199999999.8
22770.0	1518482499999999.8
22780.0	1488365999999999.5
22790.0	1436404749999999.8
22800.0	1651002774999999.8
22810.0	1283610424999999.8
22820.0	1335909549999999.5
22830.0	1527002749999999.5
22840.0	1373220649999999.5
22850.0	1277782274999999.8
22860.0	1395436824999999.8
22870.0	1382319530000000.0
22880.0	1188224509999999.8
22890.0	1494777899999999.8
22900.0	1088701999999999.8
22910.0	1512825199999999.8
22920.0	1270418774999999.8
22930.0	1276035024999999.5
22940.0	1040263739999999.6
22950.0	1258717849999999.8
22960.0	1083655299999999.6
22970.0	1289163224999999.8
22980.0	1161425674999999.8
22990.0	1242612324999999.8
23000.0	1486216474999999.5
23010.0	1570010249999999.8
23020.0	1512899499999999.5
23030.0	1367506724999999.8
23040.0	1299276474999999.8
23050.0	1526644299999999.5
23060.0	1586521749999999.5
23070.0	1479937750000000.0
23080.0	1773827749999999.5
23090.0	1440149799999999.8
23100.0	1395590499999999.8
23110.0	1846551249999999.2
23120.0	1774157499999999.5
23130.0	1855563499999999.2
23140.0	1854642999999999.5
23150.0	1495787149999999.5
23160.0	1249629599999999.8
23170.0	900298249999999.9
23180.0	1037309874999999.9
23190.0	743054574999999.9
23200.0	902770599999999.6
23210.0	1600845249999999.8
23220.0	1460802124999999.2
23230.0	1279602474999999.8
23240.0	1440968349999999.8
23250.0	1557388499999999.5
23260.0	1357340874999999.5
23270.0	1482909474999999.5
23280.0	1640145699999999.5
23290.0	1642967399999999.5
23300.0	1570380174999999.5
23310.0	1448499774999999.5
23320.0	1067183749999999.9
23330.0	1824856749999999.8
23340.0	1525750899999999.8
23350.0	1442761499999999.5
23360.0	1307713052500000.0
23370.0	1029283967499999.8
23380.0	1386593699999999.8
23390.0	1243940750000000.0
23400.0	1048218809999999.6
23410.0	986016449999999.9
23420.0	1326908849999999.8
23430.0	1298839549999999.8
23440.0	1493878699999999.5
23450.0	969107849999999.8
23460.0	1177940614999999.8
23470.0	1242075154999999.8
23480.0	813098109999999.9
23490.0	1440292249999999.5
23500.0	1463607474999999.8
23510.0	1196867045000000.0
23520.0	545931649999999.9
23530.0	1143523132499999.8
23540.0	1391462177499999.8
23550.0	1857523499999999.5
23560.0	814231899999999.8
23570.0	1811258499999999.5
23580.0	1541124624999999.5
23590.0	1359630274999999.8
23600.0	1856891999999999.2
23610.0	1808930809999999.8
23620.0	1241791869999999.5
23630.0	1540786999999999.8
23640.0	1694840999999999.5
23650.0	1925392249999999.2
23660.0	1760424499999999.5
23670.0	1576647449999999.5
23680.0	1513109999999999.8
23690.0	1374027799999999.8
23700.0	1082645682499999.5
23710.0	280057542499999.84
23720.0	1133973039999999.8
23730.0	989297689999999.9
23740.0	904593449999999.8
23750.0	1412761849999999.8
23760.0	927527099999999.8
23770.0	833235324999999.8
23780.0	1406023989999999.8
23790.0	1630325924999999.8
23800.0	1396773477499999.8
23810.0	1313453587499999.8
23820.0	1740417999999999.8
23830.0	1281120649999999.5
23840.0	1310627274999999.8
23850.0	1697034624999999.8
23860.0	1269280339999999.8
23870.0	1389819432499999.5
23880.0	1347622597500000.0
23890.0	1964288749999999.8
23900.0	1914314999999999.2
23910.0	1509002324999999.5
23920.0	1405581549999999.8
23930.0	1531176249999999.5
23940.0	1356032347499999.8
23950.0	1569736792499999.2
23960.0	1244830374999999.8
23970.0	1395955449999999.8
23980.0	1089407799999999.9
23990.0	1537232549999999.5
24000.0	1669261999999999.8
24010.0	1229221724999999.8
24020.0	1097340699999999.9
24030.0	1531557424999999.2
24040.0	1081747975000000.0
24050.0	974971849999999.9
24060.0	1125570624999999.5
24070.0	1756326499999999.5
24080.0	1468295999999999.8
24090.0	1495955039999999.5
24100.0	1073844179999999.8
24110.0	1599940149999999.5
24120.0	1290894499999999.5
24130.0	1773542749999999.5
24140.0	1384677099999999.5
24150.0	1827613999999999.5
24160.0	951744199999999.6
24170.0	1567782264999999.5
24180.0	1348546004999999.8
24190.0	727474149999999.9
24200.0	1102391249999999.6
24210.0	1629922749999999.8
24220.0	1156892974999999.8
24230.0	1440769224999999.8
24240.0	1133829349999999.8
24250.0	1621986799999999.8
24260.0	1247960574999999.5
24270.0	951684024999999.6
24280.0	1329843249999999.5
24290.0	1198705749999999.8
24300.0	1454603349999999.5
24310.0	1629224699999999.8
24320.0	1837858749999999.8
24330.0	1716400649999999.5
24340.0	1206687549999999.8
24350.0	966968097499999.6
24360.0	868455157500000.0
24370.0	1001720762499999.6
24380.0	1057172562499999.6
24390.0	1830970249999999.8
24400.0	1636422699999999.8
24410.0	1362130149999999.8
24420.0	1831311524999999.8
24430.0	995875424999999.8
24440.0	1031712824999999.6
24450.0	1577144574999999.5
24460.0	1184856425000000.0
24470.0	1028851904999999.8
24480.0	1542192974999999.5
24490.0	1660747224999999.5
24500.0	1513532899999999.8
24510.0	1346420374999999.8
24520.0	996259049999999.6
24530.0	928393424999999.8
24540.0	727491049999999.8
24550.0	1618259150000000.0
24560.0	1570168249999999.5
24570.0	1213097675000000.0
24580.0	1725328724999999.8
24590.0	1483452874999999.5
24600.0	1286701724999999.5
24610.0	941000687499999.6
24620.0	1423485912499999.5
24630.0	1175760799999999.8
24640.0	1783715749999999.8
24650.0	1964794249999999.8
24660.0	1377482049999999.8
24670.0	1385127599999999.8
24680.0	574685907499999.9
24690.0	950677997499999.8
24700.0	1389209524999999.5
24710.0	1139084349999999.5
24720.0	1115636199999999.6
24730.0	1078515599999999.9
24740.0	775736469999999.9
24750.0	732126549999999.8
24760.0	1343068699999999.8
24770.0	1536383974999999.5
24780.0	1140507534999999.8
24790.0	682557869999999.9
24800.0	1786311699999999.2
24810.0	1349642774999999.5
24820.0	868790399999999.6
24830.0	789720042499999.6
24840.0	982287077499999.9
24850.0	1653210474999999.5
24860.0	1656544649999999.5
24870.0	1505435649999999.5
24880.0	1192690299999999.8
24890.0	660003834999999.9
24900.0	491207907499999.9
24910.0	539476447499999.8
24920.0	1860166474999999.5
24930.0	928684004999999.9
24940.0	2046705019999999.5
24950.0	1302994049999999.8
24960.0	1277451747499999.8
24970.0	875441982499999.9
24980.0	384250099999999.94
24990.0	1482734799999999.5
