# Flux units: erg / (cm m2 s)
# Wavelength units: Angstrom
wave	flux
9000.0	3867470.9999999995
9010.0	3891392.75
9020.0	3935524.499999999
9030.0	3968273.7499999986
9040.0	4002685.499999999
9050.0	4033002.999999999
9060.0	4065140.499999999
9070.0	4101359.499999999
9080.0	4134299.9999999995
9090.0	4165114.9999999995
9100.0	4199776.5
9110.0	4228670.499999999
9120.0	4273434.749999999
9130.0	4303539.999999999
9140.0	4339877.749999999
9150.0	4367971.499999999
9160.0	4395741.249999998
9170.0	4432774.749999999
9180.0	4477156.999999999
9190.0	4504858.499999999
9200.0	4537951.999999999
9210.0	4577490.499999999
9220.0	4615060.999999998
9230.0	4658281.499999999
9240.0	4694358.999999999
9250.0	4716589.749999999
9260.0	4724907.999999999
9270.0	4759550.999999999
9280.0	4683237.749999999
9290.0	4656376.499999999
9300.0	4839827.999999998
9310.0	4750257.749999999
9320.0	4944274.749999998
9330.0	4890418.75
9340.0	4786700.749999999
9350.0	4791357.999999998
9360.0	4968197.5
9370.0	4901464.999999998
9380.0	5149298.249999999
9390.0	5212674.249999998
9400.0	5264804.249999999
9410.0	5308576.749999999
9420.0	5339311.499999999
9430.0	5397942.249999999
9440.0	5427224.499999998
9450.0	5455755.999999999
9460.0	5481484.749999998
9470.0	5388763.499999999
9480.0	5571639.999999998
9490.0	5612957.749999999
9500.0	5466368.749999999
9510.0	5665135.749999999
9520.0	5695139.749999999
9530.0	5763618.999999999
9540.0	5839865.999999999
9550.0	5853064.249999998
9560.0	5690315.749999999
9570.0	5948459.249999998
9580.0	5987968.249999998
9590.0	6021479.249999998
9600.0	5948643.249999999
9610.0	6124790.249999999
9620.0	5963547.249999999
9630.0	6225954.499999997
9640.0	6217438.999999999
9650.0	6252262.499999999
9660.0	6354835.749999998
9670.0	6341858.499999998
9680.0	6451358.499999999
9690.0	6486406.75
9700.0	6526557.749999999
9710.0	6575093.499999999
9720.0	6604338.999999999
9730.0	6625452.749999999
9740.0	6698956.999999999
9750.0	6738633.249999999
9760.0	6801114.5
9770.0	6862469.249999998
9780.0	6899738.749999999
9790.0	6912688.249999998
9800.0	6980962.249999998
9810.0	7053901.749999997
9820.0	7103174.999999997
9830.0	7151571.999999998
9840.0	7196603.249999999
9850.0	7232730.499999998
9860.0	7283324.499999998
9870.0	7339285.749999998
9880.0	7361921.999999998
9890.0	7430815.999999999
9900.0	7493356.499999998
9910.0	7549198.249999997
9920.0	7590186.499999997
9930.0	7641450.749999998
9940.0	7675429.249999997
9950.0	7759810.999999998
9960.0	7795667.749999999
9970.0	7849200.499999999
9980.0	7895433.499999999
9990.0	7933262.749999997
10000.0	7976287.999999999
10010.0	8030651.249999997
10020.0	8080285.499999998
10030.0	8128323.999999998
10040.0	8184678.25
10050.0	8248982.25
10060.0	8291355.5
10070.0	8355088.499999999
10080.0	8394626.0
10090.0	8456711.999999998
10100.0	8519245.999999998
10110.0	8562011.999999998
10120.0	8610959.249999998
10130.0	8677134.749999998
10140.0	8725707.999999998
10150.0	8782159.999999996
10160.0	8835392.0
10170.0	8896123.5
10180.0	8941304.499999998
10190.0	8999137.499999998
10200.0	9053173.499999996
10210.0	9111202.999999998
10220.0	9162741.249999998
10230.0	9217761.5
10240.0	9283799.749999998
10250.0	9329354.5
10260.0	9388059.0
10270.0	9440619.999999998
10280.0	9501704.0
10290.0	9554891.749999998
10300.0	9615592.249999996
10310.0	9669985.999999998
10320.0	9723011.749999996
10330.0	9785336.249999998
10340.0	9840688.499999998
10350.0	9899206.499999996
10360.0	9958655.999999998
10370.0	10017904.999999998
10380.0	10074542.499999996
10390.0	10133877.499999998
10400.0	10191207.499999996
10410.0	10251212.5
10420.0	10309234.999999998
10430.0	10365742.499999998
10440.0	10423204.999999996
10450.0	10485177.499999998
10460.0	10539647.499999998
10470.0	10597442.499999998
10480.0	10655569.999999996
10490.0	10710877.499999998
10500.0	10760362.5
10510.0	10828100.0
10520.0	10894969.999999996
10530.0	10954109.999999996
10540.0	11016054.999999994
10550.0	11065604.999999998
10560.0	11128182.499999998
10570.0	11188597.499999996
10580.0	11251239.999999996
10590.0	11303199.999999998
10600.0	11361912.499999998
10610.0	11438667.499999998
10620.0	11518604.999999998
10630.0	11593144.999999998
10640.0	11667449.999999996
10650.0	11717297.499999998
10660.0	11792362.499999994
10670.0	11845417.499999998
10680.0	11914517.5
10690.0	11983274.999999996
10700.0	12038569.999999994
10710.0	12105999.999999996
10720.0	12166817.499999998
10730.0	12235642.499999998
10740.0	12297039.999999998
10750.0	12371612.499999996
10760.0	12438687.499999996
10770.0	12496839.999999998
10780.0	12555264.999999996
10790.0	12629942.499999998
10800.0	12693312.499999994
10810.0	12758520.0
10820.0	12824059.999999996
10830.0	12900324.999999998
10840.0	12965114.999999998
10850.0	13025699.999999996
10860.0	13096352.5
10870.0	13142447.499999996
10880.0	13225162.499999998
10890.0	13285377.499999998
10900.0	13311429.999999998
10910.0	13402189.999999996
10920.0	13452399.999999998
10930.0	13486552.499999998
10940.0	13561747.499999998
10950.0	13639579.999999998
10960.0	13635684.999999998
10970.0	13713089.999999998
10980.0	13676842.499999996
10990.0	13724487.499999996
11000.0	13929287.499999994
11010.0	13686632.499999998
11020.0	13953227.499999998
11030.0	13830412.499999996
11040.0	14092154.999999996
11050.0	14166149.999999998
11060.0	14106847.499999996
11070.0	14206749.999999996
11080.0	14198174.999999996
11090.0	14551319.999999998
11100.0	14461209.999999996
11110.0	14310267.499999998
11120.0	14684504.999999998
11130.0	14542044.999999994
11140.0	14688852.499999998
11150.0	13441651.999999998
11160.0	14611294.999999996
11170.0	14474669.999999996
11180.0	15013834.999999998
11190.0	14636069.999999996
11200.0	13484421.499999998
11210.0	15138259.499999998
11220.0	14200714.249999998
11230.0	15064085.249999994
11240.0	14535797.499999994
11250.0	14491019.249999994
11260.0	15256635.249999996
11270.0	15243862.499999994
11280.0	15805394.999999994
11290.0	15907044.999999994
11300.0	15825494.999999994
11310.0	15642074.999999998
11320.0	16113209.999999994
11330.0	16045532.5
11340.0	15674004.999999996
11350.0	14294332.499999996
11360.0	16020774.999999994
11370.0	16328832.499999993
11380.0	16404834.999999994
11390.0	16546422.499999996
11400.0	16708539.999999996
11410.0	16712837.499999998
11420.0	16625987.499999998
11430.0	16687942.499999998
11440.0	16201877.499999996
11450.0	16909064.999999993
11460.0	16950139.999999993
11470.0	17209172.499999996
11480.0	16401519.999999996
11490.0	17311732.499999996
11500.0	15816942.499999996
11510.0	17561187.5
11520.0	17507307.499999993
11530.0	17438942.499999996
11540.0	17395287.499999996
11550.0	17479679.999999996
11560.0	17722757.499999996
11570.0	17602904.999999996
11580.0	17548194.999999996
11590.0	18058247.5
11600.0	17326239.999999996
11610.0	18117339.999999996
11620.0	18323019.999999996
11630.0	18487532.499999996
11640.0	17151232.499999996
11650.0	18390700.0
11660.0	18076377.499999996
11670.0	18763187.499999996
11680.0	18840219.999999993
11690.0	18532347.499999996
11700.0	18423782.499999996
11710.0	18969259.999999993
11720.0	19209569.999999996
11730.0	17869419.999999996
11740.0	19009227.499999996
11750.0	19189057.499999996
11760.0	19493774.999999993
11770.0	19472669.999999993
11780.0	18972142.499999996
11790.0	19782469.999999996
11800.0	19627957.499999996
11810.0	19849869.999999996
11820.0	19802829.999999993
11830.0	20142097.499999996
11840.0	20153707.499999996
11850.0	19977012.499999996
11860.0	20169162.499999996
11870.0	20284077.499999996
11880.0	20528304.999999993
11890.0	20508004.999999996
11900.0	20594267.499999993
11910.0	20800667.499999996
11920.0	20879847.499999993
11930.0	21016049.999999996
11940.0	20904199.999999996
11950.0	21136199.999999996
11960.0	21253264.999999993
11970.0	21335392.499999996
11980.0	21244712.499999996
11990.0	21327914.999999993
12000.0	21608534.999999993
12010.0	21714512.499999993
12020.0	21739827.499999996
12030.0	21816247.499999993
12040.0	21886519.999999996
12050.0	22058492.499999996
12060.0	22137342.499999996
12070.0	22165497.499999993
12080.0	22275427.499999996
12090.0	22347329.999999996
12100.0	22456962.499999993
12110.0	22564517.499999996
12120.0	22573619.999999993
12130.0	22675432.499999996
12140.0	22759114.999999996
12150.0	22839115.0
12160.0	22985322.499999993
12170.0	23064857.499999996
12180.0	23100777.499999993
12190.0	23258162.499999993
12200.0	23279654.999999993
12210.0	23423454.999999996
12220.0	23471999.999999996
12230.0	23573669.999999993
12240.0	23649707.499999996
12250.0	23777992.499999993
12260.0	23846557.499999993
12270.0	23933199.99999999
12280.0	24009042.49999999
12290.0	24075867.499999993
12300.0	24207537.5
12310.0	24262047.499999993
12320.0	24375347.499999993
12330.0	24446992.499999993
12340.0	24557007.499999993
12350.0	24671779.999999993
12360.0	24739999.999999993
12370.0	24808519.999999993
12380.0	24924419.999999993
12390.0	24993419.999999996
12400.0	25092899.999999993
12410.0	25176819.999999996
12420.0	25271177.499999996
12430.0	25344032.499999996
12440.0	25382257.499999993
12450.0	25549092.499999996
12460.0	25622712.499999996
12470.0	25714367.499999993
12480.0	25798839.999999993
12490.0	25882139.99999999
12500.0	25967217.499999996
12510.0	26072022.499999996
12520.0	26114124.999999996
12530.0	26165774.999999993
12540.0	26268014.999999996
12550.0	26410444.99999999
12560.0	26509439.999999996
12570.0	26607319.999999996
12580.0	26705499.999999996
12590.0	26756282.5
12600.0	26864237.5
12610.0	26954114.999999993
12620.0	27039602.499999996
12630.0	27139407.49999999
12640.0	27225474.999999996
12650.0	27314959.99999999
12660.0	27379479.999999993
12670.0	27480524.999999993
12680.0	27566124.999999993
12690.0	27693329.999999996
12700.0	27753977.499999996
12710.0	27827742.49999999
12720.0	27893374.999999996
12730.0	28009184.999999996
12740.0	28068959.999999996
12750.0	28221180.0
12760.0	28235979.99999999
12770.0	28379220.0
12780.0	28510219.999999993
12790.0	28551287.499999993
12800.0	28602302.49999999
12810.0	28711152.499999993
12820.0	28822237.49999999
12830.0	28769469.99999999
12840.0	28993544.999999993
12850.0	28973024.999999993
12860.0	29176039.999999996
12870.0	29266859.999999996
12880.0	29362979.999999996
12890.0	29425644.999999996
12900.0	29487049.999999996
12910.0	29543144.999999993
12920.0	29597254.999999993
12930.0	29754664.999999993
12940.0	29890624.999999996
12950.0	29662999.99999999
12960.0	29771374.999999993
12970.0	30023594.999999996
12980.0	30281374.99999999
12990.0	30054304.999999993
13000.0	30421154.999999993
13010.0	30480787.5
13020.0	30628442.499999993
13030.0	30495189.999999993
13040.0	30750467.499999996
13050.0	30901242.499999993
13060.0	31029535.0
13070.0	30965379.999999993
13080.0	31194364.99999999
13090.0	31194379.999999993
13100.0	31275460.0
13110.0	31464852.49999999
13120.0	31418127.499999993
13130.0	31563194.999999996
13140.0	31567824.999999993
13150.0	31551749.999999993
13160.0	31707995.0
13170.0	31935702.499999996
13180.0	32031612.49999999
13190.0	31769879.999999993
13200.0	32216697.49999999
13210.0	32316817.5
13220.0	32355859.999999996
13230.0	31420792.499999996
13240.0	32407169.999999993
13250.0	32518812.499999993
13260.0	32490149.999999993
13270.0	32582659.999999993
13280.0	32534839.999999993
13290.0	32573304.99999999
13300.0	32876134.999999996
13310.0	32770952.499999993
13320.0	30691252.49999999
13330.0	32157757.499999993
13340.0	32598829.999999993
13350.0	28773654.999999993
13360.0	30143397.499999993
13370.0	25119694.999999996
13380.0	26328249.999999985
13390.0	27890094.999999993
13400.0	29091864.999999993
13410.0	29767432.49999999
13420.0	26303132.499999996
13430.0	29745532.5
13440.0	27011087.499999996
13450.0	21825086.999999996
13460.0	30927745.999999996
13470.0	24295479.499999993
13480.0	24501683.999999993
13490.0	27434981.999999993
13500.0	24644931.074999996
13510.0	26983888.72499999
13520.0	19110338.999999993
13530.0	30158589.999999996
13540.0	23955642.499999993
13550.0	20369081.799999997
13560.0	25861368.499999993
13570.0	26277292.49999999
13580.0	25255930.749999993
13590.0	20719091.749999996
13600.0	30131189.999999993
13610.0	28175609.999999996
13620.0	21148119.999999996
13630.0	23622397.499999993
13640.0	26963413.499999993
13650.0	25853339.999999996
13660.0	29997379.99999999
13670.0	29427167.499999993
13680.0	26731396.749999996
13690.0	26800384.749999993
13700.0	27759922.499999996
13710.0	29648204.999999993
13720.0	31303484.999999993
13730.0	33458484.99999999
13740.0	26072264.999999996
13750.0	29882844.999999993
13760.0	30994649.999999993
13770.0	32207242.49999999
13780.0	33965320.0
13790.0	34219252.49999999
13800.0	34690787.49999999
13810.0	26550239.999999996
13820.0	34076724.99999999
13830.0	26605987.499999993
13840.0	33769932.49999999
13850.0	32185454.99999999
13860.0	27538152.499999993
13870.0	33424734.999999993
13880.0	30481469.999999993
13890.0	28358352.999999993
13900.0	29523208.999999993
13910.0	29785094.999999993
13920.0	31693997.499999993
13930.0	28601217.499999996
13940.0	31708277.499999996
13950.0	22873204.799999993
13960.0	29186534.249999993
13970.0	27593029.749999996
13980.0	32387472.49999999
13990.0	34741179.999999985
14000.0	28578709.999999993
14010.0	28643034.999999996
14020.0	34709024.99999999
14030.0	34392485.0
14040.0	26023367.499999996
14050.0	25088150.59999999
14060.0	35752302.49999999
14070.0	33487507.499999996
14080.0	28506962.49999999
14090.0	31492954.999999993
14100.0	31566829.999999993
14110.0	36548664.99999999
14120.0	28481997.499999996
14130.0	35703182.499999985
14140.0	32228839.49999999
14150.0	29807856.499999996
14160.0	31274674.999999993
14170.0	35397871.49999999
14180.0	23528087.999999993
14190.0	27045163.49999999
14200.0	27932917.999999993
14210.0	32185247.49999999
14220.0	31550049.99999999
14230.0	28909049.999999993
14240.0	26544196.499999993
14250.0	32745907.499999996
14260.0	26038619.999999993
14270.0	34717957.49999999
14280.0	29919602.499999985
14290.0	23861815.999999993
14300.0	35924292.5
14310.0	33314242.499999993
14320.0	35031524.99999999
14330.0	35656445.0
14340.0	30212172.499999993
14350.0	37172590.0
14360.0	36042817.49999999
14370.0	35504142.499999985
14380.0	32028447.499999993
14390.0	31582672.499999993
14400.0	32806347.499999996
14410.0	35350807.49999999
14420.0	32849627.499999996
14430.0	39613457.49999999
14440.0	37116482.49999999
14450.0	31566719.999999993
14460.0	35710097.49999999
14470.0	36786314.99999999
14480.0	38214419.99999999
14490.0	39745737.5
14500.0	36239654.99999999
14510.0	27247694.999999993
14520.0	41241684.99999999
14530.0	40609559.999999985
14540.0	37710974.999999985
14550.0	36588474.999999985
14560.0	36286587.49999999
14570.0	36455337.49999999
14580.0	42709724.999999985
14590.0	42250717.499999985
14600.0	42742434.99999999
14610.0	42560429.99999999
14620.0	37690239.999999985
14630.0	33750204.999999985
14640.0	42657662.49999999
14650.0	39140567.499999985
14660.0	39657279.99999999
14670.0	42245619.999999985
14680.0	38951422.49999999
14690.0	37611767.49999999
14700.0	41856534.999999985
14710.0	42479744.99999999
14720.0	43819704.999999985
14730.0	41211282.499999985
14740.0	40811402.49999999
14750.0	40517662.49999999
14760.0	40656182.5
14770.0	43160604.999999985
14780.0	43737042.499999985
14790.0	42528332.49999999
14800.0	42135869.999999985
14810.0	44744894.99999999
14820.0	41500129.99999999
14830.0	41321282.49999999
14840.0	45524082.49999999
14850.0	43696709.999999985
14860.0	43581237.49999999
14870.0	44749532.49999999
14880.0	42841254.99999999
14890.0	44820544.999999985
14900.0	41856877.499999985
14910.0	43194009.99999999
14920.0	43398219.99999999
14930.0	46055702.49999999
14940.0	44675377.499999985
14950.0	46664349.99999999
14960.0	44658189.99999999
14970.0	46025354.999999985
14980.0	40192442.49999999
14990.0	47420007.499999985
15000.0	47135272.499999985
15010.0	45303272.499999985
15020.0	43045767.49999999
15030.0	47388912.49999999
15040.0	45386244.999999985
15050.0	47452364.99999999
15060.0	48088892.49999999
15070.0	46178959.999999985
15080.0	47585067.49999999
15090.0	47195444.99999999
15100.0	47651287.499999985
15110.0	46770922.49999999
15120.0	48832034.999999985
15130.0	47789587.5
15140.0	47377384.999999985
15150.0	49413462.49999999
15160.0	48834564.99999998
15170.0	48285707.499999985
15180.0	48816002.49999999
15190.0	49319099.999999985
15200.0	49362477.499999985
15210.0	50099589.999999985
15220.0	49021039.99999998
15230.0	50600902.499999985
15240.0	50147589.999999985
15250.0	49528922.49999999
15260.0	50446507.499999985
15270.0	49584974.999999985
15280.0	49144514.99999999
15290.0	50722369.99999999
15300.0	49433604.999999985
15310.0	50710117.499999985
15320.0	49208034.99999999
15330.0	51066549.99999998
15340.0	51725312.49999999
15350.0	50809597.499999985
15360.0	51279517.499999985
15370.0	51406329.99999999
15380.0	51779177.49999999
15390.0	52093719.999999985
15400.0	51803889.99999999
15410.0	52147572.49999998
15420.0	52364187.499999985
15430.0	52202717.49999999
15440.0	51415624.999999985
15450.0	52446897.499999985
15460.0	52878999.999999985
15470.0	52772074.999999985
15480.0	52958605.0
15490.0	52891619.999999985
15500.0	53275679.99999999
15510.0	52810279.999999985
15520.0	53258112.499999985
15530.0	53374904.99999999
15540.0	53861557.499999985
15550.0	53616332.499999985
15560.0	53682217.49999999
15570.0	53627972.499999985
15580.0	53750864.99999999
15590.0	54172997.499999985
15600.0	54170779.99999998
15610.0	54197777.49999998
15620.0	54495754.999999985
15630.0	54331599.99999999
15640.0	54611254.99999999
15650.0	54408442.49999999
15660.0	54608930.0
15670.0	55128442.499999985
15680.0	55147862.499999985
15690.0	54847239.999999985
15700.0	55424392.49999999
15710.0	55351110.0
15720.0	54734357.49999999
15730.0	55335609.999999985
15740.0	55747824.99999999
15750.0	55563949.99999999
15760.0	55879549.99999999
15770.0	56156519.99999998
15780.0	56012190.0
15790.0	55931189.99999999
15800.0	56286239.99999999
15810.0	56228184.99999999
15820.0	56562314.99999998
15830.0	56549094.999999985
15840.0	56692589.99999998
15850.0	56731725.0
15860.0	56719522.49999999
15870.0	56795707.49999999
15880.0	57144647.49999998
15890.0	57118367.499999985
15900.0	57154724.99999999
15910.0	57217797.49999999
15920.0	57421802.499999985
15930.0	57491819.999999985
15940.0	57693274.999999985
15950.0	57713525.0
15960.0	57697262.499999985
15970.0	57799772.49999999
15980.0	57936382.5
15990.0	58046562.49999999
16000.0	58260632.49999999
16010.0	58103939.999999985
16020.0	58297649.99999999
16030.0	58338447.499999985
16040.0	58546477.499999985
16050.0	58520042.49999998
16060.0	58647627.499999985
16070.0	58664982.49999999
16080.0	58857419.999999985
16090.0	58901669.999999985
16100.0	58803639.99999999
16110.0	59084869.999999985
16120.0	59227777.49999999
16130.0	59217744.99999998
16140.0	59350597.5
16150.0	59398634.999999985
16160.0	59415620.0
16170.0	59611044.999999985
16180.0	59745177.499999985
16190.0	59799942.499999985
16200.0	59841279.99999998
16210.0	59868939.99999998
16220.0	60062139.999999985
16230.0	60038312.49999999
16240.0	59570332.49999998
16250.0	60173067.49999999
16260.0	59262667.499999985
16270.0	60381302.499999985
16280.0	57912277.499999985
16290.0	60444004.99999999
16300.0	60608402.49999999
16310.0	60259052.499999985
16320.0	60614972.49999999
16330.0	58494087.499999985
16340.0	60340572.49999999
16350.0	56239882.49999999
16360.0	60489085.0
16370.0	61295079.99999999
16380.0	61302255.0
16390.0	61394464.999999985
16400.0	61317589.999999985
16410.0	61581802.499999985
16420.0	61312889.99999998
16430.0	61564197.49999999
16440.0	61958429.99999999
16450.0	61690077.49999998
16460.0	61838169.999999985
16470.0	62054942.499999985
16480.0	61692339.999999985
16490.0	62027394.999999985
16500.0	62294872.49999999
16510.0	62341412.499999985
16520.0	62546119.999999985
16530.0	62578602.499999985
16540.0	62744437.49999999
16550.0	62442504.99999999
16560.0	62045339.999999985
16570.0	61521674.99999998
16580.0	62950799.999999985
16590.0	62886372.49999998
16600.0	63107192.49999998
16610.0	63230472.5
16620.0	62816762.49999998
16630.0	63296127.499999985
16640.0	63343507.499999985
16650.0	63162802.49999998
16660.0	59433422.49999998
16670.0	58471242.49999999
16680.0	60493617.49999999
16690.0	63182117.49999999
16700.0	63634762.49999998
16710.0	63672752.49999999
16720.0	63801272.499999985
16730.0	63867677.49999999
16740.0	64232217.499999985
16750.0	64027584.99999998
16760.0	64454234.999999985
16770.0	63863057.49999999
16780.0	62447559.99999999
16790.0	64522929.999999985
16800.0	64481092.499999985
16810.0	63722169.99999998
16820.0	64475622.499999985
16830.0	64678902.49999998
16840.0	63913584.99999998
16850.0	64860927.49999999
16860.0	65152022.49999999
16870.0	65035949.999999985
16880.0	64952142.49999999
16890.0	65076997.49999999
16900.0	65361514.99999997
16910.0	64217119.99999999
16920.0	64783564.999999985
16930.0	65547932.499999985
16940.0	64229712.49999999
16950.0	65565152.499999985
16960.0	65947839.99999997
16970.0	63881652.499999985
16980.0	65690234.999999985
16990.0	65659617.499999985
17000.0	64810954.999999985
17010.0	64395969.99999999
17020.0	65557992.5
17030.0	65839327.49999999
17040.0	65056004.99999997
17050.0	65506585.0
17060.0	65771144.99999998
17070.0	65825712.499999985
17080.0	65401794.999999985
17090.0	65899097.499999985
17100.0	66858377.499999985
17110.0	66445887.49999998
17120.0	66674327.49999999
17130.0	66705242.499999985
17140.0	66659757.49999998
17150.0	66418152.5
17160.0	66788787.49999998
17170.0	66624839.99999998
17180.0	66422339.99999998
17190.0	66000382.49999998
17200.0	67061554.99999998
17210.0	66825889.99999999
17220.0	66631720.0
17230.0	66261542.49999998
17240.0	66541159.99999998
17250.0	67075114.99999999
17260.0	66545394.999999985
17270.0	64951735.0
17280.0	65304674.99999999
17290.0	65646952.499999985
17300.0	65806735.0
17310.0	65266324.99999998
17320.0	64309964.99999998
17330.0	67190999.99999999
17340.0	67492832.49999999
17350.0	64898052.49999999
17360.0	64531374.999999985
17370.0	61773999.99999999
17380.0	67910767.5
17390.0	68057144.99999997
17400.0	65199059.999999985
17410.0	61711407.49999999
17420.0	64235279.999999985
17430.0	65607899.99999999
17440.0	67049307.49999999
17450.0	65476974.999999985
17460.0	65177809.99999998
17470.0	65724862.49999999
17480.0	67303314.99999999
17490.0	65537117.499999985
17500.0	67261852.49999997
17510.0	64509592.49999999
17520.0	65499629.99999998
17530.0	64452517.49999999
17540.0	62957702.499999985
17550.0	61771302.499999985
17560.0	64625875.0
17570.0	66947302.49999999
17580.0	57970652.499999985
17590.0	63142242.49999999
17600.0	67804284.99999999
17610.0	63090442.499999985
17620.0	61458629.999999985
17630.0	60394849.999999985
17640.0	66675752.49999998
17650.0	66127867.499999985
17660.0	68540645.0
17670.0	61317782.499999985
17680.0	40731554.99999999
17690.0	62478859.99999997
17700.0	64980227.499999985
17710.0	65331912.5
17720.0	58976919.999999985
17730.0	56805179.999999985
17740.0	67983792.49999999
17750.0	59278512.49999998
17760.0	51047882.49999999
17770.0	63013289.99999998
17780.0	64085709.99999997
17790.0	60133547.49999999
17800.0	61777759.999999985
17810.0	52002722.499999985
17820.0	61850352.5
17830.0	57232082.49999999
17840.0	63811469.99999998
17850.0	54270577.49999999
17860.0	56317870.0
17870.0	56501699.99999998
17880.0	55019434.99999998
17890.0	54538299.499999985
17900.0	59793582.49999999
17910.0	46359639.24999999
17920.0	50836557.74999999
17930.0	60048367.499999985
17940.0	52559482.49999998
17950.0	59552997.499999985
17960.0	46220012.499999985
17970.0	53426509.999999985
17980.0	63824204.999999985
17990.0	65456454.999999985
18000.0	39750299.999999985
18010.0	34080911.99999999
18020.0	50505778.49999999
18030.0	52509009.99999999
18040.0	65927474.99999999
18050.0	61554832.49999998
18060.0	38682329.99999999
18070.0	47726684.999999985
18080.0	51360348.749999985
18090.0	43262311.24999998
18100.0	63094007.5
18110.0	31668419.99999999
18120.0	57428729.99999999
18130.0	51404967.49999999
18140.0	67942362.49999999
18150.0	54574775.499999985
18160.0	50724433.499999985
18170.0	48092331.999999985
18180.0	62866024.999999985
18190.0	58129337.49999998
18200.0	55171092.49999999
18210.0	41358976.99999999
18220.0	40834112.499999985
18230.0	62638272.499999985
18240.0	71551922.49999997
18250.0	66621834.99999998
18260.0	45795141.49999998
18270.0	54074506.999999985
18280.0	55028384.999999985
18290.0	56375313.0
18300.0	56330024.99999998
18310.0	49357887.49999998
18320.0	59339804.999999985
18330.0	55476907.499999985
18340.0	68390057.49999999
18350.0	50441512.49999999
18360.0	58979144.99999998
18370.0	63481629.999999985
18380.0	50844939.999999985
18390.0	57051049.99999999
18400.0	47525142.49999999
18410.0	61302201.249999985
18420.0	40884213.74999999
18430.0	64977030.0
18440.0	56672557.499999985
18450.0	56728852.49999999
18460.0	50286252.49999999
18470.0	39798652.499999985
18480.0	44507187.49999999
18490.0	50243272.5
18500.0	50662012.49999999
18510.0	64591439.99999998
18520.0	52925554.49999999
18530.0	53223663.499999985
18540.0	45355422.49999999
18550.0	51927261.49999999
18560.0	53736179.999999985
18570.0	38096124.49999999
18580.0	46664504.99999999
18590.0	56358414.99999999
18600.0	31787561.499999996
18610.0	44673110.49999999
18620.0	55329190.499999985
18630.0	50425062.499999985
18640.0	41428937.499999985
18650.0	38685944.99999999
18660.0	63914299.99999999
18670.0	50655475.0
18680.0	25185980.999999993
18690.0	64539189.999999985
18700.0	51589517.49999999
18710.0	47549684.99999999
18720.0	51358791.49999998
18730.0	36835309.999999985
18740.0	51875217.499999985
18750.0	45817418.74999999
18760.0	63545978.74999998
18770.0	53533802.49999999
18780.0	65390912.50000001
18790.0	51526437.499999985
18800.0	67273334.99999999
18810.0	49263132.499999985
18820.0	62083395.0
18830.0	69987767.49999999
18840.0	60467762.499999985
18850.0	41220743.499999985
18860.0	61868609.999999985
18870.0	64141092.5
18880.0	65535509.99999998
18890.0	58338412.499999985
18900.0	63595674.999999985
18910.0	70737944.99999997
18920.0	52991557.49999999
18930.0	62297682.499999985
18940.0	63389687.499999985
18950.0	70448844.99999999
18960.0	63332122.49999999
18970.0	66815257.499999985
18980.0	58463367.49999999
18990.0	67631677.49999999
19000.0	62558654.24999999
19010.0	51800324.74999999
19020.0	65786839.999999985
19030.0	57977363.99999999
19040.0	70661799.99999997
19050.0	59411907.499999985
19060.0	60341062.49999999
19070.0	54507434.999999985
19080.0	76329447.49999997
19090.0	71677997.5
19100.0	71173312.24999997
19110.0	45732465.49999999
19120.0	61410371.749999985
19130.0	66455902.499999985
19140.0	49538862.49999999
19150.0	72205172.49999997
19160.0	56525932.49999999
19170.0	67447672.49999997
19180.0	75655564.99999997
19190.0	76902752.49999999
19200.0	42226334.49999999
19210.0	41941759.999999985
19220.0	64263737.499999985
19230.0	62445839.49999999
19240.0	44486504.999999985
19250.0	69422747.49999999
19260.0	63985239.99999999
19270.0	52943223.999999985
19280.0	72873157.49999999
19290.0	59223897.49999998
19300.0	67235722.49999999
19310.0	49703713.99999999
19320.0	63158212.5
19330.0	61701229.999999985
19340.0	50788442.49999999
19350.0	67366887.49999999
19360.0	54821244.99999998
19370.0	61606822.5
19380.0	51595996.999999985
19390.0	49749014.99999999
19400.0	44201334.99999999
19410.0	47716365.74999999
19420.0	56976805.249999985
19430.0	58218892.49999998
19440.0	59109059.99999999
19450.0	41433344.999999985
19460.0	53529093.49999998
19470.0	66551384.999999985
19480.0	46183985.999999985
19490.0	45025397.499999985
19500.0	58224769.99999999
19510.0	69379439.99999999
19520.0	70835537.49999997
19530.0	49016977.499999985
19540.0	61567914.99999999
19550.0	41305903.49999999
19560.0	35146216.74999999
19570.0	61195155.24999998
19580.0	52820677.499999985
19590.0	64855227.49999997
19600.0	38481089.999999985
19610.0	51507577.499999985
19620.0	56476464.99999999
19630.0	63210592.499999985
19640.0	61791287.49999998
19650.0	60562847.49999998
19660.0	64232777.5
19670.0	73116352.49999999
19680.0	57759289.999999985
19690.0	57729867.49999999
19700.0	62138500.0
19710.0	56704802.49999998
19720.0	63473927.499999985
19730.0	67939337.49999999
19740.0	48593068.99999999
19750.0	62113162.49999998
19760.0	47083199.999999985
19770.0	69702942.49999997
19780.0	70140609.99999997
19790.0	65424654.999999985
19800.0	57104857.49999998
19810.0	71099722.49999997
19820.0	59089762.49999999
19830.0	65448434.99999999
19840.0	69022210.0
19850.0	65221009.99999999
19860.0	69861079.99999997
19870.0	74635119.99999999
19880.0	60799519.99999998
19890.0	62466912.50000001
19900.0	50722547.499999985
19910.0	58361832.49999998
19920.0	54092352.499999985
19930.0	70770979.99999999
19940.0	75514602.49999999
19950.0	64863599.99999998
19960.0	70421539.99999999
19970.0	69733877.49999999
19980.0	62275294.99999998
19990.0	70477669.99999999
20000.0	56720279.999999985
20010.0	64305502.499999985
20020.0	69060159.99999999
20030.0	66074859.99999999
20040.0	73194442.49999999
20050.0	75628494.99999999
20060.0	69600849.99999999
20070.0	63014297.49999998
20080.0	79561517.49999997
20090.0	58720742.49999999
20100.0	69378417.49999999
20110.0	71176579.99999999
20120.0	75883977.49999997
20130.0	76110809.99999997
20140.0	73956414.99999997
20150.0	74377587.49999999
20160.0	69139354.99999997
20170.0	69005804.99999999
20180.0	76256444.99999999
20190.0	73647997.49999999
20200.0	60624469.99999998
20210.0	76090192.49999999
20220.0	79652127.49999999
20230.0	77643694.99999999
20240.0	82691164.99999999
20250.0	78195797.49999999
20260.0	68716904.99999999
20270.0	73265179.99999999
20280.0	77571717.49999999
20290.0	68281460.0
20300.0	76988279.99999997
20310.0	65411132.5
20320.0	80681892.49999997
20330.0	79292989.99999999
20340.0	74492114.99999999
20350.0	79607132.49999999
20360.0	71073917.49999999
20370.0	82612039.99999999
20380.0	79272989.99999999
20390.0	78320707.49999999
20400.0	74825869.99999997
20410.0	71035564.99999997
20420.0	80393202.49999997
20430.0	82668097.49999999
20440.0	74817224.99999999
20450.0	77875179.99999997
20460.0	81113025.0
20470.0	78697337.49999999
20480.0	80320809.99999999
20490.0	73925637.49999999
20500.0	79400564.99999999
20510.0	83031695.0
20520.0	80520239.99999997
20530.0	78187737.49999997
20540.0	81841679.99999999
20550.0	80514062.49999999
20560.0	78303519.99999999
20570.0	83128929.99999999
20580.0	82966937.5
20590.0	83309307.5
20600.0	82721174.99999997
20610.0	78555577.49999999
20620.0	82505447.49999999
20630.0	82245467.49999999
20640.0	74817084.99999999
20650.0	82938364.99999999
20660.0	82938144.99999999
20670.0	81770824.99999996
20680.0	81552804.99999999
20690.0	82470037.49999999
20700.0	83025145.0
20710.0	82725032.49999997
20720.0	82658059.99999999
20730.0	83286249.99999999
20740.0	82364415.0
20750.0	83219309.99999997
20760.0	83422997.49999999
20770.0	82017220.0
20780.0	83471439.99999999
20790.0	82772957.49999997
20800.0	82041717.49999999
20810.0	80875682.49999999
20820.0	82442092.49999997
20830.0	79868242.49999999
20840.0	84460309.99999997
20850.0	83491654.99999999
20860.0	82792522.49999999
20870.0	82022567.49999997
20880.0	84200099.99999997
20890.0	82399114.99999997
20900.0	84467404.99999997
20910.0	84706867.49999999
20920.0	83767582.49999997
20930.0	85041034.99999997
20940.0	83075669.99999999
20950.0	84652252.49999999
20960.0	84700402.49999999
20970.0	83928419.99999999
20980.0	85302179.99999999
20990.0	83310369.99999999
21000.0	84669629.99999999
21010.0	84445804.99999999
21020.0	84476202.49999999
21030.0	84489494.99999999
21040.0	84813537.49999997
21050.0	84583102.49999997
21060.0	85006102.49999997
21070.0	85369287.49999997
21080.0	85438517.49999997
21090.0	83739472.49999997
21100.0	85276389.99999999
21110.0	85616357.49999999
21120.0	83510692.49999997
21130.0	83858172.49999997
21140.0	85561459.99999999
21150.0	84981069.99999997
21160.0	84235802.49999999
21170.0	85640724.99999999
21180.0	84951202.49999999
21190.0	84685712.49999999
21200.0	85783442.49999997
21210.0	85763127.49999997
21220.0	85521802.49999997
21230.0	85896822.49999999
21240.0	85406187.49999997
21250.0	84275812.49999999
21260.0	85624364.99999999
21270.0	85453524.99999999
21280.0	85473179.99999999
21290.0	85631417.49999997
21300.0	85990824.99999999
21310.0	85182394.99999997
21320.0	85902667.49999997
21330.0	85897182.49999997
21340.0	85838982.5
21350.0	86104462.49999999
21360.0	85618615.0
21370.0	86070132.49999999
21380.0	86094729.99999999
21390.0	85661617.49999997
21400.0	85264087.49999999
21410.0	86169077.49999999
21420.0	86020919.99999999
21430.0	85596630.0
21440.0	86233434.99999999
21450.0	86194192.49999997
21460.0	86017027.49999999
21470.0	85244272.49999999
21480.0	85711009.99999997
21490.0	85186829.99999997
21500.0	85532772.49999999
21510.0	86154627.5
21520.0	85976177.49999999
21530.0	86144467.49999999
21540.0	86427282.5
21550.0	85664214.99999997
21560.0	84282922.49999999
21570.0	86481914.99999999
21580.0	86255094.99999999
21590.0	86106544.99999997
21600.0	86333494.99999999
21610.0	86142442.49999999
21620.0	86428215.0
21630.0	86502069.99999997
21640.0	86363525.00000001
21650.0	86104107.5
21660.0	86031740.0
21670.0	86298377.49999999
21680.0	86373107.49999997
21690.0	86345135.0
21700.0	86532104.99999999
21710.0	86571674.99999999
21720.0	86621424.99999999
21730.0	84699240.0
21740.0	86324379.99999999
21750.0	86656499.99999999
21760.0	86126677.49999999
21770.0	86381380.0
21780.0	86023995.0
21790.0	86448062.49999999
21800.0	86533614.99999999
21810.0	86816390.0
21820.0	86861034.99999999
21830.0	85961674.99999999
21840.0	86603549.99999999
21850.0	85395372.49999997
21860.0	85759867.49999999
21870.0	86715404.99999999
21880.0	86626609.99999999
21890.0	86313347.49999997
21900.0	86553072.49999999
21910.0	86736819.99999999
21920.0	86761497.49999999
21930.0	86358882.49999999
21940.0	86586112.49999997
21950.0	85914992.49999997
21960.0	86846714.99999999
21970.0	86276379.99999997
21980.0	85784809.99999999
21990.0	84510087.49999997
22000.0	85364492.49999999
22010.0	85042449.99999999
22020.0	84153369.99999999
22030.0	86047707.5
22040.0	85788812.49999999
22050.0	85063869.99999997
22060.0	86703619.99999999
22070.0	86727064.99999999
22080.0	86727739.99999997
22090.0	87006354.99999999
22100.0	86443434.99999997
22110.0	86426959.99999999
22120.0	86961489.99999999
22130.0	86876567.49999997
22140.0	87071517.49999999
22150.0	85756264.99999999
22160.0	86277329.99999997
22170.0	86807874.99999997
22180.0	85954214.99999999
22190.0	86081914.99999999
22200.0	82504587.49999997
22210.0	79775324.99999999
22220.0	83460812.49999999
22230.0	84128709.99999997
22240.0	85271437.49999999
22250.0	84396364.99999999
22260.0	83434517.49999997
22270.0	83539759.99999999
22280.0	82839139.99999997
22290.0	85851479.99999997
22300.0	84948944.99999997
22310.0	82464879.99999999
22320.0	81753282.49999999
22330.0	84112942.49999999
22340.0	86078304.99999999
22350.0	85762394.99999997
22360.0	78899359.99999999
22370.0	83927627.49999997
22380.0	84339659.99999999
22390.0	84119032.49999999
22400.0	86506027.49999999
22410.0	85392702.49999999
22420.0	84448079.99999999
22430.0	85650969.99999997
22440.0	80346637.49999997
22450.0	82685822.5
22460.0	83184412.49999997
22470.0	80676637.49999999
22480.0	83836859.99999999
22490.0	86050384.99999997
22500.0	86247234.99999999
22510.0	84109589.99999997
22520.0	80116069.99999997
22530.0	83522427.49999999
22540.0	86212879.99999999
22550.0	83180692.49999997
22560.0	71291860.0
22570.0	85513419.99999999
22580.0	84518367.49999997
22590.0	87038169.99999999
22600.0	85332762.49999997
22610.0	85291057.49999999
22620.0	84744599.99999999
22630.0	82141452.49999997
22640.0	85109699.99999999
22650.0	83789747.49999999
22660.0	84399464.99999997
22670.0	85641234.99999997
22680.0	81038112.5
22690.0	81706047.49999999
22700.0	83932757.49999999
22710.0	85509169.99999997
22720.0	83301734.99999999
22730.0	86726052.49999999
22740.0	85107572.49999997
22750.0	85088677.49999997
22760.0	84374467.5
22770.0	85782737.49999999
22780.0	85043729.99999999
22790.0	81719034.99999999
22800.0	82473129.99999999
22810.0	80285494.99999997
22820.0	83735812.49999999
22830.0	85245452.5
22840.0	82309407.49999999
22850.0	82506237.49999999
22860.0	83802569.99999999
22870.0	82531172.49999997
22880.0	78253787.49999997
22890.0	85199517.5
22900.0	81300562.49999997
22910.0	84217614.99999997
22920.0	80360409.99999999
22930.0	83096639.99999999
22940.0	70078719.99999999
22950.0	73036187.49999997
22960.0	72359627.49999999
22970.0	77888674.99999999
22980.0	79064374.99999997
22990.0	79271302.49999999
23000.0	74162329.99999999
23010.0	81005489.99999999
23020.0	82216702.49999999
23030.0	71847932.49999999
23040.0	79174362.49999999
23050.0	70358032.5
23060.0	73156784.99999999
23070.0	70873319.99999997
23080.0	76518834.99999999
23090.0	79855477.49999999
23100.0	77234722.49999997
23110.0	77867309.99999999
23120.0	80361459.99999999
23130.0	85174444.99999999
23140.0	83116332.49999997
23150.0	64491719.999999985
23160.0	78393939.99999999
23170.0	74520299.99999997
23180.0	74108769.99999999
23190.0	72413049.99999999
23200.0	74200534.99999997
23210.0	72550055.0
23220.0	77104947.49999997
23230.0	73495422.49999997
23240.0	66961404.99999999
23250.0	66441612.499999985
23260.0	83176772.49999999
23270.0	71187287.5
23280.0	78580294.99999999
23290.0	81015447.49999999
23300.0	70866264.99999997
23310.0	78825564.99999999
23320.0	77877709.99999999
23330.0	85022657.49999999
23340.0	76350472.49999996
23350.0	75501839.99999997
23360.0	71989259.99999999
23370.0	63737404.999999985
23380.0	78637127.49999999
23390.0	79539964.99999999
23400.0	68639664.99999999
23410.0	76757832.49999999
23420.0	76018542.49999997
23430.0	78656272.49999997
23440.0	80988162.49999999
23450.0	64889304.99999998
23460.0	71683587.49999997
23470.0	72517447.49999999
23480.0	67919929.99999999
23490.0	82324129.99999997
23500.0	72779254.99999999
23510.0	70344662.49999999
23520.0	66037994.999999985
23530.0	65002064.99999999
23540.0	66791899.99999997
23550.0	84541144.99999997
23560.0	70487422.5
23570.0	82253684.99999999
23580.0	71650219.99999999
23590.0	72793489.99999999
23600.0	84630369.99999999
23610.0	71832272.49999997
23620.0	72466949.99999999
23630.0	72433884.99999999
23640.0	79066877.49999997
23650.0	82626390.0
23660.0	80803079.99999999
23670.0	76366632.49999997
23680.0	62171692.49999998
23690.0	79361739.99999999
23700.0	73308287.49999999
23710.0	51370094.99999999
23720.0	74674012.5
23730.0	72189697.5
23740.0	70230547.49999999
23750.0	80026209.99999997
23760.0	68554872.5
23770.0	73392514.99999999
23780.0	69202259.99999999
23790.0	77798517.49999997
23800.0	77286474.99999999
23810.0	55399284.999999985
23820.0	83577654.99999999
23830.0	74513187.49999997
23840.0	68176292.49999997
23850.0	84125627.49999999
23860.0	69428297.49999997
23870.0	73041247.49999997
23880.0	68343654.99999999
23890.0	80406252.49999999
23900.0	84745827.49999997
23910.0	80145237.49999999
23920.0	60143089.999999985
23930.0	72567742.49999997
23940.0	72720509.99999997
23950.0	73009534.99999997
23960.0	72211679.99999999
23970.0	70595952.49999999
23980.0	64292029.999999985
23990.0	82084544.99999999
24000.0	77341857.49999997
24010.0	69005069.99999999
24020.0	72452547.49999999
24030.0	69187067.49999999
24040.0	69131307.49999997
24050.0	72211550.0
24060.0	75573874.99999999
24070.0	67732394.99999997
24080.0	71325239.99999999
24090.0	78303547.49999999
24100.0	65207719.99999998
24110.0	75850329.99999997
24120.0	70630057.49999997
24130.0	78170872.49999997
24140.0	64576234.99999999
24150.0	83295392.49999999
24160.0	65122309.999999985
24170.0	72688257.49999999
24180.0	65998569.99999997
24190.0	59976899.999999985
24200.0	63505687.499999985
24210.0	80811174.99999999
24220.0	61141732.49999998
24230.0	71233220.0
24240.0	72640689.99999999
24250.0	73561884.99999999
24260.0	73385107.49999997
24270.0	64650109.99999999
24280.0	68021139.99999997
24290.0	75689929.99999999
24300.0	69879277.49999999
24310.0	64809854.99999998
24320.0	75104467.49999999
24330.0	75433232.5
24340.0	60210027.49999999
24350.0	54805597.499999985
24360.0	57060377.49999998
24370.0	42491064.999999985
24380.0	66369349.999999985
24390.0	81149985.0
24400.0	65058927.49999999
24410.0	63112297.49999999
24420.0	69809604.99999997
24430.0	60422414.99999999
24440.0	48169092.49999999
24450.0	67553514.99999999
24460.0	60811590.0
24470.0	55592949.999999985
24480.0	56462322.49999999
24490.0	68847487.49999997
24500.0	74431142.49999997
24510.0	72504622.49999999
24520.0	47660154.99999999
24530.0	43106339.99999999
24540.0	34565674.999999985
24550.0	61426227.49999998
24560.0	66374822.49999999
24570.0	64108392.49999999
24580.0	78261009.99999999
24590.0	66214517.49999999
24600.0	51119232.49999999
24610.0	36140315.99999999
24620.0	58211826.99999999
24630.0	62445407.5
24640.0	79142707.49999999
24650.0	74822607.49999999
24660.0	51513991.49999999
24670.0	51062974.999999985
24680.0	27044490.249999996
24690.0	52921419.74999999
24700.0	57219887.499999985
24710.0	49913499.99999999
24720.0	54441474.999999985
24730.0	49513619.99999999
24740.0	31649166.99999999
24750.0	31546350.499999985
24760.0	49484367.49999999
24770.0	63823782.50000001
24780.0	50004382.749999985
24790.0	38090189.24999999
24800.0	73634687.49999999
24810.0	51190229.99999998
24820.0	34374309.99999999
24830.0	33572045.49999999
24840.0	59502148.999999985
24850.0	67608967.49999997
24860.0	66535852.49999999
24870.0	55084942.499999985
24880.0	46114005.74999999
24890.0	28893549.999999996
24900.0	24643751.249999993
24910.0	25884969.499999993
24920.0	70698599.99999997
24930.0	44476735.499999985
24940.0	77570017.49999999
24950.0	58266249.99999999
24960.0	47176660.99999999
24970.0	37064854.499999985
24980.0	20571900.499999996
24990.0	59724724.999999985
