# Flux units: erg / (cm m2 s)
# Wavelength units: Angstrom
wave	flux
9000.0	1.1181846499999997e+17
9010.0	1.8697104999999994e+17
9020.0	1.8769014999999994e+17
9030.0	1.1548245499999997e+17
9040.0	1.7134049499999997e+17
9050.0	2.0631339499999994e+17
9060.0	1.4745958499999997e+17
9070.0	1.8202817999999994e+17
9080.0	1.9897104999999994e+17
9090.0	1.9945062999999997e+17
9100.0	2.2224650999999997e+17
9110.0	2.1497791499999994e+17
9120.0	2.3895259999999994e+17
9130.0	2.3118729249999997e+17
9140.0	2.3520127749999994e+17
9150.0	2.0196147999999997e+17
9160.0	2.5422472499999994e+17
9170.0	2.3286767999999994e+17
9180.0	2.3930073999999994e+17
9190.0	2.2795573249999997e+17
9200.0	1.5812468749999997e+17
9210.0	1.687482775e+17
9220.0	2.3012057749999994e+17
9230.0	1.8654747499999997e+17
9240.0	1.8264882499999997e+17
9250.0	1.5288195499999997e+17
9260.0	1.7917154499999994e+17
9270.0	1.4413297499999997e+17
9280.0	1.5684945749999994e+17
9290.0	1.5584262749999997e+17
9300.0	1.3816313499999995e+17
9310.0	1.1366459499999997e+17
9320.0	1.6314865499999997e+17
9330.0	1.2514672499999997e+17
9340.0	1.9971557499999997e+17
9350.0	1.1084270999999998e+17
9360.0	1.8530807499999997e+17
9370.0	1.4007558749999995e+17
9380.0	2.2025750249999994e+17
9390.0	1.3950780249999995e+17
9400.0	1.6811304249999997e+17
9410.0	2.0076812499999994e+17
9420.0	1.9132799999999997e+17
9430.0	2.4356754999999994e+17
9440.0	1.44265965e+17
9450.0	1.8835116999999994e+17
9460.0	1.5739407749999997e+17
9470.0	2.0529324749999994e+17
9480.0	2.2890534999999994e+17
9490.0	2.3716264999999994e+17
9500.0	1.9520154999999994e+17
9510.0	1.9453309999999997e+17
9520.0	2.3124064999999994e+17
9530.0	1.8838123249999994e+17
9540.0	2.1272983749999994e+17
9550.0	1.7722140999999997e+17
9560.0	2.2242752499999994e+17
9570.0	1.5994495499999997e+17
9580.0	2.5936407499999994e+17
9590.0	2.4772249999999994e+17
9600.0	1.9314624999999997e+17
9610.0	2.2103705999999994e+17
9620.0	2.2041175999999997e+17
9630.0	2.3917604999999994e+17
9640.0	1.3622752249999998e+17
9650.0	1.5276966249999994e+17
9660.0	2.2456468999999994e+17
9670.0	2.3961679999999994e+17
9680.0	1.5327056749999997e+17
9690.0	1.6936572249999994e+17
9700.0	2.5326844999999994e+17
9710.0	1.8415068499999997e+17
9720.0	1.7489553999999994e+17
9730.0	1.9293004999999994e+17
9740.0	1.8414573999999994e+17
9750.0	1.9129619749999994e+17
9760.0	1.9601425249999997e+17
9770.0	2.1430017499999994e+17
9780.0	1.8966009749999997e+17
9790.0	1.0377724749999997e+17
9800.0	2.321076299999999e+17
9810.0	1.8083811999999994e+17
9820.0	1.6136722999999997e+17
9830.0	1.5966548499999997e+17
9840.0	1.8228011499999994e+17
9850.0	2.4230819999999997e+17
9860.0	2.5991862499999994e+17
9870.0	1.8427499999999997e+17
9880.0	2.4543504999999994e+17
9890.0	2.1116569749999997e+17
9900.0	5.671656249999997e+16
9910.0	2.420836999999999e+16
9920.0	2.208820999999999e+16
9930.0	2.873416249999999e+16
9940.0	4.395756499999999e+16
9950.0	5.738089749999999e+16
9960.0	5.561110249999998e+16
9970.0	5.495641999999999e+16
9980.0	4.149154249999998e+16
9990.0	4.107104499999999e+16
10000.0	5.134152249999998e+16
10010.0	6.5632007499999976e+16
10020.0	7.090979999999997e+16
10030.0	1.1486447749999997e+17
10040.0	6.7981152499999976e+16
10050.0	6.7815932499999976e+16
10060.0	3.1026009999999996e+16
10070.0	5.520239999999998e+16
10080.0	8.171528249999998e+16
10090.0	8.917028499999998e+16
10100.0	1.1007394999999997e+17
10110.0	8.873654749999998e+16
10120.0	6.156716749999999e+16
10130.0	7.676225249999998e+16
10140.0	5.707712499999998e+16
10150.0	6.444624749999998e+16
10160.0	5.995729999999999e+16
10170.0	5.816980249999999e+16
10180.0	8.293233499999998e+16
10190.0	6.160795749999999e+16
10200.0	6.478424249999999e+16
10210.0	9.056712999999997e+16
10220.0	6.7009894999999976e+16
10230.0	8.0861595e+16
10240.0	1.0552695749999997e+17
10250.0	9.473429499999997e+16
10260.0	5.581691999999998e+16
10270.0	7.699246999999998e+16
10280.0	7.449479999999998e+16
10290.0	8.003192999999997e+16
10300.0	5.942947999999999e+16
10310.0	1.0606344249999998e+17
10320.0	8.183653499999998e+16
10330.0	9.542824999999998e+16
10340.0	7.090405999999998e+16
10350.0	9.624602749999997e+16
10360.0	1.1412927499999997e+17
10370.0	1.4799515999999997e+17
10380.0	1.0260075749999998e+17
10390.0	1.0456660749999997e+17
10400.0	1.3906414999999997e+17
10410.0	1.5566237999999997e+17
10420.0	1.1166194499999997e+17
10430.0	8.955347499999998e+16
10440.0	1.3237284749999994e+17
10450.0	1.599814325e+17
10460.0	1.8684506499999997e+17
10470.0	1.0330219999999997e+17
10480.0	1.0544610499999995e+17
10490.0	2.0807157999999997e+17
10500.0	1.6183402499999997e+17
10510.0	1.7015559999999997e+17
10520.0	1.1999189999999997e+17
10530.0	1.8354879999999994e+17
10540.0	1.9656424999999997e+17
10550.0	2.1102579999999994e+17
10560.0	1.6795297499999997e+17
10570.0	1.3328102499999997e+17
10580.0	1.6927494499999997e+17
10590.0	1.6472392999999997e+17
10600.0	2.3990464999999994e+17
10610.0	2.2151327499999994e+17
10620.0	1.6559599999999997e+17
10630.0	2.2442052499999994e+17
10640.0	2.1446523499999997e+17
10650.0	1.9002042499999994e+17
10660.0	2.1536449999999994e+17
10670.0	1.5432407499999997e+17
10680.0	1.5949192499999994e+17
10690.0	2.0936916499999994e+17
10700.0	1.8957531999999997e+17
10710.0	1.3826219999999998e+17
10720.0	1.3118772999999998e+17
10730.0	2.0837659499999994e+17
10740.0	2.0383812499999994e+17
10750.0	1.9785516999999994e+17
10760.0	2.1197705749999997e+17
10770.0	2.1869445249999994e+17
10780.0	1.9934352499999994e+17
10790.0	2.5547827499999994e+17
10800.0	2.4819344999999994e+17
10810.0	2.3454507499999997e+17
10820.0	2.1727089999999994e+17
10830.0	2.4672022499999994e+17
10840.0	2.6920389999999997e+17
10850.0	2.1516049499999997e+17
10860.0	1.8129667999999994e+17
10870.0	1.9626874999999997e+17
10880.0	2.5347471999999997e+17
10890.0	1.9895180999999994e+17
10900.0	2.4258080249999994e+17
10910.0	2.1349953749999997e+17
10920.0	2.0409998e+17
10930.0	2.5556059999999994e+17
10940.0	2.5262152499999994e+17
10950.0	2.5583062499999994e+17
10960.0	2.2633094249999997e+17
10970.0	2.469037899999999e+17
10980.0	1.8916152249999997e+17
10990.0	2.1964823499999997e+17
11000.0	1.8394613999999994e+17
11010.0	2.3883430499999994e+17
11020.0	2.3685512499999994e+17
11030.0	2.1721033249999997e+17
11040.0	1.7894727749999997e+17
11050.0	1.8929106999999997e+17
11060.0	1.9535531999999997e+17
11070.0	1.7585323999999994e+17
11080.0	1.6638902499999997e+17
11090.0	1.9248392499999994e+17
11100.0	2.1213647499999997e+17
11110.0	1.7775207499999997e+17
11120.0	1.9851730749999994e+17
11130.0	2.3227388749999997e+17
11140.0	2.2923730499999994e+17
11150.0	2.2907007499999997e+17
11160.0	2.2548984999999994e+17
11170.0	2.5876417499999994e+17
11180.0	1.7929191999999994e+17
11190.0	1.8090585499999997e+17
11200.0	2.4221288499999994e+17
11210.0	2.4155774999999994e+17
11220.0	2.6013712499999994e+17
11230.0	2.4330567499999994e+17
11240.0	2.5550229999999994e+17
11250.0	2.4577807499999994e+17
11260.0	2.1916802499999994e+17
11270.0	2.0689663499999994e+17
11280.0	2.0409558999999994e+17
11290.0	2.1212431499999997e+17
11300.0	2.5633262499999994e+17
11310.0	2.5509312499999994e+17
11320.0	2.4647622499999994e+17
11330.0	2.5120644999999994e+17
11340.0	1.9484059999999997e+17
11350.0	2.0617659999999997e+17
11360.0	1.8843214499999997e+17
11370.0	2.1678887499999994e+17
11380.0	1.1275352249999998e+17
11390.0	1.3374442249999998e+17
11400.0	1.3043113999999998e+17
11410.0	9.161595999999998e+16
11420.0	1.7151669999999997e+17
11430.0	1.7372583499999997e+17
11440.0	2.2477342499999994e+17
11450.0	2.2071362499999994e+17
11460.0	2.1089560999999997e+17
11470.0	2.4110194999999997e+17
11480.0	2.3063707499999997e+17
11490.0	2.4949267499999994e+17
11500.0	2.6287819999999994e+17
11510.0	2.3865389999999994e+17
11520.0	2.4223854999999994e+17
11530.0	2.5745257499999994e+17
11540.0	2.4645559999999994e+17
11550.0	2.5123769999999994e+17
11560.0	2.664547249999999e+17
11570.0	2.1504232999999994e+17
11580.0	2.6101739999999994e+17
11590.0	2.6344252499999997e+17
11600.0	2.1375530999999994e+17
11610.0	2.2335034999999994e+17
11620.0	2.5498562499999994e+17
11630.0	2.5335054999999994e+17
11640.0	2.2409422499999994e+17
11650.0	2.2033179499999994e+17
11660.0	1.7483730499999994e+17
11670.0	2.3738212499999994e+17
11680.0	1.8196189999999994e+17
11690.0	7.330332999999997e+16
11700.0	1.1481778499999997e+17
11710.0	1.8226962499999997e+17
11720.0	2.2782729999999994e+17
11730.0	2.0760169999999997e+17
11740.0	2.0699579999999994e+17
11750.0	2.0445419999999997e+17
11760.0	1.5954149999999997e+17
11770.0	7.835220474999997e+16
11780.0	6.3247448249999976e+16
11790.0	1.3826447999999998e+17
11800.0	1.9002661499999994e+17
11810.0	1.9136015999999997e+17
11820.0	2.2757934999999994e+17
11830.0	2.3060737499999994e+17
11840.0	2.3585097499999994e+17
11850.0	2.2790942499999994e+17
11860.0	2.2603352499999994e+17
11870.0	2.2904552499999994e+17
11880.0	2.2842931499999994e+17
11890.0	1.9445727999999994e+17
11900.0	2.4708849999999994e+17
11910.0	2.4575672499999994e+17
11920.0	2.5789977499999994e+17
11930.0	2.5179924999999994e+17
11940.0	2.4224654999999994e+17
11950.0	2.2646174999999994e+17
11960.0	2.2896537499999994e+17
11970.0	1.9682137249999994e+17
11980.0	1.4864895749999997e+17
11990.0	2.0505877499999994e+17
12000.0	1.9446159999999997e+17
12010.0	2.1248419999999997e+17
12020.0	1.9677787499999994e+17
12030.0	2.1670062499999994e+17
12040.0	2.1776834999999997e+17
12050.0	2.3859344999999997e+17
12060.0	2.3767507499999997e+17
12070.0	2.1511562499999994e+17
12080.0	2.5254437499999994e+17
12090.0	2.0331022499999997e+17
12100.0	2.4373079999999994e+17
12110.0	2.2347732749999994e+17
12120.0	2.140159674999999e+17
12130.0	2.4152651749999994e+17
12140.0	1.7375642499999997e+17
12150.0	2.2948283249999997e+17
12160.0	2.2025677499999994e+17
12170.0	2.2938129999999994e+17
12180.0	2.3173022499999994e+17
12190.0	2.6391342499999994e+17
12200.0	2.0441719999999997e+17
12210.0	2.1112339999999994e+17
12220.0	2.2720182499999997e+17
12230.0	2.2526084999999994e+17
12240.0	2.2396099999999994e+17
12250.0	2.4104132499999997e+17
12260.0	2.4137089999999994e+17
12270.0	2.4230492499999994e+17
12280.0	2.4883402499999994e+17
12290.0	2.3578557499999997e+17
12300.0	2.3627012499999994e+17
12310.0	2.4423997499999994e+17
12320.0	2.3858622499999994e+17
12330.0	2.2647069999999997e+17
12340.0	2.4665222499999994e+17
12350.0	2.0893429999999994e+17
12360.0	2.2659674999999994e+17
12370.0	2.4332322499999994e+17
12380.0	2.1598839999999994e+17
12390.0	2.2656789999999994e+17
12400.0	1.9096314999999994e+17
12410.0	1.5730669999999997e+17
12420.0	2.0697759999999997e+17
12430.0	1.3440032749999998e+17
12440.0	1.0573792749999997e+17
12450.0	1.9434418999999997e+17
12460.0	2.3398809999999994e+17
12470.0	1.9255582499999997e+17
12480.0	2.0801242499999994e+17
12490.0	2.0294677999999994e+17
12500.0	1.6967027999999994e+17
12510.0	2.1133167499999994e+17
12520.0	1.0523827999999997e+17
12530.0	1.0921349499999997e+17
12540.0	1.9198757499999997e+17
12550.0	2.0916442499999994e+17
12560.0	2.3003977499999994e+17
12570.0	2.4458062499999994e+17
12580.0	2.2885559999999994e+17
12590.0	2.3179962499999994e+17
12600.0	2.2835674999999994e+17
12610.0	2.4580164999999994e+17
12620.0	2.1036519999999997e+17
12630.0	2.3116017499999994e+17
12640.0	1.5377677499999997e+17
12650.0	2.1343397499999997e+17
12660.0	2.2446902499999994e+17
12670.0	2.4730217499999994e+17
12680.0	2.4220354999999994e+17
12690.0	2.3595662499999994e+17
12700.0	2.5090499999999994e+17
12710.0	2.5403612499999994e+17
12720.0	2.4810729999999994e+17
12730.0	2.5547119999999994e+17
12740.0	2.1361862999999994e+17
12750.0	2.1963662499999994e+17
12760.0	2.5059749999999994e+17
12770.0	2.4154342499999994e+17
12780.0	2.5321292499999994e+17
12790.0	2.5124737499999994e+17
12800.0	2.2858947499999994e+17
12810.0	2.4510037499999994e+17
12820.0	2.4160024999999994e+17
12830.0	2.3245777499999994e+17
12840.0	2.4534799999999994e+17
12850.0	2.1934042499999994e+17
12860.0	2.2243777499999994e+17
12870.0	2.1765597499999997e+17
12880.0	2.1924877499999994e+17
12890.0	2.2162572249999994e+17
12900.0	1.7107673249999994e+17
12910.0	2.3042274999999994e+17
12920.0	2.0802784999999997e+17
12930.0	1.8960950999999997e+17
12940.0	2.1601274999999994e+17
12950.0	2.0762712499999994e+17
12960.0	2.3284977499999994e+17
12970.0	2.4359922499999994e+17
12980.0	2.3594699999999994e+17
12990.0	2.1799014999999994e+17
13000.0	2.3371967499999994e+17
13010.0	2.1457524999999994e+17
13020.0	2.2875344999999997e+17
13030.0	2.0881209999999997e+17
13040.0	2.3062569999999997e+17
13050.0	2.0688892499999994e+17
13060.0	2.5310872499999994e+17
13070.0	1.9737217499999994e+17
13080.0	2.4766834999999994e+17
13090.0	2.3247094999999997e+17
13100.0	2.0646546999999994e+17
13110.0	2.4819694999999994e+17
13120.0	2.3392449999999994e+17
13130.0	2.0586167499999994e+17
13140.0	2.2531939999999994e+17
13150.0	2.2660029999999994e+17
13160.0	2.1517669999999997e+17
13170.0	1.8442771499999994e+17
13180.0	2.4385099999999994e+17
13190.0	2.4653399999999994e+17
13200.0	2.0597812499999994e+17
13210.0	2.4622379999999994e+17
13220.0	2.1646164999999994e+17
13230.0	2.2486132499999997e+17
13240.0	2.1631919999999997e+17
13250.0	1.9203614999999994e+17
13260.0	2.2846914999999994e+17
13270.0	1.9098501749999997e+17
13280.0	2.0102450249999997e+17
13290.0	2.0493410999999997e+17
13300.0	2.1023822499999997e+17
13310.0	2.0157007499999997e+17
13320.0	1.6057432499999997e+17
13330.0	1.9667777499999994e+17
13340.0	1.8147907999999997e+17
13350.0	1.1197100999999998e+17
13360.0	1.3806262749999997e+17
13370.0	1.2201216499999998e+17
13380.0	1.1671982249999998e+17
13390.0	1.0083216499999997e+17
13400.0	1.1945346999999997e+17
13410.0	1.6128137499999997e+17
13420.0	1.2784341999999998e+17
13430.0	1.1141711999999997e+17
13440.0	1.4479430249999997e+17
13450.0	1.2146865249999997e+17
13460.0	1.5536656999999997e+17
13470.0	1.2010161499999997e+17
13480.0	1.0340674499999997e+17
13490.0	1.3455891499999995e+17
13500.0	1.095388025e+17
13510.0	1.3737078249999997e+17
13520.0	1.0414586499999998e+17
13530.0	1.5322799999999997e+17
13540.0	1.2144992499999997e+17
13550.0	1.1330872999999998e+17
13560.0	1.2883641499999997e+17
13570.0	1.3844625999999997e+17
13580.0	1.3838038249999997e+17
13590.0	1.2914199249999998e+17
13600.0	1.3632024999999997e+17
13610.0	1.4006818499999997e+17
13620.0	9.880449249999997e+16
13630.0	1.3216292749999995e+17
13640.0	1.4099925999999997e+17
13650.0	1.3955108499999998e+17
13660.0	1.5416624999999997e+17
13670.0	1.4325073999999995e+17
13680.0	1.3844276499999995e+17
13690.0	1.3562122999999998e+17
13700.0	1.4197637499999997e+17
13710.0	1.4931482499999997e+17
13720.0	1.5429302499999997e+17
13730.0	1.4925144999999997e+17
13740.0	1.5322464999999997e+17
13750.0	1.5033804999999994e+17
13760.0	1.4641615999999997e+17
13770.0	1.6612294999999997e+17
13780.0	1.6864692499999994e+17
13790.0	1.6740814999999997e+17
13800.0	1.7944921499999997e+17
13810.0	1.3677290499999997e+17
13820.0	1.6971952499999997e+17
13830.0	1.2933639999999997e+17
13840.0	1.6481477499999997e+17
13850.0	1.4200669999999998e+17
13860.0	1.4153908499999995e+17
13870.0	1.6183672999999997e+17
13880.0	1.3022955499999997e+17
13890.0	1.3884214999999997e+17
13900.0	1.3708972499999997e+17
13910.0	1.2960002499999997e+17
13920.0	1.3172062499999997e+17
13930.0	1.2300594499999997e+17
13940.0	1.3081314999999997e+17
13950.0	1.1831976999999997e+17
13960.0	1.2946952749999997e+17
13970.0	1.2040819249999997e+17
13980.0	1.2733499999999997e+17
13990.0	1.3526977499999997e+17
14000.0	1.2807749999999997e+17
14010.0	1.1432524499999997e+17
14020.0	1.3607608499999998e+17
14030.0	1.3801602499999997e+17
14040.0	1.2318496249999997e+17
14050.0	1.1197408749999997e+17
14060.0	1.6550604999999994e+17
14070.0	1.3326524999999997e+17
14080.0	1.2266401999999995e+17
14090.0	1.1574469499999997e+17
14100.0	1.3482734999999997e+17
14110.0	1.3251294999999998e+17
14120.0	1.0210503249999998e+17
14130.0	1.3351652249999998e+17
14140.0	1.1999468499999995e+17
14150.0	1.1585197999999998e+17
14160.0	1.2858517499999997e+17
14170.0	1.1946214499999997e+17
14180.0	1.0248799499999997e+17
14190.0	1.0248647499999998e+17
14200.0	1.1701204749999998e+17
14210.0	1.2444613749999997e+17
14220.0	1.1658157499999997e+17
14230.0	1.1835660499999998e+17
14240.0	9.612365499999997e+16
14250.0	1.2240511999999997e+17
14260.0	1.0688154999999998e+17
14270.0	1.1383788499999998e+17
14280.0	1.1688217499999997e+17
14290.0	8.707530999999998e+16
14300.0	1.3415202499999997e+17
14310.0	1.2965942499999997e+17
14320.0	1.1417204999999997e+17
14330.0	1.3200937499999997e+17
14340.0	9.932993999999998e+16
14350.0	1.3255804499999995e+17
14360.0	1.2765021999999997e+17
14370.0	1.1932471499999997e+17
14380.0	1.1701107499999997e+17
14390.0	1.2143272249999997e+17
14400.0	1.1300945749999997e+17
14410.0	1.1744529999999997e+17
14420.0	1.1333439999999997e+17
14430.0	1.2771434999999997e+17
14440.0	1.2629817999999998e+17
14450.0	1.0126154249999998e+17
14460.0	1.3070082249999998e+17
14470.0	1.1329372499999998e+17
14480.0	1.1751523999999997e+17
14490.0	1.3211109999999997e+17
14500.0	1.1377703499999997e+17
14510.0	1.0060872999999998e+17
14520.0	1.478686475e+17
14530.0	1.2963400749999997e+17
14540.0	1.1811728499999997e+17
14550.0	1.3461095999999998e+17
14560.0	1.1843280999999998e+17
14570.0	9.875013499999997e+16
14580.0	1.3538447499999997e+17
14590.0	1.4100522499999997e+17
14600.0	1.3355697499999997e+17
14610.0	1.4016789999999995e+17
14620.0	1.1592112249999998e+17
14630.0	9.577157249999997e+16
14640.0	1.3280602499999997e+17
14650.0	1.3519744999999998e+17
14660.0	1.3357594999999998e+17
14670.0	1.3508977499999997e+17
14680.0	1.1198793499999998e+17
14690.0	1.0554658999999997e+17
14700.0	1.2651182999999997e+17
14710.0	1.3032332499999997e+17
14720.0	1.3471849999999997e+17
14730.0	1.3001179499999997e+17
14740.0	1.1744495999999998e+17
14750.0	1.1454488249999997e+17
14760.0	1.196895575e+17
14770.0	1.3025976999999995e+17
14780.0	1.2839728999999997e+17
14790.0	1.4108307499999998e+17
14800.0	1.2154382499999997e+17
14810.0	1.3561609999999997e+17
14820.0	1.0535985999999998e+17
14830.0	1.3220107499999998e+17
14840.0	1.4092942499999995e+17
14850.0	1.2390514999999997e+17
14860.0	1.2313687499999997e+17
14870.0	1.3548197499999997e+17
14880.0	1.2720381249999997e+17
14890.0	1.2388936249999997e+17
14900.0	1.2112144999999997e+17
14910.0	1.4049324999999997e+17
14920.0	1.2856579999999997e+17
14930.0	1.2132689999999997e+17
14940.0	1.2543067499999997e+17
14950.0	1.2933942499999997e+17
14960.0	1.2051752499999997e+17
14970.0	1.4224974999999997e+17
14980.0	1.3165114999999997e+17
14990.0	1.4047987499999997e+17
15000.0	1.3488639999999997e+17
15010.0	1.2998232499999997e+17
15020.0	1.1473424999999997e+17
15030.0	1.2937584999999997e+17
15040.0	1.3382922499999997e+17
15050.0	1.3662212499999997e+17
15060.0	1.3108694999999998e+17
15070.0	1.3555567499999995e+17
15080.0	1.3209249999999997e+17
15090.0	1.3640457499999998e+17
15100.0	1.2753894999999997e+17
15110.0	1.3388227499999997e+17
15120.0	1.3234034999999997e+17
15130.0	1.2372317499999997e+17
15140.0	1.2637867499999997e+17
15150.0	1.3952444999999998e+17
15160.0	1.2359194999999997e+17
15170.0	1.0719005499999998e+17
15180.0	1.2236603999999997e+17
15190.0	1.4289719999999998e+17
15200.0	1.2953164999999997e+17
15210.0	1.4840792499999997e+17
15220.0	1.3034837499999997e+17
15230.0	1.4916324999999997e+17
15240.0	1.3923977499999997e+17
15250.0	1.3701437499999997e+17
15260.0	1.3029862499999997e+17
15270.0	1.3239327499999997e+17
15280.0	1.3098264999999997e+17
15290.0	1.3237169999999998e+17
15300.0	1.3595684999999997e+17
15310.0	1.3370999999999997e+17
15320.0	1.2954477499999997e+17
15330.0	1.3928347499999997e+17
15340.0	1.4008952999999997e+17
15350.0	1.4302963999999995e+17
15360.0	1.4248329999999995e+17
15370.0	1.3542379999999995e+17
15380.0	1.3893347499999997e+17
15390.0	1.4836499999999997e+17
15400.0	1.3720934999999997e+17
15410.0	1.3311699999999997e+17
15420.0	1.3730414999999997e+17
15430.0	1.3285424999999997e+17
15440.0	1.3418429999999995e+17
15450.0	1.3268587499999997e+17
15460.0	1.3771179999999995e+17
15470.0	1.3799829999999995e+17
15480.0	1.2927242499999997e+17
15490.0	1.3235689999999997e+17
15500.0	1.4162979999999995e+17
15510.0	1.2714769999999997e+17
15520.0	1.4100944999999998e+17
15530.0	1.3537492499999995e+17
15540.0	1.4365792499999995e+17
15550.0	1.4111667499999995e+17
15560.0	1.3717207499999998e+17
15570.0	1.3266904999999995e+17
15580.0	1.3562427499999997e+17
15590.0	1.4171597499999997e+17
15600.0	1.4335667499999995e+17
15610.0	1.3577619999999998e+17
15620.0	1.3877887499999997e+17
15630.0	1.3873814999999997e+17
15640.0	1.4459899999999997e+17
15650.0	1.3676954999999995e+17
15660.0	1.3246347499999997e+17
15670.0	1.4752254999999997e+17
15680.0	1.4084449999999997e+17
15690.0	1.3690999999999997e+17
15700.0	1.4189299999999997e+17
15710.0	1.4553864999999997e+17
15720.0	1.3238477499999997e+17
15730.0	1.3680264999999997e+17
15740.0	1.4298247499999997e+17
15750.0	1.3302864999999997e+17
15760.0	1.4197407499999998e+17
15770.0	1.5182227499999997e+17
15780.0	1.4615737499999997e+17
15790.0	1.4516459999999997e+17
15800.0	1.4236084999999997e+17
15810.0	1.4504054999999997e+17
15820.0	1.3866874999999997e+17
15830.0	1.4195407499999998e+17
15840.0	1.3585657499999998e+17
15850.0	1.3507202499999997e+17
15860.0	1.4124172499999997e+17
15870.0	1.4288889999999995e+17
15880.0	1.4053802499999995e+17
15890.0	1.4647492499999997e+17
15900.0	1.3919762499999997e+17
15910.0	1.4375969999999998e+17
15920.0	1.4424492499999997e+17
15930.0	1.3817522499999997e+17
15940.0	1.4394547499999997e+17
15950.0	1.4506677499999997e+17
15960.0	1.4373724999999997e+17
15970.0	1.4395772499999997e+17
15980.0	1.3973494999999998e+17
15990.0	1.3904212499999997e+17
16000.0	1.4355374999999997e+17
16010.0	1.3361574999999997e+17
16020.0	1.3578619999999998e+17
16030.0	1.4410874999999997e+17
16040.0	1.4124892499999995e+17
16050.0	1.3500602499999997e+17
16060.0	1.3889294999999998e+17
16070.0	1.3802202499999997e+17
16080.0	1.3820672499999997e+17
16090.0	1.4230887499999997e+17
16100.0	1.3321354999999995e+17
16110.0	1.3816244999999998e+17
16120.0	1.4043762499999997e+17
16130.0	1.4028952499999995e+17
16140.0	1.3720584999999997e+17
16150.0	1.3726594999999998e+17
16160.0	1.3233052499999997e+17
16170.0	1.3623152499999997e+17
16180.0	1.3896844999999998e+17
16190.0	1.3449694999999998e+17
16200.0	1.3193439999999997e+17
16210.0	1.3638094999999998e+17
16220.0	1.3525669999999998e+17
16230.0	1.3342332499999998e+17
16240.0	1.3488864999999997e+17
16250.0	1.3190219999999998e+17
16260.0	1.3616274999999997e+17
16270.0	1.3590184999999997e+17
16280.0	1.3744984999999997e+17
16290.0	1.3230649999999997e+17
16300.0	1.3567167499999995e+17
16310.0	1.3250974999999997e+17
16320.0	1.3217649999999997e+17
16330.0	1.3465372499999997e+17
16340.0	1.3202217499999995e+17
16350.0	1.3174089999999997e+17
16360.0	1.3391122499999997e+17
16370.0	1.3376887499999997e+17
16380.0	1.3366084999999997e+17
16390.0	1.3417324999999997e+17
16400.0	1.3432597499999997e+17
16410.0	1.2863007499999997e+17
16420.0	1.2608899999999997e+17
16430.0	1.2764779999999997e+17
16440.0	1.3274989999999997e+17
16450.0	1.3203757499999998e+17
16460.0	1.3206244999999998e+17
16470.0	1.3116594999999998e+17
16480.0	1.3062747499999997e+17
16490.0	1.3204267499999995e+17
16500.0	1.3239332499999998e+17
16510.0	1.3159727499999997e+17
16520.0	1.2819839999999997e+17
16530.0	1.2796779999999997e+17
16540.0	1.3154922499999997e+17
16550.0	1.2823579999999997e+17
16560.0	1.3060939999999997e+17
16570.0	1.3096489999999997e+17
16580.0	1.2884927499999997e+17
16590.0	1.2631439999999997e+17
16600.0	1.2949102499999997e+17
16610.0	1.2591064999999997e+17
16620.0	1.2406412499999997e+17
16630.0	1.2797132499999997e+17
16640.0	1.2487037499999997e+17
16650.0	1.2752587499999997e+17
16660.0	1.2808032499999997e+17
16670.0	1.2631712499999997e+17
16680.0	1.2456527499999997e+17
16690.0	1.2450237499999997e+17
16700.0	1.2532209999999997e+17
16710.0	1.2434767499999997e+17
16720.0	1.2408177499999997e+17
16730.0	1.2584202499999997e+17
16740.0	1.2561327499999997e+17
16750.0	1.2302132499999997e+17
16760.0	1.2391322499999997e+17
16770.0	1.1978104999999997e+17
16780.0	1.2314054999999997e+17
16790.0	1.2306937499999997e+17
16800.0	1.2080009999999998e+17
16810.0	1.2275437499999997e+17
16820.0	1.2198157499999997e+17
16830.0	1.2179977499999997e+17
16840.0	1.2077324999999997e+17
16850.0	1.2024729999999997e+17
16860.0	1.2269967499999997e+17
16870.0	1.2186537499999997e+17
16880.0	1.2104274999999997e+17
16890.0	1.2002557499999997e+17
16900.0	1.2107232499999997e+17
16910.0	1.2063864999999997e+17
16920.0	1.1688697499999998e+17
16930.0	1.1775589999999997e+17
16940.0	1.1991269999999997e+17
16950.0	1.1708514999999997e+17
16960.0	1.1611159999999998e+17
16970.0	1.1389109999999998e+17
16980.0	1.1740167499999997e+17
16990.0	1.1066735249999998e+17
17000.0	1.1493865749999997e+17
17010.0	1.0908503499999997e+17
17020.0	1.1325655249999997e+17
17030.0	1.1291609249999997e+17
17040.0	1.1267227749999998e+17
17050.0	1.1243818249999997e+17
17060.0	1.1350575249999997e+17
17070.0	1.1090174249999998e+17
17080.0	1.0781740999999998e+17
17090.0	1.0749248499999998e+17
17100.0	1.1341927499999997e+17
17110.0	1.0792654499999997e+17
17120.0	1.0889236499999997e+17
17130.0	1.1031584999999998e+17
17140.0	1.0866114999999997e+17
17150.0	1.0474554749999997e+17
17160.0	1.0679987749999997e+17
17170.0	1.0578962999999998e+17
17180.0	1.0201572249999998e+17
17190.0	9.4751235e+16
17200.0	1.0491855249999997e+17
17210.0	1.0658429499999997e+17
17220.0	1.0100326499999997e+17
17230.0	9.980852249999997e+16
17240.0	1.0134042749999998e+17
17250.0	1.0485837499999997e+17
17260.0	1.0165951749999998e+17
17270.0	9.094224749999998e+16
17280.0	9.942321999999998e+16
17290.0	9.270337749999997e+16
17300.0	9.813991749999998e+16
17310.0	9.773569499999997e+16
17320.0	9.536762249999995e+16
17330.0	9.631024249999998e+16
17340.0	9.818096749999998e+16
17350.0	9.002989249999998e+16
17360.0	9.281734249999998e+16
17370.0	8.524580999999998e+16
17380.0	9.881720999999998e+16
17390.0	9.591429249999998e+16
17400.0	8.899263999999998e+16
17410.0	8.330522249999998e+16
17420.0	8.549574499999997e+16
17430.0	9.133550999999997e+16
17440.0	8.409624999999998e+16
17450.0	9.287453749999998e+16
17460.0	8.985231249999998e+16
17470.0	8.802111999999997e+16
17480.0	8.992413249999998e+16
17490.0	8.760013249999998e+16
17500.0	9.460941249999998e+16
17510.0	8.585210749999998e+16
17520.0	8.446692999999998e+16
17530.0	8.094208499999998e+16
17540.0	8.144028999999998e+16
17550.0	8.401169999999998e+16
17560.0	7.585672249999998e+16
17570.0	8.618109249999998e+16
17580.0	7.687469499999997e+16
17590.0	8.183626499999998e+16
17600.0	8.042077499999997e+16
17610.0	7.766246499999998e+16
17620.0	8.159455249999997e+16
17630.0	7.063585999999998e+16
17640.0	8.720502499999997e+16
17650.0	8.011356999999998e+16
17660.0	9.196749249999998e+16
17670.0	7.281515749999998e+16
17680.0	6.088513999999998e+16
17690.0	6.929821749999998e+16
17700.0	8.238534999999998e+16
17710.0	7.897894749999997e+16
17720.0	6.592763749999998e+16
17730.0	6.877606499999998e+16
17740.0	8.449726499999998e+16
17750.0	6.879213999999998e+16
17760.0	5.694136749999999e+16
17770.0	7.226937499999998e+16
17780.0	7.290807499999997e+16
17790.0	7.355934749999998e+16
17800.0	7.172045249999998e+16
17810.0	6.244977249999998e+16
17820.0	7.56539225e+16
17830.0	6.319140499999999e+16
17840.0	7.799674499999998e+16
17850.0	6.541444999999998e+16
17860.0	6.151410499999999e+16
17870.0	6.156602499999998e+16
17880.0	6.332445249999998e+16
17890.0	6.742045999999999e+16
17900.0	7.586623999999998e+16
17910.0	4.939017249999999e+16
17920.0	5.889932499999998e+16
17930.0	6.707318499999998e+16
17940.0	5.717848999999999e+16
17950.0	6.280560749999998e+16
17960.0	5.5525375e+16
17970.0	6.353653499999998e+16
17980.0	6.868306999999999e+16
17990.0	6.580299749999998e+16
18000.0	5.2272444999999976e+16
18010.0	4.508699999999998e+16
18020.0	5.783673749999999e+16
18030.0	6.128792499999999e+16
18040.0	7.208922499999998e+16
18050.0	6.309502999999999e+16
18060.0	5.0364162499999976e+16
18070.0	5.677975999999998e+16
18080.0	5.08997125e+16
18090.0	5.228715749999998e+16
18100.0	6.800437749999997e+16
18110.0	4.236160999999999e+16
18120.0	5.869245749999999e+16
18130.0	5.9440715e+16
18140.0	7.445498749999998e+16
18150.0	6.1499699999999976e+16
18160.0	5.696805249999999e+16
18170.0	5.163823999999999e+16
18180.0	6.403471249999998e+16
18190.0	5.2712589999999976e+16
18200.0	5.764413749999998e+16
18210.0	5.004672999999998e+16
18220.0	4.4659942499999976e+16
18230.0	6.430559999999998e+16
18240.0	7.752857999999998e+16
18250.0	6.455920999999998e+16
18260.0	4.800037e+16
18270.0	5.058611249999999e+16
18280.0	5.939220499999998e+16
18290.0	6.717173749999998e+16
18300.0	6.230246749999999e+16
18310.0	5.290818249999998e+16
18320.0	6.008200999999998e+16
18330.0	5.578891749999998e+16
18340.0	6.482054249999998e+16
18350.0	5.734686499999999e+16
18360.0	6.2104017499999976e+16
18370.0	6.581321499999998e+16
18380.0	5.505391249999998e+16
18390.0	5.296390249999999e+16
18400.0	5.313918499999998e+16
18410.0	6.679819499999999e+16
18420.0	5.058508249999998e+16
18430.0	5.870960499999998e+16
18440.0	5.213927999999998e+16
18450.0	5.259351499999998e+16
18460.0	5.158444749999998e+16
18470.0	4.586495249999999e+16
18480.0	4.539890499999998e+16
18490.0	4.899875249999999e+16
18500.0	4.779785749999998e+16
18510.0	5.756897749999998e+16
18520.0	5.376397749999998e+16
18530.0	5.312349999999998e+16
18540.0	5.034224249999999e+16
18550.0	5.145598499999999e+16
18560.0	5.130779499999998e+16
18570.0	3.850078749999999e+16
18580.0	4.474777249999999e+16
18590.0	4.889122749999999e+16
18600.0	4.141543499999998e+16
18610.0	4.714671749999998e+16
18620.0	5.532520499999999e+16
18630.0	4.748939999999998e+16
18640.0	4.736439749999998e+16
18650.0	4.446535499999999e+16
18660.0	5.885785999999998e+16
18670.0	5.276585999999998e+16
18680.0	3.66054275e+16
18690.0	5.986473249999999e+16
18700.0	5.6085092499999976e+16
18710.0	5.012980499999999e+16
18720.0	5.470513999999998e+16
18730.0	4.161874249999999e+16
18740.0	5.189223499999998e+16
18750.0	4.814860749999999e+16
18760.0	5.333576249999998e+16
18770.0	5.005137249999998e+16
18780.0	5.434333749999999e+16
18790.0	4.495932999999999e+16
18800.0	5.268737999999999e+16
18810.0	4.612102749999999e+16
18820.0	5.701205499999999e+16
18830.0	6.246502999999999e+16
18840.0	5.404564749999999e+16
18850.0	4.133564249999999e+16
18860.0	5.7070444999999976e+16
18870.0	4.931374249999999e+16
18880.0	5.735224999999998e+16
18890.0	5.121152999999998e+16
18900.0	5.760434999999998e+16
18910.0	6.010760249999998e+16
18920.0	4.869368499999998e+16
18930.0	5.516687749999999e+16
18940.0	5.868707749999998e+16
18950.0	6.099089499999998e+16
18960.0	5.441045249999998e+16
18970.0	5.747614499999998e+16
18980.0	5.202115e+16
18990.0	5.740662999999999e+16
19000.0	5.086546249999999e+16
19010.0	4.994860249999999e+16
19020.0	5.619954749999999e+16
19030.0	5.390565499999999e+16
19040.0	5.796045249999998e+16
19050.0	5.512875999999998e+16
19060.0	5.165070499999999e+16
19070.0	4.814330999999998e+16
19080.0	6.358939999999997e+16
19090.0	5.562179749999998e+16
19100.0	5.863364499999998e+16
19110.0	4.741000249999998e+16
19120.0	5.822573249999998e+16
19130.0	5.658747499999998e+16
19140.0	5.264629499999998e+16
19150.0	6.4048189999999976e+16
19160.0	5.028864249999999e+16
19170.0	5.334078249999998e+16
19180.0	5.861416249999998e+16
19190.0	6.290372249999998e+16
19200.0	4.737116749999998e+16
19210.0	4.287906999999999e+16
19220.0	5.718579999999999e+16
19230.0	5.384909499999999e+16
19240.0	4.521884749999999e+16
19250.0	5.598967249999998e+16
19260.0	5.546995499999999e+16
19270.0	4.951323499999999e+16
19280.0	6.024677249999998e+16
19290.0	5.212796249999999e+16
19300.0	5.482121249999999e+16
19310.0	3.874264999999998e+16
19320.0	4.513228749999999e+16
19330.0	4.981321749999998e+16
19340.0	4.412080999999998e+16
19350.0	5.4672067499999976e+16
19360.0	4.866749749999999e+16
19370.0	5.366943749999998e+16
19380.0	4.488282249999999e+16
19390.0	4.610031749999999e+16
19400.0	4.265542499999998e+16
19410.0	4.589889749999998e+16
19420.0	5.045287749999999e+16
19430.0	4.72295475e+16
19440.0	4.622797249999998e+16
19450.0	3.806629999999999e+16
19460.0	3.331537499999999e+16
19470.0	4.983263249999998e+16
19480.0	4.171683499999998e+16
19490.0	4.312694999999998e+16
19500.0	4.987732999999999e+16
19510.0	4.2476754999999976e+16
19520.0	4.838218999999999e+16
19530.0	4.271508499999999e+16
19540.0	4.858837249999998e+16
19550.0	3.907277249999999e+16
19560.0	3.778201249999998e+16
19570.0	4.969283749999998e+16
19580.0	4.708760249999998e+16
19590.0	5.100297749999999e+16
19600.0	3.741577499999999e+16
19610.0	4.276278499999998e+16
19620.0	4.709241249999998e+16
19630.0	5.103080999999998e+16
19640.0	4.658788249999999e+16
19650.0	4.9095474999999976e+16
19660.0	5.208405749999999e+16
19670.0	5.532146749999999e+16
19680.0	4.496586249999999e+16
19690.0	4.553422749999999e+16
19700.0	4.716261999999999e+16
19710.0	4.512063499999999e+16
19720.0	5.003266499999999e+16
19730.0	4.945369249999999e+16
19740.0	4.085376249999998e+16
19750.0	4.598785999999999e+16
19760.0	3.65888775e+16
19770.0	4.306556249999998e+16
19780.0	3.4178934999999988e+16
19790.0	4.248476999999999e+16
19800.0	4.215775249999998e+16
19810.0	4.767336749999999e+16
19820.0	4.087303249999998e+16
19830.0	4.650502249999998e+16
19840.0	4.682362999999999e+16
19850.0	4.270383249999999e+16
19860.0	4.750236499999998e+16
19870.0	4.169916249999999e+16
19880.0	4.193658749999999e+16
19890.0	4.561985249999999e+16
19900.0	3.729424499999998e+16
19910.0	4.074917499999999e+16
19920.0	3.970365249999999e+16
19930.0	4.724513249999998e+16
19940.0	4.961054249999999e+16
19950.0	4.288940749999998e+16
19960.0	4.675879999999999e+16
19970.0	4.542267499999999e+16
19980.0	4.216184499999999e+16
19990.0	4.930912749999999e+16
20000.0	3.96631625e+16
20010.0	4.301269999999998e+16
20020.0	4.638315249999999e+16
20030.0	4.740739499999998e+16
20040.0	4.832722999999998e+16
20050.0	4.579859249999998e+16
20060.0	4.497941249999998e+16
20070.0	4.188465749999999e+16
20080.0	5.418776749999999e+16
20090.0	3.939573999999999e+16
20100.0	4.478880249999998e+16
20110.0	4.44311725e+16
20120.0	4.696243749999999e+16
20130.0	4.794931999999999e+16
20140.0	4.572206999999999e+16
20150.0	4.772625249999998e+16
20160.0	4.688760749999998e+16
20170.0	4.615609249999998e+16
20180.0	4.917550249999999e+16
20190.0	4.630973749999999e+16
20200.0	3.781565999999998e+16
20210.0	4.890122749999998e+16
20220.0	4.897338999999998e+16
20230.0	4.934638499999998e+16
20240.0	5.514961249999999e+16
20250.0	4.819449999999999e+16
20260.0	4.008999499999999e+16
20270.0	4.161108999999998e+16
20280.0	4.608460249999998e+16
20290.0	4.207807249999999e+16
20300.0	4.633905749999999e+16
20310.0	4.022419999999998e+16
20320.0	5.035702749999999e+16
20330.0	4.952529249999998e+16
20340.0	4.745714249999999e+16
20350.0	4.934074249999999e+16
20360.0	4.192104999999999e+16
20370.0	5.174363249999998e+16
20380.0	5.024721999999999e+16
20390.0	4.373769499999998e+16
20400.0	4.500808499999999e+16
20410.0	4.436604999999998e+16
20420.0	4.88410025e+16
20430.0	5.159484249999998e+16
20440.0	4.230116749999998e+16
20450.0	4.37210475e+16
20460.0	4.971587499999998e+16
20470.0	4.452457999999999e+16
20480.0	4.685650999999999e+16
20490.0	4.402145999999999e+16
20500.0	4.639139749999999e+16
20510.0	5.083407999999999e+16
20520.0	4.809546249999998e+16
20530.0	4.593368999999999e+16
20540.0	4.881883249999999e+16
20550.0	4.377608999999999e+16
20560.0	4.324412499999999e+16
20570.0	4.905933499999999e+16
20580.0	5.1464904999999976e+16
20590.0	4.813734499999999e+16
20600.0	5.003055749999998e+16
20610.0	4.408499999999998e+16
20620.0	4.8338877499999976e+16
20630.0	4.833812249999998e+16
20640.0	4.14348125e+16
20650.0	4.734969749999998e+16
20660.0	4.662025249999999e+16
20670.0	4.616035499999998e+16
20680.0	4.610239749999998e+16
20690.0	4.7606504999999976e+16
20700.0	4.704935499999998e+16
20710.0	5.016886249999999e+16
20720.0	4.875511499999998e+16
20730.0	4.804800999999998e+16
20740.0	4.446594749999998e+16
20750.0	4.901608499999998e+16
20760.0	4.721384749999998e+16
20770.0	4.581462999999999e+16
20780.0	4.6217314999999976e+16
20790.0	4.809906999999998e+16
20800.0	4.560472249999999e+16
20810.0	4.486985999999999e+16
20820.0	4.7467349999999976e+16
20830.0	4.517268999999998e+16
20840.0	4.837780499999999e+16
20850.0	4.607943999999999e+16
20860.0	4.748083249999999e+16
20870.0	4.40109375e+16
20880.0	4.812173249999998e+16
20890.0	4.705447749999999e+16
20900.0	4.579944249999998e+16
20910.0	4.842374999999998e+16
20920.0	4.712726249999998e+16
20930.0	4.852009499999998e+16
20940.0	4.447349999999998e+16
20950.0	4.635448499999998e+16
20960.0	4.741960249999998e+16
20970.0	4.528488499999998e+16
20980.0	4.926480249999999e+16
20990.0	4.636270499999999e+16
21000.0	4.645461999999999e+16
21010.0	4.715076999999999e+16
21020.0	4.682228249999998e+16
21030.0	4.493203999999998e+16
21040.0	4.718052999999999e+16
21050.0	4.706335749999998e+16
21060.0	4.633251249999998e+16
21070.0	4.704340749999999e+16
21080.0	4.729600249999999e+16
21090.0	4.510320499999999e+16
21100.0	4.744013249999998e+16
21110.0	4.798048999999999e+16
21120.0	4.445396249999999e+16
21130.0	4.542415499999998e+16
21140.0	4.657855499999998e+16
21150.0	4.601430249999998e+16
21160.0	4.57825875e+16
21170.0	4.604476499999999e+16
21180.0	4.680080249999999e+16
21190.0	4.550519249999999e+16
21200.0	4.681669499999999e+16
21210.0	4.6038754999999976e+16
21220.0	4.490642999999999e+16
21230.0	4.720834999999998e+16
21240.0	4.629150749999998e+16
21250.0	4.491738749999998e+16
21260.0	4.660794999999998e+16
21270.0	4.628913999999999e+16
21280.0	4.626737499999998e+16
21290.0	4.521420499999999e+16
21300.0	4.636573749999999e+16
21310.0	4.527375499999998e+16
21320.0	4.627307249999999e+16
21330.0	4.585000999999998e+16
21340.0	4.604086999999999e+16
21350.0	4.645125249999998e+16
21360.0	4.527157499999998e+16
21370.0	4.542074749999999e+16
21380.0	4.514642499999999e+16
21390.0	4.531119249999999e+16
21400.0	4.476318749999999e+16
21410.0	4.566754249999999e+16
21420.0	4.556107999999999e+16
21430.0	4.437731999999999e+16
21440.0	4.557595999999998e+16
21450.0	4.541251749999999e+16
21460.0	4.522319249999998e+16
21470.0	4.502582749999999e+16
21480.0	4.455264249999999e+16
21490.0	4.375888499999999e+16
21500.0	4.374076999999999e+16
21510.0	4.535390999999998e+16
21520.0	4.501764249999998e+16
21530.0	4.4381814999999976e+16
21540.0	4.478282249999998e+16
21550.0	4.519918999999999e+16
21560.0	4.4004995e+16
21570.0	4.485649999999999e+16
21580.0	4.400133499999998e+16
21590.0	4.422348999999999e+16
21600.0	4.464840499999998e+16
21610.0	4.497199999999998e+16
21620.0	4.426743499999999e+16
21630.0	4.413274499999998e+16
21640.0	4.434945999999999e+16
21650.0	4.431811999999999e+16
21660.0	4.344914249999998e+16
21670.0	4.416046499999999e+16
21680.0	4.389091749999999e+16
21690.0	4.434025249999999e+16
21700.0	4.380951999999998e+16
21710.0	4.377427999999999e+16
21720.0	4.398507999999999e+16
21730.0	4.318211499999999e+16
21740.0	4.314385499999998e+16
21750.0	4.382705999999998e+16
21760.0	4.345847999999998e+16
21770.0	4.346793999999999e+16
21780.0	4.293897999999998e+16
21790.0	4.300744249999999e+16
21800.0	4.317632749999999e+16
21810.0	4.345853999999998e+16
21820.0	4.348681999999998e+16
21830.0	4.278365999999999e+16
21840.0	4.311445249999999e+16
21850.0	4.228985249999999e+16
21860.0	4.279543999999999e+16
21870.0	4.315760749999998e+16
21880.0	4.274590999999998e+16
21890.0	4.294801749999999e+16
21900.0	4.269716249999999e+16
21910.0	4.307321749999999e+16
21920.0	4.262071249999999e+16
21930.0	4.218763249999999e+16
21940.0	4.225622499999999e+16
21950.0	4.247557249999998e+16
21960.0	4.289395499999999e+16
21970.0	4.235245999999999e+16
21980.0	4.190320499999999e+16
21990.0	4.217948249999998e+16
22000.0	4.259821999999998e+16
22010.0	4.170616249999999e+16
22020.0	4.262155249999999e+16
22030.0	4.151889249999999e+16
22040.0	4.126541499999999e+16
22050.0	4.190732749999999e+16
22060.0	4.147840249999999e+16
22070.0	4.179676499999999e+16
22080.0	4.166979749999999e+16
22090.0	4.168652499999999e+16
22100.0	4.156115999999998e+16
22110.0	4.130121499999998e+16
22120.0	4.167699499999998e+16
22130.0	4.167092499999999e+16
22140.0	4.202004249999999e+16
22150.0	4.062561499999999e+16
22160.0	4.166930999999999e+16
22170.0	4.122832499999998e+16
22180.0	4.127056249999999e+16
22190.0	4.073541499999999e+16
22200.0	3.928147499999999e+16
22210.0	4.029431999999999e+16
22220.0	4.076903749999999e+16
22230.0	4.022447249999999e+16
22240.0	4.097898499999999e+16
22250.0	4.113539999999999e+16
22260.0	4.07318075e+16
22270.0	4.106386999999998e+16
22280.0	3.925176749999999e+16
22290.0	4.085728999999999e+16
22300.0	3.990765749999998e+16
22310.0	4.093891499999999e+16
22320.0	4.091686999999999e+16
22330.0	3.996226749999999e+16
22340.0	4.066229999999998e+16
22350.0	4.017902749999999e+16
22360.0	3.922051499999999e+16
22370.0	4.026968499999998e+16
22380.0	4.036523249999999e+16
22390.0	3.885006749999998e+16
22400.0	4.053704249999998e+16
22410.0	4.042779749999999e+16
22420.0	4.008461999999999e+16
22430.0	4.023238999999999e+16
22440.0	3.983936749999999e+16
22450.0	3.888832499999998e+16
22460.0	4.014460999999999e+16
22470.0	4.008925999999998e+16
22480.0	4.006854749999999e+16
22490.0	3.987871749999999e+16
22500.0	3.980886499999999e+16
22510.0	3.991292999999999e+16
22520.0	3.974748999999999e+16
22530.0	3.867220999999999e+16
22540.0	3.951560749999999e+16
22550.0	3.882598249999999e+16
22560.0	3.867425999999998e+16
22570.0	3.949400249999998e+16
22580.0	3.867134249999999e+16
22590.0	3.936158999999998e+16
22600.0	3.901281499999999e+16
22610.0	3.911581749999999e+16
22620.0	3.8708475e+16
22630.0	3.665724499999999e+16
22640.0	3.854205749999998e+16
22650.0	3.900723749999999e+16
22660.0	3.860986999999999e+16
22670.0	3.906690999999998e+16
22680.0	3.898175999999998e+16
22690.0	3.873191249999998e+16
22700.0	3.734947499999998e+16
22710.0	3.860069749999998e+16
22720.0	3.837740499999999e+16
22730.0	3.879343999999999e+16
22740.0	3.841926499999999e+16
22750.0	3.881565499999999e+16
22760.0	3.822191749999998e+16
22770.0	3.855571499999998e+16
22780.0	3.838226249999999e+16
22790.0	3.709713249999999e+16
22800.0	3.750293749999998e+16
22810.0	3.779444499999998e+16
22820.0	3.832902249999999e+16
22830.0	3.792945499999999e+16
22840.0	3.800612249999999e+16
22850.0	3.811073249999999e+16
22860.0	3.799219249999998e+16
22870.0	3.739560749999999e+16
22880.0	3.806425249999999e+16
22890.0	3.790467249999999e+16
22900.0	3.813562749999998e+16
22910.0	3.805658249999999e+16
22920.0	3.757064249999999e+16
22930.0	3.782709999999998e+16
22940.0	3.1386284999999996e+16
22950.0	3.249845499999999e+16
22960.0	3.324688249999999e+16
22970.0	3.3865442499999988e+16
22980.0	3.5507549999999996e+16
22990.0	3.5987719999999984e+16
23000.0	3.3053184999999988e+16
23010.0	3.495432749999999e+16
23020.0	3.604108249999999e+16
23030.0	3.3028027499999996e+16
23040.0	3.5940792499999996e+16
23050.0	3.193564749999999e+16
23060.0	3.3728909999999988e+16
23070.0	3.241609499999999e+16
23080.0	3.438600999999999e+16
23090.0	3.552213249999999e+16
23100.0	3.5482399999999984e+16
23110.0	3.462572e+16
23120.0	3.567853249999999e+16
23130.0	3.643754999999999e+16
23140.0	3.5851714999999988e+16
23150.0	3.0195594999999988e+16
23160.0	3.534455749999999e+16
23170.0	3.636604249999998e+16
23180.0	3.5375394999999988e+16
23190.0	3.527174249999999e+16
23200.0	3.511381999999999e+16
23210.0	3.18425375e+16
23220.0	3.470503249999999e+16
23230.0	3.195888499999999e+16
23240.0	3.0669714999999988e+16
23250.0	2.8667844999999996e+16
23260.0	3.572888249999999e+16
23270.0	3.245813749999999e+16
23280.0	3.4040324999999988e+16
23290.0	3.336113999999999e+16
23300.0	3.122768499999999e+16
23310.0	3.356108749999999e+16
23320.0	3.401331249999999e+16
23330.0	3.4431292499999988e+16
23340.0	3.2488434999999988e+16
23350.0	3.2670994999999996e+16
23360.0	3.262117499999999e+16
23370.0	3.1294942499999988e+16
23380.0	3.314453999999999e+16
23390.0	3.3876212499999984e+16
23400.0	3.205648999999999e+16
23410.0	3.4667277499999988e+16
23420.0	3.339178999999999e+16
23430.0	3.4040349999999996e+16
23440.0	3.4632277499999996e+16
23450.0	3.0787174999999988e+16
23460.0	3.4743942499999996e+16
23470.0	3.182186499999999e+16
23480.0	3.2843314999999996e+16
23490.0	3.4874229999999996e+16
23500.0	3.443617249999999e+16
23510.0	3.260609249999999e+16
23520.0	3.2871307499999996e+16
23530.0	3.033569749999999e+16
23540.0	3.144148999999999e+16
23550.0	3.274425749999999e+16
23560.0	3.1755277499999988e+16
23570.0	3.4149792499999988e+16
23580.0	3.092729999999999e+16
23590.0	3.151577999999999e+16
23600.0	3.454120499999999e+16
23610.0	3.0323234999999988e+16
23620.0	3.1450995e+16
23630.0	3.073882249999999e+16
23640.0	3.2160119999999988e+16
23650.0	3.3398497499999988e+16
23660.0	3.3447722499999996e+16
23670.0	3.2263169999999996e+16
23680.0	2.6742419999999996e+16
23690.0	3.482032999999999e+16
23700.0	3.3408417499999988e+16
23710.0	2.985141749999999e+16
23720.0	3.430683499999999e+16
23730.0	3.3617194999999984e+16
23740.0	3.0511604999999984e+16
23750.0	3.3633174999999996e+16
23760.0	3.1092067499999988e+16
23770.0	3.158586499999999e+16
23780.0	2.9756859999999996e+16
23790.0	3.1742817499999988e+16
23800.0	3.3463064999999988e+16
23810.0	2.7504597499999988e+16
23820.0	3.277079499999999e+16
23830.0	3.067346249999999e+16
23840.0	3.126732499999999e+16
23850.0	3.3855137499999988e+16
23860.0	3.126725749999999e+16
23870.0	3.007167999999999e+16
23880.0	2.790994499999999e+16
23890.0	3.306510249999999e+16
23900.0	3.2959432499999996e+16
23910.0	3.2891634999999996e+16
23920.0	2.4946374999999988e+16
23930.0	2.8509832499999988e+16
23940.0	3.128362499999999e+16
23950.0	2.961269999999999e+16
23960.0	3.0190014999999996e+16
23970.0	2.972797499999999e+16
23980.0	3.0284849999999988e+16
23990.0	3.326144499999999e+16
24000.0	3.1554895e+16
24010.0	2.83287675e+16
24020.0	2.9957504999999996e+16
24030.0	2.8818532499999996e+16
24040.0	3.0542197499999996e+16
24050.0	3.0113482499999988e+16
24060.0	3.1122559999999996e+16
24070.0	2.664606249999999e+16
24080.0	3.134480249999999e+16
24090.0	3.244127999999999e+16
24100.0	2.7584947499999996e+16
24110.0	3.011312999999999e+16
24120.0	2.986926749999999e+16
24130.0	3.145117999999999e+16
24140.0	2.688586249999999e+16
24150.0	3.211186499999999e+16
24160.0	3.0236609999999988e+16
24170.0	2.971900499999999e+16
24180.0	2.713649749999999e+16
24190.0	3.0661477499999988e+16
24200.0	2.8139044999999996e+16
24210.0	3.0560932499999996e+16
24220.0	2.4870874999999996e+16
24230.0	2.9527144999999988e+16
24240.0	3.062989749999999e+16
24250.0	2.837389499999999e+16
24260.0	2.9961244999999988e+16
24270.0	2.907556749999999e+16
24280.0	2.797747499999999e+16
24290.0	3.055417499999999e+16
24300.0	2.795488749999999e+16
24310.0	2.5102317499999996e+16
24320.0	2.844157e+16
24330.0	2.9420097499999988e+16
24340.0	2.4429322499999996e+16
24350.0	2.5149407499999996e+16
24360.0	2.7336307499999988e+16
24370.0	2.0959737499999996e+16
24380.0	2.7333637499999996e+16
24390.0	3.035317499999999e+16
24400.0	2.574120249999999e+16
24410.0	2.534952999999999e+16
24420.0	2.713914249999999e+16
24430.0	2.67053725e+16
24440.0	2.174866999999999e+16
24450.0	2.551947249999999e+16
24460.0	2.6116647499999996e+16
24470.0	2.6176577499999996e+16
24480.0	2.3998187499999996e+16
24490.0	2.7241077499999988e+16
24500.0	2.9300399999999996e+16
24510.0	2.965538249999999e+16
24520.0	2.2091712499999996e+16
24530.0	2.1958447499999996e+16
24540.0	1.9410447499999996e+16
24550.0	2.413898749999999e+16
24560.0	2.660401999999999e+16
24570.0	2.664035499999999e+16
24580.0	2.864169499999999e+16
24590.0	2.6582307499999996e+16
24600.0	2.2214019999999996e+16
24610.0	1.8579956499999996e+16
24620.0	2.4127007999999996e+16
24630.0	2.6934989999999996e+16
24640.0	3.0806289999999988e+16
24650.0	2.607228749999999e+16
24660.0	2.141727899999999e+16
24670.0	2.1755534999999996e+16
24680.0	1.6177561999999992e+16
24690.0	2.496542499999999e+16
24700.0	2.403609749999999e+16
24710.0	2.185356749999999e+16
24720.0	2.4328874999999996e+16
24730.0	2.3814479999999996e+16
24740.0	1.6736922499999996e+16
24750.0	1.8245132499999996e+16
24760.0	2.191826999999999e+16
24770.0	2.6352202499999996e+16
24780.0	2.417569124999999e+16
24790.0	2.0784791249999996e+16
24800.0	2.764405999999999e+16
24810.0	2.0331627499999996e+16
24820.0	1.944022499999999e+16
24830.0	1.7775077499999998e+16
24840.0	2.5110034999999996e+16
24850.0	2.6538889999999996e+16
24860.0	2.5597949999999996e+16
24870.0	2.2584384999999996e+16
24880.0	2.171814749999999e+16
24890.0	1.7487017999999996e+16
24900.0	1.7258742499999996e+16
24910.0	1.7185647499999994e+16
24920.0	2.666310999999999e+16
24930.0	2.1403157499999996e+16
24940.0	2.7733804999999996e+16
24950.0	2.4788929999999996e+16
24960.0	2.141121749999999e+16
24970.0	2.0793874999999996e+16
24980.0	1.5626367499999994e+16
24990.0	2.483884749999999e+16
