# Flux units: erg / (cm m2 s)
# Wavelength units: micron
wave	flux
0.7000000000000002	8.186379117548402e+17
0.7010000000000002	8.334596317433283e+17
0.7020000000000002	8.647004831980663e+17
0.7030000000000002	8.996590972250176e+17
0.7040000000000002	9.283008986713882e+17
0.7050000000000002	9.915967159142492e+17
0.7060000000000002	8.309894839157938e+17
0.7070000000000002	8.549675875580796e+17
0.7080000000000002	9.077634666181764e+17
0.7090000000000001	7.905428307969513e+17
0.7100000000000001	7.915579215726392e+17
0.7110000000000001	8.26761540049228e+17
0.7120000000000001	8.548335758586345e+17
0.7130000000000001	7.063918097507972e+17
0.7140000000000001	7.225273960654277e+17
0.7150000000000001	7.26499322950266e+17
0.7160000000000001	7.84583727618763e+17
0.7170000000000001	8.024043022975743e+17
0.7180000000000001	8.185457792810072e+17
0.7190000000000001	8.260513356138892e+17
0.7200000000000001	8.197757848187322e+17
0.7210000000000001	8.005194965966111e+17
0.7220000000000001	8.694452286864563e+17
0.7230000000000001	8.938163257878118e+17
0.7240000000000001	9.09198070782444e+17
0.7250000000000001	8.984109109926708e+17
0.7260000000000001	9.42059834864036e+17
0.7270000000000001	9.590319020088745e+17
0.7280000000000001	9.635760366067012e+17
0.7290000000000001	9.740083982483451e+17
0.7300000000000001	9.959171476153076e+17
0.7310000000000001	1.001527826576761e+18
0.7320000000000001	1.0081107226888426e+18
0.7330000000000001	9.730372078605732e+17
0.7340000000000001	1.0451081636308041e+18
0.7350000000000001	1.0326248559389612e+18
0.7360000000000001	9.937969021754408e+17
0.7370000000000001	1.050289898949196e+18
0.7380000000000001	1.0729629161891162e+18
0.7390000000000001	1.0424031515745742e+18
0.7400000000000001	1.0458623101508127e+18
0.7410000000000001	1.0628981839060844e+18
0.7420000000000001	1.0500247405280259e+18
0.7430000000000001	1.0719363134867804e+18
0.7440000000000001	1.0733771062383064e+18
0.7450000000000001	1.0523385497802952e+18
0.7460000000000001	1.056774592060552e+18
0.7470000000000001	1.0807974489399286e+18
0.7480000000000001	1.0867785583556659e+18
0.7490000000000001	1.072941665718872e+18
0.7500000000000001	1.0608509420273455e+18
0.7510000000000001	1.0681230624610542e+18
0.7520000000000001	1.0888892656753036e+18
0.7530000000000001	1.0877947321333357e+18
0.7540000000000001	1.0955028099286523e+18
0.7550000000000001	1.0979112936215442e+18
0.7560000000000001	1.084967209271919e+18
0.7570000000000001	1.0900748369900347e+18
0.7580000000000001	1.0912449108765816e+18
0.7590000000000001	1.0458883616089308e+18
0.7600000000000001	1.0561484617596525e+18
0.7610000000000001	1.0549299231653979e+18
0.7620000000000001	1.0319997234923711e+18
0.7630000000000001	1.0450643639669669e+18
0.7640000000000001	1.0350557266173541e+18
0.7650000000000001	1.04242778406564e+18
0.7660000000000001	9.96971618679344e+17
0.7670000000000001	8.862971403621027e+17
0.7680000000000001	9.900559016264421e+17
0.7690000000000001	9.906930515700356e+17
0.7700000000000001	9.26225170152931e+17
0.7710000000000001	9.831569917666847e+17
0.7720000000000001	9.821627671111212e+17
0.7730000000000001	9.875082049480886e+17
0.7740000000000001	1.0189997806158952e+18
0.7750000000000001	9.514437080559095e+17
0.7760000000000001	9.840357473703903e+17
0.7770000000000001	9.9390594015945e+17
0.7780000000000001	9.91791387044787e+17
0.7790000000000001	9.773613224530383e+17
0.7800000000000001	9.928752779524187e+17
0.7810000000000001	1.0127149246228603e+18
0.7820000000000001	1.0201438020162152e+18
0.7830000000000001	9.883789200255156e+17
0.7840000000000001	9.759144537257693e+17
0.7850000000000001	9.988884381804979e+17
0.7860000000000001	1.0175917728245243e+18
0.7870000000000001	1.0178623749520558e+18
0.7880000000000001	1.0240039188785368e+18
0.7890000000000001	1.0240955946838633e+18
0.7900000000000001	1.029468612486183e+18
0.7910000000000001	1.0114379145456047e+18
0.7920000000000001	1.0091695419298952e+18
0.7930000000000001	1.0229410223839686e+18
0.7940000000000002	1.0053544274133956e+18
0.7950000000000002	9.967747263357631e+17
0.7960000000000002	1.0332195783379592e+18
0.7970000000000002	1.0447437523592161e+18
0.7980000000000002	1.0306853723660526e+18
0.7990000000000002	1.0413351665064742e+18
0.8000000000000002	1.0220487132559643e+18
0.8010000000000002	1.0448004779221466e+18
0.8020000000000002	1.0566705003156431e+18
0.8030000000000002	1.0265641646684782e+18
0.8040000000000002	1.0541872119090596e+18
0.8050000000000002	1.0302919623438568e+18
0.8060000000000002	1.0570717797892168e+18
0.8070000000000002	1.028376230245159e+18
0.8080000000000002	1.0423157616914122e+18
0.8090000000000002	1.0436053344791438e+18
0.8100000000000002	1.0377694159618862e+18
0.8110000000000002	1.0560537839995506e+18
0.8120000000000002	1.0511462477501204e+18
0.8130000000000002	1.0604785787959884e+18
0.8140000000000002	1.0604606074204904e+18
0.8150000000000002	1.059190902041018e+18
0.8160000000000002	1.054404183243454e+18
0.8170000000000002	1.0677507327916662e+18
0.8180000000000002	1.0426985331787675e+18
0.8190000000000002	9.767013988188603e+17
0.8200000000000002	9.381226379750875e+17
0.8210000000000002	1.0259550682926387e+18
0.8220000000000002	1.0214767591831592e+18
0.8230000000000002	1.0491666046739926e+18
0.8240000000000002	1.0416064178521128e+18
0.8250000000000002	1.0509832953316084e+18
0.8260000000000002	1.0402920803960323e+18
0.8270000000000002	1.0533270285424556e+18
0.8280000000000002	1.0480075174781085e+18
0.8290000000000002	1.0429278510071293e+18
0.8300000000000002	1.0335054551645354e+18
0.8310000000000002	1.0079349293402785e+18
0.8320000000000002	1.0403074748754679e+18
0.8330000000000002	9.781686855080163e+17
0.8340000000000002	1.0190405561343771e+18
0.8350000000000002	1.0084426933603404e+18
0.8360000000000002	1.0172216864570898e+18
0.8370000000000002	1.0010942874410098e+18
0.8380000000000002	9.839756895033327e+17
0.8390000000000002	9.42709065237513e+17
0.8400000000000002	1.003500750990747e+18
0.8410000000000002	1.0129429367866778e+18
0.8420000000000002	1.0144119086639662e+18
0.8430000000000002	9.751705319951917e+17
0.8440000000000002	9.256449810592343e+17
0.8450000000000002	9.938788330951226e+17
0.8460000000000002	9.965322675207528e+17
0.8470000000000002	9.574761165662481e+17
0.8480000000000002	1.0047542411924543e+18
0.8490000000000002	1.0067222003700877e+18
0.8500000000000002	8.83075454708475e+17
0.8510000000000002	9.980893220971756e+17
0.8520000000000002	9.401476089964995e+17
0.8530000000000002	9.889270285879378e+17
0.8540000000000002	8.286504334340576e+17
0.8550000000000002	8.848716376898234e+17
0.8560000000000002	9.994953205398172e+17
0.8570000000000002	1.0019962653040462e+18
0.8580000000000002	9.948605757990324e+17
0.8590000000000002	1.0118456856587393e+18
0.8600000000000002	1.0058368330848945e+18
0.8610000000000002	9.935477987253213e+17
0.8620000000000002	9.965558993790303e+17
0.8630000000000002	1.0137212602482582e+18
0.8640000000000002	1.0091984370031156e+18
0.8650000000000002	1.0023312373409606e+18
0.8660000000000002	8.613463779280494e+17
0.8670000000000001	9.23177438913704e+17
0.8680000000000001	9.655791027824616e+17
0.8690000000000001	9.028152672184173e+17
0.8700000000000001	9.954286989290854e+17
0.8710000000000001	1.0012372079860572e+18
0.8720000000000001	9.923015705270488e+17
0.8730000000000001	1.0076455718499453e+18
0.8740000000000001	9.827135738752032e+17
0.8750000000000001	1.0085100566712539e+18
0.8760000000000001	9.975096060072672e+17
0.8770000000000001	9.918037759382583e+17
0.8780000000000001	9.771506588302628e+17
0.8790000000000001	1.0112521851063141e+18
0.8800000000000001	9.98662354721509e+17
0.8810000000000001	9.218673224934588e+17
0.8820000000000001	1.0083156619331924e+18
0.8830000000000001	9.620923910328657e+17
0.8840000000000001	9.91638407951972e+17
0.8850000000000001	1.0095694336084192e+18
0.8860000000000001	9.987257935668444e+17
0.8870000000000001	9.677355404958134e+17
0.8880000000000001	9.7745949391808e+17
0.8890000000000001	9.814853716527121e+17
0.8900000000000001	9.851649474561421e+17
0.8910000000000001	9.825305022005604e+17
0.8920000000000001	9.803903093348773e+17
0.8930000000000001	9.773360338900946e+17
0.8940000000000001	9.813852674552324e+17
0.8950000000000001	9.614703293724408e+17
0.8960000000000001	9.86248425042994e+17
0.8970000000000001	9.733611712519708e+17
0.8980000000000001	9.709722689568283e+17
0.8990000000000001	9.79124116346941e+17
0.9000000000000001	9.515650800883619e+17
0.9010000000000001	9.666232945685619e+17
0.9020000000000001	9.52647610420383e+17
0.9030000000000001	9.69440465807735e+17
0.9040000000000001	9.810779156769285e+17
0.9050000000000001	9.89084212765671e+17
0.9060000000000001	9.819260618986008e+17
0.9070000000000001	9.88322517273925e+17
0.9080000000000001	9.860770882765751e+17
0.9090000000000001	9.376551397959265e+17
0.9100000000000001	9.743388006343553e+17
0.9110000000000001	9.699064546095962e+17
0.9120000000000001	9.80686934885546e+17
0.9130000000000001	9.877222818090845e+17
0.9140000000000001	9.831425992939848e+17
0.9150000000000001	9.8107172506371e+17
0.9160000000000001	9.849433681920122e+17
0.9170000000000001	9.74359623303586e+17
0.9180000000000001	9.748603145535213e+17
0.9190000000000002	9.854229409425111e+17
0.9200000000000002	9.802519110724362e+17
0.9210000000000002	9.632019566312861e+17
0.9220000000000002	9.739365562399052e+17
0.9230000000000002	9.7345203202777e+17
0.9240000000000002	9.722883016205185e+17
0.9250000000000002	9.625564388285541e+17
0.9260000000000002	9.492849887653873e+17
0.9270000000000002	9.682843990279199e+17
0.9280000000000002	9.673374929082207e+17
0.9290000000000002	9.520682370169676e+17
0.9300000000000002	9.586141104739291e+17
0.9310000000000002	9.687345996181363e+17
0.9320000000000002	9.669959198315007e+17
0.9330000000000002	9.697578681723043e+17
0.9340000000000002	9.684309313158908e+17
0.9350000000000002	9.580755406932704e+17
0.9360000000000002	9.474274466752122e+17
0.9370000000000002	9.638139278897187e+17
0.9380000000000002	9.579506559783178e+17
0.9390000000000002	9.610809313915003e+17
0.9400000000000002	9.564136292820534e+17
0.9410000000000002	9.527276586788301e+17
0.9420000000000002	9.334780006219754e+17
0.9430000000000002	9.583004857953073e+17
0.9440000000000002	9.45380900516458e+17
0.9450000000000002	9.317813717248497e+17
0.9460000000000002	9.524729043131828e+17
0.9470000000000002	9.543942464070461e+17
0.9480000000000002	9.56914522160641e+17
0.9490000000000002	9.581769603709697e+17
0.9500000000000002	9.566954791810985e+17
0.9510000000000002	9.493724848072524e+17
0.9520000000000002	9.541380941004404e+17
0.9530000000000002	9.543027548153819e+17
0.9540000000000002	9.44202389973783e+17
0.9550000000000002	9.201030582970382e+17
0.9560000000000002	9.453997175646609e+17
0.9570000000000002	9.398458279666876e+17
0.9580000000000002	9.378673348425814e+17
0.9590000000000002	9.528574763624156e+17
0.9600000000000002	9.241099261585178e+17
0.9610000000000002	9.418509703700147e+17
0.9620000000000002	9.503817395025065e+17
0.9630000000000002	9.468975210286924e+17
0.9640000000000002	8.920529232272883e+17
0.9650000000000002	9.101995888780192e+17
0.9660000000000002	9.243993461311109e+17
0.9670000000000002	9.168698085233098e+17
0.9680000000000002	8.957703024475283e+17
0.9690000000000002	9.182273964128637e+17
0.9700000000000002	9.385282612628835e+17
0.9710000000000002	9.017481892487644e+17
0.9720000000000002	9.143063732822542e+17
0.9730000000000002	9.01455537229011e+17
0.9740000000000002	9.121166205836022e+17
0.9750000000000002	8.949648190026529e+17
0.9760000000000002	9.341778859735836e+17
0.9770000000000002	9.035364676820026e+17
0.9780000000000002	9.362109813245924e+17
0.9790000000000002	8.597395897119245e+17
0.9800000000000002	9.28839253551717e+17
0.9810000000000002	9.330555744447899e+17
0.9820000000000002	9.264272879634218e+17
0.9830000000000002	9.113748382386615e+17
0.9840000000000002	9.242027573459329e+17
0.9850000000000002	9.285599436090162e+17
0.9860000000000002	9.297259967473613e+17
0.9870000000000002	9.276593277131776e+17
0.9880000000000002	9.280772888766227e+17
0.9890000000000002	9.258526935799067e+17
0.9900000000000002	9.051767723749923e+17
0.9910000000000002	8.80394483372092e+17
0.9920000000000002	8.757448581767151e+17
0.9930000000000002	8.803120997146058e+17
0.9940000000000002	8.931604848779668e+17
0.9950000000000002	8.974382976152749e+17
0.9960000000000002	8.962614046093481e+17
0.9970000000000002	9.045101287945097e+17
0.9980000000000002	8.993649955294397e+17
0.9990000000000002	8.864416963454963e+17
1.0000000000000002	8.934925443006199e+17
1.0010000000000001	8.800363687868151e+17
1.0020000000000002	9.045150878733933e+17
1.0030000000000001	9.03921637137799e+17
1.0040000000000002	8.871907744133763e+17
1.0050000000000001	8.846108493232588e+17
1.0060000000000002	8.655778728537778e+17
1.0070000000000001	8.83720817463778e+17
1.0080000000000002	8.964554904173692e+17
1.0090000000000001	8.903817875393825e+17
1.0100000000000002	8.986728585749486e+17
1.0110000000000001	8.894437045678226e+17
1.0120000000000002	8.886360618530961e+17
1.0130000000000001	9.009802294374362e+17
1.0140000000000002	8.859299633827598e+17
1.0150000000000001	8.775400673730237e+17
1.0160000000000002	8.795137467228709e+17
1.0170000000000001	8.785092256039845e+17
1.0180000000000002	8.940744058781946e+17
1.0190000000000001	8.793692473339057e+17
1.0200000000000002	8.769723734073569e+17
1.0210000000000001	8.77419202105377e+17
1.0220000000000002	8.637660071940576e+17
1.0230000000000001	8.887876045347301e+17
1.0240000000000002	8.937570785857422e+17
1.0250000000000001	8.86973374667178e+17
1.0260000000000002	8.705991799059304e+17
1.0270000000000001	8.686969642349622e+17
1.0280000000000002	8.726679709079654e+17
1.0290000000000001	8.639237861337576e+17
1.0300000000000002	8.734205522462328e+17
1.0310000000000001	8.837046998124083e+17
1.0320000000000003	8.821684695616872e+17
1.0330000000000001	8.605472735863273e+17
1.0340000000000003	8.653548621957983e+17
1.0350000000000001	8.319902752942122e+17
1.0360000000000003	8.823007881085576e+17
1.0370000000000001	8.731092944263035e+17
1.0380000000000003	8.661578537752489e+17
1.0390000000000001	8.748441855903931e+17
1.0400000000000003	8.402452914565567e+17
1.0410000000000001	8.817016200227626e+17
1.0420000000000003	8.646573950081741e+17
1.0430000000000001	8.544213668791479e+17
1.0440000000000003	8.766082362840342e+17
1.0450000000000002	8.757047488315886e+17
1.0460000000000003	8.735539380393326e+17
1.0470000000000002	8.535696664671721e+17
1.0480000000000003	8.672872048644173e+17
1.0490000000000002	8.661561942806002e+17
1.0500000000000003	8.548841361977866e+17
1.0510000000000002	8.609826671148952e+17
1.0520000000000003	8.600445963349521e+17
1.0530000000000002	8.672431806706616e+17
1.0540000000000003	8.618665333684659e+17
1.0550000000000002	8.669061889169797e+17
1.0560000000000003	8.602275132504942e+17
1.0570000000000002	8.561444877786783e+17
1.0580000000000003	8.632688954863348e+17
1.0590000000000002	8.32649612154353e+17
1.0600000000000003	8.650251330474374e+17
1.0610000000000002	8.354527569112316e+17
1.0620000000000003	8.597108242771885e+17
1.0630000000000002	8.592065355349617e+17
1.0640000000000003	8.61803099808358e+17
1.0650000000000002	8.547706402608614e+17
1.0660000000000003	8.290236713593797e+17
1.0670000000000002	8.486805074532324e+17
1.0680000000000003	8.395526010986509e+17
1.0690000000000002	8.451494328777985e+17
1.0700000000000003	8.51515027331208e+17
1.0710000000000002	8.438976873251071e+17
1.0720000000000003	8.497318149336928e+17
1.0730000000000002	8.278521884380452e+17
1.0740000000000003	8.379417115055072e+17
1.0750000000000002	8.382685353606298e+17
1.0760000000000003	8.449992576397164e+17
1.0770000000000002	8.479995753139136e+17
1.0780000000000003	8.394004323981838e+17
1.0790000000000002	8.342942470242074e+17
1.0800000000000003	8.317016932402369e+17
1.0810000000000002	8.014324377184119e+17
1.0820000000000003	8.281079138616273e+17
1.0830000000000002	8.298696140351045e+17
1.0840000000000003	8.334460882616125e+17
1.0850000000000002	8.329546912451459e+17
1.0860000000000003	8.409119321164392e+17
1.0870000000000002	8.242521054987848e+17
1.0880000000000003	8.350259036768444e+17
1.0890000000000002	8.247614729750822e+17
1.0900000000000003	8.35518448024651e+17
1.0910000000000002	8.278446432322321e+17
1.0920000000000003	8.259101258742376e+17
1.0930000000000002	8.31577027443198e+17
1.0940000000000003	8.348281237671617e+17
1.0950000000000002	8.35660854700631e+17
1.0960000000000003	8.163511061754332e+17
1.0970000000000002	8.094086928093271e+17
1.0980000000000003	8.133760811586537e+17
1.0990000000000002	8.184227031133691e+17
1.1000000000000003	8.229499028445212e+17
1.1010000000000002	8.254490111453056e+17
1.1020000000000003	8.040584935103287e+17
1.1030000000000002	8.165949939123945e+17
1.104	8.165868879624609e+17
1.1050000000000002	8.13002656372978e+17
1.106	8.17245869490537e+17
1.1070000000000002	8.132769941022564e+17
1.108	8.152559360451297e+17
1.1090000000000002	8.152588056510473e+17
1.11	8.152344572581582e+17
1.1110000000000002	8.149050521040672e+17
1.112	8.056440069390136e+17
1.1130000000000002	8.113366065943104e+17
1.114	8.155117116541796e+17
1.1150000000000002	8.105356513847697e+17
1.116	8.010895429997951e+17
1.1170000000000002	8.131820643105832e+17
1.118	8.130153455790058e+17
1.1190000000000002	8.040592458977626e+17
1.12	8.004942830216671e+17
1.1210000000000002	8.090357694291785e+17
1.122	8.086519734595862e+17
1.1230000000000002	8.031329161685883e+17
1.124	8.137969824090252e+17
1.1250000000000002	7.794755734973192e+17
1.1260000000000001	7.453746576823071e+17
1.1270000000000002	8.11032807620487e+17
1.1280000000000001	8.019328951973764e+17
1.1290000000000002	8.04040956039381e+17
1.1300000000000001	7.884627184093609e+17
1.1310000000000002	7.968114338279425e+17
1.1320000000000001	8.049727413343898e+17
1.1330000000000002	8.024297102311512e+17
1.1340000000000001	7.891578912483135e+17
1.1350000000000002	8.042576922381245e+17
1.1360000000000001	7.964074652113034e+17
1.1370000000000002	8.029364388493349e+17
1.1380000000000001	7.418975976570083e+17
1.1390000000000002	7.785066338660488e+17
1.1400000000000001	7.845229924546838e+17
1.1410000000000002	7.40248092647535e+17
1.1420000000000001	7.966557586330943e+17
1.1430000000000002	7.82116633392389e+17
1.1440000000000001	7.76820086548813e+17
1.1450000000000002	7.961918017533426e+17
1.1460000000000001	7.942870651844285e+17
1.1470000000000002	7.941801411264037e+17
1.1480000000000001	7.806057030058149e+17
1.1490000000000002	7.829008604499396e+17
1.1500000000000001	7.961921605399277e+17
1.1510000000000002	7.907940372696975e+17
1.1520000000000001	7.939777513649642e+17
1.1530000000000002	7.902738807773321e+17
1.1540000000000001	7.881762149552513e+17
1.1550000000000002	7.914670743706273e+17
1.1560000000000001	7.899372896673998e+17
1.1570000000000003	7.880756048909699e+17
1.1580000000000001	7.869867788158817e+17
1.1590000000000003	7.865097775644797e+17
1.1600000000000001	7.660912947763725e+17
1.1610000000000003	7.328162222015931e+17
1.1620000000000001	7.859959225550884e+17
1.1630000000000003	7.848479989744197e+17
1.1640000000000001	7.547872670527374e+17
1.1650000000000003	7.842201796000262e+17
1.1660000000000001	7.81614822152956e+17
1.1670000000000003	7.792888498253431e+17
1.1680000000000001	7.802712372090769e+17
1.1690000000000003	7.426738091355424e+17
1.1700000000000002	7.793745745526678e+17
1.1710000000000003	7.789428228742697e+17
1.1720000000000002	7.771405177600136e+17
1.1730000000000003	7.783710516977855e+17
1.1740000000000002	7.747670092594729e+17
1.1750000000000003	7.756507988314426e+17
1.1760000000000002	7.763610321007364e+17
1.1770000000000003	7.620658444865239e+17
1.1780000000000002	7.423582676450518e+17
1.1790000000000003	7.485479494841143e+17
1.1800000000000002	7.657733987042104e+17
1.1810000000000003	7.678748670357105e+17
1.1820000000000002	7.673986353136417e+17
1.1830000000000003	6.894622458604614e+17
1.1840000000000002	7.634488379614572e+17
1.1850000000000003	7.676480732138816e+17
1.1860000000000002	7.68435639647204e+17
1.1870000000000003	7.686510802989605e+17
1.1880000000000002	7.63337545171904e+17
1.1890000000000003	6.990533507544755e+17
1.1900000000000002	7.540384621383602e+17
1.1910000000000003	7.639130072289641e+17
1.1920000000000002	7.629707567566158e+17
1.1930000000000003	7.648344346845952e+17
1.1940000000000002	7.618171087821069e+17
1.1950000000000003	7.466928987205452e+17
1.1960000000000002	7.443859596090382e+17
1.1970000000000003	7.518270297882611e+17
1.1980000000000002	6.952596839680991e+17
1.1990000000000003	7.330446827621002e+17
1.2000000000000002	7.537422144768183e+17
1.2010000000000003	7.534658750398452e+17
1.2020000000000002	7.53246216223453e+17
1.2030000000000003	7.386370886182376e+17
1.2040000000000002	7.458597203110569e+17
1.2050000000000003	7.527479784644164e+17
1.2060000000000002	7.534839816637943e+17
1.2070000000000003	7.480048246979059e+17
1.2080000000000002	7.418385814934144e+17
1.2090000000000003	6.947927065434884e+17
1.2100000000000002	7.508716725327235e+17
1.2110000000000003	7.40238484613556e+17
1.2120000000000002	7.485185595807881e+17
1.2130000000000003	7.49464742096384e+17
1.2140000000000002	7.503438855293051e+17
1.2150000000000003	7.496109967822094e+17
1.2160000000000002	7.474891854102184e+17
1.2170000000000003	7.43715403578331e+17
1.2180000000000002	7.487623753554054e+17
1.2190000000000003	7.433749129541819e+17
1.2200000000000002	7.422704243042563e+17
1.2210000000000003	7.444424375639116e+17
1.2220000000000002	7.426978716666532e+17
1.2230000000000003	7.418189012407889e+17
1.2240000000000002	7.410377945250287e+17
1.2250000000000003	7.402502658159284e+17
1.2260000000000002	7.420183002862908e+17
1.2270000000000003	7.317577302308609e+17
1.2280000000000002	7.414889770101501e+17
1.2290000000000003	7.395889346278605e+17
1.2300000000000002	7.387792247502139e+17
1.2310000000000003	7.371442972368164e+17
1.2320000000000002	7.339093910808822e+17
1.2330000000000003	7.335148350102877e+17
1.2340000000000002	7.332169756109226e+17
1.2350000000000003	7.344952476097137e+17
1.2360000000000002	7.281896174851269e+17
1.2370000000000003	7.307335084098934e+17
1.2380000000000002	7.356760941771355e+17
1.2390000000000003	7.29602472575025e+17
1.2400000000000002	7.288882506927397e+17
1.2410000000000003	7.270616044933759e+17
1.2420000000000002	7.240304653955544e+17
1.2430000000000003	7.192814533883154e+17
1.2440000000000002	7.092153819287041e+17
1.2450000000000003	7.284399360105052e+17
1.2460000000000002	7.274507573513837e+17
1.2470000000000003	7.255441395853117e+17
1.2480000000000002	7.255417158318024e+17
1.2490000000000003	7.248698778670193e+17
1.2500000000000002	7.232782286444966e+17
1.2510000000000003	7.227985875502674e+17
1.2520000000000002	7.140208936318396e+17
1.2530000000000003	7.000583205523436e+17
1.2540000000000002	7.154021962384671e+17
1.2550000000000003	7.22101316545234e+17
1.2560000000000002	7.16804890456455e+17
1.2570000000000003	7.145863926511231e+17
1.2580000000000002	7.190391025473316e+17
1.2590000000000003	7.195531571101366e+17
1.2600000000000002	7.130109104833386e+17
1.2610000000000001	7.163102764175712e+17
1.2620000000000002	7.162758784919913e+17
1.2630000000000001	7.190090017893286e+17
1.2640000000000002	7.07000101523192e+17
1.2650000000000001	7.123696929995144e+17
1.2660000000000002	7.173475379883017e+17
1.2670000000000001	7.082669224642377e+17
1.2680000000000002	6.94791185300943e+17
1.2690000000000001	7.150536274897229e+17
1.2700000000000002	7.13434672199645e+17
1.2710000000000001	7.115725324838993e+17
1.2720000000000002	7.156470349567899e+17
1.2730000000000001	7.144138029834849e+17
1.2740000000000002	6.976602880316893e+17
1.2750000000000001	7.02628069985712e+17
1.2760000000000002	7.118385415921802e+17
1.2770000000000001	7.105406927230582e+17
1.2780000000000002	7.095257563398182e+17
1.2790000000000001	7.107870328459982e+17
1.2800000000000002	7.09665613202134e+17
1.2810000000000001	6.996217425615926e+17
1.2820000000000003	6.877678684497617e+17
1.2830000000000001	6.64246650484133e+17
1.2840000000000003	6.963284850859423e+17
1.2850000000000001	6.914232208706877e+17
1.2860000000000003	7.053229708308707e+17
1.2870000000000001	7.049636094434295e+17
1.2880000000000003	6.951557040315054e+17
1.2890000000000001	7.008084857749345e+17
1.2900000000000003	6.641824947826223e+17
1.2910000000000001	6.848076125440911e+17
1.2920000000000003	6.953643855767665e+17
1.2930000000000001	6.962014895759059e+17
1.2940000000000003	6.922627937862546e+17
1.2950000000000002	6.935736957318273e+17
1.2960000000000003	7.003120441653359e+17
1.2970000000000002	6.978696035714308e+17
1.2980000000000003	6.842474449916178e+17
1.2990000000000002	6.956931427493783e+17
1.3000000000000003	6.981588859282108e+17
1.3010000000000002	6.908237144928541e+17
1.3020000000000003	6.89179319170124e+17
1.3030000000000002	6.966522254521948e+17
1.3040000000000003	6.855422148575311e+17
1.3050000000000002	6.948038575745341e+17
1.3060000000000003	6.933523491716353e+17
1.3070000000000002	6.917081640795139e+17
1.3080000000000003	6.86275077272667e+17
1.3090000000000002	6.921773057834566e+17
1.3100000000000003	6.898603342666533e+17
1.3110000000000002	6.897565852687206e+17
1.3120000000000003	6.763809495322988e+17
1.3130000000000002	6.010029750696049e+17
1.3140000000000003	6.751456322289618e+17
1.3150000000000002	6.321071898694003e+17
1.3160000000000003	6.706313269730671e+17
1.3170000000000002	6.892507828174463e+17
1.3180000000000003	6.871239276280108e+17
1.3190000000000002	6.895917415478537e+17
1.3200000000000003	6.788260522226454e+17
1.3210000000000002	6.871222711184209e+17
1.3220000000000003	6.773826566897157e+17
1.3230000000000002	6.868357444387021e+17
1.3240000000000003	6.872592306861267e+17
1.3250000000000002	6.821773734154484e+17
1.3260000000000003	6.834360885432051e+17
1.3270000000000002	6.795184052778548e+17
1.3280000000000003	6.813709244731963e+17
1.3290000000000002	6.608446086799956e+17
1.3300000000000003	6.633870441479432e+17
1.3310000000000002	6.739261233494062e+17
1.3320000000000003	6.328337675126484e+17
1.3330000000000002	6.796110016021033e+17
1.3340000000000003	6.75174828302444e+17
1.3350000000000002	6.711922945470354e+17
1.3360000000000003	6.703491454047996e+17
1.3370000000000002	6.746993317202099e+17
1.3380000000000003	6.730512883824178e+17
1.3390000000000002	6.646155179920854e+17
1.3400000000000003	6.628614247678007e+17
1.3410000000000002	6.659117194584468e+17
1.3420000000000003	6.645604704492197e+17
1.3430000000000002	6.706929809648476e+17
1.3440000000000003	6.760131012511379e+17
1.3450000000000002	6.6913331087933e+17
1.3460000000000003	6.72849475395328e+17
1.3470000000000002	6.677504038813738e+17
1.3480000000000003	6.698376162612051e+17
1.3490000000000002	6.731273963727478e+17
1.3500000000000003	6.574103781608123e+17
1.3510000000000002	6.70009750846371e+17
1.3520000000000003	6.69971632207011e+17
1.3530000000000002	6.678301640781647e+17
1.3540000000000003	6.692188533156022e+17
1.3550000000000002	6.57986169901759e+17
1.3560000000000003	6.670262151481905e+17
1.3570000000000002	6.605252495933633e+17
1.3580000000000003	6.673265015366734e+17
1.3590000000000002	6.60799029826024e+17
1.3600000000000003	6.537394627338973e+17
1.3610000000000002	6.623912491003145e+17
1.3620000000000003	6.645688325938737e+17
1.3630000000000002	6.430818369097523e+17
1.3640000000000003	6.662964746774365e+17
1.3650000000000002	6.49120195835698e+17
1.3660000000000003	6.630540789445211e+17
1.3670000000000002	6.585144844490186e+17
1.3680000000000003	6.667259088970149e+17
1.3690000000000002	6.544728287308438e+17
1.3700000000000003	6.634513632704165e+17
1.3710000000000002	6.623222273812575e+17
1.3720000000000003	6.632937367643182e+17
1.3730000000000002	6.570998654323903e+17
1.3740000000000003	6.589262256945407e+17
1.3750000000000002	6.634762403816023e+17
1.3760000000000003	6.560622044651375e+17
1.3770000000000002	6.627859481723236e+17
1.3780000000000003	6.574272317734349e+17
1.3790000000000002	6.562647023113012e+17
1.3800000000000003	6.642401994090509e+17
1.3810000000000002	6.626187688728221e+17
1.3820000000000003	6.59487686624152e+17
1.3830000000000002	6.565178501876393e+17
1.3840000000000003	6.611866196529135e+17
1.3850000000000002	6.405076787052088e+17
1.3860000000000003	6.59595653041428e+17
1.3870000000000002	6.37980667542564e+17
1.3880000000000003	6.566961486716275e+17
1.3890000000000002	6.562010632846397e+17
1.3900000000000003	6.471412200915471e+17
1.3910000000000002	6.078333689502445e+17
1.3920000000000003	6.073414233902396e+17
1.3930000000000002	6.234368375007347e+17
1.3940000000000003	6.318148621888621e+17
1.3950000000000002	6.330490330230825e+17
1.3960000000000004	6.399924242619658e+17
1.3970000000000002	6.426944511097197e+17
1.3980000000000004	6.199312799307649e+17
1.3990000000000002	6.517911388400648e+17
1.4000000000000004	6.231809704171113e+17
1.4010000000000002	6.255186794278907e+17
1.4020000000000004	6.38999405931929e+17
1.4030000000000002	6.507047601410614e+17
1.4040000000000004	6.242949607546316e+17
1.4050000000000002	6.51866132187835e+17
1.4060000000000004	6.384619241763364e+17
1.4070000000000003	6.42236123730257e+17
1.4080000000000004	6.40889644018309e+17
1.4090000000000003	6.296020142358684e+17
1.4100000000000004	6.470115818192671e+17
1.4110000000000003	6.330744407567187e+17
1.4120000000000004	6.319515377255392e+17
1.4130000000000003	6.105617932680515e+17
1.4140000000000004	6.40866911301551e+17
1.4150000000000003	6.426522455454399e+17
1.4160000000000004	6.308055216197158e+17
1.4170000000000003	6.408319672753139e+17
1.4180000000000001	6.395689490921531e+17
1.4190000000000003	6.215034601527329e+17
1.4200000000000002	6.38211269870699e+17
1.4210000000000003	6.347546827057868e+17
1.4220000000000002	6.382524366605494e+17
1.4230000000000003	6.258873969689268e+17
1.4240000000000002	6.158894021580605e+17
1.4250000000000003	6.373628928334963e+17
1.4260000000000002	5.780735262328425e+17
1.4270000000000003	6.067775322265568e+17
1.4280000000000002	6.363466615198264e+17
1.4290000000000003	6.184969537449796e+17
1.4300000000000002	6.208178328038404e+17
1.4310000000000003	6.258654037714276e+17
1.4320000000000002	6.365717483527206e+17
1.4330000000000003	6.39674577496511e+17
1.4340000000000002	6.148894039439506e+17
1.4350000000000003	6.31248998665562e+17
1.4360000000000002	6.218844631115023e+17
1.4370000000000003	6.307560171333966e+17
1.4380000000000002	6.328648857399117e+17
1.4390000000000003	6.388137014194524e+17
1.4400000000000002	6.034519091170528e+17
1.4410000000000003	6.30601968166933e+17
1.4420000000000002	6.311638345811626e+17
1.4430000000000003	6.294264237016344e+17
1.4440000000000002	6.239793827077897e+17
1.4450000000000003	6.23122407257074e+17
1.4460000000000002	6.306573376169879e+17
1.4470000000000003	6.191280135759032e+17
1.4480000000000002	6.359728332064282e+17
1.4490000000000003	6.289452636426264e+17
1.4500000000000002	6.250135054666278e+17
1.4510000000000003	6.208653954854368e+17
1.4520000000000002	6.081191490190095e+17
1.4530000000000003	6.266179714321294e+17
1.4540000000000002	6.294765307055269e+17
1.4550000000000003	6.214671240315913e+17
1.4560000000000002	6.031188992494474e+17
1.4570000000000003	6.188113588047703e+17
1.4580000000000002	6.284298123528593e+17
1.4590000000000003	6.327662887517114e+17
1.4600000000000002	6.135454396021436e+17
1.4610000000000003	5.61394380778349e+17
1.4620000000000002	5.96663015843207e+17
1.4630000000000003	5.874903201832129e+17
1.4640000000000002	6.30974524203138e+17
1.4650000000000003	5.863173479242644e+17
1.4660000000000002	6.03003336309895e+17
1.4670000000000003	6.069372402943727e+17
1.4680000000000002	6.04488494406066e+17
1.4690000000000003	6.165371539961478e+17
1.4700000000000002	5.944093703957932e+17
1.4710000000000003	5.993800283407096e+17
1.4720000000000002	6.079306122801798e+17
1.4730000000000003	6.246378026657743e+17
1.4740000000000002	6.04823345512053e+17
1.4750000000000003	6.152566874849028e+17
1.4760000000000002	6.044208143775581e+17
1.4770000000000003	5.963266836916445e+17
1.4780000000000002	6.038799614761588e+17
1.4790000000000003	6.31827524358373e+17
1.4800000000000002	6.072218946730024e+17
1.4810000000000003	6.069084730845024e+17
1.4820000000000002	6.22321662341433e+17
1.4830000000000003	6.005519114024364e+17
1.4840000000000002	6.234167532479686e+17
1.4850000000000003	6.129481830375994e+17
1.4860000000000002	6.213376013039109e+17
1.4870000000000003	6.072781733817059e+17
1.4880000000000002	5.0139292290532563e+17
1.4890000000000003	5.803949081032681e+17
1.4900000000000002	6.209943260888682e+17
1.4910000000000003	5.958717380474348e+17
1.4920000000000002	6.234970231491695e+17
1.4930000000000003	6.218713607331889e+17
1.4940000000000002	6.208543336427036e+17
1.4950000000000003	6.270853277628814e+17
1.4960000000000002	6.109397078470223e+17
1.4970000000000003	6.26633515366579e+17
1.4980000000000002	6.225911518474216e+17
1.4990000000000003	6.158796419129395e+17
1.5000000000000002	6.29038831170886e+17
1.5010000000000003	5.967463327602838e+17
1.5020000000000002	5.925192226338504e+17
1.5030000000000003	4.7668244641090374e+17
1.5040000000000002	5.3427102423770285e+17
1.5050000000000003	5.1241750034979366e+17
1.5060000000000002	5.930524279273879e+17
1.5070000000000003	6.170323624430236e+17
1.5080000000000002	6.11754070849412e+17
1.5090000000000003	6.253126411577404e+17
1.5100000000000002	6.105634979662115e+17
1.5110000000000003	6.266793215078167e+17
1.5120000000000002	6.123372862177219e+17
1.5130000000000003	6.038309829772635e+17
1.5140000000000002	6.072540460014111e+17
1.5150000000000003	6.031302239952101e+17
1.5160000000000002	6.142941416527183e+17
1.5170000000000003	6.00274006770917e+17
1.5180000000000002	6.236997816320067e+17
1.5190000000000003	6.127752329245388e+17
1.5200000000000002	6.179340655189274e+17
1.5210000000000004	6.141411431554679e+17
1.5220000000000002	6.05560965126168e+17
1.5230000000000004	6.229266780808978e+17
1.5240000000000002	6.142722794506108e+17
1.5250000000000004	6.228180859993322e+17
1.5260000000000002	6.269421419392108e+17
1.5270000000000004	5.958904356409665e+17
1.5280000000000002	6.19916195611551e+17
1.5290000000000004	6.03652403322937e+17
1.5300000000000002	5.90415138419109e+17
1.5310000000000004	6.29672154116383e+17
1.5320000000000003	6.215773161036927e+17
1.5330000000000004	6.124402988316123e+17
1.5340000000000003	6.030172104887337e+17
1.5350000000000004	6.242612447449354e+17
1.5360000000000003	6.298735880387995e+17
1.5370000000000004	6.227589382761175e+17
1.5380000000000003	5.85592560269759e+17
1.5390000000000004	5.880620628586388e+17
1.5400000000000003	5.828920817511348e+17
1.5410000000000004	5.86286616734585e+17
1.5420000000000003	6.18638890125043e+17
1.5430000000000004	5.7468346450677466e+17
1.5440000000000003	6.20559578431024e+17
1.5450000000000004	6.365391383301207e+17
1.5460000000000003	6.229306733087474e+17
1.5470000000000004	6.13180001883045e+17
1.5480000000000003	6.257693835467304e+17
1.5490000000000004	6.281467247986068e+17
1.5500000000000003	6.156438764972166e+17
1.5510000000000004	6.018365181295132e+17
1.5520000000000003	6.182685287330651e+17
1.5530000000000004	6.352101143023898e+17
1.5540000000000003	5.901355159284708e+17
1.5550000000000004	5.975535141523476e+17
1.5560000000000003	5.908301404154395e+17
1.5570000000000004	6.093863496829198e+17
1.5580000000000003	6.093881037519707e+17
1.5590000000000004	6.147137859942057e+17
1.5600000000000003	6.030288512948132e+17
1.5610000000000004	6.21599321686236e+17
1.5620000000000003	6.195990375829349e+17
1.5630000000000004	5.84450023515588e+17
1.5640000000000003	6.073847490632495e+17
1.5650000000000004	6.184858441280338e+17
1.5660000000000003	5.982519723339918e+17
1.5670000000000004	6.135737940481189e+17
1.5680000000000003	6.05493743832706e+17
1.5690000000000004	6.174843063439387e+17
1.5700000000000003	5.953264881887932e+17
1.5710000000000004	6.304050015667887e+17
1.5720000000000003	5.905324682942446e+17
1.5730000000000004	5.857652325854595e+17
1.5740000000000003	6.02195818197881e+17
1.5750000000000004	5.2200351207695366e+17
1.5760000000000003	5.890223634356471e+17
1.5770000000000002	4.9548928139518675e+17
1.5780000000000003	5.73449950078642e+17
1.5790000000000002	6.125721683958369e+17
1.5800000000000003	6.19554600099879e+17
1.5810000000000002	6.264926233044352e+17
1.5820000000000003	5.957553466446747e+17
1.5830000000000002	5.952340959927715e+17
1.5840000000000003	5.993011697013702e+17
1.5850000000000002	6.222895155262163e+17
1.5860000000000003	6.166181499282004e+17
1.5870000000000002	6.025253485706435e+17
1.5880000000000003	6.079933389446862e+17
1.5890000000000002	5.4679130696797894e+17
1.5900000000000003	5.548568816408115e+17
1.5910000000000002	5.883888870661009e+17
1.5920000000000003	5.934659495793862e+17
1.5930000000000002	6.135904322191941e+17
1.5940000000000003	6.269444570088581e+17
1.5950000000000002	6.243285903696916e+17
1.5960000000000003	5.83804541671443e+17
1.5970000000000002	6.008663975172607e+17
1.5980000000000003	6.08414910811127e+17
1.5990000000000002	6.030064572181926e+17
1.6000000000000003	6.229177335425691e+17
1.6010000000000002	5.923779094875146e+17
1.6020000000000003	6.137328104470035e+17
1.6030000000000002	6.182183725033324e+17
1.6040000000000003	5.820225922953804e+17
1.6050000000000002	6.095490995922139e+17
1.6060000000000003	5.881817027618033e+17
1.6070000000000002	5.847728637812996e+17
1.6080000000000003	5.915729940052145e+17
1.6090000000000002	6.287992876441023e+17
1.6100000000000003	6.034865777162694e+17
1.6110000000000002	6.078058328650298e+17
1.6120000000000003	6.237021364743675e+17
1.6130000000000002	6.013005686326358e+17
1.6140000000000003	5.931044183795044e+17
1.6150000000000002	6.110112812285882e+17
1.6160000000000003	5.1363818740661037e+17
1.6170000000000002	6.073500547151031e+17
1.6180000000000003	6.166017305630679e+17
1.6190000000000002	5.733884859087529e+17
1.6200000000000003	5.277489863941218e+17
1.6210000000000002	5.47218720169801e+17
1.6220000000000003	5.870920031693356e+17
1.6230000000000002	5.799845661195369e+17
1.6240000000000003	5.92113980839104e+17
1.6250000000000002	5.806884162370167e+17
1.6260000000000003	5.797258152377544e+17
1.6270000000000002	6.083659035784864e+17
1.6280000000000003	6.17267909271463e+17
1.6290000000000002	6.172245574413257e+17
1.6300000000000003	5.914301567224397e+17
1.6310000000000002	6.16903518866203e+17
1.6320000000000003	5.805530072431416e+17
1.6330000000000002	6.093406838420499e+17
1.6340000000000003	5.964863904213276e+17
1.6350000000000002	6.010480924772276e+17
1.6360000000000003	5.864896475978278e+17
1.6370000000000002	5.592699519648974e+17
1.6380000000000003	5.959443326004964e+17
1.6390000000000002	5.766160211074513e+17
1.6400000000000003	5.613042389513778e+17
1.6410000000000002	5.759362438338345e+17
1.6420000000000003	5.9576139845062e+17
1.6430000000000002	6.060443463290867e+17
1.6440000000000003	5.875975164981356e+17
1.6450000000000002	5.3317351277429984e+17
1.6460000000000004	5.796505332220621e+17
1.6470000000000002	6.00816665056372e+17
1.6480000000000004	5.736951666775171e+17
1.6490000000000002	5.6786123251255706e+17
1.6500000000000004	5.954501605991003e+17
1.6510000000000002	5.990494165228439e+17
1.6520000000000004	5.993487457351574e+17
1.6530000000000002	5.651789988917313e+17
1.6540000000000004	5.639074423349174e+17
1.6550000000000002	5.819880543964389e+17
1.6560000000000004	5.90870807912572e+17
1.6570000000000003	5.825848318957311e+17
1.6580000000000004	5.90763419198957e+17
1.6590000000000003	5.668167332811228e+17
1.6600000000000004	5.92204161493235e+17
1.6610000000000003	5.727513259635905e+17
1.6620000000000004	5.653266704251126e+17
1.6630000000000003	5.7324258366747616e+17
1.6640000000000004	5.6068474132552915e+17
1.6650000000000003	5.47971479889669e+17
1.6660000000000004	5.5104987971180154e+17
1.6670000000000003	5.588342756903639e+17
1.6680000000000004	5.685491281908329e+17
1.6690000000000003	5.64346653436175e+17
1.6700000000000004	5.789058229755571e+17
1.6710000000000003	5.474255572119973e+17
1.6720000000000004	4.981609493069804e+17
1.6730000000000003	5.424532671799316e+17
1.6740000000000004	5.7457888841621984e+17
1.6750000000000003	5.2633596825963456e+17
1.6760000000000004	5.104255826941111e+17
1.6770000000000003	5.386950180081153e+17
1.6780000000000004	5.740006254967981e+17
1.6790000000000003	5.7075845530684954e+17
1.6800000000000004	5.6437187955237504e+17
1.6810000000000003	5.675762311385241e+17
1.6820000000000004	5.542521061525829e+17
1.6830000000000003	5.5361666431643616e+17
1.6840000000000004	5.526447605566813e+17
1.6850000000000003	5.5798030269768736e+17
1.6860000000000004	5.4893789548717856e+17
1.6870000000000003	5.4235891402798374e+17
1.6880000000000004	5.26290093614253e+17
1.6890000000000003	5.3706025866293894e+17
1.6900000000000004	5.304928013699638e+17
1.6910000000000003	5.058366818743923e+17
1.6920000000000004	5.577812866185893e+17
1.6930000000000003	5.5428936587855366e+17
1.6940000000000004	5.5662702617086317e+17
1.6950000000000003	5.540706377022101e+17
1.6960000000000004	5.4538085193125146e+17
1.6970000000000003	5.4430655290176755e+17
1.6980000000000004	5.440560554304054e+17
1.6990000000000003	5.439498395002852e+17
1.7000000000000004	5.2918020261511776e+17
1.7010000000000003	5.170394941905607e+17
1.7020000000000004	5.293229464554441e+17
1.7030000000000003	5.375560108478011e+17
1.7040000000000004	5.4096843478527686e+17
1.7050000000000003	5.346166051362232e+17
1.7060000000000004	5.3409987614768384e+17
1.7070000000000003	5.058891027064296e+17
1.7080000000000004	5.260308700321505e+17
1.7090000000000003	5.322177326166724e+17
1.7100000000000004	4.9823682460171174e+17
1.7110000000000003	4.0654724460781344e+17
1.7120000000000004	4.870560566629974e+17
1.7130000000000003	5.229941646403896e+17
1.7140000000000004	5.270128822392926e+17
1.7150000000000003	5.345121490008101e+17
1.7160000000000004	5.2795071346868864e+17
1.7170000000000003	5.108357033032934e+17
1.7180000000000004	5.209363429845697e+17
1.7190000000000003	5.1895406904221024e+17
1.7200000000000004	5.2086565266906234e+17
1.7210000000000003	5.037099932924885e+17
1.7220000000000004	5.232484171515374e+17
1.7230000000000003	4.88971552781744e+17
1.7240000000000004	5.050099912334561e+17
1.7250000000000003	5.0366497891555046e+17
1.7260000000000004	5.161769190854777e+17
1.7270000000000003	5.0875482748133126e+17
1.7280000000000004	5.0417037410673645e+17
1.7290000000000003	5.0602023194993946e+17
1.7300000000000004	5.107521383075154e+17
1.7310000000000003	4.9247626467075866e+17
1.7320000000000004	4.927473666793918e+17
1.7330000000000003	4.7163823326484026e+17
1.7340000000000002	4.8097917181388774e+17
1.7350000000000003	4.89722028801649e+17
1.7360000000000002	5.0417642905400525e+17
1.7370000000000003	5.014584325517693e+17
1.7380000000000002	4.927991166069045e+17
1.7390000000000003	4.9568696227779635e+17
1.7400000000000002	4.978216530580758e+17
1.7410000000000003	4.6998641873773165e+17
1.7420000000000002	4.8266501707637594e+17
1.7430000000000003	4.710308492960755e+17
1.7440000000000002	4.995624340597132e+17
1.7450000000000003	4.9635538087611136e+17
1.7460000000000002	4.963886599551219e+17
1.7470000000000003	4.769956257195436e+17
1.7480000000000002	4.954549646994068e+17
1.7490000000000003	4.9910469598888934e+17
1.7500000000000002	4.749483350812078e+17
1.7510000000000003	4.8156681917760134e+17
1.7520000000000002	4.904201634165119e+17
1.7530000000000003	4.8361489440306394e+17
1.7540000000000002	4.634148049615321e+17
1.7550000000000003	4.7852037322787386e+17
1.7560000000000002	4.8186433965563206e+17
1.7570000000000003	4.8497905718867206e+17
1.7580000000000002	4.8558329933168755e+17
1.7590000000000003	4.693120162432575e+17
1.7600000000000002	4.708225358898621e+17
1.7610000000000003	4.6715505539295475e+17
1.7620000000000002	4.548281145577534e+17
1.7630000000000003	4.6891198938498157e+17
1.7640000000000002	4.777098041425789e+17
1.7650000000000003	4.666282056354462e+17
1.7660000000000002	4.680452158949885e+17
1.7670000000000003	4.623438406668189e+17
1.7680000000000002	4.5395013993159264e+17
1.7690000000000003	4.609715816662024e+17
1.7700000000000002	4.670485057341216e+17
1.7710000000000004	4.571470534853226e+17
1.7720000000000002	4.625813804107322e+17
1.7730000000000004	4.511588038501628e+17
1.7740000000000002	4.680221385014625e+17
1.7750000000000004	4.585244839289126e+17
1.7760000000000002	4.588245350722154e+17
1.7770000000000004	4.496333874778931e+17
1.7780000000000002	4.3952132562226445e+17
1.7790000000000004	4.5235643060270854e+17
1.7800000000000002	4.614422263319786e+17
1.7810000000000004	4.582520449574662e+17
1.7820000000000003	4.46684935565723e+17
1.7830000000000004	4.387422464795622e+17
1.7840000000000003	4.505986068598366e+17
1.7850000000000004	4.36974978160778e+17
1.7860000000000003	4.378605142540094e+17
1.7870000000000004	4.4501118606776237e+17
1.7880000000000003	4.50846798410781e+17
1.7890000000000004	4.563727038824564e+17
1.7900000000000003	4.565378319328281e+17
1.7910000000000004	4.417390570294753e+17
1.7920000000000003	4.499408121712652e+17
1.7930000000000004	4.4582863647833645e+17
1.7940000000000003	4.305700145867691e+17
1.7950000000000004	4.449866237044602e+17
1.7960000000000003	4.4497512997186266e+17
1.7970000000000004	4.488430191998757e+17
1.7980000000000003	4.4677134844741037e+17
1.7990000000000004	4.3763729769342675e+17
1.8000000000000003	4.4368895942283283e+17
1.8010000000000004	4.250701016756604e+17
1.8020000000000003	4.340456397569914e+17
1.8030000000000004	4.03115480007922e+17
1.8040000000000003	4.211942746700729e+17
1.8050000000000004	4.1771516967072403e+17
1.8060000000000003	4.321333800727502e+17
1.8070000000000004	4.326786909016407e+17
1.8080000000000003	4.3107204560689395e+17
1.8090000000000004	4.312894450527106e+17
1.8100000000000003	4.272843245882754e+17
1.8110000000000004	4.1811192095893203e+17
1.8120000000000003	4.215289961480699e+17
1.8130000000000004	4.2668844472938234e+17
1.8140000000000003	4.278367710354757e+17
1.8150000000000004	4.269820289416355e+17
1.8160000000000003	4.171937893327698e+17
1.8170000000000004	4.2724664955409715e+17
1.8180000000000003	4.200713389723512e+17
1.8190000000000004	4.171866960757798e+17
1.8200000000000003	4.169905391091347e+17
1.8210000000000004	4.258119261785184e+17
1.8220000000000003	4.103488527243421e+17
1.8230000000000004	4.1720016829418035e+17
1.8240000000000003	4.274890691439351e+17
1.8250000000000004	4.199525504775797e+17
1.8260000000000003	4.151676702907032e+17
1.8270000000000004	4.104112271262026e+17
1.8280000000000003	4.0657469458261766e+17
1.8290000000000004	3.9642401184939014e+17
1.8300000000000003	4.068960667889298e+17
1.8310000000000004	4.0663376512628006e+17
1.8320000000000003	4.153457620792868e+17
1.8330000000000004	4.1541562329952826e+17
1.8340000000000003	4.179908768095773e+17
1.8350000000000004	4.038510017398456e+17
1.8360000000000003	4.0383365085705114e+17
1.8370000000000004	4.0942297547569984e+17
1.8380000000000003	3.871941817018461e+17
1.8390000000000004	4.122259394355842e+17
1.8400000000000003	3.8830929035084845e+17
1.8410000000000004	4.05707524027883e+17
1.8420000000000003	3.8007003691668646e+17
1.8430000000000004	3.8509618102602035e+17
1.8440000000000003	3.982884875919068e+17
1.8450000000000004	3.9727134600139155e+17
1.8460000000000003	4.023767513686983e+17
1.8470000000000004	3.3118055424872314e+17
1.8480000000000003	3.9112753026692064e+17
1.8490000000000004	3.997866460980878e+17
1.8500000000000003	3.9621341306262637e+17
1.8510000000000004	4.0099626802964154e+17
1.8520000000000003	3.900991563773414e+17
1.8530000000000004	3.782013789249907e+17
1.8540000000000003	3.985998687877965e+17
1.8550000000000004	3.945244703853096e+17
1.8560000000000003	3.7178346059335386e+17
1.8570000000000004	3.845405084753736e+17
1.8580000000000003	3.867657450363119e+17
1.8590000000000004	3.7111149154074656e+17
1.8600000000000003	3.889876584306747e+17
1.8610000000000004	3.8786229267863795e+17
1.8620000000000003	3.860021041979045e+17
1.8630000000000004	3.833772818724027e+17
1.8640000000000003	3.833857445168018e+17
1.8650000000000004	3.890166962947812e+17
1.8660000000000003	3.737208587577997e+17
1.8670000000000004	3.863039178006471e+17
1.8680000000000003	3.8488743503926534e+17
1.8690000000000004	3.9042618731426694e+17
1.8700000000000003	3.849677271499796e+17
1.8710000000000004	3.844202152689421e+17
1.8720000000000003	3.772311498960393e+17
1.8730000000000004	3.599655862550521e+17
1.8740000000000003	3.781459274599973e+17
1.8750000000000004	3.6969812945835155e+17
1.8760000000000003	3.6397514766058003e+17
1.8770000000000004	3.760703600157007e+17
1.8780000000000003	3.628701930264009e+17
1.8790000000000004	3.726255681415462e+17
1.8800000000000003	3.803868312444849e+17
1.8810000000000004	3.7991876250652717e+17
1.8820000000000003	3.795394030016064e+17
1.8830000000000005	3.813698467938086e+17
1.8840000000000003	3.780937702572896e+17
1.8850000000000005	3.608794798942386e+17
1.8860000000000003	3.446457146375984e+17
1.8870000000000005	3.7144741152222694e+17
1.8880000000000003	3.738988983649691e+17
1.8890000000000005	3.574136883350438e+17
1.8900000000000003	3.465569578153528e+17
1.8910000000000002	3.619699450050398e+17
1.8920000000000003	3.5673024648505875e+17
1.8930000000000002	3.4362244668334406e+17
1.8940000000000003	3.6684903267537056e+17
1.8950000000000002	3.645008388643367e+17
1.8960000000000004	3.6732253764965216e+17
1.8970000000000002	3.671231511223473e+17
1.8980000000000004	3.5626892622380525e+17
1.8990000000000002	3.5159496934144685e+17
1.9000000000000004	3.706797968622773e+17
1.9010000000000002	3.641949728959417e+17
1.9020000000000004	3.697942666566784e+17
1.9030000000000002	3.627690801473912e+17
1.9040000000000004	3.5921719598012045e+17
1.9050000000000002	3.4102224196602835e+17
1.9060000000000004	3.571750912192961e+17
1.9070000000000003	3.6013349767128384e+17
1.9080000000000004	3.644373898130327e+17
1.9090000000000003	3.4662934049181536e+17
1.9100000000000004	3.601307220604898e+17
1.9110000000000003	3.4988968946393094e+17
1.9120000000000004	3.4507553020050515e+17
1.9130000000000003	3.5741201702890394e+17
1.9140000000000004	3.6159442654383034e+17
1.9150000000000003	3.5345204980106426e+17
1.9160000000000004	3.5195871618847456e+17
1.9170000000000003	3.5531363379461914e+17
1.9180000000000004	3.5509485841407686e+17
1.9190000000000003	3.5837105080949414e+17
1.9200000000000004	3.326058874933019e+17
1.9210000000000003	3.510927602647731e+17
1.9220000000000004	3.492451384194172e+17
1.9230000000000003	3.558704231901017e+17
1.9240000000000004	3.528921674902687e+17
1.9250000000000003	3.523019777482216e+17
1.9260000000000004	3.4305775128621856e+17
1.9270000000000003	3.457204408177986e+17
1.9280000000000004	3.531132537878191e+17
1.9290000000000003	3.42817232388766e+17
1.9300000000000004	3.444467264868511e+17
1.9310000000000003	2.9455626828305197e+17
1.9320000000000004	3.1555968060670176e+17
1.9330000000000003	3.452115704155965e+17
1.9340000000000004	3.323788281801406e+17
1.9350000000000003	3.32262142878553e+17
1.9360000000000004	3.4702340967650694e+17
1.9370000000000003	3.47161374312805e+17
1.9380000000000004	3.4587221655176346e+17
1.9390000000000003	3.403964395007878e+17
1.9400000000000004	3.352077130128948e+17
1.9410000000000003	3.3806032955636634e+17
1.9420000000000004	3.4312821851359174e+17
1.9430000000000003	3.3356181274883174e+17
1.9440000000000004	3.257538096202513e+17
1.9450000000000003	3.196279841823476e+17
1.9460000000000004	2.4695628295919843e+17
1.9470000000000003	3.287223472631881e+17
1.9480000000000004	3.301049854016013e+17
1.9490000000000003	3.281310597149549e+17
1.9500000000000004	3.291390871016228e+17
1.9510000000000003	2.701736819518198e+17
1.9520000000000004	3.2817502372569363e+17
1.9530000000000003	3.339796536671159e+17
1.9540000000000004	3.292833238754922e+17
1.9550000000000003	3.308335365445162e+17
1.9560000000000004	3.329008293340704e+17
1.9570000000000003	3.3484901592594464e+17
1.9580000000000004	3.347191475495897e+17
1.9590000000000003	3.323310976724385e+17
1.9600000000000004	3.255924121243823e+17
1.9610000000000003	3.2697539068507366e+17
1.9620000000000004	3.195523945471818e+17
1.9630000000000003	3.205470297492207e+17
1.9640000000000004	3.163186372229394e+17
1.9650000000000003	3.2703365438133274e+17
1.9660000000000004	3.317818405682096e+17
1.9670000000000003	3.31633162516517e+17
1.9680000000000004	3.2701388938053094e+17
1.9690000000000003	3.273017041861877e+17
1.9700000000000004	3.2897892691060883e+17
1.9710000000000003	3.2557123026784774e+17
1.9720000000000004	3.222242415822699e+17
1.9730000000000003	3.0531025489600896e+17
1.9740000000000004	3.13543499979256e+17
1.9750000000000003	3.2021754798228166e+17
1.9760000000000004	3.110852843435533e+17
1.9770000000000003	3.0910560541253824e+17
1.9780000000000004	2.173979711361318e+17
1.9790000000000003	2.935768881977096e+17
1.9800000000000004	3.068703513196318e+17
1.9810000000000003	3.156512864396771e+17
1.9820000000000004	3.060382271945159e+17
1.9830000000000003	3.18208317993507e+17
1.9840000000000004	3.1869818028429856e+17
1.9850000000000003	3.088301697711682e+17
1.9860000000000004	2.719002167016405e+17
1.9870000000000003	2.6167681571579347e+17
1.9880000000000004	3.143310811003659e+17
1.9890000000000003	3.135861408937157e+17
1.9900000000000004	3.093799547931938e+17
1.9910000000000003	3.086789161164482e+17
1.9920000000000004	2.9332150535606016e+17
1.9930000000000003	3.0568263847997414e+17
1.9940000000000004	2.849254174872575e+17
1.9950000000000003	3.0660883710378554e+17
1.9960000000000004	3.083741118236538e+17
1.9970000000000003	2.899891674823723e+17
1.9980000000000004	3.003412370235486e+17
1.9990000000000003	3.095633321049879e+17
2.0000000000000004	3.0581994806593056e+17
2.0010000000000003	3.074542532394467e+17
2.0020000000000002	3.07335439592934e+17
2.0030000000000006	2.990634841529265e+17
2.0040000000000004	3.056522796317946e+17
2.0050000000000003	3.085740005762803e+17
2.0060000000000002	2.995213603301123e+17
2.0070000000000006	3.05633842650015e+17
2.0080000000000005	3.0646945389088506e+17
2.0090000000000003	2.9921915444251635e+17
2.0100000000000002	3.0041919832903245e+17
2.0110000000000006	3.0171443560542406e+17
2.0120000000000005	3.0304305711447226e+17
2.0130000000000003	2.9913773418363866e+17
2.0140000000000002	2.993575610659008e+17
2.0150000000000006	3.01338106693054e+17
2.0160000000000005	2.9871132717997856e+17
2.0170000000000003	2.981513481954247e+17
2.0180000000000002	2.937417541911254e+17
2.0190000000000006	2.9632004362069344e+17
2.0200000000000005	2.890162853337166e+17
2.0210000000000004	2.910134596670015e+17
2.0220000000000002	2.901760173669663e+17
2.0230000000000006	2.9650035302802234e+17
2.0240000000000005	2.925153039443951e+17
2.0250000000000004	2.902013794924022e+17
2.0260000000000002	2.9392942888239994e+17
2.0270000000000006	2.900856344100489e+17
2.0280000000000005	2.908065181311986e+17
2.0290000000000004	2.8107516546005363e+17
2.0300000000000002	2.890538470870737e+17
2.0310000000000006	2.8415614777578698e+17
2.0320000000000005	2.939333638154075e+17
2.0330000000000004	2.936317014884164e+17
2.0340000000000003	2.916356662091283e+17
2.0350000000000006	2.856973886475887e+17
2.0360000000000005	2.821626911307003e+17
2.0370000000000004	2.910907372341646e+17
2.0380000000000003	2.8526035591056422e+17
2.0390000000000006	2.864426471566506e+17
2.0400000000000005	2.877674820950119e+17
2.0410000000000004	2.8358409257560346e+17
2.0420000000000003	2.8452693576038192e+17
2.0430000000000006	2.905169768263516e+17
2.0440000000000005	2.8548426614666554e+17
2.0450000000000004	2.8331079550064355e+17
2.0460000000000003	2.8480325826248006e+17
2.0470000000000006	2.814721277006749e+17
2.0480000000000005	2.8621612320973194e+17
2.0490000000000004	2.833517076534371e+17
2.0500000000000003	2.8293894375742954e+17
2.051	2.8669730571421222e+17
2.0520000000000005	2.7772177099847706e+17
2.0530000000000004	2.7853218134625872e+17
2.0540000000000003	2.7466253828772605e+17
2.055	2.791193281355113e+17
2.0560000000000005	2.7627657623471872e+17
2.0570000000000004	2.7919613152115763e+17
2.0580000000000003	2.7817649277708822e+17
2.059	2.7670300443300662e+17
2.0600000000000005	2.785802955066044e+17
2.0610000000000004	2.7078060855637146e+17
2.0620000000000003	2.7699766013000608e+17
2.063	2.7288645376874557e+17
2.0640000000000005	2.393311742754768e+17
2.0650000000000004	2.7402093093728045e+17
2.0660000000000003	2.7317482261641776e+17
2.067	2.755863802419969e+17
2.0680000000000005	2.7011020665930547e+17
2.0690000000000004	2.7338821519801328e+17
2.0700000000000003	2.6948523156474442e+17
2.071	2.737002656398283e+17
2.0720000000000005	2.668026165528123e+17
2.0730000000000004	2.7319321300187363e+17
2.0740000000000003	2.6765832440261584e+17
2.075	2.7152649191976397e+17
2.0760000000000005	2.7194628107362502e+17
2.0770000000000004	2.683077080109865e+17
2.0780000000000003	2.6898333463653776e+17
2.079	2.7181032549728797e+17
2.0800000000000005	2.6740233618807514e+17
2.0810000000000004	2.6867566877225395e+17
2.0820000000000003	2.68365237897394e+17
2.083	2.662376065143143e+17
2.0840000000000005	2.61528816574813e+17
2.0850000000000004	2.605835651349388e+17
2.0860000000000003	2.6307900477057178e+17
2.087	2.637597679730302e+17
2.0880000000000005	2.6323685610371914e+17
2.0890000000000004	2.6487017364114678e+17
2.0900000000000003	2.6420417699818266e+17
2.091	2.6693815431814406e+17
2.0920000000000005	2.5828653977642314e+17
2.0930000000000004	2.6651504869590822e+17
2.0940000000000003	2.5929503034153008e+17
2.095	2.6398745803995104e+17
2.0960000000000005	2.5891964458976774e+17
2.0970000000000004	2.5433356188266486e+17
2.0980000000000003	2.5418704059097693e+17
2.099	2.6169173311387245e+17
2.1000000000000005	2.6138225739890493e+17
2.1010000000000004	2.6118727208499725e+17
2.1020000000000003	2.590211213126053e+17
2.103	2.592182924118985e+17
2.1040000000000005	2.6223959336981434e+17
2.1050000000000004	2.5932335701591952e+17
2.1060000000000003	2.6094903128549014e+17
2.107	2.5708973133837994e+17
2.1080000000000005	2.5622371107742474e+17
2.1090000000000004	2.566043696157906e+17
2.1100000000000003	2.393720450971014e+17
2.111	2.5879082087788128e+17
2.1120000000000005	2.5388782127450195e+17
2.1130000000000004	2.5561178252915082e+17
2.1140000000000003	2.5794329111190963e+17
2.115	2.5551571622018077e+17
2.1160000000000005	2.5579737820887856e+17
2.1170000000000004	2.2795256985995325e+17
2.1180000000000003	2.519496420543013e+17
2.119	2.4985847515807382e+17
2.1200000000000006	2.5095827982971034e+17
2.1210000000000004	2.528358190899624e+17
2.1220000000000003	2.5058476123680262e+17
2.123	2.4877875552849754e+17
2.1240000000000006	2.4488784894685277e+17
2.1250000000000004	2.5281609571331376e+17
2.1260000000000003	2.5224741263275978e+17
2.1270000000000002	2.483252617618764e+17
2.1280000000000006	2.4809476330444064e+17
2.1290000000000004	2.4959278064237603e+17
2.1300000000000003	2.5181569848954198e+17
2.1310000000000002	2.4975547481114234e+17
2.1320000000000006	2.5005399557558637e+17
2.1330000000000005	2.496265437685475e+17
2.1340000000000003	2.4812153845048986e+17
2.1350000000000002	2.4895398848219622e+17
2.1360000000000006	2.4176259567852842e+17
2.1370000000000005	2.4806965033046243e+17
2.1380000000000003	2.4660174157666224e+17
2.1390000000000002	2.4726189592677056e+17
2.1400000000000006	2.464818427784894e+17
2.1410000000000005	2.471922834872796e+17
2.1420000000000003	2.452518632366361e+17
2.1430000000000002	2.4503091132149834e+17
2.1440000000000006	2.4656236312935674e+17
2.1450000000000005	2.4579842458858726e+17
2.1460000000000004	2.3848568610101834e+17
2.1470000000000002	2.449188961853535e+17
2.1480000000000006	2.452844027750988e+17
2.1490000000000005	2.4373191198748522e+17
2.1500000000000004	2.4149989050325578e+17
2.1510000000000002	2.4410856774302557e+17
2.1520000000000006	2.4247859556214794e+17
2.1530000000000005	2.3975190836036675e+17
2.1540000000000004	2.3805450125877536e+17
2.1550000000000002	2.4141517766918954e+17
2.1560000000000006	2.4180032496014442e+17
2.1570000000000005	2.3965145853396842e+17
2.1580000000000004	2.3915907066821098e+17
2.1590000000000003	2.3986631776969194e+17
2.1600000000000006	2.381102669131358e+17
2.1610000000000005	2.4020496758285632e+17
2.1620000000000004	2.3854722334244413e+17
2.1630000000000003	2.3903815281833174e+17
2.1640000000000006	2.3925998627626115e+17
2.1650000000000005	2.3709356869577347e+17
2.1660000000000004	2.332419152927216e+17
2.1670000000000003	2.3628883347239664e+17
2.1680000000000006	2.358100404995889e+17
2.1690000000000005	2.3742818939740224e+17
2.1700000000000004	2.3656040594726634e+17
2.1710000000000003	2.3509921823585392e+17
2.1720000000000006	2.3563139282747987e+17
2.1730000000000005	2.3618317929912314e+17
2.1740000000000004	2.329755755113723e+17
2.1750000000000003	2.3421129229600816e+17
2.1760000000000006	2.317615565281828e+17
2.1770000000000005	2.3001831928582346e+17
2.1780000000000004	2.3221137325780022e+17
2.1790000000000003	2.1556689052391677e+17
2.1800000000000006	2.3226017932549075e+17
2.1810000000000005	2.3348738050309546e+17
2.1820000000000004	2.2886494447732726e+17
2.1830000000000003	2.2778257131192298e+17
2.1840000000000006	2.309118966710363e+17
2.1850000000000005	2.3124538233024045e+17
2.1860000000000004	2.3042689460926646e+17
2.1870000000000003	2.2945424941544896e+17
2.1880000000000006	2.2617929362541952e+17
2.1890000000000005	2.2500189938016595e+17
2.1900000000000004	2.182513811925643e+17
2.1910000000000003	2.2958507003810512e+17
2.1920000000000006	2.297970574213805e+17
2.1930000000000005	2.2926660110720794e+17
2.1940000000000004	2.2839635596607126e+17
2.1950000000000003	2.2620837018426432e+17
2.1960000000000006	2.2790236348138474e+17
2.1970000000000005	2.277637218389153e+17
2.1980000000000004	2.2724031414319494e+17
2.1990000000000003	2.2593146791648758e+17
2.2000000000000006	2.245909666197213e+17
2.2010000000000005	2.2123062526756413e+17
2.2020000000000004	2.249532900478289e+17
2.2030000000000003	2.2467995824516662e+17
2.2040000000000006	2.2470159976230797e+17
2.2050000000000005	2.2211927690299846e+17
2.2060000000000004	1.90312139715963e+17
2.2070000000000003	2.094240208967101e+17
2.208	2.2271192243490976e+17
2.2090000000000005	2.0134487968795066e+17
2.2100000000000004	2.209274017153148e+17
2.2110000000000003	2.220048848070755e+17
2.212	2.2066480394736525e+17
2.2130000000000005	2.227823830123544e+17
2.2140000000000004	2.228234806026405e+17
2.2150000000000003	2.21830102008157e+17
2.216	2.2188764875943645e+17
2.2170000000000005	2.213961918429514e+17
2.2180000000000004	2.208092509997501e+17
2.2190000000000003	2.2115261892792957e+17
2.22	2.2011066891418874e+17
2.2210000000000005	2.1811386910480218e+17
2.2220000000000004	2.1358943522272294e+17
2.2230000000000003	2.1989390868560992e+17
2.224	2.1299040126217354e+17
2.2250000000000005	2.1895652840120858e+17
2.2260000000000004	2.145962164974604e+17
2.2270000000000003	2.1053133683216483e+17
2.228	2.0430516127795923e+17
2.2290000000000005	2.1432256195682333e+17
2.2300000000000004	2.120791250939503e+17
2.2310000000000003	2.1357089040188454e+17
2.232	2.114959538469241e+17
2.2330000000000005	2.1573802017806157e+17
2.2340000000000004	2.1490007688532618e+17
2.2350000000000003	2.1417227479189107e+17
2.236	2.148892026553738e+17
2.2370000000000005	2.1558953413404035e+17
2.2380000000000004	2.1408770433726186e+17
2.2390000000000003	2.0812697483892726e+17
2.24	2.0784168467140013e+17
2.2410000000000005	2.140510163807883e+17
2.2420000000000004	2.1314496478896403e+17
2.2430000000000003	2.1072528739763782e+17
2.244	2.117994117283097e+17
2.2450000000000006	2.0907770001405942e+17
2.2460000000000004	2.1163846271433578e+17
2.2470000000000003	2.1185252983036214e+17
2.248	2.0587234090864157e+17
2.2490000000000006	2.1002173161503754e+17
2.2500000000000004	2.1022244630879373e+17
2.2510000000000003	2.1086559384643952e+17
2.2520000000000002	2.097686003542766e+17
2.2530000000000006	2.1035465834500106e+17
2.2540000000000004	2.0538212071744806e+17
2.2550000000000003	2.0480744528938422e+17
2.2560000000000002	2.0884943881805683e+17
2.2570000000000006	2.0891296037167382e+17
2.2580000000000005	2.075092216474186e+17
2.2590000000000003	2.0828027484633434e+17
2.2600000000000002	2.079006872299066e+17
2.2610000000000006	2.0191987212926067e+17
2.2620000000000005	2.0484376790552154e+17
2.2630000000000003	1.8879629946449498e+17
2.2640000000000002	2.0426139339131158e+17
2.2650000000000006	2.0579347896826336e+17
2.2660000000000005	1.936881257540444e+17
2.2670000000000003	2.0498564214924173e+17
2.2680000000000002	2.044534073562243e+17
2.2690000000000006	2.0456455546532643e+17
2.2700000000000005	2.0290571029917517e+17
2.2710000000000004	2.0329588347444157e+17
2.2720000000000002	2.0305252742641594e+17
2.2730000000000006	2.0410300615928915e+17
2.2740000000000005	2.0285828641714307e+17
2.2750000000000004	2.0022709414562352e+17
2.2760000000000002	2.016721908127116e+17
2.2770000000000006	2.018716566803612e+17
2.2780000000000005	2.0211672360478122e+17
2.2790000000000004	2.0025720876461792e+17
2.2800000000000002	2.00313722265808e+17
2.2810000000000006	1.8700096489778134e+17
2.2820000000000005	1.934135885829595e+17
2.2830000000000004	1.9262469725974234e+17
2.2840000000000003	1.988895436352549e+17
2.2850000000000006	1.988877594570188e+17
2.2860000000000005	1.9967089951284858e+17
2.2870000000000004	1.9918473676600582e+17
2.2880000000000003	1.9906182294028845e+17
2.2890000000000006	1.9792356506150205e+17
2.2900000000000005	1.9865222108104598e+17
2.2910000000000004	1.9843786533285315e+17
2.2920000000000003	1.9743360677349974e+17
2.2930000000000006	1.9641592829486317e+17
2.2940000000000005	1.3816190072994256e+17
2.2950000000000004	1.6462279176140794e+17
2.2960000000000003	1.7418039024012666e+17
2.2970000000000006	1.6876716911612378e+17
2.2980000000000005	1.758075999920267e+17
2.2990000000000004	1.816594988793141e+17
2.3000000000000003	1.8354302313689914e+17
2.3010000000000006	1.7961348581846077e+17
2.3020000000000005	1.8836731660000154e+17
2.3030000000000004	1.876234161112607e+17
2.3040000000000003	1.858744447565229e+17
2.3050000000000006	1.8160038973499462e+17
2.3060000000000005	1.8476370066728346e+17
2.3070000000000004	1.845381481016019e+17
2.3080000000000003	1.8396461571253718e+17
2.3090000000000006	1.838133826752862e+17
2.3100000000000005	1.8307813363991446e+17
2.3110000000000004	1.8529843664118723e+17
2.3120000000000003	1.838269396956484e+17
2.3130000000000006	1.8855823569344608e+17
2.3140000000000005	1.8216609938094755e+17
2.3150000000000004	1.814601383335995e+17
2.3160000000000003	1.825436259377032e+17
2.3170000000000006	1.869353738022983e+17
2.3180000000000005	1.8046379128249642e+17
2.3190000000000004	1.8364837572803946e+17
2.3200000000000003	1.8787564202080797e+17
2.3210000000000006	1.8018191078010326e+17
2.3220000000000005	1.830036102066001e+17
2.3230000000000004	1.3051017024036317e+17
2.3240000000000003	1.53478104828279e+17
2.3250000000000006	1.605058804859303e+17
2.3260000000000005	1.6389967144022586e+17
2.3270000000000004	1.653564449732589e+17
2.3280000000000003	1.7221658473771955e+17
2.3290000000000006	1.6868604112117648e+17
2.3300000000000005	1.6812633406534515e+17
2.3310000000000004	1.7349454791421546e+17
2.3320000000000003	1.7284283946148464e+17
2.3330000000000006	1.7538468773777965e+17
2.3340000000000005	1.7197165801961296e+17
2.3350000000000004	1.6884241474341936e+17
2.3360000000000003	1.6782066269153366e+17
2.3370000000000006	1.7026889710750723e+17
2.3380000000000005	1.6781663446651453e+17
2.3390000000000004	1.5650753137576592e+17
2.3400000000000003	1.7375088455452403e+17
2.3410000000000006	1.7249644092638163e+17
2.3420000000000005	1.7780974750281488e+17
2.3430000000000004	1.718329876101455e+17
2.3440000000000003	1.729342370634393e+17
2.3450000000000006	1.657758198460982e+17
2.3460000000000005	1.7654595596568992e+17
2.3470000000000004	1.7103163538886493e+17
2.3480000000000003	1.7124193924779658e+17
2.3490000000000006	1.7431457741623485e+17
2.3500000000000005	1.6996990836171562e+17
2.3510000000000004	1.7234321668828326e+17
2.3520000000000003	1.6673542744581674e+17
2.3530000000000006	1.2348624200064314e+17
2.3540000000000005	1.3873935562356157e+17
2.3550000000000004	1.5740791763982198e+17
2.3560000000000003	1.4971616594768202e+17
2.3570000000000007	1.625642646659227e+17
2.3580000000000005	1.5617926571644285e+17
2.3590000000000004	1.6132573626226173e+17
2.3600000000000003	1.6703324480167098e+17
2.3610000000000007	1.565791888870376e+17
2.3620000000000005	1.6236295335474915e+17
2.3630000000000004	1.5678198865977606e+17
2.3640000000000003	1.655742366742533e+17
2.365	1.6207772765184794e+17
2.3660000000000005	1.6576167839996186e+17
2.3670000000000004	1.6702741196650416e+17
2.3680000000000003	1.6327392413671712e+17
2.369	1.6365842122823178e+17
2.3700000000000006	1.643944708004395e+17
2.3710000000000004	1.5874509378748925e+17
2.3720000000000003	1.688705957459472e+17
2.373	1.582737057926145e+17
2.3740000000000006	1.5571927229176128e+17
2.3750000000000004	1.5836469134551158e+17
2.3760000000000003	1.6581904046873978e+17
2.3770000000000002	1.6331241777029232e+17
2.3780000000000006	1.5913485212262506e+17
2.3790000000000004	1.638310362898182e+17
2.3800000000000003	1.6589572283880515e+17
2.3810000000000002	1.5795580009386694e+17
2.3820000000000006	1.6512683216633766e+17
2.3830000000000005	1.2785844688934302e+17
2.3840000000000003	1.2877043973102333e+17
2.3850000000000002	1.4506720009520646e+17
2.3860000000000006	1.410803533067769e+17
2.3870000000000005	1.445824537940805e+17
2.3880000000000003	1.472533283078454e+17
2.3890000000000002	1.453096608477362e+17
2.3900000000000006	1.5617189435232125e+17
2.3910000000000005	1.5416665676897974e+17
2.3920000000000003	1.5303047399355635e+17
2.3930000000000002	1.4874604665275955e+17
2.3940000000000006	1.5990340497087827e+17
2.3950000000000005	1.464441996942937e+17
2.3960000000000004	1.5676737124512534e+17
2.3970000000000002	1.562325656806835e+17
2.3980000000000006	1.4936966858725357e+17
2.3990000000000005	1.545000435148274e+17
2.4000000000000004	1.51444881217818e+17
2.4010000000000002	1.552316374517328e+17
2.4020000000000006	1.584277840341106e+17
2.4030000000000005	1.5253924211101376e+17
2.4040000000000004	1.4924571138567258e+17
2.4050000000000002	1.5821987355242742e+17
2.4060000000000006	1.5084251776486192e+17
2.4070000000000005	1.5153583676720422e+17
2.4080000000000004	1.5112413318693696e+17
2.4090000000000003	1.564196400804455e+17
2.4100000000000006	1.504533700933232e+17
2.4110000000000005	1.5588354642653523e+17
2.4120000000000004	1.539400371114464e+17
2.4130000000000003	1.5457785768474346e+17
2.4140000000000006	1.2408400844855712e+17
2.4150000000000005	1.2992927689264766e+17
2.4160000000000004	1.3055386634340898e+17
2.4170000000000003	1.3712800771083843e+17
2.4180000000000006	1.3740658633053046e+17
2.4190000000000005	1.5104906171682374e+17
2.4200000000000004	1.3438835399856866e+17
2.4210000000000003	1.4943375322548234e+17
2.4220000000000006	1.4089812157408494e+17
2.4230000000000005	1.4206229385570373e+17
2.4240000000000004	1.48808082368027e+17
2.4250000000000003	1.4690452718348653e+17
2.4260000000000006	1.4335489299841771e+17
2.4270000000000005	1.4478732913373005e+17
2.4280000000000004	1.391285747144515e+17
2.4290000000000003	1.4542644781092e+17
2.4300000000000006	1.46030379750525e+17
2.4310000000000005	1.4383442951482176e+17
2.4320000000000004	1.4948889492575024e+17
2.4330000000000003	1.4826187702230192e+17
2.4340000000000006	1.394646639196242e+17
2.4350000000000005	1.4149388008475365e+17
2.4360000000000004	1.4744528214664982e+17
2.4370000000000003	1.4118531113554376e+17
2.4380000000000006	1.4056636932770402e+17
2.4390000000000005	1.4968156702610163e+17
2.4400000000000004	1.4465395871101846e+17
2.4410000000000003	1.3831549384324077e+17
2.4420000000000006	1.4375535490273267e+17
2.4430000000000005	1.4465156038572058e+17
2.4440000000000004	1.401370687622643e+17
2.4450000000000003	1.4288875330523683e+17
2.4460000000000006	1.3071918461245019e+17
2.4470000000000005	1.26680290806507e+17
2.4480000000000004	1.2162830597103789e+17
2.4490000000000003	1.3411709995973658e+17
2.4500000000000006	1.3101481186701014e+17
2.4510000000000005	1.3423416578347893e+17
2.4520000000000004	1.3156473938023523e+17
2.4530000000000003	1.3101332687745634e+17
2.4540000000000006	1.3419989442750755e+17
2.4550000000000005	1.3317049985872384e+17
2.4560000000000004	1.3388179632386195e+17
2.4570000000000003	1.290721538819275e+17
2.4580000000000006	1.3835464808763218e+17
2.4590000000000005	1.3714878567526803e+17
2.4600000000000004	1.3694713441541197e+17
2.4610000000000003	1.2625199844282126e+17
2.4620000000000006	1.3863988057335078e+17
2.4630000000000005	1.334076515654647e+17
2.4640000000000004	1.444622877333613e+17
2.4650000000000003	1.344167962573946e+17
2.4660000000000006	1.3713203248469342e+17
2.4670000000000005	1.3779080603832067e+17
2.4680000000000004	1.2935367697413707e+17
2.4690000000000003	1.3728289472875507e+17
2.4700000000000006	1.3302459868471362e+17
2.4710000000000005	1.3643345180036782e+17
2.4720000000000004	1.3073008054815936e+17
2.4730000000000003	1.3679188120037214e+17
2.4740000000000006	1.3175507566192674e+17
2.4750000000000005	1.3023411399647086e+17
2.4760000000000004	1.2389647186119074e+17
2.4770000000000003	1.4133562768890557e+17
2.4780000000000006	1.4052469644260546e+17
2.4790000000000005	1.1059870854644046e+17
2.4800000000000004	1.2268838712878472e+17
2.4810000000000003	1.2232477853124898e+17
2.4820000000000007	1.181158085872981e+17
2.4830000000000005	1.1767551374324851e+17
2.4840000000000004	1.3439031328036549e+17
2.4850000000000003	1.3107129105978045e+17
2.4860000000000007	1.2676323457653696e+17
2.4870000000000005	1.132406761626206e+17
2.4880000000000004	1.2326045789720386e+17
2.4890000000000003	1.2434311129420662e+17
2.4900000000000007	1.3020743022734952e+17
2.4910000000000005	1.2418158648716632e+17
2.4920000000000004	1.2806785388524128e+17
2.4930000000000003	1.2625525116278725e+17
2.4940000000000007	1.3598360771573579e+17
2.4950000000000006	1.2835320209885907e+17
2.4960000000000004	1.2982138980110587e+17
2.4970000000000003	1.2970036946366995e+17
2.4980000000000007	1.2432051828388629e+17
2.4990000000000006	1.3049989124448194e+17
2.5000000000000004	1.2327862332364632e+17
2.5010000000000003	1.2651828203762195e+17
2.5020000000000007	1.3472128952695326e+17
2.5030000000000006	1.256278645608083e+17
2.5040000000000004	1.2266508445417061e+17
2.5050000000000003	1.2890616858770342e+17
2.5060000000000007	1.2116916617961702e+17
2.5070000000000006	1.2439976111950152e+17
2.5080000000000005	1.2579230905049051e+17
2.5090000000000003	1.2659563746111907e+17
2.5100000000000007	1.342478285066897e+17
2.5110000000000006	1.2003318489583602e+17
2.5120000000000005	1.2251406248404824e+17
2.5130000000000003	1.205783069170576e+17
2.5140000000000007	1.1799185840079555e+17
2.5150000000000006	1.1159064069998218e+17
2.5160000000000005	1.2388228972162765e+17
2.5170000000000003	1.2747730294015736e+17
2.5180000000000007	1.1814664687242608e+17
2.5190000000000006	1.2318951903096307e+17
2.5200000000000005	1.204701283350462e+17
2.5210000000000004	1.2483507663043915e+17
2.5220000000000002	1.2257588600446912e+17
2.5230000000000006	1.2461343464141246e+17
2.5240000000000005	1.1290374324404232e+17
2.5250000000000004	1.1121171717057654e+17
2.5260000000000002	1.1031913873879294e+17
2.5270000000000006	1.1729700433454368e+17
2.5280000000000005	1.1054597718569974e+17
2.5290000000000004	1.1611828921618915e+17
2.5300000000000002	1.2191561130221515e+17
2.5310000000000006	1.252972895728944e+17
2.5320000000000005	1.21412043806999e+17
2.5330000000000004	1.1470934812890451e+17
2.5340000000000003	1.1972349860116725e+17
2.5350000000000006	1.2369783864980533e+17
2.5360000000000005	1.1273950051847672e+17
2.5370000000000004	1.128609973714089e+17
2.5380000000000003	1.2367613109337562e+17
2.5390000000000006	1.1421969373226714e+17
2.5400000000000005	1.2017385037497701e+17
2.5410000000000004	1.1931182938455923e+17
2.5420000000000003	1.1574389612021938e+17
2.5430000000000006	1.1722740298035277e+17
2.5440000000000005	1.1174269497726595e+17
2.5450000000000004	1.2452330949861283e+17
2.5460000000000003	1.1927472817080595e+17
2.5470000000000006	1.087775053150919e+17
2.5480000000000005	1.1358403237098597e+17
2.5490000000000004	1.1949784764258747e+17
2.5500000000000003	1.1855704153532483e+17
2.5510000000000006	1.1180785777435384e+17
2.5520000000000005	1.1363193627424736e+17
2.5530000000000004	1.1399620268997904e+17
2.5540000000000003	1.224171792681026e+17
2.5550000000000006	1.097347255666139e+17
2.5560000000000005	1.1335701764880032e+17
2.5570000000000004	1.1474484939142088e+17
2.5580000000000003	1.1929367893566416e+17
2.5590000000000006	1.208283076066671e+17
2.5600000000000005	1.1751028711029629e+17
2.5610000000000004	1.103757773933792e+17
2.5620000000000003	1.1501248907746213e+17
2.5630000000000006	1.1480823990937094e+17
2.5640000000000005	1.1666237902320088e+17
2.5650000000000004	1.1039590743966854e+17
2.5660000000000003	1.1254328722504022e+17
2.5670000000000006	1.1432294203517744e+17
2.5680000000000005	1.2317121048218448e+17
2.5690000000000004	1.1431564320645325e+17
2.5700000000000003	1.1214471223888718e+17
2.5710000000000006	1.1940063949559547e+17
2.5720000000000005	1.2094111919028914e+17
2.5730000000000004	1.1643776731175195e+17
2.5740000000000003	1.1361544685743528e+17
2.5750000000000006	1.1251876546107062e+17
2.5760000000000005	1.134140454659121e+17
2.5770000000000004	1.1460056122176114e+17
2.5780000000000003	1.0815353728335622e+17
2.5790000000000006	1.1799730421911704e+17
2.5800000000000005	1.1582372952821515e+17
2.5810000000000004	1.1575995011351744e+17
2.5820000000000003	1.0689303738175141e+17
2.5830000000000006	1.1267073075460213e+17
2.5840000000000005	1.1660290977913438e+17
2.5850000000000004	1.0987753858524885e+17
2.5860000000000003	1.1019544292110283e+17
2.5870000000000006	1.1456676289993853e+17
2.5880000000000005	1.1286374625245426e+17
2.5890000000000004	1.0829371509233771e+17
2.5900000000000003	1.1322830025382472e+17
2.5910000000000006	1.112470816046099e+17
2.5920000000000005	1.1876824554117482e+17
2.5930000000000004	1.1033195135085189e+17
2.5940000000000003	1.1353976843724685e+17
2.5950000000000006	1.0932889604556462e+17
2.5960000000000005	1.1308650635547034e+17
2.5970000000000004	1.1242018848556275e+17
2.5980000000000003	1.1125135527711075e+17
2.5990000000000006	1.1350520909261782e+17
