# Flux units: erg / (cm m2 s)
# Wavelength units: micron
wave	flux
0.7000000000000002	3.276832830420324e+17
0.7010000000000002	3.4401199085724826e+17
0.7020000000000002	3.717036041915941e+17
0.7030000000000002	3.930876388129327e+17
0.7040000000000002	4.007164434513082e+17
0.7050000000000002	4.375055859239515e+17
0.7060000000000002	3.027371427142507e+17
0.7070000000000002	3.265421003622553e+17
0.7080000000000002	3.726246804293086e+17
0.7090000000000001	2.909813630289278e+17
0.7100000000000001	2.774809159619286e+17
0.7110000000000001	3.123443493647897e+17
0.7120000000000001	3.463751142196367e+17
0.7130000000000001	2.4050029254190954e+17
0.7140000000000001	2.4424930411476774e+17
0.7150000000000001	2.7601597754917024e+17
0.7160000000000001	2.906694360438296e+17
0.7170000000000001	3.0115963760920237e+17
0.7180000000000001	3.1826848105337197e+17
0.7190000000000001	3.415174745572719e+17
0.7200000000000001	3.301720151904722e+17
0.7210000000000001	3.103370443021584e+17
0.7220000000000001	3.593474448452905e+17
0.7230000000000001	3.811704376411008e+17
0.7240000000000001	3.955937761949599e+17
0.7250000000000001	4.0914307191085376e+17
0.7260000000000001	4.427801779293392e+17
0.7270000000000001	4.5524181792974106e+17
0.7280000000000001	4.565092019325202e+17
0.7290000000000001	4.8173595732149824e+17
0.7300000000000001	5.0623086944524326e+17
0.7310000000000001	5.1435555597608096e+17
0.7320000000000001	5.250706023444396e+17
0.7330000000000001	5.3645718641745376e+17
0.7340000000000001	5.6982638942777504e+17
0.7350000000000001	5.608202070567716e+17
0.7360000000000001	5.3504608397950336e+17
0.7370000000000001	5.858286670967652e+17
0.7380000000000001	6.035634371396086e+17
0.7390000000000001	5.829488004769638e+17
0.7400000000000001	5.950854632662592e+17
0.7410000000000001	6.097748766095053e+17
0.7420000000000001	5.906250742203476e+17
0.7430000000000001	6.040999629338529e+17
0.7440000000000001	6.174507361010707e+17
0.7450000000000001	6.089320512790154e+17
0.7460000000000001	6.066823914475095e+17
0.7470000000000001	6.217227694522932e+17
0.7480000000000001	6.297554529400191e+17
0.7490000000000001	6.195548433686068e+17
0.7500000000000001	6.211749737230845e+17
0.7510000000000001	6.248644137517006e+17
0.7520000000000001	6.390664040775817e+17
0.7530000000000001	6.50018714966752e+17
0.7540000000000001	6.449847637663032e+17
0.7550000000000001	6.54717459739412e+17
0.7560000000000001	6.471974499971119e+17
0.7570000000000001	6.557151520915914e+17
0.7580000000000001	6.535596925358515e+17
0.7590000000000001	5.890418310853676e+17
0.7600000000000001	5.956385282194756e+17
0.7610000000000001	5.922110758036522e+17
0.7620000000000001	5.849397630333151e+17
0.7630000000000001	5.7573425087617024e+17
0.7640000000000001	5.604584192415081e+17
0.7650000000000001	5.795803434232677e+17
0.7660000000000001	5.6132225030212486e+17
0.7670000000000001	4.819407123661835e+17
0.7680000000000001	4.9748425929403155e+17
0.7690000000000001	5.119349798885188e+17
0.7700000000000001	5.0323631003176326e+17
0.7710000000000001	5.0174897157171904e+17
0.7720000000000001	5.051807053533811e+17
0.7730000000000001	5.201697901251914e+17
0.7740000000000001	5.534790090089107e+17
0.7750000000000001	4.834924650355342e+17
0.7760000000000001	5.0244283432726906e+17
0.7770000000000001	5.2125624836788326e+17
0.7780000000000001	5.2602839736386675e+17
0.7790000000000001	5.0684799753166406e+17
0.7800000000000001	5.3026351804635885e+17
0.7810000000000001	5.573150002982136e+17
0.7820000000000001	5.628712618009292e+17
0.7830000000000001	5.3117551428033504e+17
0.7840000000000001	5.2338249852885536e+17
0.7850000000000001	5.405426136419983e+17
0.7860000000000001	5.622607885270606e+17
0.7870000000000001	5.6453801842927885e+17
0.7880000000000001	5.76150265538985e+17
0.7890000000000001	5.840561901024795e+17
0.7900000000000001	5.869266514285997e+17
0.7910000000000001	5.666610914978656e+17
0.7920000000000001	5.685431496055569e+17
0.7930000000000001	5.868592001069176e+17
0.7940000000000002	5.778779475350423e+17
0.7950000000000002	5.75857831383025e+17
0.7960000000000002	6.026478633858245e+17
0.7970000000000002	6.1857489844102e+17
0.7980000000000002	6.116354077613458e+17
0.7990000000000002	6.200396829201459e+17
0.8000000000000002	6.076231287315311e+17
0.8010000000000002	6.258128156457793e+17
0.8020000000000002	6.417990498785916e+17
0.8030000000000002	6.127874825834755e+17
0.8040000000000002	6.44766059393799e+17
0.8050000000000002	6.274241249009016e+17
0.8060000000000002	6.469002216580424e+17
0.8070000000000002	6.168802948513711e+17
0.8080000000000002	6.37120668778856e+17
0.8090000000000002	6.416343309318959e+17
0.8100000000000002	6.332411490150842e+17
0.8110000000000002	6.499982692371786e+17
0.8120000000000002	6.50464726093098e+17
0.8130000000000002	6.632143095470214e+17
0.8140000000000002	6.610995470161007e+17
0.8150000000000002	6.628062562615996e+17
0.8160000000000002	6.625760297150514e+17
0.8170000000000002	6.787323330782257e+17
0.8180000000000002	6.719604828721702e+17
0.8190000000000002	6.431571093917471e+17
0.8200000000000002	6.32291787242846e+17
0.8210000000000002	6.257545664420399e+17
0.8220000000000002	6.370758595397362e+17
0.8230000000000002	6.574550483519927e+17
0.8240000000000002	6.507734658922135e+17
0.8250000000000002	6.606598969519543e+17
0.8260000000000002	6.488288878355898e+17
0.8270000000000002	6.636697705078747e+17
0.8280000000000002	6.528824132175945e+17
0.8290000000000002	6.439499449836256e+17
0.8300000000000002	6.358797758984179e+17
0.8310000000000002	6.06291713213103e+17
0.8320000000000002	6.460561228254931e+17
0.8330000000000002	6.151204633450774e+17
0.8340000000000002	6.259197077905215e+17
0.8350000000000002	6.180354946313676e+17
0.8360000000000002	6.240446546199521e+17
0.8370000000000002	6.151890217745496e+17
0.8380000000000002	6.033172372045215e+17
0.8390000000000002	5.839743312349331e+17
0.8400000000000002	6.191256306294204e+17
0.8410000000000002	6.34680052669931e+17
0.8420000000000002	6.264904153739597e+17
0.8430000000000002	5.976168342488623e+17
0.8440000000000002	5.5780198888394944e+17
0.8450000000000002	5.86946787321199e+17
0.8460000000000002	5.8575729290991e+17
0.8470000000000002	5.626736384057612e+17
0.8480000000000002	5.988779837411214e+17
0.8490000000000002	6.084117037520978e+17
0.8500000000000002	5.400726402932801e+17
0.8510000000000002	5.986119304292184e+17
0.8520000000000002	5.597391527356824e+17
0.8530000000000002	5.96609905124188e+17
0.8540000000000002	5.28897089338611e+17
0.8550000000000002	5.6194586319285434e+17
0.8560000000000002	6.139991928447032e+17
0.8570000000000002	6.122977103786849e+17
0.8580000000000002	6.068088331811073e+17
0.8590000000000002	6.229395659481688e+17
0.8600000000000002	6.147864801297143e+17
0.8610000000000002	6.152303788250913e+17
0.8620000000000002	6.193489041370456e+17
0.8630000000000002	6.361943280106781e+17
0.8640000000000002	6.34140358298607e+17
0.8650000000000002	6.28877998391283e+17
0.8660000000000002	5.5873729430847974e+17
0.8670000000000001	5.99739432728772e+17
0.8680000000000001	6.048168995319587e+17
0.8690000000000001	5.7258337076451315e+17
0.8700000000000001	6.312531591237778e+17
0.8710000000000001	6.377807123630683e+17
0.8720000000000001	6.306620181457216e+17
0.8730000000000001	6.445255780374949e+17
0.8740000000000001	6.284347093883241e+17
0.8750000000000001	6.45256695245901e+17
0.8760000000000001	6.428407122396803e+17
0.8770000000000001	6.358747473569706e+17
0.8780000000000001	6.342417036432037e+17
0.8790000000000001	6.58363228665197e+17
0.8800000000000001	6.507066227344385e+17
0.8810000000000001	6.226049709461416e+17
0.8820000000000001	6.567246343163177e+17
0.8830000000000001	6.392276961118303e+17
0.8840000000000001	6.4829321652266e+17
0.8850000000000001	6.683583246046364e+17
0.8860000000000001	6.390827744614743e+17
0.8870000000000001	6.051834445104265e+17
0.8880000000000001	6.038517668155293e+17
0.8890000000000001	6.13581771461069e+17
0.8900000000000001	6.241287734202322e+17
0.8910000000000001	6.243539234491916e+17
0.8920000000000001	6.243889721029234e+17
0.8930000000000001	6.237865619763796e+17
0.8940000000000001	6.213047449852233e+17
0.8950000000000001	6.045348384727204e+17
0.8960000000000001	6.304641145847188e+17
0.8970000000000001	6.210354079441448e+17
0.8980000000000001	6.214786346857748e+17
0.8990000000000001	6.326643738309592e+17
0.9000000000000001	6.240984922397212e+17
0.9010000000000001	6.301436236299524e+17
0.9020000000000001	6.140591686429696e+17
0.9030000000000001	6.27983595376885e+17
0.9040000000000001	6.40318445664067e+17
0.9050000000000001	6.501447166171636e+17
0.9060000000000001	6.500314270618106e+17
0.9070000000000001	6.566575764136823e+17
0.9080000000000001	6.56759097726637e+17
0.9090000000000001	6.122090977033996e+17
0.9100000000000001	6.506425703486376e+17
0.9110000000000001	6.447834916411965e+17
0.9120000000000001	6.499386299649325e+17
0.9130000000000001	6.621648396000663e+17
0.9140000000000001	6.545208482385678e+17
0.9150000000000001	6.500693292559186e+17
0.9160000000000001	6.572672366004433e+17
0.9170000000000001	6.393075194809983e+17
0.9180000000000001	6.445068151623875e+17
0.9190000000000002	6.575892128477027e+17
0.9200000000000002	6.498914461238056e+17
0.9210000000000002	6.301507412136751e+17
0.9220000000000002	6.493907215190755e+17
0.9230000000000002	6.444494160872128e+17
0.9240000000000002	6.41395937280801e+17
0.9250000000000002	6.387076866729674e+17
0.9260000000000002	6.356249253565018e+17
0.9270000000000002	6.465499102345746e+17
0.9280000000000002	6.411363402464041e+17
0.9290000000000002	6.341168591830636e+17
0.9300000000000002	6.348932671199407e+17
0.9310000000000002	6.452699918338373e+17
0.9320000000000002	6.44400709913999e+17
0.9330000000000002	6.516152337273326e+17
0.9340000000000002	6.490924289122765e+17
0.9350000000000002	6.395740770728476e+17
0.9360000000000002	6.259057114218889e+17
0.9370000000000002	6.443773380387313e+17
0.9380000000000002	6.370957821474057e+17
0.9390000000000002	6.432611609780803e+17
0.9400000000000002	6.422064257642508e+17
0.9410000000000002	6.348649760652292e+17
0.9420000000000002	6.283163890528389e+17
0.9430000000000002	6.442058715142458e+17
0.9440000000000002	6.357144913830812e+17
0.9450000000000002	6.217218369132515e+17
0.9460000000000002	6.421172833209518e+17
0.9470000000000002	6.452647867536211e+17
0.9480000000000002	6.464625609508294e+17
0.9490000000000002	6.490233128330327e+17
0.9500000000000002	6.481819420370034e+17
0.9510000000000002	6.397699576387517e+17
0.9520000000000002	6.48852061639366e+17
0.9530000000000002	6.509874385059316e+17
0.9540000000000002	6.44946153229584e+17
0.9550000000000002	6.2152161045327e+17
0.9560000000000002	6.436221456395318e+17
0.9570000000000002	6.381724249588355e+17
0.9580000000000002	6.40956601064482e+17
0.9590000000000002	6.538969761407283e+17
0.9600000000000002	6.324421299465014e+17
0.9610000000000002	6.463324675389729e+17
0.9620000000000002	6.540707178286813e+17
0.9630000000000002	6.528684995314612e+17
0.9640000000000002	6.178916944631991e+17
0.9650000000000002	6.21435375333205e+17
0.9660000000000002	6.248365653464122e+17
0.9670000000000002	6.25272001354952e+17
0.9680000000000002	6.164281121015698e+17
0.9690000000000002	6.304592241011741e+17
0.9700000000000002	6.478349696551306e+17
0.9710000000000002	6.241374531003517e+17
0.9720000000000002	6.211795570447348e+17
0.9730000000000002	6.18358948288248e+17
0.9740000000000002	6.216916628642995e+17
0.9750000000000002	6.114613747566888e+17
0.9760000000000002	6.433264965734644e+17
0.9770000000000002	6.143210730611674e+17
0.9780000000000002	6.491747446475684e+17
0.9790000000000002	5.85828079302593e+17
0.9800000000000002	6.434500529058328e+17
0.9810000000000002	6.446310125999334e+17
0.9820000000000002	6.381626704787908e+17
0.9830000000000002	6.205155154878241e+17
0.9840000000000002	6.402423422709021e+17
0.9850000000000002	6.415945086199898e+17
0.9860000000000002	6.466996372924271e+17
0.9870000000000002	6.448166718701756e+17
0.9880000000000002	6.432900344716873e+17
0.9890000000000002	6.449881815969532e+17
0.9900000000000002	6.24313317444392e+17
0.9910000000000002	6.091520453738257e+17
0.9920000000000002	6.053224530232168e+17
0.9930000000000002	6.048205868155782e+17
0.9940000000000002	6.195239984625697e+17
0.9950000000000002	6.207510931395501e+17
0.9960000000000002	6.249054626968119e+17
0.9970000000000002	6.30193036007539e+17
0.9980000000000002	6.266682874952682e+17
0.9990000000000002	6.185486302928375e+17
1.0000000000000002	6.204372174432772e+17
1.0010000000000001	6.042477312376287e+17
1.0020000000000002	6.345018833830868e+17
1.0030000000000001	6.325924834020955e+17
1.0040000000000002	6.141674987940969e+17
1.0050000000000001	6.136474984362193e+17
1.0060000000000002	5.952274933613742e+17
1.0070000000000001	6.149455224999247e+17
1.0080000000000002	6.22059733190891e+17
1.0090000000000001	6.186597257282668e+17
1.0100000000000002	6.306504137887137e+17
1.0110000000000001	6.192102448743649e+17
1.0120000000000002	6.199844345068188e+17
1.0130000000000001	6.346432767626136e+17
1.0140000000000002	6.242048673530496e+17
1.0150000000000001	6.099305810287368e+17
1.0160000000000002	6.122688658117285e+17
1.0170000000000001	6.113646211288623e+17
1.0180000000000002	6.295558183005306e+17
1.0190000000000001	6.138018856574249e+17
1.0200000000000002	6.109247746675836e+17
1.0210000000000001	6.196562033008143e+17
1.0220000000000002	6.068798353147329e+17
1.0230000000000001	6.292321927531055e+17
1.0240000000000002	6.325058497317751e+17
1.0250000000000001	6.283254830847361e+17
1.0260000000000002	6.168060325987786e+17
1.0270000000000001	6.094559465233203e+17
1.0280000000000002	6.196684221217304e+17
1.0290000000000001	6.117760567455137e+17
1.0300000000000002	6.20073937198245e+17
1.0310000000000001	6.266885933378825e+17
1.0320000000000003	6.279968580334582e+17
1.0330000000000001	6.031049309336116e+17
1.0340000000000003	6.107618986647662e+17
1.0350000000000001	5.993286493191142e+17
1.0360000000000003	6.285133940344196e+17
1.0370000000000001	6.212990383193069e+17
1.0380000000000003	6.128696097152709e+17
1.0390000000000001	6.207594634368051e+17
1.0400000000000003	5.916998698379661e+17
1.0410000000000001	6.293417366074294e+17
1.0420000000000003	6.148130566210742e+17
1.0430000000000001	6.030988050704467e+17
1.0440000000000003	6.271670068384132e+17
1.0450000000000002	6.274802376560788e+17
1.0460000000000003	6.229203667398817e+17
1.0470000000000002	6.087789525562246e+17
1.0480000000000003	6.218323023922934e+17
1.0490000000000002	6.206408425744177e+17
1.0500000000000003	6.114845064715386e+17
1.0510000000000002	6.149496143261103e+17
1.0520000000000003	6.167103798771156e+17
1.0530000000000002	6.220911077974835e+17
1.0540000000000003	6.186373293554559e+17
1.0550000000000002	6.207443367511387e+17
1.0560000000000003	6.170743794533286e+17
1.0570000000000002	6.142863101774963e+17
1.0580000000000003	6.190622114795185e+17
1.0590000000000002	5.940412044262244e+17
1.0600000000000003	6.25221547357482e+17
1.0610000000000002	5.920571905332436e+17
1.0620000000000003	6.186483630583907e+17
1.0630000000000002	6.200571697015374e+17
1.0640000000000003	6.230520402751412e+17
1.0650000000000002	6.156669587960298e+17
1.0660000000000003	5.926177192193101e+17
1.0670000000000002	6.124366525391634e+17
1.0680000000000003	6.018148271251149e+17
1.0690000000000002	6.027522632115361e+17
1.0700000000000003	6.149080777059991e+17
1.0710000000000002	6.081716520500673e+17
1.0720000000000003	6.134195837272805e+17
1.0730000000000002	5.896386080846778e+17
1.0740000000000003	6.012773570924938e+17
1.0750000000000002	6.065220161189509e+17
1.0760000000000003	6.093153684108293e+17
1.0770000000000002	6.150036579493396e+17
1.0780000000000003	6.006099506466925e+17
1.0790000000000002	6.017241461419953e+17
1.0800000000000003	5.972902750392219e+17
1.0810000000000002	5.871584291294045e+17
1.0820000000000003	5.954352378919872e+17
1.0830000000000002	6.010718862423898e+17
1.0840000000000003	6.078383234958729e+17
1.0850000000000002	6.001147660663991e+17
1.0860000000000003	6.110704419170682e+17
1.0870000000000002	5.985123613757274e+17
1.0880000000000003	5.99551830923299e+17
1.0890000000000002	5.928889714197396e+17
1.0900000000000003	6.035262379173446e+17
1.0910000000000002	6.006655720928861e+17
1.0920000000000003	5.960817569243144e+17
1.0930000000000002	5.9304497786868e+17
1.0940000000000003	6.006631129366144e+17
1.0950000000000002	6.042687345617018e+17
1.0960000000000003	5.913464032386285e+17
1.0970000000000002	5.7431050894750234e+17
1.0980000000000003	5.765527410370382e+17
1.0990000000000002	5.825989153351575e+17
1.1000000000000003	5.848235483624138e+17
1.1010000000000002	5.884417751426263e+17
1.1020000000000003	5.726048468153494e+17
1.1030000000000002	5.814741071008375e+17
1.104	5.799592466033434e+17
1.1050000000000002	5.776736095724709e+17
1.106	5.79690550037032e+17
1.1070000000000002	5.775772713453957e+17
1.108	5.796382060087734e+17
1.1090000000000002	5.820279141865222e+17
1.11	5.835186507081718e+17
1.1110000000000002	5.824453532113947e+17
1.112	5.778143885066865e+17
1.1130000000000002	5.831362811268026e+17
1.114	5.875307649910926e+17
1.1150000000000002	5.819970103955867e+17
1.116	5.729441191590575e+17
1.1170000000000002	5.854847882872114e+17
1.118	5.867086768140399e+17
1.1190000000000002	5.7645718816038803e+17
1.12	5.782873619484383e+17
1.1210000000000002	5.865201559098173e+17
1.122	5.84543120027615e+17
1.1230000000000002	5.768184369466356e+17
1.124	5.926641025980143e+17
1.1250000000000002	5.609778132729687e+17
1.1260000000000001	5.53610641690265e+17
1.1270000000000002	5.934086630689367e+17
1.1280000000000001	5.793192340584156e+17
1.1290000000000002	5.858218433154739e+17
1.1300000000000001	5.681612062572634e+17
1.1310000000000002	5.771052063611757e+17
1.1320000000000001	5.863126404455919e+17
1.1330000000000002	5.840868359875028e+17
1.1340000000000001	5.7205119206484134e+17
1.1350000000000002	5.89069682061948e+17
1.1360000000000001	5.773959630858925e+17
1.1370000000000002	5.894210004213868e+17
1.1380000000000001	5.422391004213273e+17
1.1390000000000002	5.7251716659330445e+17
1.1400000000000001	5.747760511471106e+17
1.1410000000000002	5.6254538685788704e+17
1.1420000000000001	5.828691141689718e+17
1.1430000000000002	5.716819103967977e+17
1.1440000000000001	5.668168754373896e+17
1.1450000000000002	5.860090092556904e+17
1.1460000000000001	5.837182214011654e+17
1.1470000000000002	5.832326039515521e+17
1.1480000000000001	5.717096352746329e+17
1.1490000000000002	5.772289947570074e+17
1.1500000000000001	5.874875651252756e+17
1.1510000000000002	5.799095825589167e+17
1.1520000000000001	5.863353903708841e+17
1.1530000000000002	5.80005864457606e+17
1.1540000000000001	5.797039388570862e+17
1.1550000000000002	5.870494307407667e+17
1.1560000000000001	5.832424371287181e+17
1.1570000000000003	5.830564246339566e+17
1.1580000000000001	5.797282218536736e+17
1.1590000000000003	5.800194799125678e+17
1.1600000000000001	5.6467252453486944e+17
1.1610000000000003	5.4074848905293574e+17
1.1620000000000001	5.826343893148594e+17
1.1630000000000003	5.800529438790628e+17
1.1640000000000001	5.558086878796977e+17
1.1650000000000003	5.821914947571597e+17
1.1660000000000001	5.788991077520969e+17
1.1670000000000003	5.737144243020457e+17
1.1680000000000001	5.776804091903552e+17
1.1690000000000003	5.52275966503342e+17
1.1700000000000002	5.781850701027834e+17
1.1710000000000003	5.779041797737184e+17
1.1720000000000002	5.779009757669381e+17
1.1730000000000003	5.777463736072086e+17
1.1740000000000002	5.7524906825641414e+17
1.1750000000000003	5.77074688463652e+17
1.1760000000000002	5.784176199635967e+17
1.1770000000000003	5.6582900137620397e+17
1.1780000000000002	5.494376140939422e+17
1.1790000000000003	5.5907870171402406e+17
1.1800000000000002	5.666048399261384e+17
1.1810000000000003	5.7327779449180896e+17
1.1820000000000002	5.752296105901067e+17
1.1830000000000003	5.350130591925621e+17
1.1840000000000002	5.736842419619565e+17
1.1850000000000003	5.7414474858736736e+17
1.1860000000000002	5.7403743356352915e+17
1.1870000000000003	5.753332262513522e+17
1.1880000000000002	5.708647313266218e+17
1.1890000000000003	5.228483526479408e+17
1.1900000000000002	5.5996979290272256e+17
1.1910000000000003	5.6948455834002374e+17
1.1920000000000002	5.690546753698153e+17
1.1930000000000003	5.722464995566582e+17
1.1940000000000002	5.701512216138027e+17
1.1950000000000003	5.547650108350961e+17
1.1960000000000002	5.5988237383881824e+17
1.1970000000000003	5.646390791556777e+17
1.1980000000000002	5.2185297145261024e+17
1.1990000000000003	5.505750362102636e+17
1.2000000000000002	5.65698668009256e+17
1.2010000000000003	5.6252584895199e+17
1.2020000000000002	5.634082072424298e+17
1.2030000000000003	5.538751787881745e+17
1.2040000000000002	5.618492365905426e+17
1.2050000000000003	5.6483726228707104e+17
1.2060000000000002	5.653300935461834e+17
1.2070000000000003	5.605004151010039e+17
1.2080000000000002	5.605189897164232e+17
1.2090000000000003	5.375397919052245e+17
1.2100000000000002	5.647191933597239e+17
1.2110000000000003	5.568888670852715e+17
1.2120000000000002	5.620568204925415e+17
1.2130000000000003	5.642597663434394e+17
1.2140000000000002	5.653791509084814e+17
1.2150000000000003	5.648519738259744e+17
1.2160000000000002	5.627598012385119e+17
1.2170000000000003	5.5871344556132506e+17
1.2180000000000002	5.652848412092849e+17
1.2190000000000003	5.582406145505317e+17
1.2200000000000002	5.601672641330031e+17
1.2210000000000003	5.617900291547645e+17
1.2220000000000002	5.5988614942738285e+17
1.2230000000000003	5.584711617465252e+17
1.2240000000000002	5.583048948572337e+17
1.2250000000000003	5.56640843458001e+17
1.2260000000000002	5.602696484667804e+17
1.2270000000000003	5.507106941819562e+17
1.2280000000000002	5.620022328421901e+17
1.2290000000000003	5.597364622268701e+17
1.2300000000000002	5.584996599461088e+17
1.2310000000000003	5.5795098722757606e+17
1.2320000000000002	5.556642681136123e+17
1.2330000000000003	5.539960761287167e+17
1.2340000000000002	5.518286387465983e+17
1.2350000000000003	5.5612966935513574e+17
1.2360000000000002	5.4979716351897254e+17
1.2370000000000003	5.529235949279783e+17
1.2380000000000002	5.5824166282032346e+17
1.2390000000000003	5.508160108952423e+17
1.2400000000000002	5.50770595270516e+17
1.2410000000000003	5.50654585500133e+17
1.2420000000000002	5.481465884161631e+17
1.2430000000000003	5.44321544200522e+17
1.2440000000000002	5.362468249047452e+17
1.2450000000000003	5.5172163831607494e+17
1.2460000000000002	5.520003495050048e+17
1.2470000000000003	5.508891352082203e+17
1.2480000000000002	5.4997080160942624e+17
1.2490000000000003	5.4737664440476006e+17
1.2500000000000002	5.48580447358376e+17
1.2510000000000003	5.4786525139291046e+17
1.2520000000000002	5.434237848420519e+17
1.2530000000000003	5.271763272926911e+17
1.2540000000000002	5.4185525560751334e+17
1.2550000000000003	5.4884508303149274e+17
1.2560000000000002	5.418488585844338e+17
1.2570000000000003	5.3893525512748384e+17
1.2580000000000002	5.463735015025055e+17
1.2590000000000003	5.470807552603301e+17
1.2600000000000002	5.388503378313128e+17
1.2610000000000001	5.442409327607122e+17
1.2620000000000002	5.4468584255863226e+17
1.2630000000000001	5.4833043990337914e+17
1.2640000000000002	5.380962011917657e+17
1.2650000000000001	5.41525283447177e+17
1.2660000000000002	5.4855126714289325e+17
1.2670000000000001	5.3580052781308384e+17
1.2680000000000002	5.3588666015539866e+17
1.2690000000000001	5.462178818295179e+17
1.2700000000000002	5.452085911972696e+17
1.2710000000000001	5.4402272053807565e+17
1.2720000000000002	5.4767556977577363e+17
1.2730000000000001	5.4628100159877037e+17
1.2740000000000002	5.2718754274296435e+17
1.2750000000000001	5.3376069653585235e+17
1.2760000000000002	5.4526850232551584e+17
1.2770000000000001	5.452373376870977e+17
1.2780000000000002	5.429381425512122e+17
1.2790000000000001	5.450520167010708e+17
1.2800000000000002	5.443447425170329e+17
1.2810000000000001	5.3249639676190176e+17
1.2820000000000003	5.2807329956921363e+17
1.2830000000000001	5.013873760978605e+17
1.2840000000000003	5.308108566165479e+17
1.2850000000000001	5.288887531473024e+17
1.2860000000000003	5.4346713976463814e+17
1.2870000000000001	5.4187739941227296e+17
1.2880000000000003	5.3010809182724563e+17
1.2890000000000001	5.393340845476944e+17
1.2900000000000003	5.093597959762481e+17
1.2910000000000001	5.26631595236831e+17
1.2920000000000003	5.3260055955926746e+17
1.2930000000000001	5.3370960199342e+17
1.2940000000000003	5.288255469638124e+17
1.2950000000000002	5.326005561319346e+17
1.2960000000000003	5.408681300777009e+17
1.2970000000000002	5.3900574723315936e+17
1.2980000000000003	5.26810089575737e+17
1.2990000000000002	5.347709083298691e+17
1.3000000000000003	5.39655223087727e+17
1.3010000000000002	5.2629638453114464e+17
1.3020000000000003	5.270905454354192e+17
1.3030000000000002	5.387089902328829e+17
1.3040000000000003	5.3100818850179584e+17
1.3050000000000002	5.3593206418190176e+17
1.3060000000000003	5.3687239621855456e+17
1.3070000000000002	5.363392460518818e+17
1.3080000000000003	5.271142922638119e+17
1.3090000000000002	5.368321769491858e+17
1.3100000000000003	5.3380333085055334e+17
1.3110000000000002	5.329729292188992e+17
1.3120000000000003	5.318849886896476e+17
1.3130000000000002	4.945442278678038e+17
1.3140000000000003	5.286299897189813e+17
1.3150000000000002	5.0491854460238714e+17
1.3160000000000003	5.3136497112405075e+17
1.3170000000000002	5.371768813227212e+17
1.3180000000000003	5.345585048967852e+17
1.3190000000000002	5.361678688677625e+17
1.3200000000000003	5.242379784203856e+17
1.3210000000000002	5.348533816505712e+17
1.3220000000000003	5.2060272603184205e+17
1.3230000000000002	5.3429624401873946e+17
1.3240000000000003	5.356033408124598e+17
1.3250000000000002	5.299176882786321e+17
1.3260000000000003	5.303939324907579e+17
1.3270000000000002	5.285950560218972e+17
1.3280000000000003	5.308170671435023e+17
1.3290000000000002	5.061463105627511e+17
1.3300000000000003	5.179002407102277e+17
1.3310000000000002	5.2078270320802394e+17
1.3320000000000003	4.997941676226746e+17
1.3330000000000002	5.330643651883738e+17
1.3340000000000003	5.2560805202996186e+17
1.3350000000000002	5.2644273562379565e+17
1.3360000000000003	5.241908610872497e+17
1.3370000000000002	5.308683188632679e+17
1.3380000000000003	5.2495362933319885e+17
1.3390000000000002	5.167910739471978e+17
1.3400000000000003	5.1688052177005696e+17
1.3410000000000002	5.178229610665486e+17
1.3420000000000003	5.2066357707112064e+17
1.3430000000000002	5.2890695655162234e+17
1.3440000000000003	5.32974379211451e+17
1.3450000000000002	5.2510523029859226e+17
1.3460000000000003	5.293871508980724e+17
1.3470000000000002	5.246201637191019e+17
1.3480000000000003	5.2848438527168416e+17
1.3490000000000002	5.3097114624251584e+17
1.3500000000000003	5.147598265664545e+17
1.3510000000000002	5.282594467090467e+17
1.3520000000000003	5.293450993811983e+17
1.3530000000000002	5.2457383999208275e+17
1.3540000000000003	5.299621863827037e+17
1.3550000000000002	5.154700671684687e+17
1.3560000000000003	5.266047262149799e+17
1.3570000000000002	5.222118960762151e+17
1.3580000000000003	5.275476601681566e+17
1.3590000000000002	5.2096513310124294e+17
1.3600000000000003	5.128944046739841e+17
1.3610000000000002	5.220865087341318e+17
1.3620000000000003	5.274369203292207e+17
1.3630000000000002	5.105248231791716e+17
1.3640000000000003	5.292882773223483e+17
1.3650000000000002	5.138199705504772e+17
1.3660000000000003	5.2207354956728486e+17
1.3670000000000002	5.192865817034369e+17
1.3680000000000003	5.311207056435874e+17
1.3690000000000002	5.1578416402979814e+17
1.3700000000000003	5.25472255253662e+17
1.3710000000000002	5.243141802759848e+17
1.3720000000000003	5.2800449410260326e+17
1.3730000000000002	5.1956724697746746e+17
1.3740000000000003	5.23081829008413e+17
1.3750000000000002	5.28369824787751e+17
1.3760000000000003	5.215092445943926e+17
1.3770000000000002	5.286355106074514e+17
1.3780000000000003	5.187710899590806e+17
1.3790000000000002	5.19663383823824e+17
1.3800000000000003	5.305810182853689e+17
1.3810000000000002	5.30187689843224e+17
1.3820000000000003	5.2636603017940614e+17
1.3830000000000002	5.22439463186068e+17
1.3840000000000003	5.290599153242676e+17
1.3850000000000002	5.0638567111375674e+17
1.3860000000000003	5.283138681875792e+17
1.3870000000000002	5.0777199296527904e+17
1.3880000000000003	5.2588070733003885e+17
1.3890000000000002	5.229258684426902e+17
1.3900000000000003	5.176795010655021e+17
1.3910000000000002	4.625363081768296e+17
1.3920000000000003	4.5862348691029926e+17
1.3930000000000002	4.8343414811043834e+17
1.3940000000000003	4.952239067315273e+17
1.3950000000000002	4.9655514527405523e+17
1.3960000000000004	5.0637389849104314e+17
1.3970000000000002	5.09172434209859e+17
1.3980000000000004	4.7953510418442285e+17
1.3990000000000002	5.231178477837055e+17
1.4000000000000004	4.955326294564313e+17
1.4010000000000002	4.9515736553411706e+17
1.4020000000000004	5.0631263772978816e+17
1.4030000000000002	5.23230871475621e+17
1.4040000000000004	4.8800105502059744e+17
1.4050000000000002	5.2494136818330515e+17
1.4060000000000004	5.0662373487776096e+17
1.4070000000000003	5.0147755778671014e+17
1.4080000000000004	5.0675830511795565e+17
1.4090000000000003	4.959679718528895e+17
1.4100000000000004	5.143483982914019e+17
1.4110000000000003	4.995324824731861e+17
1.4120000000000004	5.0299660988712237e+17
1.4130000000000003	4.6597780501755866e+17
1.4140000000000004	5.053784487210039e+17
1.4150000000000003	5.0941907560718586e+17
1.4160000000000004	4.9617901687005075e+17
1.4170000000000003	5.1064901160499366e+17
1.4180000000000001	5.079926348495737e+17
1.4190000000000003	4.795995279456246e+17
1.4200000000000002	5.010681847564508e+17
1.4210000000000003	5.056252285089149e+17
1.4220000000000002	5.0721499142157446e+17
1.4230000000000003	4.8955945819236486e+17
1.4240000000000002	4.892589567178189e+17
1.4250000000000003	5.0940498776101094e+17
1.4260000000000002	4.621102263342119e+17
1.4270000000000003	4.9084323646791315e+17
1.4280000000000002	5.146373213617811e+17
1.4290000000000003	4.943080029837991e+17
1.4300000000000002	4.921537242351393e+17
1.4310000000000003	4.991126390838954e+17
1.4320000000000002	5.100143358951424e+17
1.4330000000000003	5.11767705860708e+17
1.4340000000000002	4.801152283908764e+17
1.4350000000000003	5.025318994820476e+17
1.4360000000000002	4.891049980285789e+17
1.4370000000000003	5.028656835372733e+17
1.4380000000000002	5.0187821582745376e+17
1.4390000000000003	5.168078640398469e+17
1.4400000000000002	4.77031700637173e+17
1.4410000000000003	5.1544966333748326e+17
1.4420000000000002	4.995487114616108e+17
1.4430000000000003	5.0273874836271846e+17
1.4440000000000002	4.8997794611091526e+17
1.4450000000000003	5.0390327766692365e+17
1.4460000000000002	5.053438565880488e+17
1.4470000000000003	4.903213604752362e+17
1.4480000000000002	5.179736270630168e+17
1.4490000000000003	5.0665752836162106e+17
1.4500000000000002	5.071311417407717e+17
1.4510000000000003	4.9763087121202195e+17
1.4520000000000002	4.904920322062605e+17
1.4530000000000003	5.0182346271291066e+17
1.4540000000000002	4.9912311689683334e+17
1.4550000000000003	4.9374703608000083e+17
1.4560000000000002	4.8732450532765824e+17
1.4570000000000003	5.003530627769428e+17
1.4580000000000002	5.0014619956058906e+17
1.4590000000000003	5.133123416402715e+17
1.4600000000000002	4.799736833362768e+17
1.4610000000000003	4.1332520191103046e+17
1.4620000000000002	4.6759962449385715e+17
1.4630000000000003	4.512028960632746e+17
1.4640000000000002	5.120942661777728e+17
1.4650000000000003	4.584232446489859e+17
1.4660000000000002	4.747197390341253e+17
1.4670000000000003	4.7750144217393146e+17
1.4680000000000002	4.7615483888000704e+17
1.4690000000000003	4.917154592091483e+17
1.4700000000000002	4.720645896634786e+17
1.4710000000000003	4.767678618725729e+17
1.4720000000000002	4.874195980440245e+17
1.4730000000000003	5.07171523663003e+17
1.4740000000000002	4.7037584670861536e+17
1.4750000000000003	4.995724753049307e+17
1.4760000000000002	4.8391959565298355e+17
1.4770000000000003	4.709590392658121e+17
1.4780000000000002	4.887619782955211e+17
1.4790000000000003	5.1980916133632915e+17
1.4800000000000002	4.8781117007765037e+17
1.4810000000000003	4.806666629539181e+17
1.4820000000000002	5.100856569867709e+17
1.4830000000000003	4.908869768287855e+17
1.4840000000000002	5.054392122374712e+17
1.4850000000000003	4.973473997952706e+17
1.4860000000000002	5.1088899681319526e+17
1.4870000000000003	4.9660497867387885e+17
1.4880000000000002	4.415235691428039e+17
1.4890000000000003	4.768609844910309e+17
1.4900000000000002	5.163164041940614e+17
1.4910000000000003	4.7345151977320096e+17
1.4920000000000002	5.138616622927608e+17
1.4930000000000003	5.0790571548886195e+17
1.4940000000000002	5.052122125107436e+17
1.4950000000000003	5.160824997580815e+17
1.4960000000000002	5.001574162744146e+17
1.4970000000000003	5.2535789628314496e+17
1.4980000000000002	5.104427844463122e+17
1.4990000000000003	5.1186058440557376e+17
1.5000000000000002	5.2367050685461216e+17
1.5010000000000003	4.8260117651968006e+17
1.5020000000000002	5.0465061931357037e+17
1.5030000000000003	4.274436434608428e+17
1.5040000000000002	4.7459645470572736e+17
1.5050000000000003	4.6694126951449926e+17
1.5060000000000002	4.9335114887625574e+17
1.5070000000000003	5.0743738358302214e+17
1.5080000000000002	5.0403329798189536e+17
1.5090000000000003	5.164450636515673e+17
1.5100000000000002	5.009450186988383e+17
1.5110000000000003	5.163221139981166e+17
1.5120000000000002	5.035789717917959e+17
1.5130000000000003	4.928573643877674e+17
1.5140000000000002	4.959112954986814e+17
1.5150000000000003	4.947015935939732e+17
1.5160000000000002	5.102736626981895e+17
1.5170000000000003	4.993044760327943e+17
1.5180000000000002	5.159937936891145e+17
1.5190000000000003	4.961920393922434e+17
1.5200000000000002	5.0677983262717254e+17
1.5210000000000004	5.198321702830782e+17
1.5220000000000002	5.051437240267672e+17
1.5230000000000004	5.181016443612035e+17
1.5240000000000002	5.091940037952925e+17
1.5250000000000004	5.254256001186838e+17
1.5260000000000002	5.215843611509693e+17
1.5270000000000004	4.872492516580535e+17
1.5280000000000002	5.157676645072036e+17
1.5290000000000004	4.9486893433729005e+17
1.5300000000000002	4.993293375538465e+17
1.5310000000000004	5.3129448937545043e+17
1.5320000000000003	5.2204506437932346e+17
1.5330000000000004	5.02693796657555e+17
1.5340000000000003	5.104139451515711e+17
1.5350000000000004	5.27741336914669e+17
1.5360000000000003	5.2514611251447674e+17
1.5370000000000004	5.2321587968859603e+17
1.5380000000000003	4.724242419550278e+17
1.5390000000000004	4.6819671953365734e+17
1.5400000000000003	4.7944056955319386e+17
1.5410000000000004	4.779556950631025e+17
1.5420000000000003	5.2274470700948077e+17
1.5430000000000004	4.571955601384266e+17
1.5440000000000003	5.164747278689485e+17
1.5450000000000004	5.470973625926473e+17
1.5460000000000003	5.243866679330333e+17
1.5470000000000004	5.1222300543056525e+17
1.5480000000000003	5.2652286250580474e+17
1.5490000000000004	5.341529590116189e+17
1.5500000000000003	5.1793128896588864e+17
1.5510000000000004	5.007439067770474e+17
1.5520000000000003	5.157394092767077e+17
1.5530000000000004	5.4786200135016646e+17
1.5540000000000003	4.8943404213620634e+17
1.5550000000000004	5.056013683306855e+17
1.5560000000000003	4.831370863548425e+17
1.5570000000000004	5.114048618816574e+17
1.5580000000000003	4.79893009237034e+17
1.5590000000000004	4.934452315746191e+17
1.5600000000000003	4.905670494782335e+17
1.5610000000000004	5.183047345940505e+17
1.5620000000000003	5.158355973838765e+17
1.5630000000000004	4.946377750111248e+17
1.5640000000000003	5.129151354087221e+17
1.5650000000000004	5.235821168471529e+17
1.5660000000000003	4.9530294330236045e+17
1.5670000000000004	5.2913763861255616e+17
1.5680000000000003	5.1028357432378336e+17
1.5690000000000004	5.284886196909958e+17
1.5700000000000003	4.949794654829076e+17
1.5710000000000004	5.4015123675978266e+17
1.5720000000000003	4.9793483883222534e+17
1.5730000000000004	4.9730669414683437e+17
1.5740000000000003	5.3694530733203226e+17
1.5750000000000004	4.810301064466902e+17
1.5760000000000003	5.202360875292184e+17
1.5770000000000002	4.564342513483883e+17
1.5780000000000003	4.4307114588470464e+17
1.5790000000000002	4.874365163077369e+17
1.5800000000000003	5.0301704193240966e+17
1.5810000000000002	5.175812942320161e+17
1.5820000000000003	5.0067222220671994e+17
1.5830000000000002	4.9370837805145574e+17
1.5840000000000003	5.001562229938304e+17
1.5850000000000002	5.2113751126149824e+17
1.5860000000000003	5.249771118156194e+17
1.5870000000000002	5.1162275063010605e+17
1.5880000000000003	5.221157312726688e+17
1.5890000000000002	4.596279068497981e+17
1.5900000000000003	4.575201521654034e+17
1.5910000000000002	4.952468894048226e+17
1.5920000000000003	5.0452153218912634e+17
1.5930000000000002	5.2420349105969434e+17
1.5940000000000003	5.45698939080441e+17
1.5950000000000002	5.4705119255877786e+17
1.5960000000000003	5.079938255398746e+17
1.5970000000000002	5.2272280106268326e+17
1.5980000000000003	4.87208395291429e+17
1.5990000000000002	4.695265921875608e+17
1.6000000000000003	5.0843804620921914e+17
1.6010000000000002	4.8534081576564134e+17
1.6020000000000003	5.055970596173867e+17
1.6030000000000002	5.189568722916688e+17
1.6040000000000003	4.76427163238195e+17
1.6050000000000002	5.26059115407303e+17
1.6060000000000003	5.0256158290359795e+17
1.6070000000000002	4.805904087416741e+17
1.6080000000000003	4.9160493593942765e+17
1.6090000000000002	5.489755649364766e+17
1.6100000000000003	5.205415556194064e+17
1.6110000000000002	5.2535668592688256e+17
1.6120000000000003	5.3779478564367917e+17
1.6130000000000002	5.124075188973754e+17
1.6140000000000003	5.2313662251375584e+17
1.6150000000000002	5.434544420373194e+17
1.6160000000000003	4.778088273089868e+17
1.6170000000000002	5.36517457386659e+17
1.6180000000000003	5.387579369485689e+17
1.6190000000000002	4.3571794740148774e+17
1.6200000000000003	4.441660859637787e+17
1.6210000000000002	4.338932954771613e+17
1.6220000000000003	4.804192102359723e+17
1.6230000000000002	4.7061368884984224e+17
1.6240000000000003	4.954723335226685e+17
1.6250000000000002	4.7763924433515674e+17
1.6260000000000003	4.779031262961221e+17
1.6270000000000002	5.157374528438614e+17
1.6280000000000003	5.4179521824968557e+17
1.6290000000000002	5.296147698823707e+17
1.6300000000000003	5.061979575466964e+17
1.6310000000000002	5.397187629140353e+17
1.6320000000000003	5.059951713950629e+17
1.6330000000000002	5.32736553182599e+17
1.6340000000000003	5.0943949106276256e+17
1.6350000000000002	5.2521663246663296e+17
1.6360000000000003	5.026372896396939e+17
1.6370000000000002	4.8692268148899194e+17
1.6380000000000003	5.304609584828062e+17
1.6390000000000002	4.976997050851657e+17
1.6400000000000003	4.5003232224724634e+17
1.6410000000000002	4.5956696063037766e+17
1.6420000000000003	4.9272254120131264e+17
1.6430000000000002	5.096682823844655e+17
1.6440000000000003	4.95046553032308e+17
1.6450000000000002	4.4858356955730176e+17
1.6460000000000004	4.888738978986251e+17
1.6470000000000002	5.157270070737799e+17
1.6480000000000004	4.809883045332425e+17
1.6490000000000002	5.035647793986835e+17
1.6500000000000004	5.158178687942517e+17
1.6510000000000002	5.355086441388173e+17
1.6520000000000004	5.2042891894469414e+17
1.6530000000000002	4.935646239322445e+17
1.6540000000000004	4.847468814062281e+17
1.6550000000000002	5.026550858049107e+17
1.6560000000000004	5.23759850032973e+17
1.6570000000000003	5.174568732266079e+17
1.6580000000000004	5.152027802356972e+17
1.6590000000000003	4.9165580605161286e+17
1.6600000000000004	5.188695879992644e+17
1.6610000000000003	4.9643339672493754e+17
1.6620000000000004	4.4337117995536186e+17
1.6630000000000003	4.743382985085259e+17
1.6640000000000004	4.755802740062401e+17
1.6650000000000003	4.54173922509019e+17
1.6660000000000004	4.6607780373292045e+17
1.6670000000000003	4.7754595650038074e+17
1.6680000000000004	4.92228020207074e+17
1.6690000000000003	4.857712852732647e+17
1.6700000000000004	5.041112300531675e+17
1.6710000000000003	4.7556012008905696e+17
1.6720000000000004	4.561766056513418e+17
1.6730000000000003	4.6717759015152704e+17
1.6740000000000004	5.1235032844083334e+17
1.6750000000000003	4.7930805937983565e+17
1.6760000000000004	4.647917584975101e+17
1.6770000000000003	4.8733553450845914e+17
1.6780000000000004	5.120319316378036e+17
1.6790000000000003	5.035248552975686e+17
1.6800000000000004	4.9643725836323437e+17
1.6810000000000003	4.933801876012014e+17
1.6820000000000004	4.798176371805022e+17
1.6830000000000003	4.937687146646521e+17
1.6840000000000004	4.546503957234309e+17
1.6850000000000003	4.698663808148707e+17
1.6860000000000004	4.702736697897666e+17
1.6870000000000003	4.5392193019638656e+17
1.6880000000000004	4.4522904357299e+17
1.6890000000000003	4.560882430681222e+17
1.6900000000000004	4.5683267256229594e+17
1.6910000000000003	4.328888155972704e+17
1.6920000000000004	4.913061954839081e+17
1.6930000000000003	4.895594923495069e+17
1.6940000000000004	4.911920559238289e+17
1.6950000000000003	4.88371190631233e+17
1.6960000000000004	4.784900794752455e+17
1.6970000000000003	4.830526304427254e+17
1.6980000000000004	4.82171003835472e+17
1.6990000000000003	4.769754797251388e+17
1.7000000000000004	4.6644852972969414e+17
1.7010000000000003	4.46335027776481e+17
1.7020000000000004	4.670237732754522e+17
1.7030000000000003	4.76933833093996e+17
1.7040000000000004	4.7700093742549376e+17
1.7050000000000003	4.772465314657221e+17
1.7060000000000004	4.715617901337906e+17
1.7070000000000003	4.138120428163889e+17
1.7080000000000004	4.55431175279941e+17
1.7090000000000003	4.5846600375874003e+17
1.7100000000000004	4.302127535801113e+17
1.7110000000000003	3.7470679821907475e+17
1.7120000000000004	4.4314514825906566e+17
1.7130000000000003	4.611690500164264e+17
1.7140000000000004	4.648048910869595e+17
1.7150000000000003	4.803427850893501e+17
1.7160000000000004	4.6523411129849594e+17
1.7170000000000003	4.5092156521380806e+17
1.7180000000000004	4.5787970586007296e+17
1.7190000000000003	4.5958796278792595e+17
1.7200000000000004	4.5878165113924563e+17
1.7210000000000003	4.4127412790608896e+17
1.7220000000000004	4.650682595566404e+17
1.7230000000000003	4.3436812201101715e+17
1.7240000000000004	4.4372870774876096e+17
1.7250000000000003	4.40070524120018e+17
1.7260000000000004	4.601645050007424e+17
1.7270000000000003	4.5177206231722445e+17
1.7280000000000004	4.4705263574209594e+17
1.7290000000000003	4.5048606030630925e+17
1.7300000000000004	4.40605972118988e+17
1.7310000000000003	4.259098039853401e+17
1.7320000000000004	4.248854671787019e+17
1.7330000000000003	4.158807904955777e+17
1.7340000000000002	4.1071647670432205e+17
1.7350000000000003	4.26448297647358e+17
1.7360000000000002	4.449318661045791e+17
1.7370000000000003	4.3480719846112083e+17
1.7380000000000002	4.340279150232559e+17
1.7390000000000003	4.3311729707727494e+17
1.7400000000000002	4.4475013301367245e+17
1.7410000000000003	4.183151300604439e+17
1.7420000000000002	4.24009604490276e+17
1.7430000000000003	4.009415869042336e+17
1.7440000000000002	4.4814280666303494e+17
1.7450000000000003	4.414260437124543e+17
1.7460000000000002	4.447704741588321e+17
1.7470000000000003	4.2436059671272154e+17
1.7480000000000002	4.460086786340809e+17
1.7490000000000003	4.515142973777142e+17
1.7500000000000002	4.1902765291181466e+17
1.7510000000000003	4.3155191712119917e+17
1.7520000000000002	4.382006686956757e+17
1.7530000000000003	4.269062463265153e+17
1.7540000000000002	3.966996533790718e+17
1.7550000000000003	4.148184442134306e+17
1.7560000000000002	4.3024188575768256e+17
1.7570000000000003	4.344057286571966e+17
1.7580000000000002	4.336129409625875e+17
1.7590000000000003	4.1648697180074566e+17
1.7600000000000002	4.1165628044409984e+17
1.7610000000000003	4.108760468322333e+17
1.7620000000000002	4.007226288106919e+17
1.7630000000000003	4.174391306900642e+17
1.7640000000000002	4.249968335203389e+17
1.7650000000000003	4.167147353317596e+17
1.7660000000000002	4.167244990176641e+17
1.7670000000000003	4.094927193472501e+17
1.7680000000000002	4.0729985852040525e+17
1.7690000000000003	4.1043867189613037e+17
1.7700000000000002	4.19377902912311e+17
1.7710000000000004	4.02704453347124e+17
1.7720000000000002	4.185397502242812e+17
1.7730000000000004	4.061587345077448e+17
1.7740000000000002	4.201042439491369e+17
1.7750000000000004	4.09227854675353e+17
1.7760000000000002	4.126308739023652e+17
1.7770000000000004	4.0323622721406e+17
1.7780000000000002	3.856736868135503e+17
1.7790000000000004	3.923281682407341e+17
1.7800000000000002	4.1542525897355194e+17
1.7810000000000004	4.112289098288204e+17
1.7820000000000003	3.916075997715199e+17
1.7830000000000004	3.876421185211621e+17
1.7840000000000003	3.979436839395607e+17
1.7850000000000004	3.8476090750388934e+17
1.7860000000000003	3.856350472907289e+17
1.7870000000000004	3.9981628901841664e+17
1.7880000000000003	4.056430279869683e+17
1.7890000000000004	4.132205620766079e+17
1.7900000000000003	4.1368394065805056e+17
1.7910000000000004	3.942792850274924e+17
1.7920000000000003	4.054728487961523e+17
1.7930000000000004	4.012992483308588e+17
1.7940000000000003	3.871771019627068e+17
1.7950000000000004	4.03724428001267e+17
1.7960000000000003	4.052942245694413e+17
1.7970000000000004	4.046767288149163e+17
1.7980000000000003	4.030598306641097e+17
1.7990000000000004	3.90637065314193e+17
1.8000000000000003	4.029029578107905e+17
1.8010000000000004	3.7624959790932096e+17
1.8020000000000003	3.890075977396834e+17
1.8030000000000004	3.4727811505935565e+17
1.8040000000000003	3.69346311906725e+17
1.8050000000000004	3.694091211374605e+17
1.8060000000000003	3.884310045772619e+17
1.8070000000000004	3.8529704566895565e+17
1.8080000000000003	3.89726618526096e+17
1.8090000000000004	3.902315228529833e+17
1.8100000000000003	3.79855008421802e+17
1.8110000000000004	3.753572761323779e+17
1.8120000000000003	3.734732881857339e+17
1.8130000000000004	3.8493501160902214e+17
1.8140000000000003	3.823322710972192e+17
1.8150000000000004	3.8324988851745434e+17
1.8160000000000003	3.760674560432133e+17
1.8170000000000004	3.879456364659469e+17
1.8180000000000003	3.707065500105892e+17
1.8190000000000004	3.757426508368237e+17
1.8200000000000003	3.750381465396647e+17
1.8210000000000004	3.876962345247795e+17
1.8220000000000003	3.695721494709263e+17
1.8230000000000004	3.7491904400706515e+17
1.8240000000000003	3.845047391969621e+17
1.8250000000000004	3.8032535371793197e+17
1.8260000000000003	3.7599108284878726e+17
1.8270000000000004	3.67261617346047e+17
1.8280000000000003	3.626568418274836e+17
1.8290000000000004	3.4139053959611526e+17
1.8300000000000003	3.572257445225234e+17
1.8310000000000004	3.6010076052840346e+17
1.8320000000000003	3.7596458871329395e+17
1.8330000000000004	3.772253527452077e+17
1.8340000000000003	3.7830262200295904e+17
1.8350000000000004	3.6336395349806035e+17
1.8360000000000003	3.635940117003885e+17
1.8370000000000004	3.698105344399452e+17
1.8380000000000003	3.568519011929079e+17
1.8390000000000004	3.756377685368681e+17
1.8400000000000003	3.4507358575181914e+17
1.8410000000000004	3.6406090491639066e+17
1.8420000000000003	3.370412138943433e+17
1.8430000000000004	3.4364405353625894e+17
1.8440000000000003	3.588155880091472e+17
1.8450000000000004	3.595223664549371e+17
1.8460000000000003	3.695703608404462e+17
1.8470000000000004	3.362658189030376e+17
1.8480000000000003	3.576743768570085e+17
1.8490000000000004	3.659131586644236e+17
1.8500000000000003	3.582081864463079e+17
1.8510000000000004	3.6404351297996294e+17
1.8520000000000003	3.500674688683346e+17
1.8530000000000004	3.293721894121654e+17
1.8540000000000003	3.623792517879056e+17
1.8550000000000004	3.5712442506419046e+17
1.8560000000000003	3.260667719622555e+17
1.8570000000000004	3.488153444580573e+17
1.8580000000000003	3.537789077186892e+17
1.8590000000000004	3.397095338816889e+17
1.8600000000000003	3.547338588048501e+17
1.8610000000000004	3.5335057278846234e+17
1.8620000000000003	3.470179819707049e+17
1.8630000000000004	3.4295320415344154e+17
1.8640000000000003	3.44147460384793e+17
1.8650000000000004	3.552604471201169e+17
1.8660000000000003	3.401502834159247e+17
1.8670000000000004	3.504867916423314e+17
1.8680000000000003	3.505636666796441e+17
1.8690000000000004	3.551814548708459e+17
1.8700000000000003	3.478182082558243e+17
1.8710000000000004	3.522445962468579e+17
1.8720000000000003	3.462069807857303e+17
1.8730000000000004	3.2594971346588685e+17
1.8740000000000003	3.407202895072166e+17
1.8750000000000004	3.332545396807056e+17
1.8760000000000003	3.277032837741222e+17
1.8770000000000004	3.4170776590411936e+17
1.8780000000000003	3.2620859104990054e+17
1.8790000000000004	3.3758121680036384e+17
1.8800000000000003	3.467266606455905e+17
1.8810000000000004	3.4728106174763834e+17
1.8820000000000003	3.4471238289789235e+17
1.8830000000000005	3.453242008097028e+17
1.8840000000000003	3.417291364114634e+17
1.8850000000000005	3.2143110043648915e+17
1.8860000000000003	3.117919241467183e+17
1.8870000000000005	3.355989671087218e+17
1.8880000000000003	3.386711178367896e+17
1.8890000000000005	3.1973142731804986e+17
1.8900000000000003	3.243363491806025e+17
1.8910000000000002	3.2763302668626144e+17
1.8920000000000003	3.2160586344349274e+17
1.8930000000000002	3.1857196212924954e+17
1.8940000000000003	3.289520680285061e+17
1.8950000000000002	3.2785450970088934e+17
1.8960000000000004	3.3258340772482746e+17
1.8970000000000002	3.3352690319207526e+17
1.8980000000000004	3.245553519474122e+17
1.8990000000000002	3.224109889461285e+17
1.9000000000000004	3.406042121107899e+17
1.9010000000000002	3.2982960126310803e+17
1.9020000000000004	3.343362464920099e+17
1.9030000000000002	3.308295936911481e+17
1.9040000000000004	3.2520715680795936e+17
1.9050000000000002	3.085101806140091e+17
1.9060000000000004	3.217370286550815e+17
1.9070000000000003	3.276441576759324e+17
1.9080000000000004	3.317729872402803e+17
1.9090000000000003	3.089762096053052e+17
1.9100000000000004	3.26297012784925e+17
1.9110000000000003	3.138574053043873e+17
1.9120000000000004	3.149164969065203e+17
1.9130000000000003	3.272019032831756e+17
1.9140000000000004	3.297821737017188e+17
1.9150000000000003	3.1727674112151846e+17
1.9160000000000004	3.17828167578735e+17
1.9170000000000003	3.241122098727736e+17
1.9180000000000004	3.228866566512733e+17
1.9190000000000003	3.2874045064837677e+17
1.9200000000000004	3.1101137494891e+17
1.9210000000000003	3.2023624367748166e+17
1.9220000000000004	3.171185148199658e+17
1.9230000000000003	3.263832427618622e+17
1.9240000000000004	3.232371608869917e+17
1.9250000000000003	3.2116969359905824e+17
1.9260000000000004	3.098573721058939e+17
1.9270000000000003	3.139349289193727e+17
1.9280000000000004	3.220317942203607e+17
1.9290000000000003	3.1316534302337786e+17
1.9300000000000004	3.1394166975516006e+17
1.9310000000000003	2.8177489385279786e+17
1.9320000000000004	3.009817423628995e+17
1.9330000000000003	3.1525627525822624e+17
1.9340000000000004	2.9743129267310483e+17
1.9350000000000003	2.965336209722523e+17
1.9360000000000004	3.158406496957192e+17
1.9370000000000003	3.181393794852226e+17
1.9380000000000004	3.166187548668223e+17
1.9390000000000003	3.111506615640121e+17
1.9400000000000004	3.018306480472212e+17
1.9410000000000003	3.0692986717350886e+17
1.9420000000000004	3.129897656624416e+17
1.9430000000000003	3.078777570367153e+17
1.9440000000000004	2.970133225385397e+17
1.9450000000000003	2.964143571928661e+17
1.9460000000000004	2.548022413458341e+17
1.9470000000000003	3.008657179544826e+17
1.9480000000000004	2.958353218142378e+17
1.9490000000000003	2.9937526363979494e+17
1.9500000000000004	3.0121093107627955e+17
1.9510000000000003	2.6151532042905046e+17
1.9520000000000004	2.99374485643989e+17
1.9530000000000003	3.0568941786222074e+17
1.9540000000000004	2.9847869976777043e+17
1.9550000000000003	3.015274673598354e+17
1.9560000000000004	3.0451625771113786e+17
1.9570000000000003	3.063535988471858e+17
1.9580000000000004	3.0564389602370656e+17
1.9590000000000003	2.983971429001432e+17
1.9600000000000004	2.937544812369653e+17
1.9610000000000003	2.985146819561827e+17
1.9620000000000004	2.8761217882365174e+17
1.9630000000000003	2.8489821965888707e+17
1.9640000000000004	2.7968557932121008e+17
1.9650000000000003	2.971320694777049e+17
1.9660000000000004	3.024511109397341e+17
1.9670000000000003	3.026083895600855e+17
1.9680000000000004	2.9712006584932154e+17
1.9690000000000003	2.9745692693269216e+17
1.9700000000000004	2.987565250258749e+17
1.9710000000000003	2.968232856154908e+17
1.9720000000000004	2.903685524655514e+17
1.9730000000000003	2.7205865513957936e+17
1.9740000000000004	2.8431778994028554e+17
1.9750000000000003	2.859763148638646e+17
1.9760000000000004	2.8158497369954624e+17
1.9770000000000003	2.847069246321066e+17
1.9780000000000004	2.2252371282239446e+17
1.9790000000000003	2.8454538251169706e+17
1.9800000000000004	2.8217999499611795e+17
1.9810000000000003	2.8474246699742662e+17
1.9820000000000004	2.780449086400102e+17
1.9830000000000003	2.8983014570144557e+17
1.9840000000000004	2.923428627924459e+17
1.9850000000000003	2.8181574857179267e+17
1.9860000000000004	2.6589581207957142e+17
1.9870000000000003	2.5440303183316368e+17
1.9880000000000004	2.8600828607833808e+17
1.9890000000000003	2.8337965191513712e+17
1.9900000000000004	2.7983200574486755e+17
1.9910000000000003	2.763906073006406e+17
1.9920000000000004	2.6844101085646026e+17
1.9930000000000003	2.743194864985388e+17
1.9940000000000004	2.7211415761354547e+17
1.9950000000000003	2.767407682594846e+17
1.9960000000000004	2.769091098886086e+17
1.9970000000000003	2.6686054442867437e+17
1.9980000000000004	2.673926025606098e+17
1.9990000000000003	2.8024385858232858e+17
2.0000000000000004	2.7721634381505952e+17
2.0010000000000003	2.7673167599790525e+17
2.0020000000000002	2.8097546703939245e+17
2.0030000000000006	2.6858060341623126e+17
2.0040000000000004	2.7510821610850934e+17
2.0050000000000003	2.8314713886625e+17
2.0060000000000002	2.6676392770942243e+17
2.0070000000000006	2.7885663733292237e+17
2.0080000000000005	2.7779298222551907e+17
2.0090000000000003	2.7096831082294934e+17
2.0100000000000002	2.7269576873189968e+17
2.0110000000000006	2.7489717162966973e+17
2.0120000000000005	2.7547371669975043e+17
2.0130000000000003	2.711314774096789e+17
2.0140000000000002	2.6966641110407498e+17
2.0150000000000006	2.7438072655563824e+17
2.0160000000000005	2.6985403966702218e+17
2.0170000000000003	2.7062421361800864e+17
2.0180000000000002	2.5888062901013494e+17
2.0190000000000006	2.6575427160243888e+17
2.0200000000000005	2.6194798012791443e+17
2.0210000000000004	2.6002401560919507e+17
2.0220000000000002	2.584003489777242e+17
2.0230000000000006	2.6846363332532205e+17
2.0240000000000005	2.6309915828459994e+17
2.0250000000000004	2.574934096701399e+17
2.0260000000000002	2.678369297016564e+17
2.0270000000000006	2.6308645548408042e+17
2.0280000000000005	2.637446465095291e+17
2.0290000000000004	2.5068846137191955e+17
2.0300000000000002	2.591765973697731e+17
2.0310000000000006	2.5838668280784035e+17
2.0320000000000005	2.6542772471174218e+17
2.0330000000000004	2.6714186114372522e+17
2.0340000000000003	2.633620332448946e+17
2.0350000000000006	2.584243271408261e+17
2.0360000000000005	2.538242482606986e+17
2.0370000000000004	2.637603828570125e+17
2.0380000000000003	2.5685069548381904e+17
2.0390000000000006	2.6026776884638205e+17
2.0400000000000005	2.616606924042355e+17
2.0410000000000004	2.5732377182625818e+17
2.0420000000000003	2.5635106634414218e+17
2.0430000000000006	2.628776317908984e+17
2.0440000000000005	2.6099666827731696e+17
2.0450000000000004	2.5637676016368586e+17
2.0460000000000003	2.5719274771752464e+17
2.0470000000000006	2.553800772241361e+17
2.0480000000000005	2.6088565194200458e+17
2.0490000000000004	2.6001988975823274e+17
2.0500000000000003	2.5695506381145197e+17
2.051	2.60896044825877e+17
2.0520000000000005	2.5092892117402384e+17
2.0530000000000004	2.5108834372508925e+17
2.0540000000000003	2.476235386134138e+17
2.055	2.5141637068494454e+17
2.0560000000000005	2.48820250220715e+17
2.0570000000000004	2.5017690366126582e+17
2.0580000000000003	2.4919856918842736e+17
2.059	2.494020296749787e+17
2.0600000000000005	2.4993017380493808e+17
2.0610000000000004	2.4580716166458266e+17
2.0620000000000003	2.5134156534140637e+17
2.063	2.5194651807133968e+17
2.0640000000000005	2.2307498534042656e+17
2.0650000000000004	2.47461399671294e+17
2.0660000000000003	2.4951337713428758e+17
2.067	2.490794603840265e+17
2.0680000000000005	2.4150643874693014e+17
2.0690000000000004	2.490131579871103e+17
2.0700000000000003	2.3896666546175552e+17
2.071	2.4785325005380525e+17
2.0720000000000005	2.4128536338505805e+17
2.0730000000000004	2.4848981545656944e+17
2.0740000000000003	2.3992350405528755e+17
2.075	2.4543261597594282e+17
2.0760000000000005	2.471273786696517e+17
2.0770000000000004	2.392592725165674e+17
2.0780000000000003	2.4251388750934384e+17
2.079	2.4692297566420387e+17
2.0800000000000005	2.3992417610605987e+17
2.0810000000000004	2.4336498300804387e+17
2.0820000000000003	2.4070156319754307e+17
2.083	2.4305767246104816e+17
2.0840000000000005	2.3338123671554634e+17
2.0850000000000004	2.341733130019503e+17
2.0860000000000003	2.362054689762241e+17
2.087	2.4001349916171142e+17
2.0880000000000005	2.3464900937229616e+17
2.0890000000000004	2.3991286933777702e+17
2.0900000000000003	2.391511544143705e+17
2.091	2.3934490721043955e+17
2.0920000000000005	2.379815325306928e+17
2.0930000000000004	2.425917900861581e+17
2.0940000000000003	2.347043671063403e+17
2.095	2.4078487087871203e+17
2.0960000000000005	2.3225204009196685e+17
2.0970000000000004	2.338519632442116e+17
2.0980000000000003	2.3231197418486256e+17
2.099	2.360288142100257e+17
2.1000000000000005	2.3781785852490762e+17
2.1010000000000004	2.3596288345280982e+17
2.1020000000000003	2.3284260907592054e+17
2.103	2.3484826861506445e+17
2.1040000000000005	2.4013778621546294e+17
2.1050000000000004	2.356361907669778e+17
2.1060000000000003	2.3795328688786026e+17
2.107	2.3037151400315747e+17
2.1080000000000005	2.3072518586042624e+17
2.1090000000000004	2.3215224225635267e+17
2.1100000000000003	2.2410942446954966e+17
2.111	2.3620915838170893e+17
2.1120000000000005	2.3056689303410845e+17
2.1130000000000004	2.3079207270678947e+17
2.1140000000000003	2.350214355719578e+17
2.115	2.313858920246186e+17
2.1160000000000005	2.3279018120957645e+17
2.1170000000000004	2.1613336013334605e+17
2.1180000000000003	2.2769238012065546e+17
2.119	2.2422938950362464e+17
2.1200000000000006	2.2569081134556483e+17
2.1210000000000004	2.2782084945652883e+17
2.1220000000000003	2.2698985520930714e+17
2.123	2.2540060195908666e+17
2.1240000000000006	2.191202525537969e+17
2.1250000000000004	2.2865722798713485e+17
2.1260000000000003	2.3101330251952566e+17
2.1270000000000002	2.227157819625204e+17
2.1280000000000006	2.240313568352937e+17
2.1290000000000004	2.2507190596638886e+17
2.1300000000000003	2.291870903583794e+17
2.1310000000000002	2.2637993640149338e+17
2.1320000000000006	2.2777050875561104e+17
2.1330000000000005	2.260097032705274e+17
2.1340000000000003	2.239433298151939e+17
2.1350000000000002	2.2562584625037226e+17
2.1360000000000006	2.200453066810438e+17
2.1370000000000005	2.265651736149526e+17
2.1380000000000003	2.241686478958868e+17
2.1390000000000002	2.22958035226792e+17
2.1400000000000006	2.2439323909608902e+17
2.1410000000000005	2.2582491959798573e+17
2.1420000000000003	2.2226701545324096e+17
2.1430000000000002	2.224548248922437e+17
2.1440000000000006	2.2283584429422698e+17
2.1450000000000005	2.2305071338338835e+17
2.1460000000000004	2.143527306093583e+17
2.1470000000000002	2.2284705924523757e+17
2.1480000000000006	2.2384792163589248e+17
2.1490000000000005	2.1945058055203712e+17
2.1500000000000004	2.1862851017180227e+17
2.1510000000000002	2.2203649638056918e+17
2.1520000000000006	2.2075852092572272e+17
2.1530000000000005	2.1638226611675043e+17
2.1540000000000004	2.1241062477007443e+17
2.1550000000000002	2.176327582386029e+17
2.1560000000000006	2.2025422173690646e+17
2.1570000000000005	2.1501736063735174e+17
2.1580000000000004	2.155765880894938e+17
2.1590000000000003	2.170133006124219e+17
2.1600000000000006	2.133923626352282e+17
2.1610000000000005	2.1800187296126637e+17
2.1620000000000004	2.152112526437725e+17
2.1630000000000003	2.1707818200750054e+17
2.1640000000000006	2.1726555119307222e+17
2.1650000000000005	2.1253902723857434e+17
2.1660000000000004	2.0911499247334976e+17
2.1670000000000003	2.1359764062464566e+17
2.1680000000000006	2.1329252195027885e+17
2.1690000000000005	2.1527062817553232e+17
2.1700000000000004	2.1381637343362582e+17
2.1710000000000003	2.1133794380444173e+17
2.1720000000000006	2.1435362483569136e+17
2.1730000000000005	2.1505886559999667e+17
2.1740000000000004	2.0902208037673114e+17
2.1750000000000003	2.105426481081081e+17
2.1760000000000006	2.1030375558621718e+17
2.1770000000000005	2.0443867715999027e+17
2.1780000000000004	2.125635751983214e+17
2.1790000000000003	1.9332479298479693e+17
2.1800000000000006	2.1026825001508598e+17
2.1810000000000005	2.1267103558972986e+17
2.1820000000000004	2.0457916894892106e+17
2.1830000000000003	2.0475087755824243e+17
2.1840000000000006	2.1024484336080333e+17
2.1850000000000005	2.0840757150802128e+17
2.1860000000000004	2.083686099735417e+17
2.1870000000000003	2.070850321709046e+17
2.1880000000000006	2.032518842003223e+17
2.1890000000000005	2.0389938018181706e+17
2.1900000000000004	1.9549360593242534e+17
2.1910000000000003	2.0845479998480867e+17
2.1920000000000006	2.09069413213751e+17
2.1930000000000005	2.0901610319197888e+17
2.1940000000000004	2.0618372929548787e+17
2.1950000000000003	2.0396477159462646e+17
2.1960000000000006	2.0682560275074678e+17
2.1970000000000005	2.076034651948373e+17
2.1980000000000004	2.056671668026687e+17
2.1990000000000003	2.0499412488192227e+17
2.2000000000000006	2.0353169883823197e+17
2.2010000000000005	1.9799130166054192e+17
2.2020000000000004	2.0241730351835517e+17
2.2030000000000003	2.0384432222944298e+17
2.2040000000000006	2.054691181683943e+17
2.2050000000000005	2.0178779602141622e+17
2.2060000000000004	1.8116553070213814e+17
2.2070000000000003	1.8839866575629392e+17
2.208	2.0355551171961632e+17
2.2090000000000005	1.9053469011149824e+17
2.2100000000000004	1.9903525159194256e+17
2.2110000000000003	2.010911260389049e+17
2.212	2.001897758842807e+17
2.2130000000000005	2.0293781628446912e+17
2.2140000000000004	2.0253395937563584e+17
2.2150000000000003	2.004030539378643e+17
2.216	2.018884750320276e+17
2.2170000000000005	2.013913260357387e+17
2.2180000000000004	2.002981549151443e+17
2.2190000000000003	2.0198290190777328e+17
2.22	1.9917263124028182e+17
2.2210000000000005	1.9529166150728592e+17
2.2220000000000004	1.91737006930921e+17
2.2230000000000003	2.0003687318457315e+17
2.224	1.918637176131487e+17
2.2250000000000005	1.981855725254933e+17
2.2260000000000004	1.9470451014758422e+17
2.2270000000000003	1.870572390928193e+17
2.228	1.8371914913512573e+17
2.2290000000000005	1.946191430570792e+17
2.2300000000000004	1.9212125021494998e+17
2.2310000000000003	1.933143227843421e+17
2.232	1.8975951675483946e+17
2.2330000000000005	1.9629912390509632e+17
2.2340000000000004	1.9483419707105136e+17
2.2350000000000003	1.936347570585632e+17
2.236	1.9453885918210845e+17
2.2370000000000005	1.9637974302494435e+17
2.2380000000000004	1.9406538241569946e+17
2.2390000000000003	1.8701512031585405e+17
2.24	1.8395110110357462e+17
2.2410000000000005	1.941315008046048e+17
2.2420000000000004	1.9310782890041277e+17
2.2430000000000003	1.9021245645058397e+17
2.244	1.9120082338967683e+17
2.2450000000000006	1.8750314404160646e+17
2.2460000000000004	1.9136490670668128e+17
2.2470000000000003	1.9220018523511827e+17
2.248	1.873421249262017e+17
2.2490000000000006	1.8890455595743366e+17
2.2500000000000004	1.902883617079869e+17
2.2510000000000003	1.915106168723442e+17
2.2520000000000002	1.8916806367268902e+17
2.2530000000000006	1.914600053409371e+17
2.2540000000000004	1.8520303995503424e+17
2.2550000000000003	1.8292250081305994e+17
2.2560000000000002	1.8933221626540682e+17
2.2570000000000006	1.8966508766411715e+17
2.2580000000000005	1.8669471160796426e+17
2.2590000000000003	1.8946535978577053e+17
2.2600000000000002	1.887174669503612e+17
2.2610000000000006	1.8488353672636528e+17
2.2620000000000005	1.8503870372928064e+17
2.2630000000000003	1.6894189491144848e+17
2.2640000000000002	1.815818559727592e+17
2.2650000000000006	1.8767417804606637e+17
2.2660000000000005	1.7497695991840307e+17
2.2670000000000003	1.8579655015774352e+17
2.2680000000000002	1.8489735375949206e+17
2.2690000000000006	1.8603284679356182e+17
2.2700000000000005	1.8240720957038515e+17
2.2710000000000004	1.842427900691015e+17
2.2720000000000002	1.8352450917217168e+17
2.2730000000000006	1.8569791249477936e+17
2.2740000000000005	1.8357099879702675e+17
2.2750000000000004	1.8102077047946394e+17
2.2760000000000002	1.8158831798125926e+17
2.2770000000000006	1.824192552680589e+17
2.2780000000000005	1.8375810559232874e+17
2.2790000000000004	1.807210260276983e+17
2.2800000000000002	1.8123107496264125e+17
2.2810000000000006	1.7228687164735914e+17
2.2820000000000005	1.7851482154195395e+17
2.2830000000000004	1.763780367757008e+17
2.2840000000000003	1.8026672915251082e+17
2.2850000000000006	1.7978545638261456e+17
2.2860000000000005	1.8107097398513494e+17
2.2870000000000004	1.799073112374861e+17
2.2880000000000003	1.803794753897348e+17
2.2890000000000006	1.7647030155995072e+17
2.2900000000000005	1.7953706826686675e+17
2.2910000000000004	1.801708389455165e+17
2.2920000000000003	1.7883125194245418e+17
2.2930000000000006	1.7739788142898595e+17
2.2940000000000005	9.785433205968402e+16
2.2950000000000004	1.2783513322951778e+17
2.2960000000000003	1.3980541730207274e+17
2.2970000000000006	1.3574880717719e+17
2.2980000000000005	1.4594690053262138e+17
2.2990000000000004	1.5416158765072512e+17
2.3000000000000003	1.587853448043408e+17
2.3010000000000006	1.5577610466589222e+17
2.3020000000000005	1.6726579266907658e+17
2.3030000000000004	1.665187911527369e+17
2.3040000000000003	1.63890668242418e+17
2.3050000000000006	1.5580967487496e+17
2.3060000000000005	1.60173284266236e+17
2.3070000000000004	1.602910134703786e+17
2.3080000000000003	1.5963610208974816e+17
2.3090000000000006	1.5938276575540464e+17
2.3100000000000005	1.582908350206203e+17
2.3110000000000004	1.6469592463611232e+17
2.3120000000000003	1.598390943491732e+17
2.3130000000000006	1.6659809851460874e+17
2.3140000000000005	1.560328013534905e+17
2.3150000000000004	1.6073276379099677e+17
2.3160000000000003	1.58836659535607e+17
2.3170000000000006	1.6572561139997296e+17
2.3180000000000005	1.5440482330395546e+17
2.3190000000000004	1.6228297870749914e+17
2.3200000000000003	1.680518063951797e+17
2.3210000000000006	1.5500127011727574e+17
2.3220000000000005	1.624820796911888e+17
2.3230000000000004	9.185195635351994e+16
2.3240000000000003	1.1749149646085144e+17
2.3250000000000006	1.3026082290207883e+17
2.3260000000000005	1.324709735685493e+17
2.3270000000000004	1.359116528454762e+17
2.3280000000000003	1.4725337867243197e+17
2.3290000000000006	1.3952295827290203e+17
2.3300000000000005	1.4098305352308872e+17
2.3310000000000004	1.497571212997113e+17
2.3320000000000003	1.4775114295441923e+17
2.3330000000000006	1.531657521314799e+17
2.3340000000000005	1.488673068819339e+17
2.3350000000000004	1.5256034001674563e+17
2.3360000000000003	1.4434919024110592e+17
2.3370000000000006	1.4537042935611654e+17
2.3380000000000005	1.4837536378814637e+17
2.3390000000000004	1.3503713146033856e+17
2.3400000000000003	1.49906259161147e+17
2.3410000000000006	1.4767896789492285e+17
2.3420000000000005	1.555768009803925e+17
2.3430000000000004	1.4565739302582304e+17
2.3440000000000003	1.4986354134770618e+17
2.3450000000000006	1.2948333870996997e+17
2.3460000000000005	1.4724384527477376e+17
2.3470000000000004	1.430757322477372e+17
2.3480000000000003	1.450324600023892e+17
2.3490000000000006	1.4371466095082624e+17
2.3500000000000005	1.3960695712344765e+17
2.3510000000000004	1.484221705980557e+17
2.3520000000000003	1.3880725911432802e+17
2.3530000000000006	8.526709059830885e+16
2.3540000000000005	9.873241017269838e+16
2.3550000000000004	1.259176683862867e+17
2.3560000000000003	1.1562934471178526e+17
2.3570000000000007	1.3386767733856072e+17
2.3580000000000005	1.259003963074637e+17
2.3590000000000004	1.3373778654340182e+17
2.3600000000000003	1.400004075837337e+17
2.3610000000000007	1.2650139259097435e+17
2.3620000000000005	1.3711662773863974e+17
2.3630000000000004	1.247117470571627e+17
2.3640000000000003	1.380596274118261e+17
2.365	1.314661810070737e+17
2.3660000000000005	1.4093329268089288e+17
2.3670000000000004	1.4169954117174405e+17
2.3680000000000003	1.4083437688004973e+17
2.369	1.4242305338365122e+17
2.3700000000000006	1.4066703135588403e+17
2.3710000000000004	1.2992710703331606e+17
2.3720000000000003	1.4864514408744346e+17
2.373	1.2788611132655205e+17
2.3740000000000006	1.2496695721996813e+17
2.3750000000000004	1.2648663384248586e+17
2.3760000000000003	1.392865153747706e+17
2.3770000000000002	1.3720979385221266e+17
2.3780000000000006	1.2617574427164642e+17
2.3790000000000004	1.3278882347703024e+17
2.3800000000000003	1.4164042483334618e+17
2.3810000000000002	1.3081119468861331e+17
2.3820000000000006	1.3775103440719522e+17
2.3830000000000005	9.416514177597757e+16
2.3840000000000003	9.175475537381851e+16
2.3850000000000002	1.165678864855245e+17
2.3860000000000006	1.1155447493819549e+17
2.3870000000000005	1.1739484965934598e+17
2.3880000000000003	1.1834148630140821e+17
2.3890000000000002	1.135933555586739e+17
2.3900000000000006	1.3165686814623046e+17
2.3910000000000005	1.2464495457666803e+17
2.3920000000000003	1.2698150268312901e+17
2.3930000000000002	1.2072212844588542e+17
2.3940000000000006	1.3504990188635266e+17
2.3950000000000005	1.1669998622800226e+17
2.3960000000000004	1.3146950063298392e+17
2.3970000000000002	1.3408868554489576e+17
2.3980000000000006	1.2286355386125787e+17
2.3990000000000005	1.2799557564945115e+17
2.4000000000000004	1.2628623650572883e+17
2.4010000000000002	1.2991485190008219e+17
2.4020000000000006	1.3747824772913349e+17
2.4030000000000005	1.3191173535931046e+17
2.4040000000000004	1.1302289388231078e+17
2.4050000000000002	1.3018545025158387e+17
2.4060000000000006	1.252750308008794e+17
2.4070000000000005	1.24212559998391e+17
2.4080000000000004	1.2534890270033494e+17
2.4090000000000003	1.2971277818492275e+17
2.4100000000000006	1.2442990221732946e+17
2.4110000000000005	1.335807494812324e+17
2.4120000000000004	1.2920719065538115e+17
2.4130000000000003	1.3190636266616341e+17
2.4140000000000006	9.178849838610474e+16
2.4150000000000005	9.40018242418543e+16
2.4160000000000004	1.003016987758833e+17
2.4170000000000003	1.0655546788858146e+17
2.4180000000000006	1.0700465908844138e+17
2.4190000000000005	1.2649060976145963e+17
2.4200000000000004	1.0408941695132858e+17
2.4210000000000003	1.253650251024469e+17
2.4220000000000006	1.1524860398450123e+17
2.4230000000000005	1.1451411406216002e+17
2.4240000000000004	1.253700915632211e+17
2.4250000000000003	1.2382046167056194e+17
2.4260000000000006	1.186799347002622e+17
2.4270000000000005	1.2298763087367888e+17
2.4280000000000004	1.1374271990580907e+17
2.4290000000000003	1.2193812074029027e+17
2.4300000000000006	1.2274770396545666e+17
2.4310000000000005	1.1903266069852728e+17
2.4320000000000004	1.305376625008885e+17
2.4330000000000003	1.2494358554587323e+17
2.4340000000000006	1.1294026254199174e+17
2.4350000000000005	1.1436088220373301e+17
2.4360000000000004	1.2016247425963032e+17
2.4370000000000003	1.1854402146289696e+17
2.4380000000000006	1.1553594305212253e+17
2.4390000000000005	1.2415399304385992e+17
2.4400000000000004	1.1931821875401258e+17
2.4410000000000003	1.118582079137693e+17
2.4420000000000006	1.2071264173539542e+17
2.4430000000000005	1.23537672792051e+17
2.4440000000000004	1.1828716399958995e+17
2.4450000000000003	1.1728014535048488e+17
2.4460000000000006	1.0538376310434022e+17
2.4470000000000005	9.413070963766448e+16
2.4480000000000004	9.322911504504906e+16
2.4490000000000003	1.0795813751466779e+17
2.4500000000000006	1.0293687340667235e+17
2.4510000000000005	1.1026572834269309e+17
2.4520000000000004	1.0824283272133402e+17
2.4530000000000003	1.0384542335349475e+17
2.4540000000000006	1.1414847591437387e+17
2.4550000000000005	1.0991945831560635e+17
2.4560000000000004	1.110576119758614e+17
2.4570000000000003	1.0998703342515742e+17
2.4580000000000006	1.1533234589513342e+17
2.4590000000000005	1.1236905177373522e+17
2.4600000000000004	1.1595829999498485e+17
2.4610000000000003	1.0766573833740066e+17
2.4620000000000006	1.1824866714831477e+17
2.4630000000000005	1.0755774290738173e+17
2.4640000000000004	1.2605043017171576e+17
2.4650000000000003	1.0838449531852746e+17
2.4660000000000006	1.140405534847068e+17
2.4670000000000005	1.1325519125356774e+17
2.4680000000000004	1.0989205285003531e+17
2.4690000000000003	1.1574961582772654e+17
2.4700000000000006	1.1205316877678714e+17
2.4710000000000005	1.1518672264179774e+17
2.4720000000000004	1.0449510544380837e+17
2.4730000000000003	1.1806008490904907e+17
2.4740000000000006	1.152744774857041e+17
2.4750000000000005	1.0803239613125925e+17
2.4760000000000004	9.696021861189187e+16
2.4770000000000003	1.2448538771845486e+17
2.4780000000000006	1.1946150445895411e+17
2.4790000000000005	8.419475244557666e+16
2.4800000000000004	9.80611608247919e+16
2.4810000000000003	9.838620782977597e+16
2.4820000000000007	9.372904825157926e+16
2.4830000000000005	9.609499052726715e+16
2.4840000000000004	1.107117378099995e+17
2.4850000000000003	8.040629689587432e+16
2.4860000000000007	7.117801226740032e+16
2.4870000000000005	7.06941695924515e+16
2.4880000000000004	7.103910117992869e+16
2.4890000000000003	7.100494743945494e+16
2.4900000000000007	7.417094046149826e+16
2.4910000000000005	7.142879481941719e+16
2.4920000000000004	7.32535306399755e+16
2.4930000000000003	7.2003094877572856e+16
2.4940000000000007	7.580012511819275e+16
2.4950000000000006	7.360369805934544e+16
2.4960000000000004	7.4411173860473e+16
2.4970000000000003	7.360036239125205e+16
2.4980000000000007	7.375312403602906e+16
2.4990000000000006	7.56359788558597e+16
2.5000000000000004	7.197661838631729e+16
2.5010000000000003	7.478867397183333e+16
2.5020000000000007	7.862993062974253e+16
2.5030000000000006	7.473116371708406e+16
2.5040000000000004	7.33973593110703e+16
2.5050000000000003	7.770377140228142e+16
2.5060000000000007	7.479590937611648e+16
2.5070000000000006	7.528384070453712e+16
2.5080000000000005	7.618586197365112e+16
2.5090000000000003	7.579217794268299e+16
2.5100000000000007	8.105062783662656e+16
2.5110000000000006	7.288900523651686e+16
2.5120000000000005	7.560951549833152e+16
2.5130000000000003	7.56327594353069e+16
2.5140000000000007	7.349302923670194e+16
2.5150000000000006	7.081044347720703e+16
2.5160000000000005	7.719635934271893e+16
2.5170000000000003	7.902994693912482e+16
2.5180000000000007	7.374137945082336e+16
2.5190000000000006	7.74027042516013e+16
2.5200000000000005	7.659838405964366e+16
2.5210000000000004	7.955727530562427e+16
2.5220000000000002	7.764382401668482e+16
2.5230000000000006	7.83613668920692e+16
2.5240000000000005	7.376359800206237e+16
2.5250000000000004	7.364360593847626e+16
2.5260000000000002	7.430481638483555e+16
2.5270000000000006	7.5457793999053e+16
2.5280000000000005	7.373708963988262e+16
2.5290000000000004	7.723824077909478e+16
2.5300000000000002	7.91596721383047e+16
2.5310000000000006	8.049303130550277e+16
2.5320000000000005	8.012652469595587e+16
2.5330000000000004	7.536248814122078e+16
2.5340000000000003	7.953389901346528e+16
2.5350000000000006	8.352514078520653e+16
2.5360000000000005	7.787937417905845e+16
2.5370000000000004	7.512512428278373e+16
2.5380000000000003	8.426956042836038e+16
2.5390000000000006	7.824837933482408e+16
2.5400000000000005	8.204613598905842e+16
2.5410000000000004	8.184255621130634e+16
2.5420000000000003	7.876509063615382e+16
2.5430000000000006	8.116545816464482e+16
2.5440000000000005	7.754434966645038e+16
2.5450000000000004	8.45645841320818e+16
2.5460000000000003	8.286710014128672e+16
2.5470000000000006	7.501023081908306e+16
2.5480000000000005	7.794950171670109e+16
2.5490000000000004	8.496806167057688e+16
2.5500000000000003	8.271533478403949e+16
2.5510000000000006	7.843401876126736e+16
2.5520000000000005	7.786912290623266e+16
2.5530000000000004	8.13258940315365e+16
2.5540000000000003	8.548833876668368e+16
2.5550000000000006	7.732741299581768e+16
2.5560000000000005	7.94995680321902e+16
2.5570000000000004	8.146557020270768e+16
2.5580000000000003	8.562624744495378e+16
2.5590000000000006	8.628829522931493e+16
2.5600000000000005	8.43054127460678e+16
2.5610000000000004	8.021029180028682e+16
2.5620000000000003	8.063022800090646e+16
2.5630000000000006	8.336458898721136e+16
2.5640000000000005	8.52408375476342e+16
2.5650000000000004	8.189010889336686e+16
2.5660000000000003	7.980428664678826e+16
2.5670000000000006	8.395998443805643e+16
2.5680000000000005	9.236237287513954e+16
2.5690000000000004	8.341594012530531e+16
2.5700000000000003	8.261838842535189e+16
2.5710000000000006	8.54194285254424e+16
2.5720000000000005	9.009349430885394e+16
2.5730000000000004	8.494246474306094e+16
2.5740000000000003	8.343492276544574e+16
2.5750000000000006	8.287500271588942e+16
2.5760000000000005	8.538216639365011e+16
2.5770000000000004	8.752306867560312e+16
2.5780000000000003	8.046186874009606e+16
2.5790000000000006	8.765219226870651e+16
2.5800000000000005	8.534616979911114e+16
2.5810000000000004	8.674892270190971e+16
2.5820000000000003	7.604222009369389e+16
2.5830000000000006	8.420203054255675e+16
2.5840000000000005	8.763412502182637e+16
2.5850000000000004	9.065174198606029e+16
2.5860000000000003	9.218112039732181e+16
2.5870000000000006	9.965182571555323e+16
2.5880000000000005	9.611375294317923e+16
2.5890000000000004	8.940737513430653e+16
2.5900000000000003	9.449531488531118e+16
2.5910000000000006	9.296871993740462e+16
2.5920000000000005	1.0191499656603122e+17
2.5930000000000004	9.408745882311851e+16
2.5940000000000003	9.723441083952e+16
2.5950000000000006	9.096962747040915e+16
2.5960000000000005	9.588406105695854e+16
2.5970000000000004	9.825288556792344e+16
2.5980000000000003	9.681457982560827e+16
2.5990000000000006	9.790868642769294e+16
