# Flux units: erg / (cm m2 s)
# Wavelength units: micron
wave	flux
0.7000000000000002	8.02409163261281e+17
0.7010000000000002	8.060969997231808e+17
0.7020000000000002	8.327881827868287e+17
0.7030000000000002	8.388267393542359e+17
0.7040000000000002	8.681707507573905e+17
0.7050000000000002	9.090770571945542e+17
0.7060000000000002	8.234796258919265e+17
0.7070000000000002	8.26819359787801e+17
0.7080000000000002	8.961396572239049e+17
0.7090000000000001	7.9102476815963e+17
0.7100000000000001	8.142674142806327e+17
0.7110000000000001	8.069782552794911e+17
0.7120000000000001	8.407419955923872e+17
0.7130000000000001	7.598131012449558e+17
0.7140000000000001	7.80321798011006e+17
0.7150000000000001	7.939838761168804e+17
0.7160000000000001	8.142900247477071e+17
0.7170000000000001	8.43993309795336e+17
0.7180000000000001	8.334145965756471e+17
0.7190000000000001	8.401176485724677e+17
0.7200000000000001	8.572455295658931e+17
0.7210000000000001	8.34685417490464e+17
0.7220000000000001	8.914044032386115e+17
0.7230000000000001	9.182869191712685e+17
0.7240000000000001	9.151915157835727e+17
0.7250000000000001	9.028049712912227e+17
0.7260000000000001	9.155571355106191e+17
0.7270000000000001	9.237500481959259e+17
0.7280000000000001	9.222830088549239e+17
0.7290000000000001	9.179439891330917e+17
0.7300000000000001	9.502584743162071e+17
0.7310000000000001	9.33193444375325e+17
0.7320000000000001	9.419830281932582e+17
0.7330000000000001	9.364323051304787e+17
0.7340000000000001	9.807847124725897e+17
0.7350000000000001	9.577443204859944e+17
0.7360000000000001	9.031927244569452e+17
0.7370000000000001	9.722000256960311e+17
0.7380000000000001	9.95867777725515e+17
0.7390000000000001	9.397306264432402e+17
0.7400000000000001	9.599868550527994e+17
0.7410000000000001	9.791731501201765e+17
0.7420000000000001	9.43541562645751e+17
0.7430000000000001	9.685931532504705e+17
0.7440000000000001	9.771498113541874e+17
0.7450000000000001	9.672691621804082e+17
0.7460000000000001	9.652905140659511e+17
0.7470000000000001	9.859735034749614e+17
0.7480000000000001	9.898996865524502e+17
0.7490000000000001	9.774157722080128e+17
0.7500000000000001	9.682767467752174e+17
0.7510000000000001	9.788124150953222e+17
0.7520000000000001	1.0000246047781642e+18
0.7530000000000001	1.0107898148487424e+18
0.7540000000000001	1.0104926536325263e+18
0.7550000000000001	1.0153823203415594e+18
0.7560000000000001	9.978899323505652e+17
0.7570000000000001	1.0159089804116541e+18
0.7580000000000001	1.0139972464377766e+18
0.7590000000000001	9.702487437045482e+17
0.7600000000000001	1.0003679259503512e+18
0.7610000000000001	9.945753103698273e+17
0.7620000000000001	9.531877430959241e+17
0.7630000000000001	1.0101882890282817e+18
0.7640000000000001	1.0011741315270988e+18
0.7650000000000001	1.0091396486338232e+18
0.7660000000000001	9.446165660514766e+17
0.7670000000000001	9.149880111162122e+17
0.7680000000000001	9.90867359353371e+17
0.7690000000000001	9.820596857510065e+17
0.7700000000000001	9.530865188715779e+17
0.7710000000000001	9.660914927872951e+17
0.7720000000000001	9.699572719801491e+17
0.7730000000000001	9.587550347504273e+17
0.7740000000000001	9.951861218549632e+17
0.7750000000000001	9.289773841139945e+17
0.7760000000000001	9.861245319520943e+17
0.7770000000000001	9.845835003893906e+17
0.7780000000000001	9.839020697537699e+17
0.7790000000000001	9.680978958705252e+17
0.7800000000000001	9.76743116831239e+17
0.7810000000000001	9.90484137155834e+17
0.7820000000000001	9.97254409500757e+17
0.7830000000000001	9.724617115865993e+17
0.7840000000000001	9.552688475687448e+17
0.7850000000000001	9.645680991223215e+17
0.7860000000000001	9.923606129663526e+17
0.7870000000000001	9.922253086271263e+17
0.7880000000000001	9.684096332835978e+17
0.7890000000000001	9.733918944690551e+17
0.7900000000000001	9.543141010623926e+17
0.7910000000000001	9.467604554942999e+17
0.7920000000000001	9.338123532031064e+17
0.7930000000000001	9.56871951326243e+17
0.7940000000000002	9.243291161687756e+17
0.7950000000000002	9.144511863608801e+17
0.7960000000000002	9.540523862581481e+17
0.7970000000000002	9.747391122918812e+17
0.7980000000000002	9.603133893135287e+17
0.7990000000000002	9.795311055598318e+17
0.8000000000000002	9.488181141539052e+17
0.8010000000000002	9.692936960220347e+17
0.8020000000000002	9.948987072019168e+17
0.8030000000000002	9.404376960878515e+17
0.8040000000000002	9.882595208849975e+17
0.8050000000000002	9.4496465805746e+17
0.8060000000000002	9.751736211896835e+17
0.8070000000000002	9.261268960392997e+17
0.8080000000000002	9.50659537319836e+17
0.8090000000000002	9.461707369190552e+17
0.8100000000000002	9.322267400584197e+17
0.8110000000000002	9.488474496750557e+17
0.8120000000000002	9.478740678511313e+17
0.8130000000000002	9.658740750447388e+17
0.8140000000000002	9.580592431114611e+17
0.8150000000000002	9.57981875292317e+17
0.8160000000000002	9.56766996288167e+17
0.8170000000000002	9.820986464888899e+17
0.8180000000000002	9.687984999853042e+17
0.8190000000000002	9.327784468835155e+17
0.8200000000000002	9.182165908439132e+17
0.8210000000000002	9.229667645877929e+17
0.8220000000000002	9.402103015521518e+17
0.8230000000000002	9.714585866005541e+17
0.8240000000000002	9.596976703651841e+17
0.8250000000000002	9.694764015756922e+17
0.8260000000000002	9.618372331845441e+17
0.8270000000000002	9.712723438001283e+17
0.8280000000000002	9.696502338098729e+17
0.8290000000000002	9.713852157785933e+17
0.8300000000000002	9.49331331741379e+17
0.8310000000000002	8.990904112961458e+17
0.8320000000000002	9.592292950408333e+17
0.8330000000000002	9.100214251340852e+17
0.8340000000000002	9.306592481034787e+17
0.8350000000000002	9.222807472935142e+17
0.8360000000000002	9.353229538650177e+17
0.8370000000000002	9.175524263707205e+17
0.8380000000000002	9.137949513789699e+17
0.8390000000000002	8.781871269878597e+17
0.8400000000000002	9.306133340175638e+17
0.8410000000000002	9.503863252923244e+17
0.8420000000000002	9.40432095635815e+17
0.8430000000000002	9.075837661269736e+17
0.8440000000000002	8.799044468318263e+17
0.8450000000000002	9.316082577320211e+17
0.8460000000000002	9.448015268198771e+17
0.8470000000000002	9.006708102917057e+17
0.8480000000000002	9.575299633452077e+17
0.8490000000000002	9.638277944227917e+17
0.8500000000000002	8.483844132180372e+17
0.8510000000000002	9.58777868427342e+17
0.8520000000000002	8.818582714728128e+17
0.8530000000000002	9.422942952066068e+17
0.8540000000000002	8.120985480642237e+17
0.8550000000000002	8.63842861676361e+17
0.8560000000000002	9.521785537899252e+17
0.8570000000000002	9.470196968135396e+17
0.8580000000000002	9.352134810554982e+17
0.8590000000000002	9.568829842327611e+17
0.8600000000000002	9.467848572081089e+17
0.8610000000000002	9.302479028021632e+17
0.8620000000000002	9.358389277420339e+17
0.8630000000000002	9.605674644745962e+17
0.8640000000000002	9.544082150870447e+17
0.8650000000000002	9.47808133151504e+17
0.8660000000000002	8.429459806331611e+17
0.8670000000000001	9.009809463186618e+17
0.8680000000000001	9.006728396665861e+17
0.8690000000000001	8.500866898582606e+17
0.8700000000000001	9.343443775952255e+17
0.8710000000000001	9.41921209858475e+17
0.8720000000000001	9.335341609685996e+17
0.8730000000000001	9.499693957084586e+17
0.8740000000000001	9.227610099395002e+17
0.8750000000000001	9.459981564236242e+17
0.8760000000000001	9.418598886574042e+17
0.8770000000000001	9.285762929890349e+17
0.8780000000000001	9.236803652659146e+17
0.8790000000000001	9.521303817874982e+17
0.8800000000000001	9.409459413186307e+17
0.8810000000000001	8.89189177781324e+17
0.8820000000000001	9.487208340641263e+17
0.8830000000000001	9.219785792399754e+17
0.8840000000000001	9.243030373796014e+17
0.8850000000000001	9.572756131766284e+17
0.8860000000000001	9.538721004224768e+17
0.8870000000000001	9.260785330481262e+17
0.8880000000000001	9.366826154886774e+17
0.8890000000000001	9.497085071420481e+17
0.8900000000000001	9.486318829889372e+17
0.8910000000000001	9.468829500365702e+17
0.8920000000000001	9.340672660304797e+17
0.8930000000000001	9.239776169233226e+17
0.8940000000000001	9.407222106995182e+17
0.8950000000000001	9.083766879232781e+17
0.8960000000000001	9.49920600338487e+17
0.8970000000000001	9.29344751561932e+17
0.8980000000000001	9.195360498353926e+17
0.8990000000000001	9.2813480084721e+17
0.9000000000000001	9.110128212907263e+17
0.9010000000000001	9.114923296022369e+17
0.9020000000000001	8.91917256401761e+17
0.9030000000000001	9.193865685449929e+17
0.9040000000000001	9.329523522343412e+17
0.9050000000000001	9.430475173066126e+17
0.9060000000000001	9.359083251933317e+17
0.9070000000000001	9.435365705295109e+17
0.9080000000000001	9.361080868598872e+17
0.9090000000000001	8.738240100732856e+17
0.9100000000000001	9.217768913175313e+17
0.9110000000000001	9.094060990595812e+17
0.9120000000000001	9.142699670904463e+17
0.9130000000000001	9.347633374171039e+17
0.9140000000000001	9.124887393310205e+17
0.9150000000000001	8.956955246919443e+17
0.9160000000000001	9.097678373684282e+17
0.9170000000000001	8.650965145722355e+17
0.9180000000000001	8.751620142713018e+17
0.9190000000000002	8.951131355105503e+17
0.9200000000000002	8.7882202285035e+17
0.9210000000000002	8.580187400969805e+17
0.9220000000000002	8.90670567984913e+17
0.9230000000000002	8.876577515636612e+17
0.9240000000000002	8.81784015879976e+17
0.9250000000000002	8.849384273709202e+17
0.9260000000000002	8.740026465564915e+17
0.9270000000000002	8.897200786549326e+17
0.9280000000000002	8.841751157123912e+17
0.9290000000000002	8.830354856765759e+17
0.9300000000000002	8.83830168716495e+17
0.9310000000000002	8.992968528358422e+17
0.9320000000000002	8.981248116229838e+17
0.9330000000000002	9.110876348980936e+17
0.9340000000000002	9.025774787423907e+17
0.9350000000000002	8.887766019947296e+17
0.9360000000000002	8.682025354664494e+17
0.9370000000000002	8.99475263191182e+17
0.9380000000000002	8.816114667879412e+17
0.9390000000000002	8.879254870319981e+17
0.9400000000000002	8.812863084157377e+17
0.9410000000000002	8.702459414962798e+17
0.9420000000000002	8.529427775604328e+17
0.9430000000000002	8.811173797104204e+17
0.9440000000000002	8.693727527828486e+17
0.9450000000000002	8.501507934289911e+17
0.9460000000000002	8.810336514874028e+17
0.9470000000000002	8.811600308639076e+17
0.9480000000000002	8.828433741888045e+17
0.9490000000000002	8.869294184040888e+17
0.9500000000000002	8.808094565352716e+17
0.9510000000000002	8.76392586502884e+17
0.9520000000000002	8.868442704886953e+17
0.9530000000000002	8.913301775067722e+17
0.9540000000000002	8.850844325070584e+17
0.9550000000000002	8.47142717259698e+17
0.9560000000000002	8.766259932000489e+17
0.9570000000000002	8.664785814356657e+17
0.9580000000000002	8.736844912544714e+17
0.9590000000000002	8.905007165537664e+17
0.9600000000000002	8.626403147846182e+17
0.9610000000000002	8.788502853332566e+17
0.9620000000000002	8.898984064203942e+17
0.9630000000000002	8.86138058587054e+17
0.9640000000000002	8.43519083797156e+17
0.9650000000000002	8.492131761706159e+17
0.9660000000000002	8.530233823425144e+17
0.9670000000000002	8.588699192982385e+17
0.9680000000000002	8.400000877810748e+17
0.9690000000000002	8.60027091507167e+17
0.9700000000000002	8.758450359643653e+17
0.9710000000000002	8.552308720931346e+17
0.9720000000000002	8.461690096032796e+17
0.9730000000000002	8.493693787353905e+17
0.9740000000000002	8.515853138722769e+17
0.9750000000000002	8.37107605112686e+17
0.9760000000000002	8.766579306925501e+17
0.9770000000000002	8.372392398831438e+17
0.9780000000000002	8.847898752661668e+17
0.9790000000000002	8.018304518099987e+17
0.9800000000000002	8.74410571451412e+17
0.9810000000000002	8.837207121712302e+17
0.9820000000000002	8.745742909190675e+17
0.9830000000000002	8.512414816220741e+17
0.9840000000000002	8.764625868241596e+17
0.9850000000000002	8.729566320227212e+17
0.9860000000000002	8.816852806322125e+17
0.9870000000000002	8.811597346811018e+17
0.9880000000000002	8.730552899732454e+17
0.9890000000000002	8.719722877915578e+17
0.9900000000000002	8.614469679881313e+17
0.9910000000000002	8.526032908706424e+17
0.9920000000000002	8.494774906578456e+17
0.9930000000000002	8.382101241684467e+17
0.9940000000000002	8.557113465059484e+17
0.9950000000000002	8.513658970470129e+17
0.9960000000000002	8.617244499555843e+17
0.9970000000000002	8.627628150498444e+17
0.9980000000000002	8.568531297655204e+17
0.9990000000000002	8.561836778575383e+17
1.0000000000000002	8.498209921260379e+17
1.0010000000000001	8.320904900550665e+17
1.0020000000000002	8.712588035920006e+17
1.0030000000000001	8.643123042814327e+17
1.0040000000000002	8.458615483463991e+17
1.0050000000000001	8.440520329281763e+17
1.0060000000000002	8.243646550274125e+17
1.0070000000000001	8.474136872587325e+17
1.0080000000000002	8.493500465254748e+17
1.0090000000000001	8.442750217609336e+17
1.0100000000000002	8.60743871078225e+17
1.0110000000000001	8.426263475741027e+17
1.0120000000000002	8.474975852268919e+17
1.0130000000000001	8.662370397419101e+17
1.0140000000000002	8.563156255973613e+17
1.0150000000000001	8.376092712089064e+17
1.0160000000000002	8.396280732662464e+17
1.0170000000000001	8.388741360108334e+17
1.0180000000000002	8.58536634654412e+17
1.0190000000000001	8.420175638915688e+17
1.0200000000000002	8.294396547891645e+17
1.0210000000000001	8.450005675235666e+17
1.0220000000000002	8.242541049559133e+17
1.0230000000000001	8.534047802025651e+17
1.0240000000000002	8.542473991109386e+17
1.0250000000000001	8.522668696089969e+17
1.0260000000000002	8.454928993898033e+17
1.0270000000000001	8.370697892243708e+17
1.0280000000000002	8.491777254770775e+17
1.0290000000000001	8.337159267526108e+17
1.0300000000000002	8.453145354389165e+17
1.0310000000000001	8.486279787871096e+17
1.0320000000000003	8.49190307487678e+17
1.0330000000000001	8.160031758089793e+17
1.0340000000000003	8.258936688804488e+17
1.0350000000000001	8.191338680231121e+17
1.0360000000000003	8.458575427915215e+17
1.0370000000000001	8.334412088999222e+17
1.0380000000000003	8.272986274222772e+17
1.0390000000000001	8.393647518383624e+17
1.0400000000000003	8.013864836957651e+17
1.0410000000000001	8.446881559956906e+17
1.0420000000000003	8.332264440421179e+17
1.0430000000000001	8.170643684193288e+17
1.0440000000000003	8.411489394744667e+17
1.0450000000000002	8.454891140005257e+17
1.0460000000000003	8.326187078727496e+17
1.0470000000000002	8.194823719743315e+17
1.0480000000000003	8.357242215496891e+17
1.0490000000000002	8.32025903808988e+17
1.0500000000000003	8.202162966351821e+17
1.0510000000000002	8.261288473327644e+17
1.0520000000000003	8.340844324559347e+17
1.0530000000000002	8.339703773257181e+17
1.0540000000000003	8.254860451744964e+17
1.0550000000000002	8.309582903408809e+17
1.0560000000000003	8.282992264077655e+17
1.0570000000000002	8.247368769348483e+17
1.0580000000000003	8.236067038202365e+17
1.0590000000000002	7.875107258162111e+17
1.0600000000000003	8.341861614086035e+17
1.0610000000000002	7.917614382352498e+17
1.0620000000000003	8.244010566579387e+17
1.0630000000000002	8.224793366406903e+17
1.0640000000000003	8.326671194239615e+17
1.0650000000000002	8.217065522157466e+17
1.0660000000000003	7.910852526541288e+17
1.0670000000000002	8.171716070017084e+17
1.0680000000000003	8.037014041688485e+17
1.0690000000000002	8.031646789650595e+17
1.0700000000000003	8.142837885746854e+17
1.0710000000000002	8.117734389029372e+17
1.0720000000000003	8.154528601771039e+17
1.0730000000000002	7.81366873244341e+17
1.0740000000000003	8.022333099270871e+17
1.0750000000000002	8.016578603875986e+17
1.0760000000000003	8.086762833814835e+17
1.0770000000000002	8.168766514109285e+17
1.0780000000000003	7.966539176805846e+17
1.0790000000000002	7.906677097060636e+17
1.0800000000000003	7.970260624961324e+17
1.0810000000000002	7.80138391644579e+17
1.0820000000000003	7.89542330903562e+17
1.0830000000000002	7.924974581525499e+17
1.0840000000000003	8.029070880589697e+17
1.0850000000000002	7.947619496243987e+17
1.0860000000000003	8.111584788910342e+17
1.0870000000000002	7.797356936207201e+17
1.0880000000000003	7.854911521109885e+17
1.0890000000000002	7.776635258841179e+17
1.0900000000000003	7.927084631777844e+17
1.0910000000000002	7.943486519581169e+17
1.0920000000000003	7.861594581579089e+17
1.0930000000000002	7.647173911966726e+17
1.0940000000000003	7.763975286265683e+17
1.0950000000000002	7.86487745919398e+17
1.0960000000000003	7.671942700890382e+17
1.0970000000000002	7.223773554842167e+17
1.0980000000000003	7.35794102824703e+17
1.0990000000000002	7.503586033570615e+17
1.1000000000000003	7.44801804735915e+17
1.1010000000000002	7.515815991670285e+17
1.1020000000000003	7.284877060848224e+17
1.1030000000000002	7.487667482985743e+17
1.104	7.542869645456685e+17
1.1050000000000002	7.572123384750309e+17
1.106	7.547735054418765e+17
1.1070000000000002	7.553489928445876e+17
1.108	7.51252421679514e+17
1.1090000000000002	7.592293693406351e+17
1.11	7.622752042178998e+17
1.1110000000000002	7.543012562265121e+17
1.112	7.528160955657649e+17
1.1130000000000002	7.584378665519082e+17
1.114	7.66110556517741e+17
1.1150000000000002	7.557533601999572e+17
1.116	7.452908683099455e+17
1.1170000000000002	7.681119441421679e+17
1.118	7.647791691344984e+17
1.1190000000000002	7.429318015551062e+17
1.12	7.533054671986771e+17
1.1210000000000002	7.655645295125894e+17
1.122	7.596581115901743e+17
1.1230000000000002	7.49139122992304e+17
1.124	7.715542583574907e+17
1.1250000000000002	7.308397596933231e+17
1.1260000000000001	7.128492592992042e+17
1.1270000000000002	7.796396239739341e+17
1.1280000000000001	7.479070427479489e+17
1.1290000000000002	7.640586317128946e+17
1.1300000000000001	7.375365774425399e+17
1.1310000000000002	7.511669276310436e+17
1.1320000000000001	7.601930388083479e+17
1.1330000000000002	7.573791625998346e+17
1.1340000000000001	7.362174194824815e+17
1.1350000000000002	7.661973262717906e+17
1.1360000000000001	7.430582828426591e+17
1.1370000000000002	7.655317270601928e+17
1.1380000000000001	7.025703947651779e+17
1.1390000000000002	7.451783632532214e+17
1.1400000000000001	7.417159761903465e+17
1.1410000000000002	7.331619040000768e+17
1.1420000000000001	7.496551200444221e+17
1.1430000000000002	7.408358980605162e+17
1.1440000000000001	7.269983059002876e+17
1.1450000000000002	7.594779653269005e+17
1.1460000000000001	7.548669214723954e+17
1.1470000000000002	7.54462623260898e+17
1.1480000000000001	7.393768258806189e+17
1.1490000000000002	7.473211339936801e+17
1.1500000000000001	7.60066082402933e+17
1.1510000000000002	7.483042747362317e+17
1.1520000000000001	7.580617041813556e+17
1.1530000000000002	7.442552176260957e+17
1.1540000000000001	7.485777266309755e+17
1.1550000000000002	7.625721088840008e+17
1.1560000000000001	7.522279913141894e+17
1.1570000000000003	7.5730136452214e+17
1.1580000000000001	7.485574554089599e+17
1.1590000000000003	7.452264563564677e+17
1.1600000000000001	7.26785629198673e+17
1.1610000000000003	6.931650972456978e+17
1.1620000000000001	7.505433778529421e+17
1.1630000000000003	7.470301983030322e+17
1.1640000000000001	7.206744706376438e+17
1.1650000000000003	7.52820628137572e+17
1.1660000000000001	7.445270973299443e+17
1.1670000000000003	7.384023859679476e+17
1.1680000000000001	7.479036572558427e+17
1.1690000000000003	7.112861246248694e+17
1.1700000000000002	7.420833334024814e+17
1.1710000000000003	7.443261994811903e+17
1.1720000000000002	7.484950761498715e+17
1.1730000000000003	7.425097958609016e+17
1.1740000000000002	7.405026500321094e+17
1.1750000000000003	7.417656999052493e+17
1.1760000000000002	7.465338187939044e+17
1.1770000000000003	7.300794255669679e+17
1.1780000000000002	7.093086431126422e+17
1.1790000000000003	7.230044511782833e+17
1.1800000000000002	7.29784015211843e+17
1.1810000000000003	7.364396424974199e+17
1.1820000000000002	7.397719296242958e+17
1.1830000000000003	6.826099333995689e+17
1.1840000000000002	7.375945270379008e+17
1.1850000000000003	7.388535377467904e+17
1.1860000000000002	7.370078951020232e+17
1.1870000000000003	7.408748209914948e+17
1.1880000000000002	7.326978355353037e+17
1.1890000000000003	6.692422605351653e+17
1.1900000000000002	7.222254163642872e+17
1.1910000000000003	7.316878709572801e+17
1.1920000000000002	7.336928286065332e+17
1.1930000000000003	7.360291283227237e+17
1.1940000000000002	7.32695906040789e+17
1.1950000000000003	7.164510357348664e+17
1.1960000000000002	7.198945542498515e+17
1.1970000000000003	7.246092376394734e+17
1.1980000000000002	6.710505406402899e+17
1.1990000000000003	6.989110831989874e+17
1.2000000000000002	7.272077773612902e+17
1.2010000000000003	7.170987267916232e+17
1.2020000000000002	7.246617861179944e+17
1.2030000000000003	7.083513972503497e+17
1.2040000000000002	7.171212496651587e+17
1.2050000000000003	7.246219085658957e+17
1.2060000000000002	7.243159615342757e+17
1.2070000000000003	7.176939063501952e+17
1.2080000000000002	7.167314575174307e+17
1.2090000000000003	6.836715248204914e+17
1.2100000000000002	7.201328522689339e+17
1.2110000000000003	7.109702999884035e+17
1.2120000000000002	7.169043608464753e+17
1.2130000000000003	7.228511840408705e+17
1.2140000000000002	7.246265239483337e+17
1.2150000000000003	7.22807742270409e+17
1.2160000000000002	7.206292912111227e+17
1.2170000000000003	7.168181425123877e+17
1.2180000000000002	7.22871490762902e+17
1.2190000000000003	7.125456906260534e+17
1.2200000000000002	7.145505332918084e+17
1.2210000000000003	7.173606163868236e+17
1.2220000000000002	7.132389559185422e+17
1.2230000000000003	7.122915351596946e+17
1.2240000000000002	7.164748495505993e+17
1.2250000000000003	7.106924906331343e+17
1.2260000000000002	7.155193602103615e+17
1.2270000000000003	7.007963015696827e+17
1.2280000000000002	7.184501318910225e+17
1.2290000000000003	7.144840930172279e+17
1.2300000000000002	7.131658874806132e+17
1.2310000000000003	7.144688575464504e+17
1.2320000000000002	7.089879794248762e+17
1.2330000000000003	7.077611102741335e+17
1.2340000000000002	6.993812827768991e+17
1.2350000000000003	7.087794615776522e+17
1.2360000000000002	6.948772746730401e+17
1.2370000000000003	7.017667416513452e+17
1.2380000000000002	7.111075857819712e+17
1.2390000000000003	7.046584408360018e+17
1.2400000000000002	6.98208320995263e+17
1.2410000000000003	7.048159756244687e+17
1.2420000000000002	7.007580530777352e+17
1.2430000000000003	6.95390619694044e+17
1.2440000000000002	6.863117516097816e+17
1.2450000000000003	7.052943090625317e+17
1.2460000000000002	7.068342335360593e+17
1.2470000000000003	7.028932123623219e+17
1.2480000000000002	7.053683403967121e+17
1.2490000000000003	7.025762368885591e+17
1.2500000000000002	6.987663828110188e+17
1.2510000000000003	6.983509517227162e+17
1.2520000000000002	6.898735940824504e+17
1.2530000000000003	6.718633826071611e+17
1.2540000000000002	6.893016128702989e+17
1.2550000000000003	7.023818001647274e+17
1.2560000000000002	6.916853170628506e+17
1.2570000000000003	6.882033958597921e+17
1.2580000000000002	6.969797622533981e+17
1.2590000000000003	6.975151402422007e+17
1.2600000000000002	6.894986094317404e+17
1.2610000000000001	6.956191918176817e+17
1.2620000000000002	6.940666368973002e+17
1.2630000000000001	6.992886814786833e+17
1.2640000000000002	6.848286549345495e+17
1.2650000000000001	6.886433908849655e+17
1.2660000000000002	7.001260935619928e+17
1.2670000000000001	6.823565352733292e+17
1.2680000000000002	6.845407564048271e+17
1.2690000000000001	6.942967272818697e+17
1.2700000000000002	6.946487996982839e+17
1.2710000000000001	6.921496860975363e+17
1.2720000000000002	6.971091055690954e+17
1.2730000000000001	6.957701116127333e+17
1.2740000000000002	6.704838968403756e+17
1.2750000000000001	6.835092041306227e+17
1.2760000000000002	6.955423190062903e+17
1.2770000000000001	6.952050393499924e+17
1.2780000000000002	6.910628052227825e+17
1.2790000000000001	6.926420659199108e+17
1.2800000000000002	6.910242598285153e+17
1.2810000000000001	6.753289263674284e+17
1.2820000000000003	6.681193172790284e+17
1.2830000000000001	6.380078144973965e+17
1.2840000000000003	6.751610347999195e+17
1.2850000000000001	6.734643448759036e+17
1.2860000000000003	6.925679031973002e+17
1.2870000000000001	6.885026918477233e+17
1.2880000000000003	6.716254798282545e+17
1.2890000000000001	6.869905265714863e+17
1.2900000000000003	6.482285871114794e+17
1.2910000000000001	6.697160632314927e+17
1.2920000000000003	6.769719914441519e+17
1.2930000000000001	6.759714857119183e+17
1.2940000000000003	6.67404077803211e+17
1.2950000000000002	6.768772329731343e+17
1.2960000000000003	6.84996007267185e+17
1.2970000000000002	6.80355932435542e+17
1.2980000000000003	6.667313124006116e+17
1.2990000000000002	6.77334332957883e+17
1.3000000000000003	6.841621026532296e+17
1.3010000000000002	6.681466350522189e+17
1.3020000000000003	6.698852597074804e+17
1.3030000000000002	6.796746027122427e+17
1.3040000000000003	6.694941781226397e+17
1.3050000000000002	6.775672032769375e+17
1.3060000000000003	6.795814783358134e+17
1.3070000000000002	6.765686592674888e+17
1.3080000000000003	6.689671972416448e+17
1.3090000000000002	6.790847614708955e+17
1.3100000000000003	6.73140407368019e+17
1.3110000000000002	6.734068161316924e+17
1.3120000000000003	6.728187872083625e+17
1.3130000000000002	6.320771777449724e+17
1.3140000000000003	6.685835169142013e+17
1.3150000000000002	6.382998554635804e+17
1.3160000000000003	6.691216826605139e+17
1.3170000000000002	6.784431968525064e+17
1.3180000000000003	6.727243453345477e+17
1.3190000000000002	6.753862697337188e+17
1.3200000000000003	6.601551749141016e+17
1.3210000000000002	6.738449765224723e+17
1.3220000000000003	6.574229185713993e+17
1.3230000000000002	6.737128656819519e+17
1.3240000000000003	6.769138490868471e+17
1.3250000000000002	6.687699629649549e+17
1.3260000000000003	6.683555935522e+17
1.3270000000000002	6.66365993477917e+17
1.3280000000000003	6.692628167159638e+17
1.3290000000000002	6.335190520631918e+17
1.3300000000000003	6.528427567033912e+17
1.3310000000000002	6.563395766024444e+17
1.3320000000000003	6.33280775240077e+17
1.3330000000000002	6.708999100556532e+17
1.3340000000000003	6.65061511520042e+17
1.3350000000000002	6.682782630322925e+17
1.3360000000000003	6.618391913870912e+17
1.3370000000000002	6.718128946789372e+17
1.3380000000000003	6.664782211796883e+17
1.3390000000000002	6.504487401387575e+17
1.3400000000000003	6.498280489581284e+17
1.3410000000000002	6.565419150070994e+17
1.3420000000000003	6.578851686576627e+17
1.3430000000000002	6.69822785322414e+17
1.3440000000000003	6.714753634295603e+17
1.3450000000000002	6.654052898901725e+17
1.3460000000000003	6.640640079503963e+17
1.3470000000000002	6.651439087873102e+17
1.3480000000000003	6.67776697722497e+17
1.3490000000000002	6.678148374099671e+17
1.3500000000000003	6.476828314810025e+17
1.3510000000000002	6.67564161042557e+17
1.3520000000000003	6.681387312006802e+17
1.3530000000000002	6.61258460142321e+17
1.3540000000000003	6.689804990632271e+17
1.3550000000000002	6.497041779238853e+17
1.3560000000000003	6.60513477709024e+17
1.3570000000000002	6.545515000449286e+17
1.3580000000000003	6.640034446567968e+17
1.3590000000000002	6.544353495566707e+17
1.3600000000000003	6.436578535372064e+17
1.3610000000000002	6.5685047569425e+17
1.3620000000000003	6.658595475763814e+17
1.3630000000000002	6.420506491824682e+17
1.3640000000000003	6.649090695377101e+17
1.3650000000000002	6.445130160903172e+17
1.3660000000000003	6.557178412779071e+17
1.3670000000000002	6.507418891584278e+17
1.3680000000000003	6.669433493221706e+17
1.3690000000000002	6.439920185178575e+17
1.3700000000000003	6.57256615707331e+17
1.3710000000000002	6.567120508711647e+17
1.3720000000000003	6.605493992982883e+17
1.3730000000000002	6.480063546607442e+17
1.3740000000000003	6.530911122122584e+17
1.3750000000000002	6.6087994758164e+17
1.3760000000000003	6.493852909755396e+17
1.3770000000000002	6.612198767136449e+17
1.3780000000000003	6.493156895281798e+17
1.3790000000000002	6.510804738648447e+17
1.3800000000000003	6.626313728947647e+17
1.3810000000000002	6.632009268651647e+17
1.3820000000000003	6.559353793085024e+17
1.3830000000000002	6.52441684689675e+17
1.3840000000000003	6.608723202092136e+17
1.3850000000000002	6.311127943835523e+17
1.3860000000000003	6.606540730624617e+17
1.3870000000000002	6.325920976221857e+17
1.3880000000000003	6.577483411346373e+17
1.3890000000000002	6.548841308089563e+17
1.3900000000000003	6.44432371136212e+17
1.3910000000000002	6.125995732243066e+17
1.3920000000000003	6.134368223388161e+17
1.3930000000000002	6.295663301785398e+17
1.3940000000000003	6.349178491326324e+17
1.3950000000000002	6.332585161785284e+17
1.3960000000000004	6.412855318787215e+17
1.3970000000000002	6.402109294188214e+17
1.3980000000000004	6.184833576261431e+17
1.3990000000000002	6.505283844613486e+17
1.4000000000000004	6.221293121532479e+17
1.4010000000000002	6.238654259490483e+17
1.4020000000000004	6.403817937122017e+17
1.4030000000000002	6.49192078937132e+17
1.4040000000000004	6.210278929053492e+17
1.4050000000000002	6.551376672956598e+17
1.4060000000000004	6.3734758678169e+17
1.4070000000000003	6.103512175326052e+17
1.4080000000000004	6.317200963117929e+17
1.4090000000000003	6.243908790395722e+17
1.4100000000000004	6.313959955249453e+17
1.4110000000000003	6.233818350422952e+17
1.4120000000000004	6.201453114923197e+17
1.4130000000000003	5.745737590399029e+17
1.4140000000000004	6.197967833621249e+17
1.4150000000000003	6.242582573301364e+17
1.4160000000000004	6.119298120020138e+17
1.4170000000000003	6.291124524874523e+17
1.4180000000000001	6.254237252978458e+17
1.4190000000000003	5.948580404147199e+17
1.4200000000000002	6.109350206696346e+17
1.4210000000000003	6.172363088400956e+17
1.4220000000000002	6.213921508128173e+17
1.4230000000000003	6.029315919905855e+17
1.4240000000000002	5.958801176991642e+17
1.4250000000000003	6.269765786364015e+17
1.4260000000000002	5.6894286309058e+17
1.4270000000000003	6.020111603136257e+17
1.4280000000000002	6.328876193833475e+17
1.4290000000000003	6.061206787102552e+17
1.4300000000000002	5.944377229215383e+17
1.4310000000000003	6.096096611214615e+17
1.4320000000000002	6.241528491714954e+17
1.4330000000000003	6.27083459133409e+17
1.4340000000000002	6.053799263414341e+17
1.4350000000000003	6.216263115392699e+17
1.4360000000000002	6.048448085399283e+17
1.4370000000000003	6.294084147910916e+17
1.4380000000000002	6.159860047143293e+17
1.4390000000000003	6.390537883530446e+17
1.4400000000000002	5.838602990374351e+17
1.4410000000000003	6.341867327669801e+17
1.4420000000000002	6.103943638252018e+17
1.4430000000000003	6.189833394241549e+17
1.4440000000000002	5.935607034177645e+17
1.4450000000000003	6.205520931594301e+17
1.4460000000000002	6.205711233252041e+17
1.4470000000000003	6.069580708190427e+17
1.4480000000000002	6.337398879401603e+17
1.4490000000000003	6.146665817372832e+17
1.4500000000000002	6.25044377200461e+17
1.4510000000000003	6.049427147353289e+17
1.4520000000000002	6.114498160785254e+17
1.4530000000000003	6.069919789456548e+17
1.4540000000000002	6.049493440502751e+17
1.4550000000000003	5.929574736170034e+17
1.4560000000000002	6.005916833987057e+17
1.4570000000000003	6.081429783594769e+17
1.4580000000000002	6.065762002003464e+17
1.4590000000000003	6.231353031329345e+17
1.4600000000000002	5.842812959359433e+17
1.4610000000000003	5.452740099901383e+17
1.4620000000000002	5.868512268163779e+17
1.4630000000000003	5.776618013911533e+17
1.4640000000000002	6.237596761626188e+17
1.4650000000000003	5.795296487744776e+17
1.4660000000000002	5.6661042616280595e+17
1.4670000000000003	5.949540589069952e+17
1.4680000000000002	5.921060065971311e+17
1.4690000000000003	5.91288078525397e+17
1.4700000000000002	5.945293920208408e+17
1.4710000000000003	5.784969314445719e+17
1.4720000000000002	5.95382386130024e+17
1.4730000000000003	6.133294359213285e+17
1.4740000000000002	5.757150474834525e+17
1.4750000000000003	6.022946169645423e+17
1.4760000000000002	6.016530398294473e+17
1.4770000000000003	5.759281079686895e+17
1.4780000000000002	5.973856348200486e+17
1.4790000000000003	6.297860088240814e+17
1.4800000000000002	6.006606080552248e+17
1.4810000000000003	5.842942111216676e+17
1.4820000000000002	6.183452851496303e+17
1.4830000000000003	6.013753298845504e+17
1.4840000000000002	6.038405419957672e+17
1.4850000000000003	6.006686509817034e+17
1.4860000000000002	6.216613563124346e+17
1.4870000000000003	5.965408128854478e+17
1.4880000000000002	5.271277343130206e+17
1.4890000000000003	5.942847949783592e+17
1.4900000000000002	6.22073968987326e+17
1.4910000000000003	5.7115495994783526e+17
1.4920000000000002	6.171149976975286e+17
1.4930000000000003	6.211188996584435e+17
1.4940000000000002	6.078816341962382e+17
1.4950000000000003	6.186864495907533e+17
1.4960000000000002	5.958490911176435e+17
1.4970000000000003	6.315924838564055e+17
1.4980000000000002	6.094111099639703e+17
1.4990000000000003	6.115099058819884e+17
1.5000000000000002	6.318011891353741e+17
1.5010000000000003	5.896601283596458e+17
1.5020000000000002	6.067200402970546e+17
1.5030000000000003	5.2038363934673434e+17
1.5040000000000002	5.6898238964942586e+17
1.5050000000000003	5.6645010192703334e+17
1.5060000000000002	5.970780027290761e+17
1.5070000000000003	6.151919497327965e+17
1.5080000000000002	6.010012519035779e+17
1.5090000000000003	6.295464935713308e+17
1.5100000000000002	5.915250999934573e+17
1.5110000000000003	6.20253671184884e+17
1.5120000000000002	6.041881468052767e+17
1.5130000000000003	5.939607819001756e+17
1.5140000000000002	5.94729121866779e+17
1.5150000000000003	6.013418178176733e+17
1.5160000000000002	6.038769419554703e+17
1.5170000000000003	5.953801890601391e+17
1.5180000000000002	6.179638140941482e+17
1.5190000000000003	5.988312199484237e+17
1.5200000000000002	5.972281760503259e+17
1.5210000000000004	6.157071744700568e+17
1.5220000000000002	5.97177279382501e+17
1.5230000000000004	6.129529543855219e+17
1.5240000000000002	6.134082837362173e+17
1.5250000000000004	6.234942275237332e+17
1.5260000000000002	6.155678686856991e+17
1.5270000000000004	5.883810267171461e+17
1.5280000000000002	6.1787793646609e+17
1.5290000000000004	5.971555747719857e+17
1.5300000000000002	5.851963282744425e+17
1.5310000000000004	6.273479813840367e+17
1.5320000000000003	6.17991637632079e+17
1.5330000000000004	6.062928592309416e+17
1.5340000000000003	6.036563753273597e+17
1.5350000000000004	6.225652976114963e+17
1.5360000000000003	6.15704680548347e+17
1.5370000000000004	6.30465351369831e+17
1.5380000000000003	5.887461309935882e+17
1.5390000000000004	5.859503901026381e+17
1.5400000000000003	5.7596817891734125e+17
1.5410000000000004	5.94713174848924e+17
1.5420000000000003	6.207349998590665e+17
1.5430000000000004	5.7420055534198886e+17
1.5440000000000003	6.147436867890062e+17
1.5450000000000004	6.4193325811675e+17
1.5460000000000003	6.242829669049947e+17
1.5470000000000004	6.158927704114775e+17
1.5480000000000003	6.139145249586769e+17
1.5490000000000004	6.283561129978748e+17
1.5500000000000003	6.124796906702412e+17
1.5510000000000004	6.035694936862441e+17
1.5520000000000003	6.11073816927245e+17
1.5530000000000004	6.407442139656198e+17
1.5540000000000003	5.824999795955789e+17
1.5550000000000004	5.992341501093341e+17
1.5560000000000003	5.700581383183953e+17
1.5570000000000004	6.10777098564587e+17
1.5580000000000003	5.74434388377778e+17
1.5590000000000004	5.865794362665686e+17
1.5600000000000003	5.82886721974832e+17
1.5610000000000004	6.11833297215574e+17
1.5620000000000003	6.079621877467247e+17
1.5630000000000004	5.901658315386596e+17
1.5640000000000003	5.954671766037231e+17
1.5650000000000004	6.158008400640484e+17
1.5660000000000003	5.92472706361452e+17
1.5670000000000004	6.148138868280305e+17
1.5680000000000003	5.898824150569124e+17
1.5690000000000004	6.148870366110847e+17
1.5700000000000003	5.786230553805244e+17
1.5710000000000004	6.246772593009888e+17
1.5720000000000003	5.913425159726139e+17
1.5730000000000004	5.860578410976636e+17
1.5740000000000003	6.229797268680668e+17
1.5750000000000004	5.5737728623422906e+17
1.5760000000000003	6.188720967018441e+17
1.5770000000000002	5.268261937612359e+17
1.5780000000000003	5.328690480078512e+17
1.5790000000000002	5.713709076578921e+17
1.5800000000000003	5.884490276781676e+17
1.5810000000000002	6.031265611015066e+17
1.5820000000000003	5.836069932821683e+17
1.5830000000000002	5.841116659370386e+17
1.5840000000000003	5.797516402274054e+17
1.5850000000000002	6.122850592235538e+17
1.5860000000000003	6.05616194771875e+17
1.5870000000000002	5.929944356076378e+17
1.5880000000000003	5.957555568015446e+17
1.5890000000000002	5.3249237966596064e+17
1.5900000000000003	5.402356890581384e+17
1.5910000000000002	5.70333941486221e+17
1.5920000000000003	5.8453320627005e+17
1.5930000000000002	6.081130393890189e+17
1.5940000000000003	6.249233809600952e+17
1.5950000000000002	6.274577805789793e+17
1.5960000000000003	5.79206124744429e+17
1.5970000000000002	6.06080265019997e+17
1.5980000000000003	5.681407030718069e+17
1.5990000000000002	5.4904093675205914e+17
1.6000000000000003	5.875176293917679e+17
1.6010000000000002	5.584482147362868e+17
1.6020000000000003	5.873525570253329e+17
1.6030000000000002	6.042260597835561e+17
1.6040000000000003	5.59918260335154e+17
1.6050000000000002	6.025974390466678e+17
1.6060000000000003	5.817560821206879e+17
1.6070000000000002	5.703326703831963e+17
1.6080000000000003	5.7299567217138835e+17
1.6090000000000002	6.284759190898141e+17
1.6100000000000003	5.900457227403322e+17
1.6110000000000002	5.915331995244754e+17
1.6120000000000003	6.072454504651945e+17
1.6130000000000002	5.945772348370956e+17
1.6140000000000003	6.00244765929605e+17
1.6150000000000002	6.200527753865972e+17
1.6160000000000003	5.513125712758931e+17
1.6170000000000002	6.072520178139981e+17
1.6180000000000003	6.104383184159724e+17
1.6190000000000002	5.093696773520131e+17
1.6200000000000003	5.2228399759379706e+17
1.6210000000000002	5.1468250696976096e+17
1.6220000000000003	5.693927407181897e+17
1.6230000000000002	5.5850890344960045e+17
1.6240000000000003	5.696386327947496e+17
1.6250000000000002	5.6388815593603494e+17
1.6260000000000003	5.6279509915894106e+17
1.6270000000000002	5.984008929664457e+17
1.6280000000000003	6.197612198106922e+17
1.6290000000000002	6.0263278244917e+17
1.6300000000000003	5.856964912888924e+17
1.6310000000000002	6.128782618528908e+17
1.6320000000000003	5.882184220930193e+17
1.6330000000000002	6.042942407384183e+17
1.6340000000000003	5.821885749875592e+17
1.6350000000000002	6.096904155896161e+17
1.6360000000000003	5.859381161484448e+17
1.6370000000000002	5.5867254009861184e+17
1.6380000000000003	5.970049738340941e+17
1.6390000000000002	5.685781574845469e+17
1.6400000000000003	5.1715667209132224e+17
1.6410000000000002	5.198205608451108e+17
1.6420000000000003	5.5679797837862906e+17
1.6430000000000002	5.799155485468484e+17
1.6440000000000003	5.651114924670345e+17
1.6450000000000002	5.336987217396954e+17
1.6460000000000004	5.620932289822958e+17
1.6470000000000002	5.842739392315741e+17
1.6480000000000004	5.5860578981326835e+17
1.6490000000000002	5.6701189919531136e+17
1.6500000000000004	5.861721895024632e+17
1.6510000000000002	6.013702523309039e+17
1.6520000000000004	5.878588579831026e+17
1.6530000000000002	5.681361742099034e+17
1.6540000000000004	5.560213769999143e+17
1.6550000000000002	5.6762447717349395e+17
1.6560000000000004	5.870133364272529e+17
1.6570000000000003	5.81174560544063e+17
1.6580000000000004	5.815226930719892e+17
1.6590000000000003	5.629836998654808e+17
1.6600000000000004	5.841266060594915e+17
1.6610000000000003	5.735423879649113e+17
1.6620000000000004	5.0680776701539475e+17
1.6630000000000003	5.410369448348579e+17
1.6640000000000004	5.396879312127203e+17
1.6650000000000003	5.192872184167437e+17
1.6660000000000004	5.382836610488017e+17
1.6670000000000003	5.437065774112911e+17
1.6680000000000004	5.557798895073719e+17
1.6690000000000003	5.531477275901736e+17
1.6700000000000004	5.715218948465885e+17
1.6710000000000003	5.480412790474745e+17
1.6720000000000004	5.269867219983159e+17
1.6730000000000003	5.402956393691486e+17
1.6740000000000004	5.757517450042388e+17
1.6750000000000003	5.4962985134941664e+17
1.6760000000000004	5.311276057941236e+17
1.6770000000000003	5.519091118985777e+17
1.6780000000000004	5.736187390440779e+17
1.6790000000000003	5.6565102271764096e+17
1.6800000000000004	5.5596957847212115e+17
1.6810000000000003	5.435196690384598e+17
1.6820000000000004	5.3439818046094675e+17
1.6830000000000003	5.520853727886682e+17
1.6840000000000004	5.187007048270074e+17
1.6850000000000003	5.323573554364474e+17
1.6860000000000004	5.292316754123487e+17
1.6870000000000003	5.1956677782150854e+17
1.6880000000000004	5.171755230504219e+17
1.6890000000000003	5.253237834231766e+17
1.6900000000000004	5.256739532666445e+17
1.6910000000000003	5.076208103124594e+17
1.6920000000000004	5.534672253665506e+17
1.6930000000000003	5.498604374659671e+17
1.6940000000000004	5.515299027203791e+17
1.6950000000000003	5.516814991338226e+17
1.6960000000000004	5.424078687970557e+17
1.6970000000000003	5.430189278558951e+17
1.6980000000000004	5.4243404014096154e+17
1.6990000000000003	5.349803030241505e+17
1.7000000000000004	5.238059734753183e+17
1.7010000000000003	5.0642994601808474e+17
1.7020000000000004	5.245108784042558e+17
1.7030000000000003	5.3580701308882106e+17
1.7040000000000004	5.364108087981136e+17
1.7050000000000003	5.410727471174561e+17
1.7060000000000004	5.3529756202673805e+17
1.7070000000000003	4.791618394639398e+17
1.7080000000000004	5.1788925456725626e+17
1.7090000000000003	5.168926390383143e+17
1.7100000000000004	5.051301768927573e+17
1.7110000000000003	4.459071941765707e+17
1.7120000000000004	5.11714962642243e+17
1.7130000000000003	5.220548455230824e+17
1.7140000000000004	5.230185389296189e+17
1.7150000000000003	5.39799423299422e+17
1.7160000000000004	5.242135811829874e+17
1.7170000000000003	5.155655052516102e+17
1.7180000000000004	5.2269099392353517e+17
1.7190000000000003	5.248107868662472e+17
1.7200000000000004	5.193915345695775e+17
1.7210000000000003	5.071977981293029e+17
1.7220000000000004	5.2589458650738266e+17
1.7230000000000003	4.9640405293810195e+17
1.7240000000000004	5.076915238094088e+17
1.7250000000000003	5.0723565936205414e+17
1.7260000000000004	5.1868827940132326e+17
1.7270000000000003	5.1202124045568954e+17
1.7280000000000004	5.049971018752355e+17
1.7290000000000003	5.0862164587155795e+17
1.7300000000000004	5.006030357022671e+17
1.7310000000000003	4.842986948190768e+17
1.7320000000000004	4.908809667254214e+17
1.7330000000000003	4.7355335837676166e+17
1.7340000000000002	4.7469158369462925e+17
1.7350000000000003	4.9379111643931334e+17
1.7360000000000002	4.984569050204563e+17
1.7370000000000003	4.837728738706794e+17
1.7380000000000002	4.956210325149237e+17
1.7390000000000003	4.920721473880548e+17
1.7400000000000002	5.007088879386012e+17
1.7410000000000003	4.723607954702126e+17
1.7420000000000002	4.876707648284155e+17
1.7430000000000003	4.6708828206663085e+17
1.7440000000000002	5.042768740195769e+17
1.7450000000000003	4.985806158785778e+17
1.7460000000000002	4.97835443028075e+17
1.7470000000000003	4.772971666387116e+17
1.7480000000000002	5.024758124872017e+17
1.7490000000000003	5.0768053932293024e+17
1.7500000000000002	4.813024867208437e+17
1.7510000000000003	4.883797459930725e+17
1.7520000000000002	4.9385414268029094e+17
1.7530000000000003	4.883848990408175e+17
1.7540000000000002	4.6304426792654886e+17
1.7550000000000003	4.737991482504318e+17
1.7560000000000002	4.867306232102417e+17
1.7570000000000003	4.9049576750260506e+17
1.7580000000000002	4.901678313231529e+17
1.7590000000000003	4.790047622937205e+17
1.7600000000000002	4.753989525827839e+17
1.7610000000000003	4.6916315002015686e+17
1.7620000000000002	4.607181689834478e+17
1.7630000000000003	4.7672462639514854e+17
1.7640000000000002	4.7851944878649594e+17
1.7650000000000003	4.721594904198253e+17
1.7660000000000002	4.780725296389154e+17
1.7670000000000003	4.684091881176887e+17
1.7680000000000002	4.630895273012937e+17
1.7690000000000003	4.692909753689015e+17
1.7700000000000002	4.7405324471232704e+17
1.7710000000000004	4.5519506767573677e+17
1.7720000000000002	4.756028590735373e+17
1.7730000000000004	4.591827356566928e+17
1.7740000000000002	4.7327780707709446e+17
1.7750000000000004	4.6304477208914765e+17
1.7760000000000002	4.670442334015621e+17
1.7770000000000004	4.611545753284468e+17
1.7780000000000002	4.458759664393687e+17
1.7790000000000004	4.473065888491281e+17
1.7800000000000002	4.710691878314038e+17
1.7810000000000004	4.680115156712652e+17
1.7820000000000003	4.523035979056042e+17
1.7830000000000004	4.518777480300148e+17
1.7840000000000003	4.528253796110074e+17
1.7850000000000004	4.449136527887894e+17
1.7860000000000003	4.474498813188574e+17
1.7870000000000004	4.6090205629207616e+17
1.7880000000000003	4.6133198050619546e+17
1.7890000000000004	4.6778474216267725e+17
1.7900000000000003	4.6739623766450944e+17
1.7910000000000004	4.527484635570624e+17
1.7920000000000003	4.592516349356325e+17
1.7930000000000004	4.5505191061080205e+17
1.7940000000000003	4.377036515703064e+17
1.7950000000000004	4.59648808546561e+17
1.7960000000000003	4.631411798567503e+17
1.7970000000000004	4.5612829476011366e+17
1.7980000000000003	4.5650481270306566e+17
1.7990000000000004	4.477640527548986e+17
1.8000000000000003	4.572372074382998e+17
1.8010000000000004	4.380817482465706e+17
1.8020000000000003	4.470202514224468e+17
1.8030000000000004	4.1220547369778765e+17
1.8040000000000003	4.269856580839551e+17
1.8050000000000004	4.310097519029296e+17
1.8060000000000003	4.4240376677108154e+17
1.8070000000000004	4.388466269929924e+17
1.8080000000000003	4.434302531412491e+17
1.8090000000000004	4.4451044391617184e+17
1.8100000000000003	4.2866759456308064e+17
1.8110000000000004	4.303079734198602e+17
1.8120000000000003	4.293264607157985e+17
1.8130000000000004	4.432664069696199e+17
1.8140000000000003	4.3936552061438534e+17
1.8150000000000004	4.395812304456429e+17
1.8160000000000003	4.250206420648977e+17
1.8170000000000004	4.38939273512926e+17
1.8180000000000003	4.126976806374588e+17
1.8190000000000004	4.2840554266696006e+17
1.8200000000000003	4.346642143973462e+17
1.8210000000000004	4.436672646489204e+17
1.8220000000000003	4.3391977880546554e+17
1.8230000000000004	4.224833913919183e+17
1.8240000000000003	4.335063660756381e+17
1.8250000000000004	4.368696681438317e+17
1.8260000000000003	4.3456138225858477e+17
1.8270000000000004	4.2826120037322144e+17
1.8280000000000003	4.2341723614346765e+17
1.8290000000000004	4.0172039358334317e+17
1.8300000000000003	4.110084158348325e+17
1.8310000000000004	4.156022253917885e+17
1.8320000000000003	4.277138585892624e+17
1.8330000000000004	4.294359903094075e+17
1.8340000000000003	4.284440605394293e+17
1.8350000000000004	4.169398272140254e+17
1.8360000000000003	4.1816781286004454e+17
1.8370000000000004	4.1782657932837184e+17
1.8380000000000003	4.066705665794624e+17
1.8390000000000004	4.268714148015848e+17
1.8400000000000003	4.0104413662078995e+17
1.8410000000000004	4.1612357923124646e+17
1.8420000000000003	3.9021312572748704e+17
1.8430000000000004	3.994960555758274e+17
1.8440000000000003	4.139440999502142e+17
1.8450000000000004	4.091717629404882e+17
1.8460000000000003	4.2247144988857914e+17
1.8470000000000004	3.907558415529404e+17
1.8480000000000003	4.097928060238058e+17
1.8490000000000004	4.1975581152310605e+17
1.8500000000000003	4.1061488194323264e+17
1.8510000000000004	4.166582806202636e+17
1.8520000000000003	4.044593927609072e+17
1.8530000000000004	3.8362539257279123e+17
1.8540000000000003	4.145035261287146e+17
1.8550000000000004	4.082691106505261e+17
1.8560000000000003	3.8198782953302176e+17
1.8570000000000004	4.0893949813355904e+17
1.8580000000000003	4.073109293639715e+17
1.8590000000000004	3.9176803724815034e+17
1.8600000000000003	4.088134736292407e+17
1.8610000000000004	4.069173854246204e+17
1.8620000000000003	4.00854163892364e+17
1.8630000000000004	3.9344168664093574e+17
1.8640000000000003	3.9556876170999206e+17
1.8650000000000004	4.0786114618867565e+17
1.8660000000000003	3.876794965671657e+17
1.8670000000000004	3.987092270496607e+17
1.8680000000000003	4.017451086868705e+17
1.8690000000000004	4.012164259314987e+17
1.8700000000000003	3.985110175743863e+17
1.8710000000000004	4.04159095555367e+17
1.8720000000000003	3.946201383461605e+17
1.8730000000000004	3.811052127085433e+17
1.8740000000000003	3.935326567161388e+17
1.8750000000000004	3.783227538435443e+17
1.8760000000000003	3.667964441059728e+17
1.8770000000000004	3.932938146536539e+17
1.8780000000000003	3.7654240585195885e+17
1.8790000000000004	3.903412133614698e+17
1.8800000000000003	3.936214479268686e+17
1.8810000000000004	3.9725636328414e+17
1.8820000000000003	3.909878213550025e+17
1.8830000000000005	3.901078483855861e+17
1.8840000000000003	3.902053711569566e+17
1.8850000000000005	3.800844330412161e+17
1.8860000000000003	3.625210610992108e+17
1.8870000000000005	3.835932710642466e+17
1.8880000000000003	3.8126152230517203e+17
1.8890000000000005	3.675615505478246e+17
1.8900000000000003	3.680183156669491e+17
1.8910000000000002	3.735168703778085e+17
1.8920000000000003	3.721462719920383e+17
1.8930000000000002	3.6249116464640435e+17
1.8940000000000003	3.740709029655864e+17
1.8950000000000002	3.7031087717052384e+17
1.8960000000000004	3.761656825845117e+17
1.8970000000000002	3.760307507055179e+17
1.8980000000000004	3.698904551095926e+17
1.8990000000000002	3.665978151292786e+17
1.9000000000000004	3.8628097473454675e+17
1.9010000000000002	3.7480471420885626e+17
1.9020000000000004	3.7824400763435475e+17
1.9030000000000002	3.7755489141982144e+17
1.9040000000000004	3.7056563528519475e+17
1.9050000000000002	3.579272025648198e+17
1.9060000000000004	3.728485572023736e+17
1.9070000000000003	3.7766221606994746e+17
1.9080000000000004	3.745137977856052e+17
1.9090000000000003	3.595228731676976e+17
1.9100000000000004	3.7327204422116717e+17
1.9110000000000003	3.6649642207121914e+17
1.9120000000000004	3.5847684761157075e+17
1.9130000000000003	3.688217820519269e+17
1.9140000000000004	3.72655157364172e+17
1.9150000000000003	3.6290473034846746e+17
1.9160000000000004	3.657256041258972e+17
1.9170000000000003	3.6900127877994746e+17
1.9180000000000004	3.65766339018939e+17
1.9190000000000003	3.7150140929732416e+17
1.9200000000000004	3.530514414130129e+17
1.9210000000000003	3.6387556937253344e+17
1.9220000000000004	3.585150752098344e+17
1.9230000000000003	3.694685933997499e+17
1.9240000000000004	3.67503231616175e+17
1.9250000000000003	3.6438639961677984e+17
1.9260000000000004	3.514046861623283e+17
1.9270000000000003	3.553962719894026e+17
1.9280000000000004	3.6244652743215386e+17
1.9290000000000003	3.551199837610051e+17
1.9300000000000004	3.602227989809937e+17
1.9310000000000003	3.307447916503548e+17
1.9320000000000004	3.515796835500821e+17
1.9330000000000003	3.5948041041864934e+17
1.9340000000000004	3.447467642297261e+17
1.9350000000000003	3.427385794909454e+17
1.9360000000000004	3.5882608416785114e+17
1.9370000000000003	3.605488275186622e+17
1.9380000000000004	3.589086174578165e+17
1.9390000000000003	3.519143916083318e+17
1.9400000000000004	3.484737415753048e+17
1.9410000000000003	3.507455201893284e+17
1.9420000000000004	3.5319918839604154e+17
1.9430000000000003	3.4826187237279904e+17
1.9440000000000004	3.340263672793086e+17
1.9450000000000003	3.333667649911944e+17
1.9460000000000004	3.086343065069153e+17
1.9470000000000003	3.433058728672951e+17
1.9480000000000004	3.384371598104511e+17
1.9490000000000003	3.423272528743616e+17
1.9500000000000004	3.3848588595903226e+17
1.9510000000000003	3.0441558549468634e+17
1.9520000000000004	3.446911138063581e+17
1.9530000000000003	3.497192042553043e+17
1.9540000000000004	3.41772734750605e+17
1.9550000000000003	3.4151179096627814e+17
1.9560000000000004	3.484900810480102e+17
1.9570000000000003	3.471013635637422e+17
1.9580000000000004	3.4609138823253824e+17
1.9590000000000003	3.346078091678956e+17
1.9600000000000004	3.31797267603515e+17
1.9610000000000003	3.4271856441970656e+17
1.9620000000000004	3.297885340856022e+17
1.9630000000000003	3.25898628682924e+17
1.9640000000000004	3.1976341645618426e+17
1.9650000000000003	3.396862179207287e+17
1.9660000000000004	3.4135012461522054e+17
1.9670000000000003	3.410201137092444e+17
1.9680000000000004	3.373920204082923e+17
1.9690000000000003	3.365171555066728e+17
1.9700000000000004	3.3774146995413286e+17
1.9710000000000003	3.36935930054361e+17
1.9720000000000004	3.2926415910894317e+17
1.9730000000000003	3.106410716035261e+17
1.9740000000000004	3.2210593582158694e+17
1.9750000000000003	3.2573848451885914e+17
1.9760000000000004	3.2743424008082995e+17
1.9770000000000003	3.2799495971879616e+17
1.9780000000000004	2.7545272077434784e+17
1.9790000000000003	3.267306304749982e+17
1.9800000000000004	3.224929447393077e+17
1.9810000000000003	3.253400817966576e+17
1.9820000000000004	3.212654911671605e+17
1.9830000000000003	3.2920899724815654e+17
1.9840000000000004	3.3176266490199085e+17
1.9850000000000003	3.1938119427175424e+17
1.9860000000000004	3.061984275265402e+17
1.9870000000000003	2.9727101233220416e+17
1.9880000000000004	3.232106375782365e+17
1.9890000000000003	3.222421200729797e+17
1.9900000000000004	3.2322827057231795e+17
1.9910000000000003	3.173930986618422e+17
1.9920000000000004	3.0970964679197786e+17
1.9930000000000003	3.099223416508332e+17
1.9940000000000004	3.107084737256447e+17
1.9950000000000003	3.164099242086389e+17
1.9960000000000004	3.162123769656194e+17
1.9970000000000003	3.064484406713346e+17
1.9980000000000004	3.02892301093417e+17
1.9990000000000003	3.1849746249163936e+17
2.0000000000000004	3.1754704422032384e+17
2.0010000000000003	3.1495056397768723e+17
2.0020000000000002	3.2038200125668666e+17
2.0030000000000006	3.059898983176579e+17
2.0040000000000004	3.1031397771894886e+17
2.0050000000000003	3.2021903873809485e+17
2.0060000000000002	3.006411372108339e+17
2.0070000000000006	3.162568313280149e+17
2.0080000000000005	3.119502402824732e+17
2.0090000000000003	3.098222043016261e+17
2.0100000000000002	3.092883499303095e+17
2.0110000000000006	3.130293754823532e+17
2.0120000000000005	3.1265924259237414e+17
2.0130000000000003	3.1080306302469203e+17
2.0140000000000002	3.0507799861517504e+17
2.0150000000000006	3.110929793519054e+17
2.0160000000000005	3.075983987547956e+17
2.0170000000000003	3.0950141982092314e+17
2.0180000000000002	2.980623638769572e+17
2.0190000000000006	3.012926950461015e+17
2.0200000000000005	3.038894349318363e+17
2.0210000000000004	2.950952099613978e+17
2.0220000000000002	2.953207769625119e+17
2.0230000000000006	3.0328278113377754e+17
2.0240000000000005	2.973205448002203e+17
2.0250000000000004	2.9199181091790995e+17
2.0260000000000002	3.050280739234628e+17
2.0270000000000006	2.98050829955742e+17
2.0280000000000005	3.0204923381510554e+17
2.0290000000000004	2.912251139134669e+17
2.0300000000000002	2.929530989882543e+17
2.0310000000000006	2.958837806801703e+17
2.0320000000000005	3.005717939628696e+17
2.0330000000000004	3.012524533331035e+17
2.0340000000000003	2.978132396824921e+17
2.0350000000000006	2.920974629999572e+17
2.0360000000000005	2.91447039402074e+17
2.0370000000000004	2.9657320625562566e+17
2.0380000000000003	2.883110849244246e+17
2.0390000000000006	2.949014429553703e+17
2.0400000000000005	2.976425019670041e+17
2.0410000000000004	2.919974349897666e+17
2.0420000000000003	2.8820260912667126e+17
2.0430000000000006	2.945586799360108e+17
2.0440000000000005	2.9699491642229414e+17
2.0450000000000004	2.914595957978278e+17
2.0460000000000003	2.9082911265227264e+17
2.0470000000000006	2.888392292040845e+17
2.0480000000000005	2.9403008334470803e+17
2.0490000000000004	2.961150700938223e+17
2.0500000000000003	2.918007492692023e+17
2.051	2.9314711258253786e+17
2.0520000000000005	2.8684311260228598e+17
2.0530000000000004	2.840891438107107e+17
2.0540000000000003	2.854824825759547e+17
2.055	2.862636289416687e+17
2.0560000000000005	2.8565377545689178e+17
2.0570000000000004	2.828352123931631e+17
2.0580000000000003	2.8390859070768758e+17
2.059	2.8068177459541062e+17
2.0600000000000005	2.8003251410795475e+17
2.0610000000000004	2.7770707231900938e+17
2.0620000000000003	2.833227798166758e+17
2.063	2.8543711168327037e+17
2.0640000000000005	2.5515040365065786e+17
2.0650000000000004	2.8027568984340067e+17
2.0660000000000003	2.854183797211104e+17
2.067	2.7967481260427702e+17
2.0680000000000005	2.7104037835559104e+17
2.0690000000000004	2.8193686052714973e+17
2.0700000000000003	2.6631292872244877e+17
2.071	2.7794694836651446e+17
2.0720000000000005	2.7325799266243318e+17
2.0730000000000004	2.8067184734477718e+17
2.0740000000000003	2.7131006859657453e+17
2.075	2.7696340972995158e+17
2.0760000000000005	2.775833673039491e+17
2.0770000000000004	2.6748284091865392e+17
2.0780000000000003	2.723704201905218e+17
2.079	2.7781690632448106e+17
2.0800000000000005	2.711306010772628e+17
2.0810000000000004	2.742088074381813e+17
2.0820000000000003	2.7171966052761667e+17
2.083	2.748409108154213e+17
2.0840000000000005	2.6458965680456323e+17
2.0850000000000004	2.6379913569531757e+17
2.0860000000000003	2.69821208129597e+17
2.087	2.7311731888988595e+17
2.0880000000000005	2.6576958078248483e+17
2.0890000000000004	2.720677077505518e+17
2.0900000000000003	2.6943405159284662e+17
2.091	2.6797687551543402e+17
2.0920000000000005	2.672459919853648e+17
2.0930000000000004	2.7164874020460813e+17
2.0940000000000003	2.6744890690226906e+17
2.095	2.724727030566985e+17
2.0960000000000005	2.6267914599367702e+17
2.0970000000000004	2.6490026165781117e+17
2.0980000000000003	2.6344634318438288e+17
2.099	2.6463389240610646e+17
2.1000000000000005	2.676552681332749e+17
2.1010000000000004	2.649810464447925e+17
2.1020000000000003	2.623758472420355e+17
2.103	2.6615489061872438e+17
2.1040000000000005	2.7099891917580976e+17
2.1050000000000004	2.657760103793955e+17
2.1060000000000003	2.676535420502054e+17
2.107	2.59878458904641e+17
2.1080000000000005	2.5942504124810614e+17
2.1090000000000004	2.617569130266975e+17
2.1100000000000003	2.5395601221645142e+17
2.111	2.6500812091651027e+17
2.1120000000000005	2.607250394465526e+17
2.1130000000000004	2.587533655825994e+17
2.1140000000000003	2.6316756865329078e+17
2.115	2.594021297618486e+17
2.1160000000000005	2.6120810805368323e+17
2.1170000000000004	2.45936907650796e+17
2.1180000000000003	2.566505158174863e+17
2.119	2.5317221206464528e+17
2.1200000000000006	2.5244220372586768e+17
2.1210000000000004	2.5585804030942298e+17
2.1220000000000003	2.5610845606906147e+17
2.123	2.5340800556502867e+17
2.1240000000000006	2.453342906398132e+17
2.1250000000000004	2.553275030005821e+17
2.1260000000000003	2.595600832596633e+17
2.1270000000000002	2.5048958285875302e+17
2.1280000000000006	2.520601970266146e+17
2.1290000000000004	2.533560957998845e+17
2.1300000000000003	2.5625605897580774e+17
2.1310000000000002	2.5445637146011984e+17
2.1320000000000006	2.5593897470248416e+17
2.1330000000000005	2.5264687695456467e+17
2.1340000000000003	2.5088798189204656e+17
2.1350000000000002	2.5295894453433597e+17
2.1360000000000006	2.47072751968172e+17
2.1370000000000005	2.5536651366628672e+17
2.1380000000000003	2.527595617748908e+17
2.1390000000000002	2.4933400251945738e+17
2.1400000000000006	2.5180345075298234e+17
2.1410000000000005	2.5359158374895443e+17
2.1420000000000003	2.505708412051258e+17
2.1430000000000002	2.494117525353472e+17
2.1440000000000006	2.4910725106128026e+17
2.1450000000000005	2.4869258164647885e+17
2.1460000000000004	2.3957635036015754e+17
2.1470000000000002	2.487621889545196e+17
2.1480000000000006	2.5041343311011955e+17
2.1490000000000005	2.4520745568636483e+17
2.1500000000000004	2.4492519995356253e+17
2.1510000000000002	2.48574556128958e+17
2.1520000000000006	2.4788764035863043e+17
2.1530000000000005	2.435439804591842e+17
2.1540000000000004	2.3858166397558304e+17
2.1550000000000002	2.4301254197806035e+17
2.1560000000000006	2.4627259609008918e+17
2.1570000000000005	2.4082699396512954e+17
2.1580000000000004	2.425250516288602e+17
2.1590000000000003	2.4318295804496726e+17
2.1600000000000006	2.3859987437492752e+17
2.1610000000000005	2.4386796650562877e+17
2.1620000000000004	2.3960394205221754e+17
2.1630000000000003	2.4261078891274157e+17
2.1640000000000006	2.4252597879378422e+17
2.1650000000000005	2.3541542034639862e+17
2.1660000000000004	2.3049570034765162e+17
2.1670000000000003	2.3729732268717283e+17
2.1680000000000006	2.374239989211669e+17
2.1690000000000005	2.393259796899583e+17
2.1700000000000004	2.377663012464381e+17
2.1710000000000003	2.3540283986988362e+17
2.1720000000000006	2.3882492751881446e+17
2.1730000000000005	2.3977968493037418e+17
2.1740000000000004	2.3463856428037238e+17
2.1750000000000003	2.3379350258063146e+17
2.1760000000000006	2.3480695039368573e+17
2.1770000000000005	2.279214768452818e+17
2.1780000000000004	2.3711146790454266e+17
2.1790000000000003	2.1655612308672288e+17
2.1800000000000006	2.3545337559484493e+17
2.1810000000000005	2.3743518422927293e+17
2.1820000000000004	2.3093667187766707e+17
2.1830000000000003	2.269256478965064e+17
2.1840000000000006	2.358277338477661e+17
2.1850000000000005	2.330895121061796e+17
2.1860000000000004	2.331447276430838e+17
2.1870000000000003	2.3128236222060374e+17
2.1880000000000006	2.2631613960040115e+17
2.1890000000000005	2.277663258561267e+17
2.1900000000000004	2.194995523524315e+17
2.1910000000000003	2.3190192431995555e+17
2.1920000000000006	2.3270999823470678e+17
2.1930000000000005	2.3315127538802266e+17
2.1940000000000004	2.2907053697204064e+17
2.1950000000000003	2.268991617067382e+17
2.1960000000000006	2.3025682840106672e+17
2.1970000000000005	2.3128939091279904e+17
2.1980000000000004	2.2913706912090182e+17
2.1990000000000003	2.2932204088540083e+17
2.2000000000000006	2.2791878420453904e+17
2.2010000000000005	2.2102080520484144e+17
2.2020000000000004	2.2484207025326022e+17
2.2030000000000003	2.278182900206496e+17
2.2040000000000006	2.2862202785253155e+17
2.2050000000000005	2.2456216256912368e+17
2.2060000000000004	2.06463282338589e+17
2.2070000000000003	2.101439013752521e+17
2.208	2.262835822027366e+17
2.2090000000000005	2.1397627043140944e+17
2.2100000000000004	2.225014259339324e+17
2.2110000000000003	2.2334028418378666e+17
2.212	2.227723669433785e+17
2.2130000000000005	2.2574860457827574e+17
2.2140000000000004	2.249150809240141e+17
2.2150000000000003	2.2229163613042634e+17
2.216	2.2419816548455264e+17
2.2170000000000005	2.232387441154748e+17
2.2180000000000004	2.2230882262021642e+17
2.2190000000000003	2.2467936442712195e+17
2.22	2.212923784183278e+17
2.2210000000000005	2.187590815275585e+17
2.2220000000000004	2.1422018773656256e+17
2.2230000000000003	2.2207561638010736e+17
2.224	2.1434190891303965e+17
2.2250000000000005	2.1973150365955946e+17
2.2260000000000004	2.1656221265798714e+17
2.2270000000000003	2.1052009148882714e+17
2.228	2.0578979722244026e+17
2.2290000000000005	2.185530926518096e+17
2.2300000000000004	2.1441464722937053e+17
2.2310000000000003	2.156529666565983e+17
2.232	2.127399094139767e+17
2.2330000000000005	2.1851476802095994e+17
2.2340000000000004	2.1709021725771437e+17
2.2350000000000003	2.1561112978161245e+17
2.236	2.161418025413456e+17
2.2370000000000005	2.1790719904068954e+17
2.2380000000000004	2.1536719244034006e+17
2.2390000000000003	2.0697663916210406e+17
2.24	2.062717943650595e+17
2.2410000000000005	2.151053960819701e+17
2.2420000000000004	2.1412567085670266e+17
2.2430000000000003	2.105667999056456e+17
2.244	2.1206571793352045e+17
2.2450000000000006	2.0917281919528416e+17
2.2460000000000004	2.1228837652397565e+17
2.2470000000000003	2.1303985443687184e+17
2.248	2.0756721993335994e+17
2.2490000000000006	2.1029481210809043e+17
2.2500000000000004	2.1096826613634106e+17
2.2510000000000003	2.1200590045186422e+17
2.2520000000000002	2.0952008006731555e+17
2.2530000000000006	2.1199496378266192e+17
2.2540000000000004	2.0430555955970138e+17
2.2550000000000003	2.039856314142077e+17
2.2560000000000002	2.0950490125544707e+17
2.2570000000000006	2.0980597219829622e+17
2.2580000000000005	2.0650462880418058e+17
2.2590000000000003	2.1010341742418013e+17
2.2600000000000002	2.0906922961929757e+17
2.2610000000000006	2.059323876499197e+17
2.2620000000000005	2.0526932783340733e+17
2.2630000000000003	1.8972169078609738e+17
2.2640000000000002	2.0370631472149152e+17
2.2650000000000006	2.0831676232849302e+17
2.2660000000000005	1.9655525411598218e+17
2.2670000000000003	2.0614726943198128e+17
2.2680000000000002	2.055148155172288e+17
2.2690000000000006	2.0709579955378266e+17
2.2700000000000005	2.0280320987826634e+17
2.2710000000000004	2.0422667800377286e+17
2.2720000000000002	2.0318340188583744e+17
2.2730000000000006	2.0568926948195206e+17
2.2740000000000005	2.036727747139667e+17
2.2750000000000004	2.0020157369997933e+17
2.2760000000000002	2.01375543104002e+17
2.2770000000000006	2.0208421869098058e+17
2.2780000000000005	2.0382643977919245e+17
2.2790000000000004	2.0077168442742013e+17
2.2800000000000002	2.0029797852691194e+17
2.2810000000000006	1.9075862971946218e+17
2.2820000000000005	1.9755782926688314e+17
2.2830000000000004	1.9611962306090378e+17
2.2840000000000003	1.9958797715299818e+17
2.2850000000000006	1.988922246049725e+17
2.2860000000000005	2.0032488653187792e+17
2.2870000000000004	1.988172900692649e+17
2.2880000000000003	1.996637004025362e+17
2.2890000000000006	1.9661079018987283e+17
2.2900000000000005	1.9927107980287808e+17
2.2910000000000004	1.9932348479303085e+17
2.2920000000000003	1.98056683080588e+17
2.2930000000000006	1.9686548013362227e+17
2.2940000000000005	1.1138244183600379e+17
2.2950000000000004	1.445642640446342e+17
2.2960000000000003	1.5790623237850877e+17
2.2970000000000006	1.5269920998027907e+17
2.2980000000000005	1.6352441861164362e+17
2.2990000000000004	1.7298460952020486e+17
2.3000000000000003	1.766321913353133e+17
2.3010000000000006	1.7386422309694666e+17
2.3020000000000005	1.8583589710560432e+17
2.3030000000000004	1.852465670292244e+17
2.3040000000000003	1.820332518746182e+17
2.3050000000000006	1.75675840322183e+17
2.3060000000000005	1.786587154447221e+17
2.3070000000000004	1.7845892426642048e+17
2.3080000000000003	1.7815967763869542e+17
2.3090000000000006	1.7791327102955296e+17
2.3100000000000005	1.7730921640676467e+17
2.3110000000000004	1.8401901288876144e+17
2.3120000000000003	1.7782630420234474e+17
2.3130000000000006	1.8648173470960227e+17
2.3140000000000005	1.7514512698722877e+17
2.3150000000000004	1.7888053371427888e+17
2.3160000000000003	1.767692452733413e+17
2.3170000000000006	1.8358404264865347e+17
2.3180000000000005	1.7317597406980848e+17
2.3190000000000004	1.7981568331074762e+17
2.3200000000000003	1.8692771512589994e+17
2.3210000000000006	1.7445993950787946e+17
2.3220000000000005	1.8076129479487578e+17
2.3230000000000004	1.043114277007825e+17
2.3240000000000003	1.3264589279828062e+17
2.3250000000000006	1.4638880239750688e+17
2.3260000000000005	1.4925157163224115e+17
2.3270000000000004	1.5232428685355203e+17
2.3280000000000003	1.6473296097835702e+17
2.3290000000000006	1.5674971388756784e+17
2.3300000000000005	1.582366082699052e+17
2.3310000000000004	1.6728981698569347e+17
2.3320000000000003	1.650238268741224e+17
2.3330000000000006	1.7066516783469744e+17
2.3340000000000005	1.6622559053391152e+17
2.3350000000000004	1.7074070455095702e+17
2.3360000000000003	1.6267798452817936e+17
2.3370000000000006	1.6274938108582157e+17
2.3380000000000005	1.6603713469359696e+17
2.3390000000000004	1.5217443350104176e+17
2.3400000000000003	1.6740372261098662e+17
2.3410000000000006	1.660411666588309e+17
2.3420000000000005	1.7316578508069254e+17
2.3430000000000004	1.6271460979643834e+17
2.3440000000000003	1.67739144597705e+17
2.3450000000000006	1.4886719387640112e+17
2.3460000000000005	1.66221111851392e+17
2.3470000000000004	1.610604308489928e+17
2.3480000000000003	1.6323225850184067e+17
2.3490000000000006	1.6248170765576026e+17
2.3500000000000005	1.576631800742981e+17
2.3510000000000004	1.6689908176122973e+17
2.3520000000000003	1.5678225322643424e+17
2.3530000000000006	9.673541156146416e+16
2.3540000000000005	1.1257187982549995e+17
2.3550000000000004	1.41998025204703e+17
2.3560000000000003	1.3119630203090469e+17
2.3570000000000007	1.4978971465791258e+17
2.3580000000000005	1.4198750473552506e+17
2.3590000000000004	1.5142819340069885e+17
2.3600000000000003	1.577807395845871e+17
2.3610000000000007	1.4215802473699525e+17
2.3620000000000005	1.537590803893799e+17
2.3630000000000004	1.4034477265088976e+17
2.3640000000000003	1.5591793857705062e+17
2.365	1.476830793490016e+17
2.3660000000000005	1.5783551218509427e+17
2.3670000000000004	1.594380181743763e+17
2.3680000000000003	1.5809371587746115e+17
2.369	1.591866528421058e+17
2.3700000000000006	1.5693906630400806e+17
2.3710000000000004	1.4563014322981728e+17
2.3720000000000003	1.660242601461736e+17
2.373	1.4397465164397446e+17
2.3740000000000006	1.41210640068805e+17
2.3750000000000004	1.4356182492685789e+17
2.3760000000000003	1.5720014136532435e+17
2.3770000000000002	1.5409510803246592e+17
2.3780000000000006	1.4321593175410493e+17
2.3790000000000004	1.5165552836974496e+17
2.3800000000000003	1.5887825299232698e+17
2.3810000000000002	1.48050574908556e+17
2.3820000000000006	1.56413841494788e+17
2.3830000000000005	1.0668279218716416e+17
2.3840000000000003	1.0378093861304e+17
2.3850000000000002	1.3170281314719995e+17
2.3860000000000006	1.2569582071527006e+17
2.3870000000000005	1.32680901598378e+17
2.3880000000000003	1.3426217105177853e+17
2.3890000000000002	1.2862477272405973e+17
2.3900000000000006	1.4752422215294355e+17
2.3910000000000005	1.4020045657482144e+17
2.3920000000000003	1.4332248605277278e+17
2.3930000000000002	1.3583490701346422e+17
2.3940000000000006	1.5116089256851168e+17
2.3950000000000005	1.3186227101998072e+17
2.3960000000000004	1.4817053624140653e+17
2.3970000000000002	1.5035953994008938e+17
2.3980000000000006	1.3861170720065542e+17
2.3990000000000005	1.441442560591469e+17
2.4000000000000004	1.4251054526557406e+17
2.4010000000000002	1.466588621207942e+17
2.4020000000000006	1.5440440048553376e+17
2.4030000000000005	1.4871594288204454e+17
2.4040000000000004	1.2921383093377312e+17
2.4050000000000002	1.4853429188498864e+17
2.4060000000000006	1.416833657602029e+17
2.4070000000000005	1.4119812420852438e+17
2.4080000000000004	1.4308521434838858e+17
2.4090000000000003	1.4773068652407894e+17
2.4100000000000006	1.4186867189178965e+17
2.4110000000000005	1.5123624041518835e+17
2.4120000000000004	1.4642316044533152e+17
2.4130000000000003	1.504196775210081e+17
2.4140000000000006	1.0449320159688834e+17
2.4150000000000005	1.0600864636009794e+17
2.4160000000000004	1.1340949467811902e+17
2.4170000000000003	1.2192040223637398e+17
2.4180000000000006	1.2307084906868968e+17
2.4190000000000005	1.418630210942079e+17
2.4200000000000004	1.1809440804694795e+17
2.4210000000000003	1.4174786066778554e+17
2.4220000000000006	1.3244206943327062e+17
2.4230000000000005	1.3006219076070982e+17
2.4240000000000004	1.4132856198537026e+17
2.4250000000000003	1.3964386149861683e+17
2.4260000000000006	1.3498850148908878e+17
2.4270000000000005	1.3992414718748896e+17
2.4280000000000004	1.2921103779365355e+17
2.4290000000000003	1.388811988309255e+17
2.4300000000000006	1.3848476362174102e+17
2.4310000000000005	1.3512616496386859e+17
2.4320000000000004	1.47538621546215e+17
2.4330000000000003	1.4301531103922973e+17
2.4340000000000006	1.2908839833822165e+17
2.4350000000000005	1.297537150416486e+17
2.4360000000000004	1.3712916429380051e+17
2.4370000000000003	1.3721212840815058e+17
2.4380000000000006	1.316177699575293e+17
2.4390000000000005	1.4111062241752363e+17
2.4400000000000004	1.3692822942910477e+17
2.4410000000000003	1.272414998923014e+17
2.4420000000000006	1.3908670024004691e+17
2.4430000000000005	1.4254265700103904e+17
2.4440000000000004	1.3583665584432322e+17
2.4450000000000003	1.3464458776988749e+17
2.4460000000000006	1.188977701189146e+17
2.4470000000000005	1.0590314342268138e+17
2.4480000000000004	1.0726117823686299e+17
2.4490000000000003	1.2406814801893069e+17
2.4500000000000006	1.1826136818869565e+17
2.4510000000000005	1.2452847156804843e+17
2.4520000000000004	1.2602620983529766e+17
2.4530000000000003	1.2068528913205882e+17
2.4540000000000006	1.3291523407325285e+17
2.4550000000000005	1.276745892822041e+17
2.4560000000000004	1.2626616266297776e+17
2.4570000000000003	1.2417020179239755e+17
2.4580000000000006	1.312819467696239e+17
2.4590000000000005	1.2810362558174502e+17
2.4600000000000004	1.3236330284624346e+17
2.4610000000000003	1.3056424475646757e+17
2.4620000000000006	1.3462952611008347e+17
2.4630000000000005	1.2330724312960682e+17
2.4640000000000004	1.4295099077177109e+17
2.4650000000000003	1.2444311601783093e+17
2.4660000000000006	1.317753520291956e+17
2.4670000000000005	1.3104451385763242e+17
2.4680000000000004	1.3193427106238662e+17
2.4690000000000003	1.3145947984304797e+17
2.4700000000000006	1.281024819287325e+17
2.4710000000000005	1.3279220410859566e+17
2.4720000000000004	1.2024732023820504e+17
2.4730000000000003	1.351134589197807e+17
2.4740000000000006	1.3711158771335976e+17
2.4750000000000005	1.2948489510193546e+17
2.4760000000000004	1.129352801586336e+17
2.4770000000000003	1.4233679973010104e+17
2.4780000000000006	1.3571718958758565e+17
2.4790000000000005	9.834122147552522e+16
2.4800000000000004	1.1174770490084408e+17
2.4810000000000003	1.1489728720025392e+17
2.4820000000000007	1.0943915917402984e+17
2.4830000000000005	1.0964916565220472e+17
2.4840000000000004	1.2612100991470139e+17
2.4850000000000003	1.0597755139496203e+17
2.4860000000000007	9.866159466923099e+16
2.4870000000000005	9.773742754876218e+16
2.4880000000000004	9.865678396102299e+16
2.4890000000000003	9.922058998324786e+16
2.4900000000000007	1.0981342568123654e+17
2.4910000000000005	1.0115018139798952e+17
2.4920000000000004	1.0454951309510315e+17
2.4930000000000003	9.955629707107554e+16
2.4940000000000007	1.097020121249959e+17
2.4950000000000006	1.0522557183960198e+17
2.4960000000000004	1.0651165800811187e+17
2.4970000000000003	1.0237093159950587e+17
2.4980000000000007	1.05494730276273e+17
2.4990000000000006	1.0829969630895171e+17
2.5000000000000004	9.854610012233026e+16
2.5010000000000003	1.0519514170552186e+17
2.5020000000000007	1.126966088570107e+17
2.5030000000000006	1.0632444819380821e+17
2.5040000000000004	1.0241428427843176e+17
2.5050000000000003	1.1377402851436675e+17
2.5060000000000007	1.0808242478183886e+17
2.5070000000000006	1.0551643466628382e+17
2.5080000000000005	1.0692026103132186e+17
2.5090000000000003	1.0365964230466189e+17
2.5100000000000007	1.1629596071399206e+17
2.5110000000000006	9.837481343157102e+16
2.5120000000000005	1.0392705492723162e+17
2.5130000000000003	1.0285954668324741e+17
2.5140000000000007	9.662872817295144e+16
2.5150000000000006	9.548442533793562e+16
2.5160000000000005	1.0678498114386816e+17
2.5170000000000003	1.0796602158745755e+17
2.5180000000000007	9.730396485838438e+16
2.5190000000000006	1.06531209099519e+17
2.5200000000000005	1.0368184069218032e+17
2.5210000000000004	1.1121300695563051e+17
2.5220000000000002	1.0596904231725898e+17
2.5230000000000006	1.063111355686123e+17
2.5240000000000005	1.005327286121553e+17
2.5250000000000004	1.015165421784148e+17
2.5260000000000002	1.0300925555964326e+17
2.5270000000000006	1.0044750807529648e+17
2.5280000000000005	1.0101904973667155e+17
2.5290000000000004	1.0680271778977669e+17
2.5300000000000002	1.0601361796265469e+17
2.5310000000000006	1.0910001891800042e+17
2.5320000000000005	1.105243421601125e+17
2.5330000000000004	1.0095692744603282e+17
2.5340000000000003	1.0695982730814302e+17
2.5350000000000006	1.1593252069376747e+17
2.5360000000000005	1.0831873671549554e+17
2.5370000000000004	9.990257662651226e+16
2.5380000000000003	1.1515099498198952e+17
2.5390000000000006	1.0428809554049525e+17
2.5400000000000005	1.1000805449000728e+17
2.5410000000000004	1.0884704769143802e+17
2.5420000000000003	1.0240568930442949e+17
2.5430000000000006	1.114294154376169e+17
2.5440000000000005	1.0352792330436851e+17
2.5450000000000004	1.1129777628012202e+17
2.5460000000000003	1.1070984989689075e+17
2.5470000000000006	9.408755045358227e+16
2.5480000000000005	1.0026643631952379e+17
2.5490000000000004	1.1326132475886619e+17
2.5500000000000003	1.077112856766766e+17
2.5510000000000006	1.0060775518584477e+17
2.5520000000000005	9.839353143962173e+16
2.5530000000000004	1.0744037742222547e+17
2.5540000000000003	1.101620690088675e+17
2.5550000000000006	9.861608439882192e+16
2.5560000000000005	1.0132796325312658e+17
2.5570000000000004	1.0418250331572472e+17
2.5580000000000003	1.107249616710649e+17
2.5590000000000006	1.1219934113020429e+17
2.5600000000000005	1.1022874262696808e+17
2.5610000000000004	1.0648021122574125e+17
2.5620000000000003	1.006385958291266e+17
2.5630000000000006	1.1033951638622622e+17
2.5640000000000005	1.119444305932468e+17
2.5650000000000004	1.0566951719698922e+17
2.5660000000000003	1.0051284261680472e+17
2.5670000000000006	1.0740093713958762e+17
2.5680000000000005	1.1957833592345997e+17
2.5690000000000004	1.0647556681475515e+17
2.5700000000000003	1.08512335600734e+17
2.5710000000000006	1.0663934238106437e+17
2.5720000000000005	1.1487482525289973e+17
2.5730000000000004	1.0776760898887146e+17
2.5740000000000003	1.0823947977673192e+17
2.5750000000000006	1.0484005233572552e+17
2.5760000000000005	1.1166842116224374e+17
2.5770000000000004	1.1458719938830365e+17
2.5780000000000003	1.022288235400583e+17
2.5790000000000006	1.1253543856933363e+17
2.5800000000000005	1.083000616274275e+17
2.5810000000000004	1.0971171692471301e+17
2.5820000000000003	9.153885052259574e+16
2.5830000000000006	1.0524375201272546e+17
2.5840000000000005	1.0790222624305885e+17
2.5850000000000004	1.0557434707597645e+17
2.5860000000000003	1.0352202047562856e+17
2.5870000000000006	1.1829748189170291e+17
2.5880000000000005	1.1365806677950222e+17
2.5890000000000004	1.0601993590031093e+17
2.5900000000000003	1.0829668668862589e+17
2.5910000000000006	1.0799256658506349e+17
2.5920000000000005	1.1670632443173902e+17
2.5930000000000004	1.1162147589999678e+17
2.5940000000000003	1.1273690432374507e+17
2.5950000000000006	1.0612402172305523e+17
2.5960000000000005	1.1065428708594443e+17
2.5970000000000004	1.1401784116436989e+17
2.5980000000000003	1.1430898114198051e+17
2.5990000000000006	1.1453735991606867e+17
