# Flux units: erg / (cm m2 s)
# Wavelength units: micron
wave	flux
0.7000000000000002	2068362544505120.8
0.7010000000000002	2138763559027266.0
0.7020000000000002	2259617345223844.5
0.7030000000000002	2410240499735656.0
0.7040000000000002	2593694946134952.0
0.7050000000000002	2742230560125716.0
0.7060000000000002	2182357467064880.0
0.7070000000000002	2276072615860250.5
0.7080000000000002	2392135979436750.5
0.7090000000000001	2267425476713233.5
0.7100000000000001	2196802862170139.5
0.7110000000000001	2328174363035528.5
0.7120000000000001	2431391666890081.5
0.7130000000000001	2207833700788944.8
0.7140000000000001	2238561007829331.5
0.7150000000000001	2375086457494321.0
0.7160000000000001	2443633658875194.0
0.7170000000000001	2491501493067146.0
0.7180000000000001	2603906713623010.0
0.7190000000000001	2700252606362339.5
0.7200000000000001	2666352226523341.0
0.7210000000000001	2682418057485984.0
0.7220000000000001	2756564934757402.0
0.7230000000000001	2810724008188864.5
0.7240000000000001	2858672336197353.5
0.7250000000000001	2932058865405568.5
0.7260000000000001	3009129765544407.5
0.7270000000000001	3028003447153663.0
0.7280000000000001	3008375537963384.5
0.7290000000000001	3084284942632379.0
0.7300000000000001	3111061305669159.0
0.7310000000000001	3131917623096378.5
0.7320000000000001	3124972629189196.5
0.7330000000000001	3124359140597788.0
0.7340000000000001	3010463951152779.0
0.7350000000000001	2851577356409145.0
0.7360000000000001	2782096379788869.0
0.7370000000000001	2710455705847910.5
0.7380000000000001	2641984904371871.5
0.7390000000000001	2586411357231713.0
0.7400000000000001	2360660094037962.5
0.7410000000000001	2258419472712705.0
0.7420000000000001	2187207142037936.0
0.7430000000000001	2199504073836350.5
0.7440000000000001	2178782616240866.0
0.7450000000000001	2028629553556882.8
0.7460000000000001	1870220640434755.0
0.7470000000000001	1903984756051895.5
0.7480000000000001	1976898883330343.5
0.7490000000000001	1883580848298083.8
0.7500000000000001	1644609943476453.0
0.7510000000000001	1661053784034259.2
0.7520000000000001	1774548044483751.8
0.7530000000000001	1520365587321747.2
0.7540000000000001	1419544844890472.0
0.7550000000000001	1666962921571749.5
0.7560000000000001	1281096818586404.0
0.7570000000000001	1328402884566156.8
0.7580000000000001	1214671471869560.5
0.7590000000000001	974673107197782.2
0.7600000000000001	861426733951430.6
0.7610000000000001	704829907795556.6
0.7620000000000001	515357554345145.75
0.7630000000000001	297060256981978.1
0.7640000000000001	128341266378361.78
0.7650000000000001	38289051057201.04
0.7660000000000001	6841655863894.031
0.7670000000000001	2666023354188.0923
0.7680000000000001	19629063042700.23
0.7690000000000001	23615181968236.727
0.7700000000000001	3928605349354.888
0.7710000000000001	27879746073112.996
0.7720000000000001	95334202175574.5
0.7730000000000001	174498695297118.62
0.7740000000000001	382093968165791.7
0.7750000000000001	645858343981843.9
0.7760000000000001	903649469427432.5
0.7770000000000001	1165547375918564.5
0.7780000000000001	1397052884966305.0
0.7790000000000001	1485936644617657.0
0.7800000000000001	632100790719389.0
0.7810000000000001	1495097245134324.2
0.7820000000000001	2060794632549691.8
0.7830000000000001	2295180519336026.5
0.7840000000000001	2496382915228053.0
0.7850000000000001	2637040536563512.0
0.7860000000000001	2793639111130959.5
0.7870000000000001	2762369477135731.0
0.7880000000000001	2886340151419921.5
0.7890000000000001	3124264749443182.0
0.7900000000000001	2965863933770011.5
0.7910000000000001	3066844812760526.5
0.7920000000000001	3119755356276517.0
0.7930000000000001	3345175902617336.5
0.7940000000000002	3054508603350691.5
0.7950000000000002	1530879649747786.2
0.7960000000000002	3358588941256164.5
0.7970000000000002	3590976435299197.0
0.7980000000000002	3724236468676867.5
0.7990000000000002	3588508110473857.0
0.8000000000000002	3830193990140038.0
0.8010000000000002	4070731017079444.5
0.8020000000000002	4451449726868069.5
0.8030000000000002	4712953885827480.0
0.8040000000000002	4985948244107357.0
0.8050000000000002	5279506266019912.0
0.8060000000000002	5495325899950000.0
0.8070000000000002	5807698189470041.0
0.8080000000000002	6175278295253664.0
0.8090000000000002	6541468461900961.0
0.8100000000000002	6838436287490728.0
0.8110000000000002	7185238131712985.0
0.8120000000000002	7476015365691238.0
0.8130000000000002	7769006445809613.0
0.8140000000000002	8144470921123582.0
0.8150000000000002	8432382064137297.0
0.8160000000000002	8645546151394150.0
0.8170000000000002	8799373035915907.0
0.8180000000000002	8079431238404073.0
0.8190000000000002	7211338492771874.0
0.8200000000000002	6847044696637364.0
0.8210000000000002	8838512850588982.0
0.8220000000000002	9192778664205134.0
0.8230000000000002	9500769788087646.0
0.8240000000000002	9899560946484400.0
0.8250000000000002	1.0023169235111462e+16
0.8260000000000002	1.0150597457244828e+16
0.8270000000000002	1.048047233680189e+16
0.8280000000000002	1.0317582600370304e+16
0.8290000000000002	1.019016527064753e+16
0.8300000000000002	1.0318098547443996e+16
0.8310000000000002	1.0456977170183318e+16
0.8320000000000002	1.0722707677835238e+16
0.8330000000000002	1.0918891701238914e+16
0.8340000000000002	1.0986828316300886e+16
0.8350000000000002	1.1128707760745846e+16
0.8360000000000002	1.1314772005901458e+16
0.8370000000000002	1.1561797213878178e+16
0.8380000000000002	1.1484006755903778e+16
0.8390000000000002	1.1327917696781196e+16
0.8400000000000002	1.1831289914262838e+16
0.8410000000000002	1.2051255923016332e+16
0.8420000000000002	1.2142810431123218e+16
0.8430000000000002	1.1926889167612804e+16
0.8440000000000002	1.054088202611504e+16
0.8450000000000002	1.0352477383409048e+16
0.8460000000000002	1.0081067098347576e+16
0.8470000000000002	1.0139748683009284e+16
0.8480000000000002	1.047274123855512e+16
0.8490000000000002	1.0847489489736432e+16
0.8500000000000002	1.090074858016964e+16
0.8510000000000002	1.0855758274787666e+16
0.8520000000000002	7505737518805834.0
0.8530000000000002	1.0325775554027484e+16
0.8540000000000002	1.1155638673057816e+16
0.8550000000000002	1.152071455519901e+16
0.8560000000000002	1.1694388147978574e+16
0.8570000000000002	1.1619477937569754e+16
0.8580000000000002	1.1752809372577344e+16
0.8590000000000002	1.1898163004748162e+16
0.8600000000000002	1.1842437986276298e+16
0.8610000000000002	1.132972272358101e+16
0.8620000000000002	1.0028350707983182e+16
0.8630000000000002	9464798759585288.0
0.8640000000000002	9712159803320442.0
0.8650000000000002	1.068113660113922e+16
0.8660000000000002	1.086292838842769e+16
0.8670000000000001	1.1302003534591102e+16
0.8680000000000001	1.0961795619775598e+16
0.8690000000000001	1.0698851600245602e+16
0.8700000000000001	1.0457150202326826e+16
0.8710000000000001	1.0416783425609274e+16
0.8720000000000001	1.0978403684630166e+16
0.8730000000000001	1.1368040354869926e+16
0.8740000000000001	1.1418096530358438e+16
0.8750000000000001	1.1579952093221084e+16
0.8760000000000001	1.2468456119674116e+16
0.8770000000000001	1.2437538963010758e+16
0.8780000000000001	1.3234013120019508e+16
0.8790000000000001	1.32257611723475e+16
0.8800000000000001	1.3820592656974426e+16
0.8810000000000001	1.3407099443575862e+16
0.8820000000000001	1.5128813647810564e+16
0.8830000000000001	1.3896923641990826e+16
0.8840000000000001	1.599862486710663e+16
0.8850000000000001	1.4788462290796036e+16
0.8860000000000001	1.465209668129516e+16
0.8870000000000001	1.308965176301641e+16
0.8880000000000001	1.3265389991161648e+16
0.8890000000000001	1.3230569603690128e+16
0.8900000000000001	1.3675036064926116e+16
0.8910000000000001	1.4324208201407562e+16
0.8920000000000001	1.4952701491536908e+16
0.8930000000000001	1.4853570946612322e+16
0.8940000000000001	1.3994800988861356e+16
0.8950000000000001	1.1329139380651586e+16
0.8960000000000001	1.5577550288936906e+16
0.8970000000000001	1.5327398274707598e+16
0.8980000000000001	1.6265310508902322e+16
0.8990000000000001	1.7370525815349236e+16
0.9000000000000001	1.7095842576156134e+16
0.9010000000000001	1.8286803686116332e+16
0.9020000000000001	1.7700671633076552e+16
0.9030000000000001	1.713269051223406e+16
0.9040000000000001	1.8667894156742924e+16
0.9050000000000001	1.9171037544109748e+16
0.9060000000000001	1.7728039236300114e+16
0.9070000000000001	1.910085608556425e+16
0.9080000000000001	1.9607224742516972e+16
0.9090000000000001	1.985274458459817e+16
0.9100000000000001	2.1122026113335656e+16
0.9110000000000001	2.0991958388216812e+16
0.9120000000000001	2.2791999086824336e+16
0.9130000000000001	2.2376834812542508e+16
0.9140000000000001	2.148329209870442e+16
0.9150000000000001	2.3185486819239844e+16
0.9160000000000001	2.4274051674802844e+16
0.9170000000000001	2.539141350910724e+16
0.9180000000000001	2.3251734882941444e+16
0.9190000000000002	2.591115162228464e+16
0.9200000000000002	2.546160951109702e+16
0.9210000000000002	2.255552561358467e+16
0.9220000000000002	2.2074926499791944e+16
0.9230000000000002	2.1281490174609812e+16
0.9240000000000002	2.128699555083759e+16
0.9250000000000002	2.105079077172551e+16
0.9260000000000002	2.1643880203063348e+16
0.9270000000000002	2.1625861051035536e+16
0.9280000000000002	1.9361376531639588e+16
0.9290000000000002	1.9947096262393404e+16
0.9300000000000002	1.890519448386114e+16
0.9310000000000002	2.0524926734318308e+16
0.9320000000000002	2.021698745161471e+16
0.9330000000000002	2.092983787363175e+16
0.9340000000000002	2.11344159052513e+16
0.9350000000000002	2.0565512327042616e+16
0.9360000000000002	2.1711970137749916e+16
0.9370000000000002	2.1403041884773756e+16
0.9380000000000002	2.2438245143595588e+16
0.9390000000000002	2.261944249021641e+16
0.9400000000000002	2.2152835819704772e+16
0.9410000000000002	2.3314615886423824e+16
0.9420000000000002	2.3321408509642744e+16
0.9430000000000002	2.3878001889573268e+16
0.9440000000000002	2.3146002451654148e+16
0.9450000000000002	2.435483663206945e+16
0.9460000000000002	2.4064641235423544e+16
0.9470000000000002	2.4487290088475204e+16
0.9480000000000002	2.5065391075638412e+16
0.9490000000000002	2.6331053373539616e+16
0.9500000000000002	2.502274601551983e+16
0.9510000000000002	2.5549690583693264e+16
0.9520000000000002	2.492181341027925e+16
0.9530000000000002	2.6673505309850576e+16
0.9540000000000002	2.5291752426649136e+16
0.9550000000000002	2.447770812372424e+16
0.9560000000000002	2.5480674423997612e+16
0.9570000000000002	2.4625467787926028e+16
0.9580000000000002	2.603506536680085e+16
0.9590000000000002	2.516607552089776e+16
0.9600000000000002	2.4190104041027412e+16
0.9610000000000002	2.469312275183048e+16
0.9620000000000002	2.4930871889945676e+16
0.9630000000000002	2.5796719959408116e+16
0.9640000000000002	2.251715920386451e+16
0.9650000000000002	2.434468439253512e+16
0.9660000000000002	2.643271966226702e+16
0.9670000000000002	2.5817699678055316e+16
0.9680000000000002	2.47611076806628e+16
0.9690000000000002	2.660179062078515e+16
0.9700000000000002	2.814372738570139e+16
0.9710000000000002	2.5919116184688668e+16
0.9720000000000002	2.702072828338695e+16
0.9730000000000002	2.478559341313699e+16
0.9740000000000002	2.582787432599652e+16
0.9750000000000002	2.6388169888421264e+16
0.9760000000000002	2.721498475307791e+16
0.9770000000000002	2.7723868072697024e+16
0.9780000000000002	2.83512844839615e+16
0.9790000000000002	2.6441860309123324e+16
0.9800000000000002	3.0006012338663424e+16
0.9810000000000002	2.911489341478639e+16
0.9820000000000002	2.897241320511018e+16
0.9830000000000002	2.9155909005033624e+16
0.9840000000000002	2.882386740056606e+16
0.9850000000000002	3.001130135672077e+16
0.9860000000000002	3.2204140919243612e+16
0.9870000000000002	3.0954910290560756e+16
0.9880000000000002	3.3514161262241956e+16
0.9890000000000002	3.3722227259192296e+16
0.9900000000000002	2.3140025291471252e+16
0.9910000000000002	1.826034221364948e+16
0.9920000000000002	1.7916696454773794e+16
0.9930000000000002	1.9418218083905716e+16
0.9940000000000002	2.1478471643120212e+16
0.9950000000000002	2.2774441843139016e+16
0.9960000000000002	2.2236314472936428e+16
0.9970000000000002	2.383517518629294e+16
0.9980000000000002	2.096034285135263e+16
0.9990000000000002	1.9605262123729476e+16
1.0000000000000002	2.1617404550409616e+16
1.0010000000000001	2.1406907278378452e+16
1.0020000000000002	2.184509651034273e+16
1.0030000000000001	2.2740872649001148e+16
1.0040000000000002	2.1757933209910188e+16
1.0050000000000001	2.2323387974655004e+16
1.0060000000000002	1.990662481735584e+16
1.0070000000000001	2.221313447085032e+16
1.0080000000000002	2.410339610266705e+16
1.0090000000000001	2.320245193036409e+16
1.0100000000000002	2.594943730579343e+16
1.0110000000000001	2.328393231090524e+16
1.0120000000000002	2.419255667667635e+16
1.0130000000000001	2.6475544484943708e+16
1.0140000000000002	2.251388013943237e+16
1.0150000000000001	2.539478247201058e+16
1.0160000000000002	2.3526089753351468e+16
1.0170000000000001	2.3985735008793416e+16
1.0180000000000002	2.6718900592633132e+16
1.0190000000000001	2.447528194496772e+16
1.0200000000000002	2.4439520565170388e+16
1.0210000000000001	2.79400675622242e+16
1.0220000000000002	2.3775063337823156e+16
1.0230000000000001	2.628445619721916e+16
1.0240000000000002	3.059733008415748e+16
1.0250000000000001	2.6738208842947656e+16
1.0260000000000002	2.273806068457336e+16
1.0270000000000001	2.3871794060587828e+16
1.0280000000000002	2.3317191070282e+16
1.0290000000000001	2.411174518548273e+16
1.0300000000000002	2.5033033199962172e+16
1.0310000000000001	2.7874323067633376e+16
1.0320000000000003	2.6293401722645332e+16
1.0330000000000001	2.5790066495729508e+16
1.0340000000000003	2.6385145719144388e+16
1.0350000000000001	2.6165163691949064e+16
1.0360000000000003	2.9377544447743724e+16
1.0370000000000001	2.922191219019469e+16
1.0380000000000003	2.9276446818798436e+16
1.0390000000000001	2.767505577925175e+16
1.0400000000000003	2.8091567777480856e+16
1.0410000000000001	3.4300810712004364e+16
1.0420000000000003	2.7833353602009584e+16
1.0430000000000001	2.574793041723653e+16
1.0440000000000003	3.0962236152965636e+16
1.0450000000000002	3.177018539670829e+16
1.0460000000000003	3.279258740669812e+16
1.0470000000000002	2.5535955378064664e+16
1.0480000000000003	2.6612813316029012e+16
1.0490000000000002	3.00920102813918e+16
1.0500000000000003	2.8906056210110492e+16
1.0510000000000002	2.723490337560392e+16
1.0520000000000003	2.5396167585494524e+16
1.0530000000000002	2.7384681212790456e+16
1.0540000000000003	2.870911214247689e+16
1.0550000000000002	2.780265143227424e+16
1.0560000000000003	2.555657180269201e+16
1.0570000000000002	2.4863371610901304e+16
1.0580000000000003	2.7925385025688696e+16
1.0590000000000002	2.602290239016086e+16
1.0600000000000003	2.7801155297759836e+16
1.0610000000000002	2.6394414637487276e+16
1.0620000000000003	2.778752043188586e+16
1.0630000000000002	2.927016267955591e+16
1.0640000000000003	2.977173854721266e+16
1.0650000000000002	2.896783412485149e+16
1.0660000000000003	2.8626497538816652e+16
1.0670000000000002	2.835771787070279e+16
1.0680000000000003	2.9884835812724732e+16
1.0690000000000002	3.0861540076522428e+16
1.0700000000000003	3.179234865008957e+16
1.0710000000000002	2.9813778321515856e+16
1.0720000000000003	3.451739069077981e+16
1.0730000000000002	3.269794213642381e+16
1.0740000000000003	3.1587765032733384e+16
1.0750000000000002	3.573861153011446e+16
1.0760000000000003	3.2723471047378776e+16
1.0770000000000002	3.4591150495781824e+16
1.0780000000000003	3.8815882458100344e+16
1.0790000000000002	3.6646256877566584e+16
1.0800000000000003	3.5042391574430336e+16
1.0810000000000002	3.30971174913458e+16
1.0820000000000003	3.4595726961085644e+16
1.0830000000000002	4.015039835950913e+16
1.0840000000000003	4.487365384059269e+16
1.0850000000000002	3.3237672144824936e+16
1.0860000000000003	3.5140260602269416e+16
1.0870000000000002	3.8045092808809336e+16
1.0880000000000003	4.1212208431855144e+16
1.0890000000000002	3.759520146756402e+16
1.0900000000000003	4.276421633866885e+16
1.0910000000000002	3.603259410859215e+16
1.0920000000000003	3.804205121335936e+16
1.0930000000000002	4.002907439814979e+16
1.0940000000000003	4.05739581496519e+16
1.0950000000000002	3.960831818095059e+16
1.0960000000000003	3.7933659218782584e+16
1.0970000000000002	3.9214472492112056e+16
1.0980000000000003	3.527651180481681e+16
1.0990000000000002	3.873851636829132e+16
1.1000000000000003	3.814832952065254e+16
1.1010000000000002	4.047568625668942e+16
1.1020000000000003	3.770513624291406e+16
1.1030000000000002	3.5734313027796816e+16
1.104	3.437851346967533e+16
1.1050000000000002	3.242281495626526e+16
1.106	3.37514898339395e+16
1.1070000000000002	3.3623923123685484e+16
1.108	3.356643802714504e+16
1.1090000000000002	3.5225761777076696e+16
1.11	3.454793144811271e+16
1.1110000000000002	3.2759015719313184e+16
1.112	3.606858551192727e+16
1.1130000000000002	3.371924582768435e+16
1.114	3.555624329505771e+16
1.1150000000000002	3.5981332548181764e+16
1.116	3.6754205359301464e+16
1.1170000000000002	3.531407812611236e+16
1.118	3.673160969632559e+16
1.1190000000000002	3.64717511369219e+16
1.12	3.530960899054287e+16
1.1210000000000002	3.5624284784351772e+16
1.122	3.511254509997615e+16
1.1230000000000002	3.877526487473696e+16
1.124	3.926035545690713e+16
1.1250000000000002	3.800516211093029e+16
1.1260000000000001	4.092130303710269e+16
1.1270000000000002	4.141730642886882e+16
1.1280000000000001	3.775628968084362e+16
1.1290000000000002	4.0199480008635384e+16
1.1300000000000001	3.611960758523856e+16
1.1310000000000002	3.955532841280102e+16
1.1320000000000001	3.901792630313558e+16
1.1330000000000002	3.967538044713581e+16
1.1340000000000001	3.560397498030606e+16
1.1350000000000002	3.1574974856106364e+16
1.1360000000000001	3.5183716799740104e+16
1.1370000000000002	3.323036353954322e+16
1.1380000000000001	2.754503311207874e+16
1.1390000000000002	2.8213000803098868e+16
1.1400000000000001	2.8300927124235276e+16
1.1410000000000002	2.448083504930485e+16
1.1420000000000001	3.3001570457212868e+16
1.1430000000000002	3.5852551403261456e+16
1.1440000000000001	3.5729644515697764e+16
1.1450000000000002	3.8366266093792696e+16
1.1460000000000001	3.897650546646134e+16
1.1470000000000002	4.11375221999352e+16
1.1480000000000001	3.971693721929114e+16
1.1490000000000002	4.48263360399446e+16
1.1500000000000001	4.416588894310299e+16
1.1510000000000002	4.347025381906866e+16
1.1520000000000001	4.327587829412849e+16
1.1530000000000002	4.20436177623045e+16
1.1540000000000001	3.983175329899979e+16
1.1550000000000002	4.248512294624694e+16
1.1560000000000001	4.158915484012477e+16
1.1570000000000003	4.1637179179513944e+16
1.1580000000000001	4.323061988592869e+16
1.1590000000000003	4.327395279385633e+16
1.1600000000000001	4.008180660274267e+16
1.1610000000000003	3.820743970571732e+16
1.1620000000000001	4.127048059158453e+16
1.1630000000000003	4.363286018472653e+16
1.1640000000000001	3.854194047499158e+16
1.1650000000000003	4.145359450726619e+16
1.1660000000000001	3.7227587669057976e+16
1.1670000000000003	3.774936202469209e+16
1.1680000000000001	3.230039504233754e+16
1.1690000000000003	2.0886821366579784e+16
1.1700000000000002	2.6738057656844256e+16
1.1710000000000003	3.4497289631253492e+16
1.1720000000000002	3.633439223574902e+16
1.1730000000000003	3.731530995954263e+16
1.1740000000000002	3.384522048161639e+16
1.1750000000000003	3.3411777533416468e+16
1.1760000000000002	2.948580899228207e+16
1.1770000000000003	2.2424288097807424e+16
1.1780000000000002	1.962275729495104e+16
1.1790000000000003	2.9614636999486056e+16
1.1800000000000002	3.2813960675057212e+16
1.1810000000000003	3.485664027077727e+16
1.1820000000000002	3.5038172770654812e+16
1.1830000000000003	3.621197350784147e+16
1.1840000000000002	3.6186264253259896e+16
1.1850000000000003	3.7133386091969864e+16
1.1860000000000002	3.9329439783733224e+16
1.1870000000000003	4.06847982241539e+16
1.1880000000000002	3.904722293454566e+16
1.1890000000000003	3.5846947404094308e+16
1.1900000000000002	4.058084237497228e+16
1.1910000000000003	4.1230103451820936e+16
1.1920000000000002	4.0980832668704744e+16
1.1930000000000003	4.324713323897904e+16
1.1940000000000002	3.864915742162591e+16
1.1950000000000003	3.90773674970927e+16
1.1960000000000002	3.925044050736511e+16
1.1970000000000003	3.805673524716516e+16
1.1980000000000002	3.5012592125309988e+16
1.1990000000000003	3.8406880576852e+16
1.2000000000000002	3.778445712041594e+16
1.2010000000000003	3.872812280570513e+16
1.2020000000000002	3.879405345021637e+16
1.2030000000000003	4.009954956647776e+16
1.2040000000000002	4.166058179115752e+16
1.2050000000000003	4.0489124395769256e+16
1.2060000000000002	4.662826330618802e+16
1.2070000000000003	4.112879882203804e+16
1.2080000000000002	4.35250900663955e+16
1.2090000000000003	4.1160292841067864e+16
1.2100000000000002	4.51994919002387e+16
1.2110000000000003	3.956041567914922e+16
1.2120000000000002	4.2307816339792e+16
1.2130000000000003	4.2646512909215896e+16
1.2140000000000002	4.687320700162584e+16
1.2150000000000003	4.606248052598438e+16
1.2160000000000002	4.512100736698881e+16
1.2170000000000003	4.6672697475176776e+16
1.2180000000000002	4.754050099328678e+16
1.2190000000000003	4.608431242382607e+16
1.2200000000000002	4.3984378030988424e+16
1.2210000000000003	4.422285324837961e+16
1.2220000000000002	4.4899677532900264e+16
1.2230000000000003	4.566058564058034e+16
1.2240000000000002	4.604085703168478e+16
1.2250000000000003	4.773581843607268e+16
1.2260000000000002	4.863215941960408e+16
1.2270000000000003	4.847043936431723e+16
1.2280000000000002	4.890993055734228e+16
1.2290000000000003	4.8081454101896296e+16
1.2300000000000002	4.740708628477889e+16
1.2310000000000003	4.879810651083329e+16
1.2320000000000002	4.664216145808829e+16
1.2330000000000003	4.636459059946381e+16
1.2340000000000002	4.7899181333279736e+16
1.2350000000000003	4.623106548344745e+16
1.2360000000000002	4.711145063920295e+16
1.2370000000000003	4.817515319858312e+16
1.2380000000000002	4.767111502836348e+16
1.2390000000000003	4.484061927545681e+16
1.2400000000000002	4.417947844546938e+16
1.2410000000000003	3.889007378088096e+16
1.2420000000000002	3.777182277635957e+16
1.2430000000000003	3.2917527713254944e+16
1.2440000000000002	3.031718128966096e+16
1.2450000000000003	4.131147234995017e+16
1.2460000000000002	4.271599426068452e+16
1.2470000000000003	4.460174849278134e+16
1.2480000000000002	4.320218320858625e+16
1.2490000000000003	4.416449921644901e+16
1.2500000000000002	4.144983783578857e+16
1.2510000000000003	4.008193656393427e+16
1.2520000000000002	3.072152132585821e+16
1.2530000000000003	2.8718345405402704e+16
1.2540000000000002	3.990142176986309e+16
1.2550000000000003	4.1054011777353896e+16
1.2560000000000002	4.4399080613794824e+16
1.2570000000000003	4.515421950838625e+16
1.2580000000000002	4.52399766366342e+16
1.2590000000000003	4.569151955740833e+16
1.2600000000000002	4.571548804885591e+16
1.2610000000000001	4.74020069566022e+16
1.2620000000000002	4.596794282794119e+16
1.2630000000000001	4.659186196116859e+16
1.2640000000000002	4.3809372954164216e+16
1.2650000000000001	4.581821523314051e+16
1.2660000000000002	4.727233061360184e+16
1.2670000000000001	4.905348850657326e+16
1.2680000000000002	4.913222700345823e+16
1.2690000000000001	4.9528391306423864e+16
1.2700000000000002	4.656488752230893e+16
1.2710000000000001	4.629806720090356e+16
1.2720000000000002	5.090584138577065e+16
1.2730000000000001	5.003986109128603e+16
1.2740000000000002	4.655017407745881e+16
1.2750000000000001	4.597818287934815e+16
1.2760000000000002	4.973573385726096e+16
1.2770000000000001	4.845879672495348e+16
1.2780000000000002	4.820743040559925e+16
1.2790000000000001	4.982047638767262e+16
1.2800000000000002	4.867742348742838e+16
1.2810000000000001	4.8589437080764456e+16
1.2820000000000003	4.968659501168834e+16
1.2830000000000001	4.796721797165681e+16
1.2840000000000003	4.830264090719045e+16
1.2850000000000001	4.914069025154915e+16
1.2860000000000003	4.455929636939461e+16
1.2870000000000001	4.821901597584117e+16
1.2880000000000003	4.768455939882104e+16
1.2890000000000001	4.535535008988512e+16
1.2900000000000003	4.5244016026537144e+16
1.2910000000000001	4.51009417517288e+16
1.2920000000000003	4.710913573332828e+16
1.2930000000000001	4.600952467865193e+16
1.2940000000000003	4.982762868755197e+16
1.2950000000000002	4.475836121521882e+16
1.2960000000000003	4.8326350712119704e+16
1.2970000000000002	4.833888607736205e+16
1.2980000000000003	4.909096519120469e+16
1.2990000000000002	4.749830941450744e+16
1.3000000000000003	4.815807578935329e+16
1.3010000000000002	4.781025293508049e+16
1.3020000000000003	4.952715970140128e+16
1.3030000000000002	4.966095821010928e+16
1.3040000000000003	5.076013989355305e+16
1.3050000000000002	5.0030274017404504e+16
1.3060000000000003	4.939839808831081e+16
1.3070000000000002	4.716362734208283e+16
1.3080000000000003	4.8393882125850184e+16
1.3090000000000002	4.729005141508894e+16
1.3100000000000003	4.8456060561243496e+16
1.3110000000000002	5.051492340460187e+16
1.3120000000000003	4.79598966192624e+16
1.3130000000000002	4.6107001592494616e+16
1.3140000000000003	4.7237406119870664e+16
1.3150000000000002	4.7695160352482936e+16
1.3160000000000003	4.876205291054771e+16
1.3170000000000002	4.915342684697479e+16
1.3180000000000003	4.810292671193567e+16
1.3190000000000002	5.009047471233504e+16
1.3200000000000003	4.693751935233782e+16
1.3210000000000002	4.745009998494629e+16
1.3220000000000003	4.567089824209373e+16
1.3230000000000002	4.74124963072392e+16
1.3240000000000003	4.599165124020603e+16
1.3250000000000002	4.421411870416956e+16
1.3260000000000003	4.597006408279285e+16
1.3270000000000002	4.158976739341059e+16
1.3280000000000003	4.508937227875536e+16
1.3290000000000002	4.423398068889443e+16
1.3300000000000003	4.120421145728082e+16
1.3310000000000002	3.898282903763582e+16
1.3320000000000003	3.0486718191747348e+16
1.3330000000000002	3.441494987558417e+16
1.3340000000000003	3.4143585571847708e+16
1.3350000000000002	2.3660754911528024e+16
1.3360000000000003	2.4811351242872464e+16
1.3370000000000002	2.035970536715654e+16
1.3380000000000003	2.2300124478881308e+16
1.3390000000000002	2.3321785009915996e+16
1.3400000000000003	2.6477754918974724e+16
1.3410000000000002	2.6593612612196508e+16
1.3420000000000003	2.1476709355446296e+16
1.3430000000000002	2.0329441505979676e+16
1.3440000000000003	2.5626986218768308e+16
1.3450000000000002	2.010920899846773e+16
1.3460000000000003	2.570519987745104e+16
1.3470000000000002	2.0381999530758704e+16
1.3480000000000003	1.6300712129986058e+16
1.3490000000000002	2.427421829571002e+16
1.3500000000000003	2.1854575554690924e+16
1.3510000000000002	1.9834860200159412e+16
1.3520000000000003	1.958142786263346e+16
1.3530000000000002	2.3691040941422464e+16
1.3540000000000003	1.6881356764013584e+16
1.3550000000000002	1.7273819772554542e+16
1.3560000000000003	2.0399242696593036e+16
1.3570000000000002	2.0133660295614936e+16
1.3580000000000003	1.995950233234362e+16
1.3590000000000002	2.1621044116659412e+16
1.3600000000000003	2.124541539842548e+16
1.3610000000000002	2.116008965564768e+16
1.3620000000000003	1.5234114505304854e+16
1.3630000000000002	2.5091123226477416e+16
1.3640000000000003	2.4831173135523852e+16
1.3650000000000002	1.9751497658468204e+16
1.3660000000000003	2.6353309226282216e+16
1.3670000000000002	2.3832844591237376e+16
1.3680000000000003	2.3410014092853816e+16
1.3690000000000002	2.15547516086393e+16
1.3700000000000003	2.313115543015224e+16
1.3710000000000002	2.2037263475940492e+16
1.3720000000000003	2.3522892944913056e+16
1.3730000000000002	2.3037068898623184e+16
1.3740000000000003	2.2602346813165024e+16
1.3750000000000002	2.5127783111940604e+16
1.3760000000000003	2.5898682975222096e+16
1.3770000000000002	2.439275567004938e+16
1.3780000000000003	2.7173072981381456e+16
1.3790000000000002	2.469120101647157e+16
1.3800000000000003	2.81171280218948e+16
1.3810000000000002	2.2769306888434964e+16
1.3820000000000003	2.65813655525409e+16
1.3830000000000002	1.8153835493668176e+16
1.3840000000000003	2.7232650517176948e+16
1.3850000000000002	2.358971136295301e+16
1.3860000000000003	2.226467225119402e+16
1.3870000000000002	2.745237961837156e+16
1.3880000000000003	2.079433056110537e+16
1.3890000000000002	2.7663011211243984e+16
1.3900000000000003	2.4043212885143492e+16
1.3910000000000002	2.0972772067202956e+16
1.3920000000000003	2.2061862423775124e+16
1.3930000000000002	2.256761713585671e+16
1.3940000000000003	2.2549245119535492e+16
1.3950000000000002	2.1449640418580388e+16
1.3960000000000004	2.0721708725008892e+16
1.3970000000000002	2.2649891207087012e+16
1.3980000000000004	1.9701117033450596e+16
1.3990000000000002	2.344613161121886e+16
1.4000000000000004	2.0609200475397836e+16
1.4010000000000002	1.7639603735891042e+16
1.4020000000000004	2.522912846556713e+16
1.4030000000000002	2.357646727968351e+16
1.4040000000000004	2.1195142240931896e+16
1.4050000000000002	2.0194967621147948e+16
1.4060000000000004	2.8118012033605436e+16
1.4070000000000003	2.0148379400491784e+16
1.4080000000000004	2.0959055800456948e+16
1.4090000000000003	1.968601815403961e+16
1.4100000000000004	2.0942202444250024e+16
1.4110000000000003	2.1694139260104084e+16
1.4120000000000004	1.7213119157106506e+16
1.4130000000000003	2.401677150481148e+16
1.4140000000000004	1.8608845718477884e+16
1.4150000000000003	1.972712303172321e+16
1.4160000000000004	2.4472571888715876e+16
1.4170000000000003	2.038029606669962e+16
1.4180000000000001	1.777967488743659e+16
1.4190000000000003	1.7272449345989144e+16
1.4200000000000002	2.2143343831373292e+16
1.4210000000000003	2.2121343829423388e+16
1.4220000000000002	2.048363303692092e+16
1.4230000000000003	1.9165420215207892e+16
1.4240000000000002	1.7056103419552204e+16
1.4250000000000003	2.1069954952297104e+16
1.4260000000000002	1.8609011801014656e+16
1.4270000000000003	2.1644708384617884e+16
1.4280000000000002	1.9659551345779856e+16
1.4290000000000003	1.5192982966538672e+16
1.4300000000000002	2.5267158455397024e+16
1.4310000000000003	2.387485647057502e+16
1.4320000000000002	1.9085500899246868e+16
1.4330000000000003	2.2215107199307824e+16
1.4340000000000002	1.4762137537381762e+16
1.4350000000000003	2.363369974768081e+16
1.4360000000000002	2.3542783928026332e+16
1.4370000000000003	2.1134982800442692e+16
1.4380000000000002	2.255959953917098e+16
1.4390000000000003	2.1663393955143708e+16
1.4400000000000002	2.036161889144449e+16
1.4410000000000003	2.0095468476536468e+16
1.4420000000000002	2.1596552044647132e+16
1.4430000000000003	2.4971648385363916e+16
1.4440000000000002	2.3352242572455172e+16
1.4450000000000003	1.7642541362535532e+16
1.4460000000000002	2.338197048902393e+16
1.4470000000000003	2.047180343168737e+16
1.4480000000000002	2.4601561177325204e+16
1.4490000000000003	2.58806937015172e+16
1.4500000000000002	2.07718640075021e+16
1.4510000000000003	1.8590610281999564e+16
1.4520000000000002	2.882081907842557e+16
1.4530000000000003	2.6585448550585628e+16
1.4540000000000002	2.18338477774633e+16
1.4550000000000003	2.7599473014229052e+16
1.4560000000000002	2.2111247425117804e+16
1.4570000000000003	2.0463364609908984e+16
1.4580000000000002	2.664808468161958e+16
1.4590000000000003	2.8172968815276284e+16
1.4600000000000002	2.7179194216132324e+16
1.4610000000000003	2.631278924347147e+16
1.4620000000000002	2.297693443012905e+16
1.4630000000000003	1.947836103024834e+16
1.4640000000000002	2.694478222503933e+16
1.4650000000000003	2.5964571251323652e+16
1.4660000000000002	2.7509878946014452e+16
1.4670000000000003	2.7954634592684932e+16
1.4680000000000002	2.2605298329610116e+16
1.4690000000000003	2.1704698021207228e+16
1.4700000000000002	2.4473320604468376e+16
1.4710000000000003	2.5665840361908676e+16
1.4720000000000002	2.6773246174384056e+16
1.4730000000000003	2.847423079665052e+16
1.4740000000000002	2.425356480827619e+16
1.4750000000000003	2.425849458079699e+16
1.4760000000000002	2.5478757551614496e+16
1.4770000000000003	2.598320083306852e+16
1.4780000000000002	2.6919864530394372e+16
1.4790000000000003	2.9435066808251636e+16
1.4800000000000002	2.352436257196378e+16
1.4810000000000003	2.7468314193963348e+16
1.4820000000000002	2.325042603655566e+16
1.4830000000000003	2.6680587064715612e+16
1.4840000000000002	2.893596221648416e+16
1.4850000000000003	2.665639429383116e+16
1.4860000000000002	2.6760376466016956e+16
1.4870000000000003	2.791471687060602e+16
1.4880000000000002	2.5946276305644108e+16
1.4890000000000003	2.680662120026291e+16
1.4900000000000002	2.556279335100367e+16
1.4910000000000003	2.9175919885790748e+16
1.4920000000000002	2.748512637135989e+16
1.4930000000000003	2.846416769554815e+16
1.4940000000000002	2.5899554697790196e+16
1.4950000000000003	2.7139847254270564e+16
1.4960000000000002	2.7298285762852976e+16
1.4970000000000003	2.815380342801385e+16
1.4980000000000002	2.868477832792028e+16
1.4990000000000003	2.9547844561788544e+16
1.5000000000000002	2.8766287621947756e+16
1.5010000000000003	2.8665650170469628e+16
1.5020000000000002	2.4833874519488372e+16
1.5030000000000003	3.090499877282724e+16
1.5040000000000002	2.820650070470553e+16
1.5050000000000003	2.9975795183991724e+16
1.5060000000000002	2.945094001610226e+16
1.5070000000000003	3.014875270340505e+16
1.5080000000000002	2.8313844417935404e+16
1.5090000000000003	3.0173949555178652e+16
1.5100000000000002	2.9233684506165324e+16
1.5110000000000003	2.876557958282908e+16
1.5120000000000002	3.1061914721471504e+16
1.5130000000000003	2.860270881938917e+16
1.5140000000000002	2.936317817453864e+16
1.5150000000000003	3.2937951545445052e+16
1.5160000000000002	3.0387834270371028e+16
1.5170000000000003	2.846554956618199e+16
1.5180000000000002	2.9158902507622136e+16
1.5190000000000003	3.052189806978618e+16
1.5200000000000002	3.079971359385967e+16
1.5210000000000004	3.249727554201078e+16
1.5220000000000002	3.119419968969239e+16
1.5230000000000004	3.2083539962207492e+16
1.5240000000000002	3.2446433848874716e+16
1.5250000000000004	3.0280131425892624e+16
1.5260000000000002	3.083405434289249e+16
1.5270000000000004	3.1424731625382036e+16
1.5280000000000002	3.1735855493481864e+16
1.5290000000000004	3.2281490914853504e+16
1.5300000000000002	3.3276194914013916e+16
1.5310000000000004	3.2583678496182464e+16
1.5320000000000003	2.9937465021298104e+16
1.5330000000000004	3.154606757874538e+16
1.5340000000000003	3.4517574202866896e+16
1.5350000000000004	3.2537318066239896e+16
1.5360000000000003	3.3481234637004496e+16
1.5370000000000004	3.2430493644295904e+16
1.5380000000000003	3.2580415830228644e+16
1.5390000000000004	3.492130756397704e+16
1.5400000000000003	3.2852428976653676e+16
1.5410000000000004	3.2371076803087452e+16
1.5420000000000003	3.380788999642357e+16
1.5430000000000004	3.3377058203213412e+16
1.5440000000000003	3.2087290761882932e+16
1.5450000000000004	3.4493322522703564e+16
1.5460000000000003	3.5840457635853736e+16
1.5470000000000004	3.3769847595507124e+16
1.5480000000000003	3.35077827443763e+16
1.5490000000000004	3.4269176464809716e+16
1.5500000000000003	3.483091824350959e+16
1.5510000000000004	3.343352381339729e+16
1.5520000000000003	3.492696450222767e+16
1.5530000000000004	3.527825257752349e+16
1.5540000000000003	3.5367275742032616e+16
1.5550000000000004	3.5013247296155444e+16
1.5560000000000003	3.4365531519575944e+16
1.5570000000000004	3.4529797913357972e+16
1.5580000000000003	3.337071510012475e+16
1.5590000000000004	3.4715610921622012e+16
1.5600000000000003	3.490052979778947e+16
1.5610000000000004	3.484585314373323e+16
1.5620000000000003	3.56944854990003e+16
1.5630000000000004	3.551827172199835e+16
1.5640000000000003	3.568061614011182e+16
1.5650000000000004	3.4577948223643104e+16
1.5660000000000003	3.4061968070904176e+16
1.5670000000000004	3.665317102183879e+16
1.5680000000000003	3.726059254814124e+16
1.5690000000000004	3.565395471152469e+16
1.5700000000000003	3.5739473759835496e+16
1.5710000000000004	3.628966013836574e+16
1.5720000000000003	3.619575340874779e+16
1.5730000000000004	3.626334083903214e+16
1.5740000000000003	3.700081844339821e+16
1.5750000000000004	3.691984117203765e+16
1.5760000000000003	3.656142875582068e+16
1.5770000000000002	3.677330342137316e+16
1.5780000000000003	3.626692744559237e+16
1.5790000000000002	3.640282505534264e+16
1.5800000000000003	3.664635960336674e+16
1.5810000000000002	3.66456406715338e+16
1.5820000000000003	3.6715211433111064e+16
1.5830000000000002	3.752389392986951e+16
1.5840000000000003	3.665885703725275e+16
1.5850000000000002	3.675003882222481e+16
1.5860000000000003	3.788924726224396e+16
1.5870000000000002	3.7243440354099704e+16
1.5880000000000003	3.768963336708388e+16
1.5890000000000002	3.775071270872126e+16
1.5900000000000003	3.689154403460472e+16
1.5910000000000002	3.792484805966345e+16
1.5920000000000003	3.746659385683181e+16
1.5930000000000002	3.736525901559325e+16
1.5940000000000003	3.796175325720863e+16
1.5950000000000002	3.8084785697768184e+16
1.5960000000000003	3.825570619900061e+16
1.5970000000000002	3.796921286621522e+16
1.5980000000000003	3.77209696826418e+16
1.5990000000000002	3.776566263039221e+16
1.6000000000000003	3.821222051932905e+16
1.6010000000000002	3.834317986601664e+16
1.6020000000000003	3.729148864584422e+16
1.6030000000000002	3.8827014871014216e+16
1.6040000000000003	3.8005892480886856e+16
1.6050000000000002	3.800613243966745e+16
1.6060000000000003	3.8057672589885144e+16
1.6070000000000002	3.8482401242711144e+16
1.6080000000000003	3.866773875161584e+16
1.6090000000000002	3.8431375329649384e+16
1.6100000000000003	3.841449746003294e+16
1.6110000000000002	3.799353551979343e+16
1.6120000000000003	3.843332568472988e+16
1.6130000000000002	3.8606408761230536e+16
1.6140000000000003	3.843080764610568e+16
1.6150000000000002	3.8422939553868984e+16
1.6160000000000003	3.844545069003319e+16
1.6170000000000002	3.913807181629021e+16
1.6180000000000003	3.916833982916518e+16
1.6190000000000002	3.799415766551317e+16
1.6200000000000003	3.841050955531916e+16
1.6210000000000002	3.8047729117907944e+16
1.6220000000000003	3.893200672561996e+16
1.6230000000000002	3.89831057015655e+16
1.6240000000000003	3.918194697161596e+16
1.6250000000000002	3.874781825088163e+16
1.6260000000000003	3.856387112083975e+16
1.6270000000000002	3.8996270413286264e+16
1.6280000000000003	3.9105992403047864e+16
1.6290000000000002	3.874175582256848e+16
1.6300000000000003	3.898080929922071e+16
1.6310000000000002	3.850409691358931e+16
1.6320000000000003	3.867847629189465e+16
1.6330000000000002	3.903806926140517e+16
1.6340000000000003	3.905479980008606e+16
1.6350000000000002	3.8760352873894104e+16
1.6360000000000003	3.900426765872149e+16
1.6370000000000002	3.895084569909718e+16
1.6380000000000003	3.9329528260512136e+16
1.6390000000000002	3.907865097504283e+16
1.6400000000000003	3.887769201528585e+16
1.6410000000000002	3.9033123499006856e+16
1.6420000000000003	3.852514071775501e+16
1.6430000000000002	3.87451024152072e+16
1.6440000000000003	3.915430821812948e+16
1.6450000000000002	3.9221915701215016e+16
1.6460000000000004	3.9130523754404e+16
1.6470000000000002	3.901251813579826e+16
1.6480000000000004	3.932335476029572e+16
1.6490000000000002	3.893797529007363e+16
1.6500000000000004	3.87677705232318e+16
1.6510000000000002	3.8686312872321144e+16
1.6520000000000004	3.9084523823958056e+16
1.6530000000000002	3.87711194717416e+16
1.6540000000000004	3.8989337701318344e+16
1.6550000000000002	3.8863916916658296e+16
1.6560000000000004	3.916304562575538e+16
1.6570000000000003	3.915190518016319e+16
1.6580000000000004	3.8960445823869416e+16
1.6590000000000003	3.866081847836245e+16
1.6600000000000004	3.843160488072166e+16
1.6610000000000003	3.865216807502247e+16
1.6620000000000004	3.819556605972364e+16
1.6630000000000003	3.905633232392348e+16
1.6640000000000004	3.904096626213075e+16
1.6650000000000003	3.8913558321078296e+16
1.6660000000000004	3.911459559988106e+16
1.6670000000000003	3.861733733615614e+16
1.6680000000000004	3.851776682836371e+16
1.6690000000000003	3.833941185221271e+16
1.6700000000000004	3.869243042898769e+16
1.6710000000000003	3.869661984982788e+16
1.6720000000000004	3.82427199461081e+16
1.6730000000000003	3.84159744272863e+16
1.6740000000000004	3.856395403046487e+16
1.6750000000000003	3.874606506723095e+16
1.6760000000000004	3.908389302810002e+16
1.6770000000000003	3.827888620123001e+16
1.6780000000000004	3.852588879372253e+16
1.6790000000000003	3.876390561856264e+16
1.6800000000000004	3.842312310115585e+16
1.6810000000000003	3.8707173420446824e+16
1.6820000000000004	3.870857038915555e+16
1.6830000000000003	3.8362159695746936e+16
1.6840000000000004	3.808123394830046e+16
1.6850000000000003	3.8518057801400344e+16
1.6860000000000004	3.8279888407316184e+16
1.6870000000000003	3.758492905338228e+16
1.6880000000000004	3.773780110168687e+16
1.6890000000000003	3.742563166912931e+16
1.6900000000000004	3.813027949103332e+16
1.6910000000000003	3.816375380815979e+16
1.6920000000000004	3.691316379282775e+16
1.6930000000000003	3.769000224166526e+16
1.6940000000000004	3.729685583719135e+16
1.6950000000000003	3.733109995873813e+16
1.6960000000000004	3.725331885468215e+16
1.6970000000000003	3.62622428640934e+16
1.6980000000000004	3.652925607365844e+16
1.6990000000000003	3.665912263746893e+16
1.7000000000000004	3.622876964089112e+16
1.7010000000000003	3.627232962707872e+16
1.7020000000000004	3.716961111531026e+16
1.7030000000000003	3.6796382002849896e+16
1.7040000000000004	3.5626673893726916e+16
1.7050000000000003	3.5903463307177364e+16
1.7060000000000004	3.6655003213952504e+16
1.7070000000000003	3.5830423035435384e+16
1.7080000000000004	3.468825782804218e+16
1.7090000000000003	3.481116210046381e+16
1.7100000000000004	3.66501888601027e+16
1.7110000000000003	3.42043607501554e+16
1.7120000000000004	3.4149330124926388e+16
1.7130000000000003	3.450275995724289e+16
1.7140000000000004	3.388758422452455e+16
1.7150000000000003	3.3876854937069424e+16
1.7160000000000004	3.355266257644558e+16
1.7170000000000003	3.3139453176904104e+16
1.7180000000000004	3.2620824418175028e+16
1.7190000000000003	3.148742830923268e+16
1.7200000000000004	3.289820614186055e+16
1.7210000000000003	3.300025612223809e+16
1.7220000000000004	3.3937044639727732e+16
1.7230000000000003	3.1723629644482748e+16
1.7240000000000004	3.219990043465038e+16
1.7250000000000003	3.3008994303975544e+16
1.7260000000000004	3.2852128992397388e+16
1.7270000000000003	2.8821778502698304e+16
1.7280000000000004	3.1741070226573824e+16
1.7290000000000003	3.1483167727075788e+16
1.7300000000000004	3.1592777914865496e+16
1.7310000000000003	3.238052967218557e+16
1.7320000000000004	2.8013294549533044e+16
1.7330000000000003	3.130865202880682e+16
1.7340000000000002	3.1041421257965644e+16
1.7350000000000003	2.9591201053406344e+16
1.7360000000000002	3.036957748972829e+16
1.7370000000000003	2.7954908549957972e+16
1.7380000000000002	3.04053491685325e+16
1.7390000000000003	3.076427289374754e+16
1.7400000000000002	2.786628712109106e+16
1.7410000000000003	2.636360758580493e+16
1.7420000000000002	3.037673824878011e+16
1.7430000000000003	2.90559248947211e+16
1.7440000000000002	2.854366644307833e+16
1.7450000000000003	2.739563346586241e+16
1.7460000000000002	2.8337879905157708e+16
1.7470000000000003	2.555949829755597e+16
1.7480000000000002	2.7268805730885028e+16
1.7490000000000003	2.914198228213658e+16
1.7500000000000002	2.798429180906435e+16
1.7510000000000003	2.432784461867371e+16
1.7520000000000002	2.720007018328221e+16
1.7530000000000003	2.9116902026441e+16
1.7540000000000002	2.464079597896358e+16
1.7550000000000003	2.6918903462517116e+16
1.7560000000000002	2.2628925267233004e+16
1.7570000000000003	2.577169145205865e+16
1.7580000000000002	2.344541417341592e+16
1.7590000000000003	2.478313431767975e+16
1.7600000000000002	2.9815417326170252e+16
1.7610000000000003	2.3086762480869344e+16
1.7620000000000002	2.487898140892201e+16
1.7630000000000003	2.1630290053607212e+16
1.7640000000000002	2.718989664239576e+16
1.7650000000000003	2.5224240480053836e+16
1.7660000000000002	2.8283244761233176e+16
1.7670000000000003	2.239172135396335e+16
1.7680000000000002	1.853812208189741e+16
1.7690000000000003	2.2043281572970052e+16
1.7700000000000002	2.5364057286433292e+16
1.7710000000000004	2.450203806008141e+16
1.7720000000000002	2.2397039363599136e+16
1.7730000000000004	2.0171390119256696e+16
1.7740000000000002	2.61921313491834e+16
1.7750000000000004	2.1475305361301296e+16
1.7760000000000002	1.9910606369631464e+16
1.7770000000000004	2.1667644733313904e+16
1.7780000000000002	2.241134692678935e+16
1.7790000000000004	2.2755739481315944e+16
1.7800000000000002	2.2683447953831204e+16
1.7810000000000004	1.863017991255186e+16
1.7820000000000003	2.1581907233349772e+16
1.7830000000000004	2.0669521134328724e+16
1.7840000000000003	2.331230583660494e+16
1.7850000000000004	1.847627214040626e+16
1.7860000000000003	1.69968035060139e+16
1.7870000000000004	1.668020691258327e+16
1.7880000000000003	2.0913271883864784e+16
1.7890000000000004	2.2387822991986776e+16
1.7900000000000003	2.4246858017804684e+16
1.7910000000000004	1.7070859246235588e+16
1.7920000000000003	1.8221248969256108e+16
1.7930000000000004	2.077792949257807e+16
1.7940000000000003	1.823596326604116e+16
1.7950000000000004	2.049022463796294e+16
1.7960000000000003	1.7277866387836992e+16
1.7970000000000004	2.061391027801649e+16
1.7980000000000003	2.1811019795856024e+16
1.7990000000000004	2.359436282714762e+16
1.8000000000000003	1.625015980688637e+16
1.8010000000000004	1.4098622591715574e+16
1.8020000000000003	1.6497547190633834e+16
1.8030000000000004	1.782105585840121e+16
1.8040000000000003	2.333652966369808e+16
1.8050000000000004	1.9225430158143444e+16
1.8060000000000003	1.3109573871278438e+16
1.8070000000000004	1.788951500478632e+16
1.8080000000000003	1.884740479039685e+16
1.8090000000000004	1.8504592432790924e+16
1.8100000000000003	2.219180903944443e+16
1.8110000000000004	1.2569245038953424e+16
1.8120000000000003	1.755699384877652e+16
1.8130000000000004	1.5913192013122156e+16
1.8140000000000003	2.5029787281292188e+16
1.8150000000000004	2.0308044318430812e+16
1.8160000000000003	1.628396430834669e+16
1.8170000000000004	1.7164162435283844e+16
1.8180000000000003	1.900375576733367e+16
1.8190000000000004	1.7622090385364936e+16
1.8200000000000003	1.646682605559588e+16
1.8210000000000004	1.648638278101194e+16
1.8220000000000003	1.2004225422448734e+16
1.8230000000000004	1.951980250783738e+16
1.8240000000000003	2.5126996322725656e+16
1.8250000000000004	2.0714879699317004e+16
1.8260000000000003	1.602389495186207e+16
1.8270000000000004	1.7352452155373718e+16
1.8280000000000003	1.671371438283049e+16
1.8290000000000004	2.037865904865763e+16
1.8300000000000003	1.9462082864915348e+16
1.8310000000000004	1.55172648699133e+16
1.8320000000000003	1.8905135181820336e+16
1.8330000000000004	1.673922372996897e+16
1.8340000000000003	2.122916091831047e+16
1.8350000000000004	1.5992678838402136e+16
1.8360000000000003	1.6561282807864718e+16
1.8370000000000004	1.960849419483131e+16
1.8380000000000003	1.6033158001189692e+16
1.8390000000000004	1.812212352938735e+16
1.8400000000000003	1.5747503391845392e+16
1.8410000000000004	2.2269067122611324e+16
1.8420000000000003	1.4315805370389142e+16
1.8430000000000004	1.7580176435432724e+16
1.8440000000000003	1.4915558591826e+16
1.8450000000000004	1.8363787721950556e+16
1.8460000000000003	1.6101650341469772e+16
1.8470000000000004	1.4400512360048576e+16
1.8480000000000003	1.466313222573169e+16
1.8490000000000004	1.6009136146736492e+16
1.8500000000000003	1.3096628416869818e+16
1.8510000000000004	1.816688023175311e+16
1.8520000000000003	1.9990134638263224e+16
1.8530000000000004	1.5550870886861488e+16
1.8540000000000003	1.3511126864629768e+16
1.8550000000000004	1.6945767532743356e+16
1.8560000000000003	1.6787811703006652e+16
1.8570000000000004	1.232227747374425e+16
1.8580000000000003	1.1599561263389434e+16
1.8590000000000004	1.5176068226398682e+16
1.8600000000000003	1.1787244019510312e+16
1.8610000000000004	1.1012947188850304e+16
1.8620000000000003	1.7387042922042758e+16
1.8630000000000004	1.5098819792098642e+16
1.8640000000000003	1.4265662906906656e+16
1.8650000000000004	1.0836383792024442e+16
1.8660000000000003	1.6852957128402918e+16
1.8670000000000004	1.563001410205897e+16
1.8680000000000003	1.0109056581895612e+16
1.8690000000000004	1.9519804893292868e+16
1.8700000000000003	1.65231191157809e+16
1.8710000000000004	1.3385430550507058e+16
1.8720000000000003	1.7521539668875866e+16
1.8730000000000004	1.1467960256001788e+16
1.8740000000000003	1.6747210967443326e+16
1.8750000000000004	1.6965457656010032e+16
1.8760000000000003	1.8000858879699094e+16
1.8770000000000004	1.3221629322712602e+16
1.8780000000000003	1.7553676136527494e+16
1.8790000000000004	1.5966999050463848e+16
1.8800000000000003	1.9752473925910636e+16
1.8810000000000004	1.440105907447373e+16
1.8820000000000003	1.7723535821619414e+16
1.8830000000000005	2.173528896467164e+16
1.8840000000000003	1.994515869602059e+16
1.8850000000000005	1.2858037315073828e+16
1.8860000000000003	1.9261550387426184e+16
1.8870000000000005	1.8279392716487976e+16
1.8880000000000003	2.0999111972636664e+16
1.8890000000000005	1.5997515790817982e+16
1.8900000000000003	1.8348282521626764e+16
1.8910000000000002	1.940262536126104e+16
1.8920000000000003	1.375790278099815e+16
1.8930000000000002	1.8604569073370944e+16
1.8940000000000003	1.830792984061588e+16
1.8950000000000002	2.037614558742344e+16
1.8960000000000004	1.8981145071286996e+16
1.8970000000000002	2.1571421921597216e+16
1.8980000000000004	1.7475381802007948e+16
1.8990000000000002	1.906687601402593e+16
1.9000000000000004	2.042392360387368e+16
1.9010000000000002	1.7169432482261766e+16
1.9020000000000004	2.1390293248236908e+16
1.9030000000000002	1.8727807599045324e+16
1.9040000000000004	1.9544038024013628e+16
1.9050000000000002	1.899538361387884e+16
1.9060000000000004	1.6180207246649996e+16
1.9070000000000003	1.6766352386606748e+16
1.9080000000000004	2.292698960247588e+16
1.9090000000000003	2.1864598692162268e+16
1.9100000000000004	2.0322123729775428e+16
1.9110000000000003	1.611821590317833e+16
1.9120000000000004	1.805170853063981e+16
1.9130000000000003	2.0636770138032696e+16
1.9140000000000004	1.7099354991579286e+16
1.9150000000000003	2.203359506369239e+16
1.9160000000000004	1.768577932921452e+16
1.9170000000000003	1.7808976757744108e+16
1.9180000000000004	2.134132106480961e+16
1.9190000000000003	2.412417865286515e+16
1.9200000000000004	1.5933010534729756e+16
1.9210000000000003	1.354366832907795e+16
1.9220000000000004	2.040801648641173e+16
1.9230000000000003	2.050072429365869e+16
1.9240000000000004	1.4762726485148424e+16
1.9250000000000003	1.9367218059750836e+16
1.9260000000000004	1.969986669400547e+16
1.9270000000000003	1.5498390841323548e+16
1.9280000000000004	2.2799090192791144e+16
1.9290000000000003	1.5631274427740202e+16
1.9300000000000004	1.8710083375420084e+16
1.9310000000000003	1.6009514469088826e+16
1.9320000000000004	1.79415467541842e+16
1.9330000000000003	1.9020906645934452e+16
1.9340000000000004	1.5513342608256208e+16
1.9350000000000003	1.956385593831312e+16
1.9360000000000004	1.659346093567122e+16
1.9370000000000003	1.7825860329644518e+16
1.9380000000000004	1.809247921585326e+16
1.9390000000000003	1.4059123789407068e+16
1.9400000000000004	1.2707991604861428e+16
1.9410000000000003	1.244694624951054e+16
1.9420000000000004	1.6808764411951032e+16
1.9430000000000003	1.843965491309272e+16
1.9440000000000004	1.8111122845100148e+16
1.9450000000000003	1.4485064763774382e+16
1.9460000000000004	1.6673792070007882e+16
1.9470000000000003	1.8729332419841096e+16
1.9480000000000004	1.4000601951163146e+16
1.9490000000000003	1.4300200297287944e+16
1.9500000000000004	1.8012274228902664e+16
1.9510000000000003	1.988605649063827e+16
1.9520000000000004	1.9203259761856736e+16
1.9530000000000003	1.2746321663801506e+16
1.9540000000000004	1.6990168192954678e+16
1.9550000000000003	1.458125507601743e+16
1.9560000000000004	1.3405726858380236e+16
1.9570000000000003	1.7205925917671512e+16
1.9580000000000004	1.5688808004743448e+16
1.9590000000000003	2.160900950652847e+16
1.9600000000000004	1.5025861734445596e+16
1.9610000000000003	1.2834579108353374e+16
1.9620000000000004	1.5919517199675778e+16
1.9630000000000003	1.7497076718213876e+16
1.9640000000000004	1.636270334560496e+16
1.9650000000000003	1.4680825474210712e+16
1.9660000000000004	1.8040634016091524e+16
1.9670000000000003	1.864207059248972e+16
1.9680000000000004	1.4044259603376084e+16
1.9690000000000003	1.640337884827152e+16
1.9700000000000004	1.9770735770395404e+16
1.9710000000000003	1.4132981976205134e+16
1.9720000000000004	1.7847574429047602e+16
1.9730000000000003	1.6246051987439856e+16
1.9740000000000004	1.5291648572634054e+16
1.9750000000000003	1.5873264814224212e+16
1.9760000000000004	1.1563218216152742e+16
1.9770000000000003	1.7446996056706168e+16
1.9780000000000004	1.760612146839408e+16
1.9790000000000003	1.79451283312581e+16
1.9800000000000004	1.3540796608627034e+16
1.9810000000000003	1.81984067236117e+16
1.9820000000000004	1.4350887174774248e+16
1.9830000000000003	1.5867245831080932e+16
1.9840000000000004	1.6334522508729336e+16
1.9850000000000003	1.7654475447450004e+16
1.9860000000000004	1.7124003720154148e+16
1.9870000000000003	2.0122405735683224e+16
1.9880000000000004	1.6501287761302198e+16
1.9890000000000003	1.6503488692711882e+16
1.9900000000000004	1.2418053100313214e+16
1.9910000000000003	1.6140949729364928e+16
1.9920000000000004	1.4345249722089164e+16
1.9930000000000003	1.7160937860814944e+16
1.9940000000000004	1.9506781308377144e+16
1.9950000000000003	1.585646904311658e+16
1.9960000000000004	1.7962376538495314e+16
1.9970000000000003	1.7997675063323392e+16
1.9980000000000004	1.4802112070378122e+16
1.9990000000000003	1.8011574981442808e+16
2.0000000000000004	1.399254321487091e+16
2.0010000000000003	1.7516708090705232e+16
2.0020000000000002	1.6758932311968798e+16
2.0030000000000006	1.8357813643433284e+16
2.0040000000000004	1.9134188218123624e+16
2.0050000000000003	1.9461729396241916e+16
2.0060000000000002	1.72449570574286e+16
2.0070000000000006	1.622752377677836e+16
2.0080000000000005	2.0602306097928984e+16
2.0090000000000003	1.3450533481477738e+16
2.0100000000000002	1.6305802785851866e+16
2.0110000000000006	1.6406303894999834e+16
2.0120000000000005	1.8548659141150544e+16
2.0130000000000003	1.8888631772238676e+16
2.0140000000000002	1.93458292763498e+16
2.0150000000000006	1.942390796040672e+16
2.0160000000000005	1.6702940689945172e+16
2.0170000000000003	1.6341385483171778e+16
2.0180000000000002	1.9826873625902056e+16
2.0190000000000006	1.8238626363579584e+16
2.0200000000000005	1.4405162499337338e+16
2.0210000000000004	1.9735955603373504e+16
2.0220000000000002	2.0463906042340256e+16
2.0230000000000006	1.9120759705550656e+16
2.0240000000000005	2.1193856470346116e+16
2.0250000000000004	1.9447412394806936e+16
2.0260000000000002	1.6572713537043288e+16
2.0270000000000006	1.840178493839941e+16
2.0280000000000005	1.921525114821095e+16
2.0290000000000004	1.6125220722284844e+16
2.0300000000000002	2.0571139192043324e+16
2.0310000000000006	1.6521040554433366e+16
2.0320000000000005	2.1480796426134988e+16
2.0330000000000004	2.005400471282579e+16
2.0340000000000003	1.968109047453283e+16
2.0350000000000006	2.0401041253931264e+16
2.0360000000000005	1.6998240455991476e+16
2.0370000000000004	2.192925745777844e+16
2.0380000000000003	2.0426281273173116e+16
2.0390000000000006	1.9773271807954784e+16
2.0400000000000005	1.9006813634180684e+16
2.0410000000000004	1.845432253268721e+16
2.0420000000000003	2.150994529481421e+16
2.0430000000000006	2.261533146283076e+16
2.0440000000000005	1.8160672100188052e+16
2.0450000000000004	1.8802380518183652e+16
2.0460000000000003	1.9576827597412056e+16
2.0470000000000006	2.1441256388957236e+16
2.0480000000000005	2.184736684462673e+16
2.0490000000000004	1.9103157676186044e+16
2.0500000000000003	1.9767499694438624e+16
2.051	2.2677489736008976e+16
2.0520000000000005	1.988321073314195e+16
2.0530000000000004	2.0566740099050564e+16
2.0540000000000003	1.962729304625496e+16
2.055	2.0562691879751252e+16
2.0560000000000005	1.9934207614163028e+16
2.0570000000000004	2.2399168444956784e+16
2.0580000000000003	2.2555056034822292e+16
2.059	2.1678542010367412e+16
2.0600000000000005	2.2313546725816484e+16
2.0610000000000004	1.9966053149996144e+16
2.0620000000000003	2.0999186165147816e+16
2.063	2.1453147253578428e+16
2.0640000000000005	1.86231336147978e+16
2.0650000000000004	2.1871056366778428e+16
2.0660000000000003	2.1292117329534276e+16
2.067	2.240269743815169e+16
2.0680000000000005	2.209962809670073e+16
2.0690000000000004	2.096117674323281e+16
2.0700000000000003	2.3012335536504164e+16
2.071	2.187362629966544e+16
2.0720000000000005	2.0740828317301548e+16
2.0730000000000004	2.1633825992287684e+16
2.0740000000000003	2.155298461682215e+16
2.075	2.1132838917202024e+16
2.0760000000000005	2.205705219669281e+16
2.0770000000000004	2.1953566405206224e+16
2.0780000000000003	2.249753556259168e+16
2.079	2.2227552987391384e+16
2.0800000000000005	2.1852670659239852e+16
2.0810000000000004	2.2212931289115284e+16
2.0820000000000003	2.2266144079836896e+16
2.083	2.1339176620714244e+16
2.0840000000000005	2.205481295656956e+16
2.0850000000000004	2.246610593322551e+16
2.0860000000000003	2.271201570388853e+16
2.087	2.086789772633812e+16
2.0880000000000005	2.277910965022344e+16
2.0890000000000004	2.2347747991163796e+16
2.0900000000000003	2.175956981941668e+16
2.091	2.3334558046957052e+16
2.0920000000000005	2.243617610474074e+16
2.0930000000000004	2.3124670724343644e+16
2.0940000000000003	2.154081228285795e+16
2.095	2.2603740428765364e+16
2.0960000000000005	2.275284315239819e+16
2.0970000000000004	2.2305607435485604e+16
2.0980000000000003	2.2536741889863076e+16
2.099	2.224675751170497e+16
2.1000000000000005	2.262460973037668e+16
2.1010000000000004	2.2815046300883016e+16
2.1020000000000003	2.2629146221132716e+16
2.103	2.2608340656436292e+16
2.1040000000000005	2.2622625722416068e+16
2.1050000000000004	2.209427630032746e+16
2.1060000000000003	2.293099296279018e+16
2.107	2.2952789212955236e+16
2.1080000000000005	2.2566366405867604e+16
2.1090000000000004	2.238518259191369e+16
2.1100000000000003	2.285868231802248e+16
2.111	2.316485488286746e+16
2.1120000000000005	2.1986698406602332e+16
2.1130000000000004	2.2857277454259732e+16
2.1140000000000003	2.328808494577807e+16
2.115	2.29936077491865e+16
2.1160000000000005	2.2977988481033296e+16
2.1170000000000004	2.2079943791485816e+16
2.1180000000000003	2.2452344032861508e+16
2.119	2.2632808731465816e+16
2.1200000000000006	2.2835510161752612e+16
2.1210000000000004	2.2956439668509036e+16
2.1220000000000003	2.280296512734651e+16
2.123	2.2910871661398836e+16
2.1240000000000006	2.272419820661095e+16
2.1250000000000004	2.311403127984265e+16
2.1260000000000003	2.2985512998861376e+16
2.1270000000000002	2.2929400659656684e+16
2.1280000000000006	2.2402760767415548e+16
2.1290000000000004	2.238884591062671e+16
2.1300000000000003	2.2424504553316028e+16
2.1310000000000002	2.2786189773632476e+16
2.1320000000000006	2.2802683109116828e+16
2.1330000000000005	2.301892883777093e+16
2.1340000000000003	2.280154029293836e+16
2.1350000000000002	2.301252916108632e+16
2.1360000000000006	2.289130213550917e+16
2.1370000000000005	2.261252862423091e+16
2.1380000000000003	2.272761544647956e+16
2.1390000000000002	2.2744301471756464e+16
2.1400000000000006	2.248698987959411e+16
2.1410000000000005	2.2467432137839588e+16
2.1420000000000003	2.2384866344399896e+16
2.1430000000000002	2.2563414070822564e+16
2.1440000000000006	2.315090356654093e+16
2.1450000000000005	2.3081526091455892e+16
2.1460000000000004	2.2986058319546588e+16
2.1470000000000002	2.2764325310209904e+16
2.1480000000000006	2.270897597518347e+16
2.1490000000000005	2.260011752399994e+16
2.1500000000000004	2.2256371377467156e+16
2.1510000000000002	2.2650620056007584e+16
2.1520000000000006	2.252259281708638e+16
2.1530000000000005	2.2395797610778116e+16
2.1540000000000004	2.274568857112181e+16
2.1550000000000002	2.2673525689592396e+16
2.1560000000000006	2.236710523263673e+16
2.1570000000000005	2.2644754904593036e+16
2.1580000000000004	2.27997542532061e+16
2.1590000000000003	2.2474714799959684e+16
2.1600000000000006	2.2468816117061244e+16
2.1610000000000005	2.262876456107867e+16
2.1620000000000004	2.249413557315173e+16
2.1630000000000003	2.237411190320556e+16
2.1640000000000006	2.263907215888668e+16
2.1650000000000005	2.2539568767069028e+16
2.1660000000000004	2.221780743065605e+16
2.1670000000000003	2.2305939317424224e+16
2.1680000000000006	2.2674936227330548e+16
2.1690000000000005	2.269672596166415e+16
2.1700000000000004	2.25073636285861e+16
2.1710000000000003	2.2201620508479816e+16
2.1720000000000006	2.241513482939959e+16
2.1730000000000005	2.2109397420034972e+16
2.1740000000000004	2.2231710700110692e+16
2.1750000000000003	2.254403545738858e+16
2.1760000000000006	2.1860963575944612e+16
2.1770000000000005	2.2300513738022092e+16
2.1780000000000004	2.1953860022226936e+16
2.1790000000000003	2.1925694100744424e+16
2.1800000000000006	2.214491530976581e+16
2.1810000000000005	2.232203196258592e+16
2.1820000000000004	2.2259235050192964e+16
2.1830000000000003	2.205100627800661e+16
2.1840000000000006	2.2195676722748176e+16
2.1850000000000005	2.2066684958574532e+16
2.1860000000000004	2.178971695297167e+16
2.1870000000000003	2.18997995661111e+16
2.1880000000000006	2.1946559861316172e+16
2.1890000000000005	2.2157495463788824e+16
2.1900000000000004	2.192725988649451e+16
2.1910000000000003	2.2138189105021276e+16
2.1920000000000006	2.1972026482884356e+16
2.1930000000000005	2.1584903440647376e+16
2.1940000000000004	2.18549660807351e+16
2.1950000000000003	2.1954837656638108e+16
2.1960000000000006	2.1549668122772136e+16
2.1970000000000005	2.161178249805629e+16
2.1980000000000004	2.173969639357755e+16
2.1990000000000003	2.169884774364597e+16
2.2000000000000006	2.1703941822444044e+16
2.2010000000000005	2.152915206737533e+16
2.2020000000000004	2.1451360440168468e+16
2.2030000000000003	2.133746622019563e+16
2.2040000000000006	2.1244295366140724e+16
2.2050000000000005	2.127707988557005e+16
2.2060000000000004	2.160732716567719e+16
2.2070000000000003	2.1273681736036868e+16
2.208	2.1228449494895828e+16
2.2090000000000005	2.148358260915876e+16
2.2100000000000004	2.1510741602624256e+16
2.2110000000000003	2.1008590011765932e+16
2.212	2.1632980007950116e+16
2.2130000000000005	2.137949032516545e+16
2.2140000000000004	2.146755360514188e+16
2.2150000000000003	2.138952025868936e+16
2.216	2.141648891976131e+16
2.2170000000000005	2.1237439224273852e+16
2.2180000000000004	2.138726017732471e+16
2.2190000000000003	2.09546479610571e+16
2.22	2.051362225085193e+16
2.2210000000000005	2.0598154804900556e+16
2.2220000000000004	2.1092548669292372e+16
2.2230000000000003	2.123840329916087e+16
2.224	2.1254438969974028e+16
2.2250000000000005	2.1418338096796944e+16
2.2260000000000004	2.1355448521608664e+16
2.2270000000000003	2.0741401268781188e+16
2.228	2.0784420398150428e+16
2.2290000000000005	2.0982575438106756e+16
2.2300000000000004	2.0959033085897404e+16
2.2310000000000003	2.1057184702366796e+16
2.232	2.127190201320179e+16
2.2330000000000005	2.0625436128174396e+16
2.2340000000000004	2.105097311335304e+16
2.2350000000000003	2.0454152521884884e+16
2.236	2.0337062943277508e+16
2.2370000000000005	2.1019917508217844e+16
2.2380000000000004	2.091804479309345e+16
2.2390000000000003	2.032479121983849e+16
2.24	2.108828743171081e+16
2.2410000000000005	2.1000960735689516e+16
2.2420000000000004	2.02910085187675e+16
2.2430000000000003	2.0182467007689044e+16
2.244	2.0256451624444464e+16
2.2450000000000006	2.055991044117322e+16
2.2460000000000004	2.1001450795113228e+16
2.2470000000000003	1.996570155615309e+16
2.248	2.0510424840597004e+16
2.2490000000000006	2.0785531473521532e+16
2.2500000000000004	1.9633385141605116e+16
2.2510000000000003	2.0908065495415984e+16
2.2520000000000002	2.02655034035578e+16
2.2530000000000006	2.047190016998121e+16
2.2540000000000004	2.0197356294149416e+16
2.2550000000000003	2.0100918253616532e+16
2.2560000000000002	2.0204847851576124e+16
2.2570000000000006	2.0523088715539896e+16
2.2580000000000005	2.00312598192857e+16
2.2590000000000003	2.0471659667047176e+16
2.2600000000000002	2.0297306708382504e+16
2.2610000000000006	2.0354120437119276e+16
2.2620000000000005	2.0358836180804856e+16
2.2630000000000003	2.005159323191011e+16
2.2640000000000002	1.9904879430043224e+16
2.2650000000000006	1.9273533596337436e+16
2.2660000000000005	2.002552027201772e+16
2.2670000000000003	2.0073449787000424e+16
2.2680000000000002	1.9956759490457524e+16
2.2690000000000006	1.973019305914053e+16
2.2700000000000005	1.946404331069517e+16
2.2710000000000004	1.9856723740763892e+16
2.2720000000000002	1.923428252937054e+16
2.2730000000000006	1.9887340934369812e+16
2.2740000000000005	2.0229964862357376e+16
2.2750000000000004	1.978432894919259e+16
2.2760000000000002	1.9740110298855584e+16
2.2770000000000006	2.02248677420135e+16
2.2780000000000005	2.0118427343162624e+16
2.2790000000000004	1.9406011640391004e+16
2.2800000000000002	1.881243248706291e+16
2.2810000000000006	1.8806790160711188e+16
2.2820000000000005	2.007474478869082e+16
2.2830000000000004	1.9839502559365016e+16
2.2840000000000003	1.9140888328813372e+16
2.2850000000000006	1.948603436858799e+16
2.2860000000000005	1.980192551454565e+16
2.2870000000000004	1.941694964316433e+16
2.2880000000000003	2.0117331424313028e+16
2.2890000000000006	1.959574754335882e+16
2.2900000000000005	1.9477628518727964e+16
2.2910000000000004	1.9209872347342744e+16
2.2920000000000003	1.853108565273348e+16
2.2930000000000006	1.8759422656948076e+16
2.2940000000000005	1.2518022376086214e+16
2.2950000000000004	1.421021343569534e+16
2.2960000000000003	1.485986788270314e+16
2.2970000000000006	1.4949947188852822e+16
2.2980000000000005	1.4789730178271534e+16
2.2990000000000004	1.551434364910577e+16
2.3000000000000003	1.600473874771019e+16
2.3010000000000006	1.3797073340532332e+16
2.3020000000000005	1.6069354234747282e+16
2.3030000000000004	1.5691733392008484e+16
2.3040000000000003	1.614252705286973e+16
2.3050000000000006	1.5508832607936628e+16
2.3060000000000005	1.5333262484168466e+16
2.3070000000000004	1.5607966455410028e+16
2.3080000000000003	1.5081555830246648e+16
2.3090000000000006	1.5668900150089132e+16
2.3100000000000005	1.4293710336063624e+16
2.3110000000000004	1.5147916079696078e+16
2.3120000000000003	1.549004152511576e+16
2.3130000000000006	1.757616391781349e+16
2.3140000000000005	1.5100521709558394e+16
2.3150000000000004	1.4015879807067162e+16
2.3160000000000003	1.540533663636289e+16
2.3170000000000006	1.729415857336466e+16
2.3180000000000005	1.4418826657607334e+16
2.3190000000000004	1.5201988606837942e+16
2.3200000000000003	1.7350920505754846e+16
2.3210000000000006	1.5438858932076956e+16
2.3220000000000005	1.477858384059542e+16
2.3230000000000004	1.3589035146565004e+16
2.3240000000000003	1.3008913313129778e+16
2.3250000000000006	1.3759152772842514e+16
2.3260000000000005	1.5829265697455178e+16
2.3270000000000004	1.3893714546962424e+16
2.3280000000000003	1.4284250024985034e+16
2.3290000000000006	1.4786807989789766e+16
2.3300000000000005	1.3388376953969314e+16
2.3310000000000004	1.5211696362232814e+16
2.3320000000000003	1.4576462579064828e+16
2.3330000000000006	1.6189675785346084e+16
2.3340000000000005	1.4338113968294226e+16
2.3350000000000004	1.5277338423466172e+16
2.3360000000000003	1.4327303393057504e+16
2.3370000000000006	1.420694486518768e+16
2.3380000000000005	1.5875583061649668e+16
2.3390000000000004	1.4112930041083242e+16
2.3400000000000003	1.47930159584771e+16
2.3410000000000006	1.4281594227785756e+16
2.3420000000000005	1.620054320521337e+16
2.3430000000000004	1.4860938824599914e+16
2.3440000000000003	1.5184024057101362e+16
2.3450000000000006	1.2672101492895486e+16
2.3460000000000005	1.675457568000643e+16
2.3470000000000004	1.5900196120545166e+16
2.3480000000000003	1.5900694105630634e+16
2.3490000000000006	1.728432895142968e+16
2.3500000000000005	1.5143621593547032e+16
2.3510000000000004	1.4924721961957026e+16
2.3520000000000003	1.4525337880248214e+16
2.3530000000000006	1.3934788928099084e+16
2.3540000000000005	1.3198644005722922e+16
2.3550000000000004	1.6792390225675e+16
2.3560000000000003	1.3550726244506912e+16
2.3570000000000007	1.5775809727358774e+16
2.3580000000000005	1.3596021039294856e+16
2.3590000000000004	1.2955421402846128e+16
2.3600000000000003	1.6003991021750288e+16
2.3610000000000007	1.3322509030694536e+16
2.3620000000000005	1.546028241126686e+16
2.3630000000000004	1.3057716004524788e+16
2.3640000000000003	1.5383965589026942e+16
2.365	1.5061600349073014e+16
2.3660000000000005	1.4617403318747694e+16
2.3670000000000004	1.4719496274467588e+16
2.3680000000000003	1.3344544667134738e+16
2.369	1.4645410024852718e+16
2.3700000000000006	1.4655473841678096e+16
2.3710000000000004	1.2923711580241596e+16
2.3720000000000003	1.63007328225054e+16
2.373	1.3487911260918958e+16
2.3740000000000006	1.5397003083092458e+16
2.3750000000000004	1.5803995036574298e+16
2.3760000000000003	1.3745989434280618e+16
2.3770000000000002	1.5141091447045684e+16
2.3780000000000006	1.329067503487119e+16
2.3790000000000004	1.461332996452285e+16
2.3800000000000003	1.6349672455989096e+16
2.3810000000000002	1.199990148202752e+16
2.3820000000000006	1.6251513506041924e+16
2.3830000000000005	1.3672740687131582e+16
2.3840000000000003	1.1392861707844262e+16
2.3850000000000002	1.6072782514241386e+16
2.3860000000000006	1.2506908954349318e+16
2.3870000000000005	1.311935231787533e+16
2.3880000000000003	1.2680356188618812e+16
2.3890000000000002	1.3196972649030792e+16
2.3900000000000006	1.6128984963507946e+16
2.3910000000000005	1.5285364308942494e+16
2.3920000000000003	1.1657795703975056e+16
2.3930000000000002	1.4242775097242476e+16
2.3940000000000006	1.6249668899636962e+16
2.3950000000000005	1.1967236653754932e+16
2.3960000000000004	1.5009312797385748e+16
2.3970000000000002	1.4397710472230174e+16
2.3980000000000006	1.230148046112313e+16
2.3990000000000005	1.5847137185058276e+16
2.4000000000000004	1.4732901021070102e+16
2.4010000000000002	1.2245115222262192e+16
2.4020000000000006	1.4908659655556924e+16
2.4030000000000005	1.350284764137146e+16
2.4040000000000004	1.2287726646313226e+16
2.4050000000000002	1.4818910730279356e+16
2.4060000000000006	1.4572108075121782e+16
2.4070000000000005	1.321012981653965e+16
2.4080000000000004	1.1332498181596086e+16
2.4090000000000003	1.350866588246917e+16
2.4100000000000006	1.2832311217016266e+16
2.4110000000000005	1.3571053133521454e+16
2.4120000000000004	1.4147659942270102e+16
2.4130000000000003	1.3073529592015614e+16
2.4140000000000006	1.0044941765984614e+16
2.4150000000000005	1.5291075224751214e+16
2.4160000000000004	1.31623433955e+16
2.4170000000000003	1.1542061526373538e+16
2.4180000000000006	1.3468443550428192e+16
2.4190000000000005	1.2105608532861072e+16
2.4200000000000004	1.066953081128131e+16
2.4210000000000003	1.526038791824859e+16
2.4220000000000006	1.1227079409283398e+16
2.4230000000000005	1.1952853392840538e+16
2.4240000000000004	1.3414964535251102e+16
2.4250000000000003	1.259611545056748e+16
2.4260000000000006	1.2173251587434978e+16
2.4270000000000005	1.088028441900777e+16
2.4280000000000004	1.1513198832067992e+16
2.4290000000000003	1.3860424778722278e+16
2.4300000000000006	1.2249092174183476e+16
2.4310000000000005	1.0691513655465258e+16
2.4320000000000004	1.2862022721738e+16
2.4330000000000003	1.2744594798067658e+16
2.4340000000000006	1.0338323203162112e+16
2.4350000000000005	1.0929615079436978e+16
2.4360000000000004	1.1951286316353116e+16
2.4370000000000003	7863143313011915.0
2.4380000000000006	1.2022040589122144e+16
2.4390000000000005	1.397280712954671e+16
2.4400000000000004	1.1989823675150452e+16
2.4410000000000003	1.1133734687876022e+16
2.4420000000000006	1.1233840213572378e+16
2.4430000000000005	1.1059708980748516e+16
2.4440000000000004	8880468478455828.0
2.4450000000000003	1.171021144864998e+16
2.4460000000000006	1.10164623166611e+16
2.4470000000000005	1.0933835482535096e+16
2.4480000000000004	7519144873433401.0
2.4490000000000003	1.1115388902279716e+16
2.4500000000000006	1.2932968223905686e+16
2.4510000000000005	1.147465581904809e+16
2.4520000000000004	8287598327665611.0
2.4530000000000003	7629257993143205.0
2.4540000000000006	6973200480371385.0
2.4550000000000005	9582224897346490.0
2.4560000000000004	1.1309133055893882e+16
2.4570000000000003	1.2864785158240256e+16
2.4580000000000006	1.29914868575417e+16
2.4590000000000005	1.1398162158100048e+16
2.4600000000000004	9095874015927722.0
2.4610000000000003	5789412460822492.0
2.4620000000000006	1.0529877449405628e+16
2.4630000000000005	1.003317295625273e+16
2.4640000000000004	1.2981564929622968e+16
2.4650000000000003	1.186597988893688e+16
2.4660000000000006	9859662004604204.0
2.4670000000000005	9202763055832234.0
2.4680000000000004	5927890538483393.0
2.4690000000000003	9919091198491244.0
2.4700000000000006	9173528459471190.0
2.4710000000000005	9203565376804118.0
2.4720000000000004	9203664353839068.0
2.4730000000000003	8557996327065879.0
2.4740000000000006	6696945233298680.0
2.4750000000000005	6343267731736309.0
2.4760000000000004	7491900049293977.0
2.4770000000000003	1.1368892437401142e+16
2.4780000000000006	9471517638307740.0
2.4790000000000005	6372367594072897.0
2.4800000000000004	1.079562322659549e+16
2.4810000000000003	8773826118898265.0
2.4820000000000007	6141124940808433.0
2.4830000000000005	6837950755294154.0
2.4840000000000004	1.0891555712195754e+16
2.4850000000000003	1.211250459541706e+16
2.4860000000000007	1.0758499674973332e+16
2.4870000000000005	7429745124033777.0
2.4880000000000004	6845684934073099.0
2.4890000000000003	5936361050280153.0
2.4900000000000007	4832985131326983.0
2.4910000000000005	5426035103532991.0
2.4920000000000004	9927588853393216.0
2.4930000000000003	8290496821094046.0
2.4940000000000007	1.224205448054523e+16
2.4950000000000006	9324666342882426.0
2.4960000000000004	7453425248111104.0
2.4970000000000003	6995019531469545.0
2.4980000000000007	4352631661635277.0
2.4990000000000006	8560109679125802.0
2.5000000000000004	8764598154488361.0
2.5010000000000003	8242524717696406.0
2.5020000000000007	1.0134558132553532e+16
2.5030000000000006	5659539933032230.0
2.5040000000000004	7119661441568400.0
2.5050000000000003	6291078199910604.0
2.5060000000000007	3309748168516210.5
2.5070000000000006	7140689448252969.0
2.5080000000000005	8439890334593796.0
2.5090000000000003	8675157987207154.0
2.5100000000000007	8926208243452121.0
2.5110000000000006	5853083546551782.0
2.5120000000000005	6639847981122405.0
2.5130000000000003	6135203503188698.0
2.5140000000000007	8879092529363199.0
2.5150000000000006	3483834260865536.5
2.5160000000000005	5923259603419331.0
2.5170000000000003	7637428155829701.0
2.5180000000000007	6490005277992497.0
2.5190000000000006	6547918485340506.0
2.5200000000000005	7623749458915659.0
2.5210000000000004	7264377839016324.0
2.5220000000000002	6232480548213629.0
2.5230000000000006	7418133634859398.0
2.5240000000000005	3980256536902366.5
2.5250000000000004	5485826914739637.0
2.5260000000000002	5503058801250740.0
2.5270000000000006	7509967568160043.0
2.5280000000000005	4981995950941103.0
2.5290000000000004	6241007635888724.0
2.5300000000000002	8436813111057050.0
2.5310000000000006	8602028491809562.0
2.5320000000000005	5978633345292229.0
2.5330000000000004	3305298546479132.5
2.5340000000000003	7928470413635750.0
2.5350000000000006	6250681689247954.0
2.5360000000000005	4360560506710853.5
2.5370000000000004	5468525334480423.0
2.5380000000000003	5558246058603801.0
2.5390000000000006	4917795869604074.0
2.5400000000000005	8649446802966386.0
2.5410000000000004	7227792944992796.0
2.5420000000000003	6439710634695356.0
2.5430000000000006	3679353376661889.5
2.5440000000000005	4786557249479539.0
2.5450000000000004	6244846090377957.0
2.5460000000000003	5883731718073718.0
2.5470000000000006	6493623070438249.0
2.5480000000000005	4178139116818790.0
2.5490000000000004	4352992926889560.0
2.5500000000000003	6918939637055476.0
2.5510000000000006	6447042323192082.0
2.5520000000000005	7435128406337875.0
2.5530000000000004	2762499556758325.0
2.5540000000000003	6786504175450037.0
2.5550000000000006	6280980136347348.0
2.5560000000000005	5701961204026164.0
2.5570000000000004	6571948296883923.0
2.5580000000000003	7767490209376852.0
2.5590000000000006	6801259444498759.0
2.5600000000000005	5132533176260910.0
2.5610000000000004	3059451094915668.0
2.5620000000000003	6610142873456658.0
2.5630000000000006	3540756442966300.5
2.5640000000000005	5068547697393067.0
2.5650000000000004	4828670544117262.0
2.5660000000000003	5863984080351555.0
2.5670000000000006	5419759036855177.0
2.5680000000000005	5622873749093029.0
2.5690000000000004	5752288137030017.0
2.5700000000000003	5354262318151237.0
2.5710000000000006	1.0852194911395342e+16
2.5720000000000005	7670019882298323.0
2.5730000000000004	5268117170142529.0
2.5740000000000003	3990536920218670.0
2.5750000000000006	5002667141857307.0
2.5760000000000005	6374053330682021.0
2.5770000000000004	2605443802455919.5
2.5780000000000003	4579990713958892.0
2.5790000000000006	6396730785467995.0
2.5800000000000005	1.0345491997865096e+16
2.5810000000000004	5196392963376892.0
2.5820000000000003	6973109016663035.0
2.5830000000000006	4926650514968169.0
2.5840000000000005	4504660443582732.0
2.5850000000000004	5155102101398731.0
2.5860000000000003	8532527364033136.0
2.5870000000000006	4164167293639735.5
2.5880000000000005	5047722904435994.0
2.5890000000000004	5610749741158664.0
2.5900000000000003	6402560330629753.0
2.5910000000000006	7342796545299091.0
2.5920000000000005	7479583100700118.0
2.5930000000000004	4468150869069416.0
2.5940000000000003	5683213442353339.0
2.5950000000000006	4099109421588215.5
2.5960000000000005	5199574031866444.0
2.5970000000000004	6039053519750454.0
2.5980000000000003	4500050916239645.5
2.5990000000000006	7930552307609603.0
