# Flux units: erg / (cm m2 s)
# Wavelength units: Angstrom
wave	flux
7000.0	2799323079890331.5
7010.0	2926431037145555.5
7020.0	3204156192902073.5
7030.0	3606753599283942.0
7040.0	4248920485095297.5
7050.0	4811894486159116.0
7060.0	2926358574942874.0
7070.0	3079223436791815.5
7080.0	3330134486353609.0
7090.0	3021316778917844.5
7100.0	2822088497675258.5
7110.0	3086984195812706.0
7120.0	3291485650413047.5
7130.0	2789974438634767.0
7140.0	2809369039602513.0
7150.0	3067629220357779.5
7160.0	3205074780029085.0
7170.0	3296247027784580.0
7180.0	3537597431908029.0
7190.0	3763991343697213.0
7200.0	3682177032683004.5
7210.0	3689321352166007.5
7220.0	3915146378762808.0
7230.0	4071206940441886.0
7240.0	4251627066910647.0
7250.0	4500922590126769.0
7260.0	4809631114967745.0
7270.0	4904559279083446.0
7280.0	4877533179373528.0
7290.0	5197363811800376.0
7300.0	5424148589457357.0
7310.0	5662058432312945.0
7320.0	5796435206891983.0
7330.0	5949888520630276.0
7340.0	5823093756595124.0
7350.0	5417646746769271.0
7360.0	5320758510867646.0
7370.0	5205755184537598.0
7380.0	5037855392387665.0
7390.0	4958460677456131.0
7400.0	4385515956041684.0
7410.0	4204327473159891.0
7420.0	3996708059449703.5
7430.0	4035681977264532.5
7440.0	3958543554537736.5
7450.0	3611592742196394.0
7460.0	3255783054867025.0
7470.0	3343851789195439.0
7480.0	3498282852658115.0
7490.0	3418735849378845.0
7500.0	2969216793577909.0
7510.0	2972103133363274.5
7520.0	3229448016571499.0
7530.0	2806790731972113.0
7540.0	2564204720095860.5
7550.0	3125793187201464.5
7560.0	2406238066437720.5
7570.0	2403104764073549.0
7580.0	2259781132720185.5
7590.0	1734738832935560.8
7600.0	1557703041982118.8
7610.0	1267702349725572.5
7620.0	926087456171349.4
7630.0	529660553708834.2
7640.0	250482084320677.66
7650.0	85807570400245.92
7660.0	17447861648752.834
7670.0	7242293402923.436
7680.0	45508750416002.27
7690.0	52617805915717.06
7700.0	10379473222597.912
7710.0	61819970607550.51
7720.0	179833906756055.84
7730.0	309555604348012.2
7740.0	672941502934324.4
7750.0	1145700242633018.8
7760.0	1607238525505560.0
7770.0	2078415381006387.5
7780.0	2499601584871320.5
7790.0	2649787271846373.5
7800.0	1108788955548173.4
7810.0	2702773110940948.5
7820.0	3733448512923981.5
7830.0	4066756187748594.5
7840.0	4425215932389271.0
7850.0	4652017249859917.0
7860.0	4887850890311653.0
7870.0	4661870060967928.0
7880.0	4879697375149456.0
7890.0	5412942453531964.0
7900.0	4886031432597863.0
7910.0	4967437041833435.0
7920.0	4945602003569434.0
7930.0	5466015260121844.0
7940.0	4855303957662146.0
7950.0	2486980352034221.5
7960.0	5376948799353213.0
7970.0	5732682384580272.0
7980.0	5982645510979555.0
7990.0	5488311016347550.0
8000.0	6040932288021391.0
8010.0	6557503587512507.0
8020.0	7459800971733844.0
8030.0	8048402856080602.0
8040.0	8800556447470300.0
8050.0	9645849836832328.0
8060.0	1.0214123448224144e+16
8070.0	1.1037102152539994e+16
8080.0	1.2146981506294442e+16
8090.0	1.3387813392996708e+16
8100.0	1.44368123433182e+16
8110.0	1.5647098117488968e+16
8120.0	1.665097487650335e+16
8130.0	1.7791008480194068e+16
8140.0	1.929632154234238e+16
8150.0	2.0324425506523304e+16
8160.0	2.063315919099378e+16
8170.0	2.0709540588589536e+16
8180.0	1.6481159279200496e+16
8190.0	1.279018423061123e+16
8200.0	1.2098902316652118e+16
8210.0	1.818377228394496e+16
8220.0	1.972094378210352e+16
8230.0	2.1389301397756444e+16
8240.0	2.323453204612888e+16
8250.0	2.3482221106505092e+16
8260.0	2.370857801824347e+16
8270.0	2.52385816021652e+16
8280.0	2.3489672914214664e+16
8290.0	2.220630978899063e+16
8300.0	2.251057007758953e+16
8310.0	2.2862083160461864e+16
8320.0	2.406446605359862e+16
8330.0	2.4666526039166776e+16
8340.0	2.464999125997719e+16
8350.0	2.497475369524726e+16
8360.0	2.5706500548278316e+16
8370.0	2.666172701572895e+16
8380.0	2.5597065096678868e+16
8390.0	2.434790152398386e+16
8400.0	2.6999378393107796e+16
8410.0	2.793946903389254e+16
8420.0	2.8074561901362004e+16
8430.0	2.611934636622782e+16
8440.0	1.8504547377583324e+16
8450.0	1.7270185725821302e+16
8460.0	1.5807556392733702e+16
8470.0	1.5819444535717922e+16
8480.0	1.706470037854258e+16
8490.0	1.856006520885177e+16
8500.0	1.8648787389813064e+16
8510.0	1.8294383595251016e+16
8520.0	1.2537731058375464e+16
8530.0	1.7924772507875954e+16
8540.0	1.9951152752145828e+16
8550.0	2.146747493917529e+16
8560.0	2.1971894446383864e+16
8570.0	2.2052453830075976e+16
8580.0	2.235354796023657e+16
8590.0	2.3145015130515456e+16
8600.0	2.3224703170875164e+16
8610.0	2.2255899671041148e+16
8620.0	1.9281465123829172e+16
8630.0	1.7975246906931646e+16
8640.0	1.853187478235809e+16
8650.0	2.13368885050266e+16
8660.0	2.103820510300366e+16
8670.0	2.3091307165958756e+16
8680.0	2.1797067307622344e+16
8690.0	1.9965755996615224e+16
8700.0	1.9171224465951376e+16
8710.0	1.9278002776735572e+16
8720.0	2.063071153303767e+16
8730.0	2.235787504662126e+16
8740.0	2.2091749467190212e+16
8750.0	2.2987546012143732e+16
8760.0	2.6708155244054976e+16
8770.0	2.6234334438570936e+16
8780.0	2.947261016859907e+16
8790.0	2.9806164000745604e+16
8800.0	3.1461875053480004e+16
8810.0	2.9517289692023812e+16
8820.0	3.74874704983703e+16
8830.0	3.0919710744178664e+16
8840.0	4.09954338778003e+16
8850.0	3.5236729827415988e+16
8860.0	3.306502708651869e+16
8870.0	2.360948932936223e+16
8880.0	2.297804064714578e+16
8890.0	2.3365590388085444e+16
8900.0	2.585717776117336e+16
8910.0	2.836184565025385e+16
8920.0	3.073383426865755e+16
8930.0	3.1112981992956424e+16
8940.0	2.8721702503914624e+16
8950.0	2.2012833834806692e+16
8960.0	3.2337491395997456e+16
8970.0	3.1974343107966268e+16
8980.0	3.5948509562622516e+16
8990.0	4.113509347620969e+16
9000.0	4.0438982325079784e+16
9010.0	4.555858245924555e+16
9020.0	4.170646124449181e+16
9030.0	3.9532172706177576e+16
9040.0	4.602681310988184e+16
9050.0	4.9000125314296776e+16
9060.0	4.14756098326997e+16
9070.0	4.798647196559096e+16
9080.0	5.115418782057473e+16
9090.0	5.149700252566696e+16
9100.0	5.81215610977711e+16
9110.0	5.7274319501676504e+16
9120.0	6.5620821085073544e+16
9130.0	6.3861844335132296e+16
9140.0	5.911962705482985e+16
9150.0	6.684001322419652e+16
9160.0	7.206138587814222e+16
9170.0	7.658141728772822e+16
9180.0	6.664834005487368e+16
9190.0	7.909235094147616e+16
9200.0	7.659858357764214e+16
9210.0	6.203317944594844e+16
9220.0	5.94625689404076e+16
9230.0	5.466479158641145e+16
9240.0	5.469434684593769e+16
9250.0	5.333274410498621e+16
9260.0	5.6725290122488776e+16
9270.0	5.675001063297464e+16
9280.0	4.79632380907344e+16
9290.0	4.969427702334314e+16
9300.0	4.442248559079013e+16
9310.0	5.15135620281414e+16
9320.0	5.0148021788611544e+16
9330.0	5.307805339498178e+16
9340.0	5.432486976814602e+16
9350.0	5.100130884019117e+16
9360.0	5.613260171374088e+16
9370.0	5.398429606776493e+16
9380.0	5.885488687914243e+16
9390.0	5.929748927559327e+16
9400.0	5.686205520541471e+16
9410.0	6.221287849892843e+16
9420.0	6.201192790068048e+16
9430.0	6.4954340416639544e+16
9440.0	6.135071012084981e+16
9450.0	6.61012464983671e+16
9460.0	6.605716095274992e+16
9470.0	6.716708257946424e+16
9480.0	7.0328098184013384e+16
9490.0	7.51822737015079e+16
9500.0	7.025608814047505e+16
9510.0	7.13672126003994e+16
9520.0	6.923086393315978e+16
9530.0	7.588284045191403e+16
9540.0	7.008011651113232e+16
9550.0	6.634143366901979e+16
9560.0	7.15013838194869e+16
9570.0	6.791146776526051e+16
9580.0	7.285745697215416e+16
9590.0	6.973505079531703e+16
9600.0	6.407875035900574e+16
9610.0	6.730222714184338e+16
9620.0	6.867061295386591e+16
9630.0	7.160287569244714e+16
9640.0	5.624124801633331e+16
9650.0	6.389310877502514e+16
9660.0	7.361311960876821e+16
9670.0	7.160374708867936e+16
9680.0	6.472634362835841e+16
9690.0	7.311157235536291e+16
9700.0	8.050375435922523e+16
9710.0	6.913802225376149e+16
9720.0	7.474198450482949e+16
9730.0	6.396891043772384e+16
9740.0	6.847104545713284e+16
9750.0	7.024326808829039e+16
9760.0	7.508441190377254e+16
9770.0	7.599695133075486e+16
9780.0	7.926216367560882e+16
9790.0	6.975969687986267e+16
9800.0	8.596594509665987e+16
9810.0	8.145762648971141e+16
9820.0	8.128940980621725e+16
9830.0	8.150649675567966e+16
9840.0	8.020741138193499e+16
9850.0	8.537194296616242e+16
9860.0	9.389632938937674e+16
9870.0	8.90307405722765e+16
9880.0	9.871837326306885e+16
9890.0	1.0021404942082886e+17
9900.0	5.392253446327537e+16
9910.0	2.966220341342744e+16
9920.0	2.8315731519072996e+16
9930.0	3.4850144892376896e+16
9940.0	4.5471653185160456e+16
9950.0	5.156416193255206e+16
9960.0	4.876331181420597e+16
9970.0	5.70335465090287e+16
9980.0	4.395403178415837e+16
9990.0	3.7108658894111816e+16
10000.0	4.675179128332754e+16
10010.0	4.5127206442829496e+16
10020.0	4.8080689105357976e+16
10030.0	5.239219186138119e+16
10040.0	4.5627547347453224e+16
10050.0	4.857938941467002e+16
10060.0	3.643337032389656e+16
10070.0	4.771793877255793e+16
10080.0	5.7886663771762776e+16
10090.0	5.213853551125647e+16
10100.0	6.5009236660089864e+16
10110.0	5.224490627183511e+16
10120.0	5.657306651680457e+16
10130.0	6.858483251670349e+16
10140.0	4.729646139885481e+16
10150.0	6.2363495869008456e+16
10160.0	5.241505321800742e+16
10170.0	5.469625747256243e+16
10180.0	6.758319033875057e+16
10190.0	5.665874272698417e+16
10200.0	5.698909686578391e+16
10210.0	7.314322788545946e+16
10220.0	5.261561320458279e+16
10230.0	6.5049864310745e+16
10240.0	8.429429572525883e+16
10250.0	6.642904474567506e+16
10260.0	4.576805981682451e+16
10270.0	5.123331883912065e+16
10280.0	4.7836446762111944e+16
10290.0	5.2213392106331304e+16
10300.0	5.7061107555550024e+16
10310.0	7.136744284417685e+16
10320.0	6.321813720937493e+16
10330.0	5.995127831204411e+16
10340.0	6.32572035428729e+16
10350.0	6.102119557207566e+16
10360.0	7.727018217273494e+16
10370.0	7.593603368990578e+16
10380.0	7.428930648319891e+16
10390.0	6.934782128717776e+16
10400.0	6.995380655583592e+16
10410.0	9.583770597639382e+16
10420.0	6.86936130581753e+16
10430.0	5.8378098964823704e+16
10440.0	8.342766425677605e+16
10450.0	8.667921543837544e+16
10460.0	9.078144439148723e+16
10470.0	5.63926357054377e+16
10480.0	6.2913861792573736e+16
10490.0	7.834967608941973e+16
10500.0	7.28556084957496e+16
10510.0	6.541389035398777e+16
10520.0	5.6666645003666024e+16
10530.0	6.5924746244687224e+16
10540.0	7.110152713281865e+16
10550.0	6.853501052635073e+16
10560.0	5.7045699131255816e+16
10570.0	5.429275950725955e+16
10580.0	6.849519486004552e+16
10590.0	5.918265809540078e+16
10600.0	6.769496496166824e+16
10610.0	6.0640426194832856e+16
10620.0	6.676155445468043e+16
10630.0	7.3147693863087e+16
10640.0	7.508125055726542e+16
10650.0	7.15512197142238e+16
10660.0	6.9035293589000104e+16
10670.0	6.819917559083043e+16
10680.0	7.479898919237765e+16
10690.0	7.956403501742526e+16
10700.0	8.354072146503598e+16
10710.0	7.425869071809006e+16
10720.0	9.426917802445413e+16
10730.0	8.653031044278546e+16
10740.0	8.222682284165523e+16
10750.0	9.831220829096286e+16
10760.0	8.670545069813653e+16
10770.0	9.439828509079891e+16
10780.0	1.1021308261409798e+17
10790.0	1.0281422154962448e+17
10800.0	9.599238933575155e+16
10810.0	8.851190890498776e+16
10820.0	9.441270787534814e+16
10830.0	1.1555682108196978e+17
10840.0	1.3138694608304874e+17
10850.0	8.914569930825773e+16
10860.0	9.672429362278414e+16
10870.0	1.0813737221730282e+17
10880.0	1.186111375977588e+17
10890.0	1.0550268928575546e+17
10900.0	1.2437393662042147e+17
10910.0	9.936877385454829e+16
10920.0	1.0786776767633643e+17
10930.0	1.149156655006429e+17
10940.0	1.163800914247447e+17
10950.0	1.129301300344765e+17
10960.0	1.067896437038039e+17
10970.0	1.1140878551661309e+17
10980.0	9.726431646324672e+16
10990.0	1.0888492992720176e+17
11000.0	1.0774338989962216e+17
11010.0	1.1657813077504251e+17
11020.0	1.0530199546031357e+17
11030.0	9.799876114080344e+16
11040.0	9.25794764124172e+16
11050.0	8.419413570658902e+16
11060.0	9.103366839996571e+16
11070.0	8.947469173334726e+16
11080.0	9.013473665344842e+16
11090.0	9.619570881660195e+16
11100.0	9.34893120524804e+16
11110.0	8.865484477194594e+16
11120.0	9.98708963348385e+16
11130.0	9.05611638790566e+16
11140.0	9.858766467475915e+16
11150.0	9.983488442825749e+16
11160.0	1.0198741058987846e+17
11170.0	9.771363607894115e+16
11180.0	1.0165352937219464e+17
11190.0	1.002485588276405e+17
11200.0	9.741381312623376e+16
11210.0	9.721606849572982e+16
11220.0	9.651239653506144e+16
11230.0	1.0849686530342165e+17
11240.0	1.1078711710781715e+17
11250.0	1.0604639228035358e+17
11260.0	1.1580426055011304e+17
11270.0	1.1730895341620606e+17
11280.0	1.0483032689580371e+17
11290.0	1.1336943133356302e+17
11300.0	9.881080131957011e+16
11310.0	1.1042802692238334e+17
11320.0	1.0930952470513966e+17
11330.0	1.1156986516329438e+17
11340.0	9.917168735554374e+16
11350.0	8.599237238033566e+16
11360.0	9.610762315449934e+16
11370.0	8.730290372404755e+16
11380.0	5.871100193382451e+16
11390.0	6.225645277448921e+16
11400.0	6.234385165457046e+16
11410.0	4.497972670310329e+16
11420.0	8.519272805885966e+16
11430.0	9.7051875139686e+16
11440.0	9.734231969334243e+16
11450.0	1.0608479160265966e+17
11460.0	1.0753564506513534e+17
11470.0	1.1566746578892821e+17
11480.0	1.1002826448984294e+17
11490.0	1.2701523788830995e+17
11500.0	1.2536209584270795e+17
11510.0	1.2284735010643317e+17
11520.0	1.2190211493753442e+17
11530.0	1.1843367662481646e+17
11540.0	1.1118956333398848e+17
11550.0	1.1950605358350278e+17
11560.0	1.168054063321639e+17
11570.0	1.1659464052413317e+17
11580.0	1.2180734003377571e+17
11590.0	1.22196517557045e+17
11600.0	1.108889349342768e+17
11610.0	1.0335144684286619e+17
11620.0	1.158327767638314e+17
11630.0	1.2363184820102059e+17
11640.0	1.0533635491736614e+17
11650.0	1.1690364495967632e+17
11660.0	1.027660299354663e+17
11670.0	1.0488448434678082e+17
11680.0	8.262621906969278e+16
11690.0	3.613280627324176e+16
11700.0	5.448326974324203e+16
11710.0	9.08325006352437e+16
11720.0	9.793723285904688e+16
11730.0	1.0212349418615032e+17
11740.0	8.707096405002219e+16
11750.0	8.556279853760886e+16
11760.0	6.7467014767070776e+16
11770.0	3.7408647292606696e+16
11780.0	3.1145859439820532e+16
11790.0	6.603731948541291e+16
11800.0	8.131938839774101e+16
11810.0	8.954316812978616e+16
11820.0	8.992165023438534e+16
11830.0	9.318058428133098e+16
11840.0	9.352518938672293e+16
11850.0	9.649129401602502e+16
11860.0	1.0421244755739493e+17
11870.0	1.0876814057879022e+17
11880.0	1.0224796796795418e+17
11890.0	8.887115634663408e+16
11900.0	1.076587133938765e+17
11910.0	1.0975635641633386e+17
11920.0	1.0904217759357334e+17
11930.0	1.1664019442387242e+17
11940.0	1.008640691511895e+17
11950.0	1.0220788052645214e+17
11960.0	1.0271404598831368e+17
11970.0	9.808884655239259e+16
11980.0	8.468233625079355e+16
11990.0	9.994737981940352e+16
12000.0	9.691587715915622e+16
12010.0	1.0072022325899186e+17
12020.0	1.014626758942762e+17
12030.0	1.0579008700703946e+17
12040.0	1.1143653806671528e+17
12050.0	1.0723828896858654e+17
12060.0	1.280787392962878e+17
12070.0	1.0956796547183314e+17
12080.0	1.1749819996801467e+17
12090.0	1.0908777098447827e+17
12100.0	1.2356289494529256e+17
12110.0	1.0392315022491848e+17
12120.0	1.1400796157987835e+17
12130.0	1.1430498326223955e+17
12140.0	1.2922179467998842e+17
12150.0	1.2641900756648832e+17
12160.0	1.2302323969675088e+17
12170.0	1.2770796102621877e+17
12180.0	1.3088842324928398e+17
12190.0	1.2651286096358285e+17
12200.0	1.1952940539504298e+17
12210.0	1.2010071968987864e+17
12220.0	1.2281755970526341e+17
12230.0	1.2499903362632811e+17
12240.0	1.2617533309682702e+17
12250.0	1.3147809794229816e+17
12260.0	1.3410689921967549e+17
12270.0	1.3405284961889838e+17
12280.0	1.3457937688100893e+17
12290.0	1.3273732361303694e+17
12300.0	1.3039204303906165e+17
12310.0	1.3487269750836645e+17
12320.0	1.2793560799265048e+17
12330.0	1.2686783333680314e+17
12340.0	1.3238481110879898e+17
12350.0	1.2680268972720459e+17
12360.0	1.2945066161602427e+17
12370.0	1.3310854556843493e+17
12380.0	1.3113277006053776e+17
12390.0	1.2129224361312592e+17
12400.0	1.2118687059071771e+17
12410.0	1.0097935086675898e+17
12420.0	9.687772717914544e+16
12430.0	7.493949222594893e+16
12440.0	6.448304193102924e+16
12450.0	1.1144668219388957e+17
12460.0	1.1556235662626442e+17
12470.0	1.220286356469258e+17
12480.0	1.1712515723280283e+17
12490.0	1.2059900773330442e+17
12500.0	1.1148050505265786e+17
12510.0	1.0751312191463771e+17
12520.0	6.4414731154363256e+16
12530.0	5.847677617147699e+16
12540.0	1.0709582392608474e+17
12550.0	1.098380877077214e+17
12560.0	1.2135793723058488e+17
12570.0	1.231712503661788e+17
12580.0	1.2334353813205386e+17
12590.0	1.2450927265699907e+17
12600.0	1.2407699469082581e+17
12610.0	1.2990378807185546e+17
12620.0	1.2515390536164923e+17
12630.0	1.2761910896500043e+17
12640.0	1.1761733350655426e+17
12650.0	1.247198366922054e+17
12660.0	1.2918429770178904e+17
12670.0	1.345702172132489e+17
12680.0	1.3362637754343074e+17
12690.0	1.3544155856039282e+17
12700.0	1.2649673185822314e+17
12710.0	1.2558937909136984e+17
12720.0	1.3992149124911366e+17
12730.0	1.3713846397284389e+17
12740.0	1.2632162396044034e+17
12750.0	1.2467243935651411e+17
12760.0	1.3628710865606184e+17
12770.0	1.3285271299498845e+17
12780.0	1.3175820404677765e+17
12790.0	1.365227857402019e+17
12800.0	1.330067258116772e+17
12810.0	1.3283271616127106e+17
12820.0	1.3543711546835381e+17
12830.0	1.294638993320142e+17
12840.0	1.3145073773201517e+17
12850.0	1.3339015004660224e+17
12860.0	1.1978451501131698e+17
12870.0	1.3149912093281966e+17
12880.0	1.2971881070310706e+17
12890.0	1.2241267490226931e+17
12900.0	1.2076431022870486e+17
12910.0	1.2130339510461118e+17
12920.0	1.2797101974990957e+17
12930.0	1.2441763956436242e+17
12940.0	1.3669285171189557e+17
12950.0	1.2015058154832178e+17
12960.0	1.3181808693174474e+17
12970.0	1.315429928753892e+17
12980.0	1.3371954008925634e+17
12990.0	1.2872745036913381e+17
13000.0	1.3113011458712333e+17
13010.0	1.2960247677591286e+17
13020.0	1.349613310093563e+17
13030.0	1.3531784217887221e+17
13040.0	1.383626295857524e+17
13050.0	1.3626461886402464e+17
13060.0	1.3467854967951078e+17
13070.0	1.2721481749950538e+17
13080.0	1.3138413719488357e+17
13090.0	1.2741478055452066e+17
13100.0	1.3067848806837138e+17
13110.0	1.3691818096718483e+17
13120.0	1.2763238007394067e+17
13130.0	1.205770043907883e+17
13140.0	1.2662876892393154e+17
13150.0	1.2660542254766805e+17
13160.0	1.2976983605790166e+17
13170.0	1.3243070730499973e+17
13180.0	1.2893639485923283e+17
13190.0	1.3530739852477709e+17
13200.0	1.2569124680932384e+17
13210.0	1.2758080525905531e+17
13220.0	1.2116386126296997e+17
13230.0	1.2711711888649533e+17
13240.0	1.2239548365042131e+17
13250.0	1.156614007837571e+17
13260.0	1.2231981881036242e+17
13270.0	1.0704241863119069e+17
13280.0	1.186777130553351e+17
13290.0	1.1596878131873221e+17
13300.0	1.0557907162558886e+17
13310.0	9.877320094985365e+16
13320.0	7.00555413183016e+16
13330.0	8.141540863910784e+16
13340.0	8.034109655622485e+16
13350.0	4.383049730776943e+16
13360.0	5.013319278798407e+16
13370.0	3.973420675016986e+16
13380.0	4.380597902932295e+16
13390.0	4.8344785499628216e+16
13400.0	5.874191400949555e+16
13410.0	5.774032631691716e+16
13420.0	4.118408692769282e+16
13430.0	3.779450508214899e+16
13440.0	5.338315965710281e+16
13450.0	4.115238507651063e+16
13460.0	5.4055027498239096e+16
13470.0	4.052574568654292e+16
13480.0	3.0501838048144108e+16
13490.0	5.137436262882524e+16
13500.0	4.461119873426406e+16
13510.0	4.00293837086975e+16
13520.0	3.683704823968939e+16
13530.0	4.9309608508106536e+16
13540.0	3.037858085569044e+16
13550.0	3.2325151961801252e+16
13560.0	4.1662562494704184e+16
13570.0	4.0493316350177576e+16
13580.0	3.90221346003528e+16
13590.0	4.313575882396373e+16
13600.0	4.379718096847897e+16
13610.0	4.176984530514887e+16
13620.0	2.742376442953991e+16
13630.0	5.0988758288831864e+16
13640.0	5.126325106445486e+16
13650.0	3.888749076572244e+16
13660.0	5.54511436145042e+16
13670.0	4.811936714848999e+16
13680.0	4.765352628009678e+16
13690.0	4.241362205220312e+16
13700.0	4.6291531094722136e+16
13710.0	4.3134522517827224e+16
13720.0	4.768919810709975e+16
13730.0	4.6443853327284776e+16
13740.0	4.533444091572217e+16
13750.0	5.166299404779656e+16
13760.0	5.340766435586357e+16
13770.0	4.95143218848029e+16
13780.0	5.680481024090078e+16
13790.0	5.1053366288982584e+16
13800.0	6.0924387413434424e+16
13810.0	4.6674502731922024e+16
13820.0	5.759809705896265e+16
13830.0	3.5605971255771456e+16
13840.0	5.761381261023454e+16
13850.0	4.9222268630391304e+16
13860.0	4.486356788333689e+16
13870.0	5.875916882108827e+16
13880.0	4.156215438945973e+16
13890.0	5.880795898328969e+16
13900.0	4.785202093229632e+16
13910.0	3.99360943367154e+16
13920.0	4.310724013623769e+16
13930.0	4.458358842174877e+16
13940.0	4.397683039823141e+16
13950.0	4.151491145936111e+16
13960.0	4.06331439139915e+16
13970.0	4.310162325564298e+16
13980.0	3.5741646068253372e+16
13990.0	4.405850776981169e+16
14000.0	3.962085101770275e+16
14010.0	3.2221801711121576e+16
14020.0	5.030341856162685e+16
14030.0	4.615324052630471e+16
14040.0	3.980119966649046e+16
14050.0	3.86233438792819e+16
14060.0	5.831831808198661e+16
14070.0	3.6027819593651828e+16
14080.0	3.798824095864997e+16
14090.0	3.633747187069558e+16
14100.0	3.909322232028866e+16
14110.0	3.947606761200547e+16
14120.0	2.9947031565531388e+16
14130.0	4.514093667642342e+16
14140.0	3.4200691420913636e+16
14150.0	3.583595835702203e+16
14160.0	4.585226444405175e+16
14170.0	3.598176193095465e+16
14180.0	3.00124997284625e+16
14190.0	3.0690031536620068e+16
14200.0	4.070896798674496e+16
14210.0	4.098775249606187e+16
14220.0	3.5468800081822852e+16
14230.0	3.4845994036354772e+16
14240.0	2.8414350266109292e+16
14250.0	3.696947292786791e+16
14260.0	3.1348022883114804e+16
14270.0	3.832783506573648e+16
14280.0	3.4400760926922324e+16
14290.0	2.4373575589364788e+16
14300.0	4.706527248425397e+16
14310.0	4.443537957435329e+16
14320.0	3.2708097073834148e+16
14330.0	4.0012265538517416e+16
14340.0	2.3852173350891892e+16
14350.0	4.379061447334209e+16
14360.0	4.201357742457225e+16
14370.0	3.63038879433557e+16
14380.0	4.162072067947392e+16
14390.0	3.9674029451272456e+16
14400.0	3.632767025251629e+16
14410.0	3.4214074247325428e+16
14420.0	3.764185005437081e+16
14430.0	4.5869624199779416e+16
14440.0	4.3752061166168456e+16
14450.0	2.9605933090975696e+16
14460.0	4.304211284746568e+16
14470.0	3.458719984503412e+16
14480.0	4.40154011745113e+16
14490.0	4.8996980121956216e+16
14500.0	3.634883833549934e+16
14510.0	3.1805200201915708e+16
14520.0	5.691689428851603e+16
14530.0	4.977088501100868e+16
14540.0	3.743600064396238e+16
14550.0	5.376958345333554e+16
14560.0	3.8570732967411976e+16
14570.0	3.5410395064468684e+16
14580.0	5.021755360022144e+16
14590.0	5.365835125237177e+16
14600.0	5.109095973040518e+16
14610.0	4.8663795170817336e+16
14620.0	4.0982044292693544e+16
14630.0	3.234788007885558e+16
14640.0	5.0071720025409e+16
14650.0	4.781416931701683e+16
14660.0	5.261828825865218e+16
14670.0	5.286673649779271e+16
14680.0	3.8442674661445544e+16
14690.0	3.669276782019997e+16
14700.0	4.389093605724058e+16
14710.0	4.718884691260432e+16
14720.0	4.904052925291431e+16
14730.0	5.356987476271004e+16
14740.0	4.260634369060609e+16
14750.0	4.231541638940577e+16
14760.0	4.544370550540345e+16
14770.0	4.782846171926099e+16
14780.0	4.9166145897539304e+16
14790.0	5.7233714292186664e+16
14800.0	4.0353834930893784e+16
14810.0	5.0715328894572536e+16
14820.0	4.01186815583873e+16
14830.0	4.893104612882408e+16
14840.0	5.539775738934387e+16
14850.0	4.82698927583926e+16
14860.0	4.926799214479232e+16
14870.0	5.37578033883713e+16
14880.0	4.692054861907763e+16
14890.0	4.79593617532542e+16
14900.0	4.655871127721205e+16
14910.0	5.595256580555657e+16
14920.0	5.118047266427061e+16
14930.0	5.253276765129351e+16
14940.0	4.5851813595185544e+16
14950.0	4.935954640631828e+16
14960.0	4.997877124101223e+16
14970.0	5.319679765588659e+16
14980.0	5.476168313732381e+16
14990.0	5.650788907142187e+16
15000.0	5.282688593731984e+16
15010.0	5.363305044029339e+16
15020.0	4.234730503942835e+16
15030.0	6.113186607542477e+16
15040.0	5.3117510132532296e+16
15050.0	5.797068344617801e+16
15060.0	5.514674340353711e+16
15070.0	5.9105575447019336e+16
15080.0	5.152723591844113e+16
15090.0	5.9050806505675256e+16
15100.0	5.4746786146415656e+16
15110.0	5.453679132459883e+16
15120.0	6.132561282469428e+16
15130.0	5.3045913959785096e+16
15140.0	5.562477697704939e+16
15150.0	6.701288698577907e+16
15160.0	5.866486512520901e+16
15170.0	4.9564221107907096e+16
15180.0	5.4483680981293464e+16
15190.0	5.897013216341487e+16
15200.0	5.899848431512444e+16
15210.0	6.592138252651819e+16
15220.0	6.188736947727523e+16
15230.0	6.398655124952452e+16
15240.0	6.483664330896179e+16
15250.0	5.7346626695961224e+16
15260.0	5.86934747382015e+16
15270.0	6.17480900499937e+16
15280.0	6.262122435697054e+16
15290.0	6.366947890565694e+16
15300.0	6.823767798055882e+16
15310.0	6.562343663950054e+16
15320.0	5.589028672244825e+16
15330.0	6.101223935563963e+16
15340.0	7.166711834482924e+16
15350.0	6.485448851677689e+16
15360.0	6.816724071668576e+16
15370.0	6.472174599994987e+16
15380.0	6.493596969661201e+16
15390.0	7.335663292499616e+16
15400.0	6.502047950617093e+16
15410.0	6.324850128734749e+16
15420.0	6.941840191104429e+16
15430.0	6.737599015974354e+16
15440.0	6.339231189691716e+16
15450.0	7.116294901453239e+16
15460.0	7.655456486630664e+16
15470.0	6.806431803929689e+16
15480.0	6.741923281990181e+16
15490.0	7.0378017233421256e+16
15500.0	7.271800375200698e+16
15510.0	6.752368348722962e+16
15520.0	7.34433569733398e+16
15530.0	7.422252229403827e+16
15540.0	7.428995645379725e+16
15550.0	7.281288616471797e+16
15560.0	7.092063574104319e+16
15570.0	7.153774661140665e+16
15580.0	6.720609340989515e+16
15590.0	7.256713437363298e+16
15600.0	7.28429367832099e+16
15610.0	7.278795020296912e+16
15620.0	7.589426508897293e+16
15630.0	7.539898375482014e+16
15640.0	7.611253292230554e+16
15650.0	7.143814955029515e+16
15660.0	6.9335595023415704e+16
15670.0	7.970795816570859e+16
15680.0	8.202172804748395e+16
15690.0	7.560867202255e+16
15700.0	7.553461560969656e+16
15710.0	7.790378115056794e+16
15720.0	7.770635380155381e+16
15730.0	7.781250117169822e+16
15740.0	8.041355597461296e+16
15750.0	8.035922439981046e+16
15760.0	7.904874338950184e+16
15770.0	7.975717550799298e+16
15780.0	7.81495607909326e+16
15790.0	7.856014061228626e+16
15800.0	7.94601404099124e+16
15810.0	7.974608445132322e+16
15820.0	7.96310984352128e+16
15830.0	8.313775608533574e+16
15840.0	7.918025201399371e+16
15850.0	7.961572337202904e+16
15860.0	8.465211789769811e+16
15870.0	8.204199180861432e+16
15880.0	8.378404189396811e+16
15890.0	8.404243015912616e+16
15900.0	8.018437645305851e+16
15910.0	8.473422433733957e+16
15920.0	8.288991180531126e+16
15930.0	8.21356650471732e+16
15940.0	8.478260706181853e+16
15950.0	8.541730028396446e+16
15960.0	8.606821442514114e+16
15970.0	8.480632174812882e+16
15980.0	8.371778617010491e+16
15990.0	8.414341745220867e+16
16000.0	8.593851291487445e+16
16010.0	8.652521114068845e+16
16020.0	8.227459591938866e+16
16030.0	8.839536599861773e+16
16040.0	8.516025801355702e+16
16050.0	8.48698367561896e+16
16060.0	8.535687846091109e+16
16070.0	8.730179381485221e+16
16080.0	8.797991616248067e+16
16090.0	8.719441986328453e+16
16100.0	8.687271272812733e+16
16110.0	8.525423523650741e+16
16120.0	8.697977288472566e+16
16130.0	8.785378380368158e+16
16140.0	8.698895241384574e+16
16150.0	8.718791840711034e+16
16160.0	8.706271751163485e+16
16170.0	9.016725887834014e+16
16180.0	9.024466261962246e+16
16190.0	8.552758339638582e+16
16200.0	8.710039629793006e+16
16210.0	8.560494511753037e+16
16220.0	8.917691178235312e+16
16230.0	8.932120112936862e+16
16240.0	9.036425608457102e+16
16250.0	8.84515740489391e+16
16260.0	8.776033302545128e+16
16270.0	8.95123487249322e+16
16280.0	9.007200554165998e+16
16290.0	8.85848154705327e+16
16300.0	8.959724092690538e+16
16310.0	8.777950480207098e+16
16320.0	8.849062444400654e+16
16330.0	8.991290594891541e+16
16340.0	9.005394977910547e+16
16350.0	8.86530745477663e+16
16360.0	8.98862336394327e+16
16370.0	8.971910108514896e+16
16380.0	9.14716518748689e+16
16390.0	9.013719438104818e+16
16400.0	8.947813068246309e+16
16410.0	8.987406918155642e+16
16420.0	8.813435779322779e+16
16430.0	8.900797790543472e+16
16440.0	9.064730861507125e+16
16450.0	9.093423782230286e+16
16460.0	9.064265837204203e+16
16470.0	9.020717791872691e+16
16480.0	9.149942587104842e+16
16490.0	8.997991547096131e+16
16500.0	8.918191186876947e+16
16510.0	8.890623415681667e+16
16520.0	9.053345966594688e+16
16530.0	8.926267830487811e+16
16540.0	9.017884382010613e+16
16550.0	8.963403513063165e+16
16560.0	9.11902104127339e+16
16570.0	9.102549823704424e+16
16580.0	9.038658938774931e+16
16590.0	8.908012227981707e+16
16600.0	8.818166466646923e+16
16610.0	8.897289499396374e+16
16620.0	8.74159908841382e+16
16630.0	9.079513490506501e+16
16640.0	9.060451435907042e+16
16650.0	9.036119385431013e+16
16660.0	9.136229720055717e+16
16670.0	8.921207008012072e+16
16680.0	8.8962105650587e+16
16690.0	8.856810279050286e+16
16700.0	8.952224263006411e+16
16710.0	9.00455298895279e+16
16720.0	8.806023237497955e+16
16730.0	8.870205664659072e+16
16740.0	8.923800413142104e+16
16750.0	8.991806376877434e+16
16760.0	9.117871416316613e+16
16770.0	8.791479728297122e+16
16780.0	8.918933542666517e+16
16790.0	8.994260633949197e+16
16800.0	8.858958800516517e+16
16810.0	8.982691506368347e+16
16820.0	8.98757031855415e+16
16830.0	8.855662128341434e+16
16840.0	8.77954419326705e+16
16850.0	8.931512763512802e+16
16860.0	8.851756161618104e+16
16870.0	8.58828488429745e+16
16880.0	8.649529496742973e+16
16890.0	8.525231113709277e+16
16900.0	8.801498897016952e+16
16910.0	8.843676464175198e+16
16920.0	8.268184990408773e+16
16930.0	8.597807154790624e+16
16940.0	8.477210107969573e+16
16950.0	8.457594199587946e+16
16960.0	8.39761468962204e+16
16970.0	8.109796647888408e+16
16980.0	8.12004528434095e+16
16990.0	8.18328481084495e+16
17000.0	8.033335874677318e+16
17010.0	8.075915652277267e+16
17020.0	8.404740647994549e+16
17030.0	8.262148389578376e+16
17040.0	7.766241157353067e+16
17050.0	7.892189282731462e+16
17060.0	8.20733586582513e+16
17070.0	7.877163891652704e+16
17080.0	7.397807077785462e+16
17090.0	7.455155536093768e+16
17100.0	8.197633601070432e+16
17110.0	7.206173755592184e+16
17120.0	7.16413908647466e+16
17130.0	7.377957787976469e+16
17140.0	7.043422381301016e+16
17150.0	7.071485281463698e+16
17160.0	6.9515996393667096e+16
17170.0	6.783745455322797e+16
17180.0	6.5793675843864504e+16
17190.0	6.1023083247824984e+16
17200.0	6.728678892573807e+16
17210.0	6.746822682929663e+16
17220.0	7.129685731534932e+16
17230.0	6.263414287860875e+16
17240.0	6.501564299240298e+16
17250.0	6.875397632898598e+16
17260.0	6.6923346146639144e+16
17270.0	5.233040811821095e+16
17280.0	6.39728039331007e+16
17290.0	6.188979897157241e+16
17300.0	6.228349966759736e+16
17310.0	6.624483726796802e+16
17320.0	5.0382047953457256e+16
17330.0	6.2032190956333944e+16
17340.0	5.995794955965075e+16
17350.0	5.496410707876203e+16
17360.0	5.89195383231357e+16
17370.0	5.051806080188087e+16
17380.0	5.85977524267946e+16
17390.0	5.952612630232278e+16
17400.0	5.1201087400468744e+16
17410.0	4.661492655400426e+16
17420.0	5.867375609030197e+16
17430.0	5.469392998190613e+16
17440.0	5.1794210795120056e+16
17450.0	4.822901124947632e+16
17460.0	5.238042540631638e+16
17470.0	4.3883290468311336e+16
17480.0	4.8365010996861816e+16
17490.0	5.524369492431913e+16
17500.0	5.0480454867287816e+16
17510.0	4.0966759800659656e+16
17520.0	4.837960474879317e+16
17530.0	5.4658486353309944e+16
17540.0	4.1513106162797864e+16
17550.0	4.754313906798688e+16
17560.0	3.556284339582036e+16
17570.0	4.382405499038039e+16
17580.0	3.872708233814366e+16
17590.0	4.04638824126758e+16
17600.0	5.5510933991203864e+16
17610.0	3.7434668335717624e+16
17620.0	4.285580811449974e+16
17630.0	3.342712047794066e+16
17640.0	4.887348824380335e+16
17650.0	4.218317838356593e+16
17660.0	5.17675916849284e+16
17670.0	3.697857548388282e+16
17680.0	2.740403674863154e+16
17690.0	3.3789414733443388e+16
17700.0	4.352430864103983e+16
17710.0	4.11978967496616e+16
17720.0	3.5356935395791084e+16
17730.0	3.0161562529910164e+16
17740.0	4.52404682969251e+16
17750.0	3.339301338086757e+16
17760.0	3.0213529597889904e+16
17770.0	3.4236217261636372e+16
17780.0	3.4727471672943012e+16
17790.0	3.707039241727331e+16
17800.0	3.724528960746427e+16
17810.0	2.8799474369823064e+16
17820.0	3.383898913690853e+16
17830.0	3.1287454967273576e+16
17840.0	3.8553680022705384e+16
17850.0	2.7553219660955292e+16
17860.0	2.4831099881019428e+16
17870.0	2.3600543991835044e+16
17880.0	3.1486955742872644e+16
17890.0	3.5065605866333804e+16
17900.0	3.938418219441952e+16
17910.0	2.402673193976727e+16
17920.0	2.7098262179933212e+16
17930.0	3.1698598703399124e+16
17940.0	2.6733633750465216e+16
17950.0	3.0018628259928492e+16
17960.0	2.6480081493301696e+16
17970.0	3.198155707667633e+16
17980.0	3.451279976990802e+16
17990.0	3.6489062799470616e+16
18000.0	2.3230568520732244e+16
18010.0	1.981617576414893e+16
18020.0	2.326388692365552e+16
18030.0	2.6271894244583188e+16
18040.0	3.648700992465667e+16
18050.0	2.7998576301444364e+16
18060.0	1.8438622312278344e+16
18070.0	2.6441023332808376e+16
18080.0	2.72536759194422e+16
18090.0	2.769685267926508e+16
18100.0	3.4540634293810036e+16
18110.0	1.7031156909624772e+16
18120.0	2.5667785585242084e+16
18130.0	2.3530457707326556e+16
18140.0	3.979401500037407e+16
18150.0	3.1176906002525124e+16
18160.0	2.393189651062034e+16
18170.0	2.5664450058897584e+16
18180.0	2.7115263704666812e+16
18190.0	2.492937485827561e+16
18200.0	2.357286891131931e+16
18210.0	2.3347483939085884e+16
18220.0	1.6007684348118464e+16
18230.0	3.053299703756364e+16
18240.0	4.121584890521416e+16
18250.0	2.9736385282960748e+16
18260.0	2.4065329792712804e+16
18270.0	2.460202031600608e+16
18280.0	2.367760363104769e+16
18290.0	3.131974115565715e+16
18300.0	2.9626695923792924e+16
18310.0	2.2031654089970456e+16
18320.0	2.7572666138639084e+16
18330.0	2.3540909698085172e+16
18340.0	3.165047321770589e+16
18350.0	2.2906783712022204e+16
18360.0	2.3438010476530576e+16
18370.0	2.9729469073128956e+16
18380.0	2.303861607179447e+16
18390.0	2.6474082310442456e+16
18400.0	2.2489386662522184e+16
18410.0	3.4455121408521784e+16
18420.0	1.9782325051375976e+16
18430.0	2.4074098441993892e+16
18440.0	1.9765823370905492e+16
18450.0	2.5936025252272036e+16
18460.0	2.239194347816809e+16
18470.0	1.94839892796594e+16
18480.0	1.956630770904287e+16
18490.0	2.247172346726769e+16
18500.0	1.7681107035512032e+16
18510.0	2.5784462851938696e+16
18520.0	2.92627581658411e+16
18530.0	2.154796770076673e+16
18540.0	1.82858940032442e+16
18550.0	2.4338794447379292e+16
18560.0	2.3079981275628424e+16
18570.0	1.6269089793996968e+16
18580.0	1.5082994000523362e+16
18590.0	1.9577684636417104e+16
18600.0	1.5672652949837794e+16
18610.0	1.4509258451704612e+16
18620.0	2.3776987898413904e+16
18630.0	2.047867688946791e+16
18640.0	1.9502960398400876e+16
18650.0	1.461926216688799e+16
18660.0	2.3453645826262896e+16
18670.0	2.1819258779973548e+16
18680.0	1.422408053225034e+16
18690.0	2.8129950600876136e+16
18700.0	2.3543944730734264e+16
18710.0	1.850413505685319e+16
18720.0	2.467744508451212e+16
18730.0	1.5527259013605212e+16
18740.0	2.378618106630548e+16
18750.0	2.3363560061690384e+16
18760.0	2.5280669749013584e+16
18770.0	1.7766894557564272e+16
18780.0	2.3959076231910804e+16
18790.0	2.1059600850193704e+16
18800.0	2.7173329655198572e+16
18810.0	1.963848692796169e+16
18820.0	2.4869752487424776e+16
18830.0	3.210877076882462e+16
18840.0	2.9349520609093696e+16
18850.0	1.717485094366645e+16
18860.0	2.7725208044852624e+16
18870.0	2.564033228749246e+16
18880.0	3.116101630850919e+16
18890.0	2.1801322380550024e+16
18900.0	2.623906685682672e+16
18910.0	2.7058226048153224e+16
18920.0	1.7645220498092428e+16
18930.0	2.5230498000671516e+16
18940.0	2.560744593102477e+16
18950.0	2.881065215713677e+16
18960.0	2.666906126638841e+16
18970.0	3.1537622559650436e+16
18980.0	2.3621674484366816e+16
18990.0	2.7483203304826196e+16
19000.0	3.0678002789481548e+16
19010.0	2.4298547546643424e+16
19020.0	3.1753692952010364e+16
19030.0	2.711465847068294e+16
19040.0	2.8031316545563356e+16
19050.0	2.7941296073961204e+16
19060.0	2.2576483695084e+16
19070.0	2.35587301677644e+16
19080.0	3.4119399618198316e+16
19090.0	3.1861924213513776e+16
19100.0	2.9300809915301896e+16
19110.0	2.1818401238525716e+16
19120.0	2.6336879218979384e+16
19130.0	3.0933094424032028e+16
19140.0	2.547603781352993e+16
19150.0	3.334647173690128e+16
19160.0	2.5167570189532924e+16
19170.0	2.4758057268932144e+16
19180.0	3.0478374282923776e+16
19190.0	3.683204250294076e+16
19200.0	2.2947335664305548e+16
19210.0	1.9503984238495056e+16
19220.0	2.94334496185364e+16
19230.0	2.9914705805978004e+16
19240.0	2.0514377155783704e+16
19250.0	2.8046064515820136e+16
19260.0	2.851621960520544e+16
19270.0	2.1873263417429684e+16
19280.0	3.544302028782384e+16
19290.0	2.23616633576225e+16
19300.0	2.661965758886718e+16
19310.0	2.0913237551046988e+16
19320.0	2.4235317210837028e+16
19330.0	2.7507927839759616e+16
19340.0	2.205344690836656e+16
19350.0	2.8686861470412068e+16
19360.0	2.3488617754974376e+16
19370.0	2.6072961103411464e+16
19380.0	2.5870868397264532e+16
19390.0	1.9079596365199444e+16
19400.0	1.739627510594603e+16
19410.0	1.6937404996341542e+16
19420.0	2.386027857346734e+16
19430.0	2.558793917738909e+16
19440.0	2.5766663703913932e+16
19450.0	1.9222664550593372e+16
19460.0	2.1071389578711836e+16
19470.0	2.6351323307290668e+16
19480.0	1.93069771744393e+16
19490.0	1.956500658441798e+16
19500.0	2.6020039381572084e+16
19510.0	2.5778337234468636e+16
19520.0	2.6793729340879668e+16
19530.0	1.6743839444777702e+16
19540.0	2.4148489906433096e+16
19550.0	2.0158249609170556e+16
19560.0	1.8081413004195452e+16
19570.0	2.421989966194336e+16
19580.0	2.287802187569147e+16
19590.0	3.2576878100834896e+16
19600.0	1.991723890363001e+16
19610.0	1.683325011185529e+16
19620.0	2.2043833533766736e+16
19630.0	2.441568801856086e+16
19640.0	2.3489354915217776e+16
19650.0	1.9575209504840172e+16
19660.0	2.529837906465633e+16
19670.0	2.6100233609065744e+16
19680.0	1.8796071158452724e+16
19690.0	2.234357369494986e+16
19700.0	2.8756311421795216e+16
19710.0	1.888103838836245e+16
19720.0	2.5366332941980468e+16
19730.0	2.2547873999106852e+16
19740.0	2.0699237151310676e+16
19750.0	2.161474110798585e+16
19760.0	1.4722165026594672e+16
19770.0	2.3047452468031428e+16
19780.0	2.1224242076799544e+16
19790.0	2.3251382001932744e+16
19800.0	1.7553876109745128e+16
19810.0	2.419557351753957e+16
19820.0	1.892585278812839e+16
19830.0	2.115371932079873e+16
19840.0	2.184322169239644e+16
19850.0	2.3769320778588972e+16
19860.0	2.2181932564072284e+16
19870.0	2.5902623245311784e+16
19880.0	2.201253003799189e+16
19890.0	2.2206168755075716e+16
19900.0	1.5660199550996146e+16
19910.0	2.125634152705771e+16
19920.0	1.8670986100235068e+16
19930.0	2.3005209630966424e+16
19940.0	2.7440478427959492e+16
19950.0	2.062153251710994e+16
19960.0	2.4509722881688812e+16
19970.0	2.4217736747189252e+16
19980.0	1.9265774417437452e+16
19990.0	2.42948348836123e+16
20000.0	1.8236261329177844e+16
20010.0	2.3547151905298704e+16
20020.0	2.1956198664662416e+16
20030.0	2.5270207539856388e+16
20040.0	2.5763218987109948e+16
20050.0	2.6297818413373696e+16
20060.0	2.2773657652288428e+16
20070.0	2.1245464020904536e+16
20080.0	2.900470790348553e+16
20090.0	1.7154179870259344e+16
20100.0	2.144329160621615e+16
20110.0	2.1139069467180456e+16
20120.0	2.4562952644588972e+16
20130.0	2.529592661327636e+16
20140.0	2.610705684052723e+16
20150.0	2.705471404746238e+16
20160.0	2.1590871049664844e+16
20170.0	2.1562461998751584e+16
20180.0	2.7348143052387604e+16
20190.0	2.3980878477391704e+16
20200.0	1.790383809360571e+16
20210.0	2.810529667718496e+16
20220.0	2.7980315420748084e+16
20230.0	2.560278220356272e+16
20240.0	2.998265644510327e+16
20250.0	2.670934982240869e+16
20260.0	2.125302619730772e+16
20270.0	2.4024526072068292e+16
20280.0	2.5900001540138908e+16
20290.0	2.074741299889136e+16
20300.0	2.8502487115766068e+16
20310.0	2.1348588654018456e+16
20320.0	3.072687965090318e+16
20330.0	2.731122716949545e+16
20340.0	2.67866881384244e+16
20350.0	2.7713538057720096e+16
20360.0	2.1736312098344636e+16
20370.0	3.1418443962585396e+16
20380.0	2.8361620319840596e+16
20390.0	2.66603386961083e+16
20400.0	2.5812514043087964e+16
20410.0	2.4440825498205464e+16
20420.0	3.0334076164911564e+16
20430.0	3.3617169089339884e+16
20440.0	2.337339394063015e+16
20450.0	2.433623736333559e+16
20460.0	2.633520431020435e+16
20470.0	3.014597993495199e+16
20480.0	3.1291197902557644e+16
20490.0	2.506224981296817e+16
20500.0	2.6490091578135424e+16
20510.0	3.333073960803427e+16
20520.0	2.703134199418365e+16
20530.0	2.8899997458395244e+16
20540.0	2.6393104273644776e+16
20550.0	2.831809068839782e+16
20560.0	2.685719218258503e+16
20570.0	3.2618165832567452e+16
20580.0	3.3259272527756744e+16
20590.0	3.104191431677396e+16
20600.0	3.2139648886839268e+16
20610.0	2.6822526080083076e+16
20620.0	2.93874542516242e+16
20630.0	3.029296301548935e+16
20640.0	2.4453393322409452e+16
20650.0	3.084475558718576e+16
20660.0	2.9723094966611572e+16
20670.0	3.301573817460604e+16
20680.0	3.2103800953131044e+16
20690.0	2.895881068048713e+16
20700.0	3.473359113080218e+16
20710.0	3.1846492149152892e+16
20720.0	2.850751950888313e+16
20730.0	3.0445663254230788e+16
20740.0	3.0295809975252876e+16
20750.0	2.984978650857846e+16
20760.0	3.2337511208682364e+16
20770.0	3.2049603052899764e+16
20780.0	3.307015907653201e+16
20790.0	3.2196518123226884e+16
20800.0	3.1456737394961104e+16
20810.0	3.221349020814809e+16
20820.0	3.2619893103548748e+16
20830.0	3.0133667119681896e+16
20840.0	3.2053271698861468e+16
20850.0	3.282725469952357e+16
20860.0	3.3695470924701884e+16
20870.0	2.9082628270212476e+16
20880.0	3.395732729739941e+16
20890.0	3.296144976490012e+16
20900.0	3.1063321583499564e+16
20910.0	3.5982671893399636e+16
20920.0	3.3127964659039892e+16
20930.0	3.537926457396069e+16
20940.0	3.082436174980647e+16
20950.0	3.3748569076929348e+16
20960.0	3.38875711646227e+16
20970.0	3.300751926568635e+16
20980.0	3.3725383608056044e+16
20990.0	3.3061568545235676e+16
21000.0	3.363175470574432e+16
21010.0	3.4843731340100972e+16
21020.0	3.414528343627283e+16
21030.0	3.4024793690360748e+16
21040.0	3.480407806119309e+16
21050.0	3.260648876262035e+16
21060.0	3.4997804181550576e+16
21070.0	3.5254780345475156e+16
21080.0	3.3861154115107988e+16
21090.0	3.348526129706355e+16
21100.0	3.5460841266307376e+16
21110.0	3.5942772123525188e+16
21120.0	3.2420086317033372e+16
21130.0	3.4943127471257684e+16
21140.0	3.6582899125319944e+16
21150.0	3.5605100804402972e+16
21160.0	3.572434233512453e+16
21170.0	3.2329166126968384e+16
21180.0	3.4232940217141556e+16
21190.0	3.438543838794117e+16
21200.0	3.5357108832372476e+16
21210.0	3.5626674656829424e+16
21220.0	3.5210836172630108e+16
21230.0	3.5595919739101788e+16
21240.0	3.5064895285125836e+16
21250.0	3.653968878108617e+16
21260.0	3.5684756206567296e+16
21270.0	3.5774931387165336e+16
21280.0	3.3799921921770424e+16
21290.0	3.38337867059958e+16
21300.0	3.462876594534066e+16
21310.0	3.5510682966285668e+16
21320.0	3.531239419032869e+16
21330.0	3.623355715652639e+16
21340.0	3.5370030683836424e+16
21350.0	3.619134207764628e+16
21360.0	3.609180378445736e+16
21370.0	3.4977321292183616e+16
21380.0	3.529037373043882e+16
21390.0	3.5570124057713188e+16
21400.0	3.43522080866804e+16
21410.0	3.4605267900932804e+16
21420.0	3.461928597009398e+16
21430.0	3.507165737348078e+16
21440.0	3.720059944766085e+16
21450.0	3.698152729210948e+16
21460.0	3.66055351561613e+16
21470.0	3.607524408581539e+16
21480.0	3.551880303083288e+16
21490.0	3.5319046122976148e+16
21500.0	3.369996667367185e+16
21510.0	3.578773797885898e+16
21520.0	3.5325323197358816e+16
21530.0	3.463377690821551e+16
21540.0	3.5987211981873996e+16
21550.0	3.587489047579139e+16
21560.0	3.4870140797931264e+16
21570.0	3.571753415813748e+16
21580.0	3.630398576867723e+16
21590.0	3.5405694881644748e+16
21600.0	3.5219378492198412e+16
21610.0	3.60991099939904e+16
21620.0	3.5261444196023308e+16
21630.0	3.505190300326376e+16
21640.0	3.5960716926641784e+16
21650.0	3.577708574409598e+16
21660.0	3.4620228939455948e+16
21670.0	3.514724630179331e+16
21680.0	3.626043051039076e+16
21690.0	3.65568655339441e+16
21700.0	3.5767043715529704e+16
21710.0	3.4622986919616924e+16
21720.0	3.5352895407213604e+16
21730.0	3.4648033067258524e+16
21740.0	3.5018192412612484e+16
21750.0	3.603092921833232e+16
21760.0	3.387454720518628e+16
21770.0	3.5232012938858424e+16
21780.0	3.4186255314954884e+16
21790.0	3.414023115285932e+16
21800.0	3.4957893017577604e+16
21810.0	3.5425391334017816e+16
21820.0	3.5193295376555308e+16
21830.0	3.4487654999992396e+16
21840.0	3.503478291054829e+16
21850.0	3.480736696386546e+16
21860.0	3.3912311504457036e+16
21870.0	3.4346214728047852e+16
21880.0	3.4493620505738588e+16
21890.0	3.5197447484707416e+16
21900.0	3.4430618104098496e+16
21910.0	3.5321791517085924e+16
21920.0	3.471716067879006e+16
21930.0	3.339958884973522e+16
21940.0	3.436531933443916e+16
21950.0	3.4995593803671776e+16
21960.0	3.377736717731814e+16
21970.0	3.3945860077902508e+16
21980.0	3.438064991033884e+16
21990.0	3.4254767831960372e+16
22000.0	3.4378242876194524e+16
22010.0	3.3920098066754092e+16
22020.0	3.3680169188593668e+16
22030.0	3.313488722649607e+16
22040.0	3.2920397289513268e+16
22050.0	3.3213578342146896e+16
22060.0	3.3940715131502212e+16
22070.0	3.3054124518261604e+16
22080.0	3.301059264557003e+16
22090.0	3.3697296370468692e+16
22100.0	3.388005831347598e+16
22110.0	3.243594278257481e+16
22120.0	3.4390889834372924e+16
22130.0	3.35607459093813e+16
22140.0	3.4047820660037364e+16
22150.0	3.361076853609527e+16
22160.0	3.3633317793295304e+16
22170.0	3.3042891264404504e+16
22180.0	3.375032142287492e+16
22190.0	3.246732615040164e+16
22200.0	3.126923163204034e+16
22210.0	3.1610680479272892e+16
22220.0	3.2909811059606056e+16
22230.0	3.33545824795758e+16
22240.0	3.3526889012961584e+16
22250.0	3.405990635378427e+16
22260.0	3.3701830581836756e+16
22270.0	3.209052902088226e+16
22280.0	3.227849290003581e+16
22290.0	3.2329088386234916e+16
22300.0	3.257690847720651e+16
22310.0	3.325439555510277e+16
22320.0	3.363268176117065e+16
22330.0	3.160333031378737e+16
22340.0	3.3008517404632292e+16
22350.0	3.1053875269193012e+16
22360.0	3.094950096301984e+16
22370.0	3.297833148788931e+16
22380.0	3.2705540051061604e+16
22390.0	3.1069205141804852e+16
22400.0	3.3429113123922296e+16
22410.0	3.3150856887279936e+16
22420.0	3.1243059977545092e+16
22430.0	3.1000243407189024e+16
22440.0	3.1229152812744068e+16
22450.0	3.1893206793935756e+16
22460.0	3.3281678132058092e+16
22470.0	3.078974830404816e+16
22480.0	3.1546723076786092e+16
22490.0	3.274125921194818e+16
22500.0	2.949632201642179e+16
22510.0	3.2873998560766796e+16
22520.0	3.1273383524380804e+16
22530.0	3.1681769822644704e+16
22540.0	3.097673484857788e+16
22550.0	3.080168338911713e+16
22560.0	3.1223511209243756e+16
22570.0	3.2114267192888336e+16
22580.0	3.052627230049783e+16
22590.0	3.1755793563674824e+16
22600.0	3.1439048007856348e+16
22610.0	3.1664297257994904e+16
22620.0	3.140392983245365e+16
22630.0	3.045783674368149e+16
22640.0	3.0367537287091532e+16
22650.0	2.9023664151176244e+16
22660.0	3.087588268183796e+16
22670.0	3.0960078116215844e+16
22680.0	3.0922934165799772e+16
22690.0	3.0349214920243068e+16
22700.0	2.9503506446598068e+16
22710.0	3.0274020584646004e+16
22720.0	2.9149163488174828e+16
22730.0	3.042097505368349e+16
22740.0	3.1186580485173308e+16
22750.0	3.0442303103543624e+16
22760.0	3.039272496505791e+16
22770.0	3.1498533587393412e+16
22780.0	3.116311154969535e+16
22790.0	2.9028889817791344e+16
22800.0	2.8172351111038676e+16
22810.0	2.8247691373589044e+16
22820.0	3.1082764976950256e+16
22830.0	3.0502922727240396e+16
22840.0	2.8899662861782564e+16
22850.0	2.979532593436656e+16
22860.0	3.0431975285107676e+16
22870.0	2.982681716628188e+16
22880.0	3.1311184712481948e+16
22890.0	2.9954764186881184e+16
22900.0	2.9943752937778068e+16
22910.0	2.93905108236823e+16
22920.0	2.739179995376375e+16
22930.0	2.732408882045819e+16
22940.0	1.5303146918110918e+16
22950.0	1.8411381181403204e+16
22960.0	1.9860607573627496e+16
22970.0	2.0259873098891188e+16
22980.0	2.020639161943124e+16
22990.0	2.1482949310418796e+16
23000.0	2.2389240809804396e+16
23010.0	1.8747327377280196e+16
23020.0	2.269193085826417e+16
23030.0	2.1976540315054564e+16
23040.0	2.3057260473308252e+16
23050.0	2.165703455545554e+16
23060.0	2.164406359849525e+16
23070.0	2.2065349387724244e+16
23080.0	2.122672729410203e+16
23090.0	2.2352377033288544e+16
23100.0	1.966224533242923e+16
23110.0	2.131060520612294e+16
23120.0	2.19239161262413e+16
23130.0	2.5304761132733456e+16
23140.0	2.1176676604406856e+16
23150.0	1.932593455291561e+16
23160.0	2.2029302772014264e+16
23170.0	2.4909854682160012e+16
23180.0	2.0428606608230564e+16
23190.0	2.1867427149748056e+16
23200.0	2.5182725913232452e+16
23210.0	2.1929095684041972e+16
23220.0	2.0802010331958004e+16
23230.0	1.6883184785390142e+16
23240.0	1.695768484564497e+16
23250.0	1.8408841416641424e+16
23260.0	2.1030033500203856e+16
23270.0	1.8769567769343444e+16
23280.0	1.92539649847133e+16
23290.0	2.0029058286044096e+16
23300.0	1.8064109476507252e+16
23310.0	2.069964181540851e+16
23320.0	2.024415144630622e+16
23330.0	2.2443324681239596e+16
23340.0	1.956108476393094e+16
23350.0	2.096163641389855e+16
23360.0	1.988278246635929e+16
23370.0	1.9387006402832696e+16
23380.0	2.188077501757727e+16
23390.0	1.912081585528538e+16
23400.0	1.997831328006389e+16
23410.0	1.976645530565386e+16
23420.0	2.274061196700567e+16
23430.0	2.048911752599746e+16
23440.0	2.025388194446384e+16
23450.0	1.6749407254663954e+16
23460.0	2.3773359990943844e+16
23470.0	2.2122544261742356e+16
23480.0	2.234001679649695e+16
23490.0	2.500026597155973e+16
23500.0	2.088100641816173e+16
23510.0	1.998830522055002e+16
23520.0	1.9872742343613572e+16
23530.0	1.7788223648916732e+16
23540.0	1.689853838958748e+16
23550.0	2.254526006157926e+16
23560.0	1.783829663508668e+16
23570.0	2.112469146723637e+16
23580.0	1.813186961956798e+16
23590.0	1.6391046919302956e+16
23600.0	2.149731283650359e+16
23610.0	1.745789588303912e+16
23620.0	2.0507873374264684e+16
23630.0	1.7252671476828228e+16
23640.0	2.088274255120415e+16
23650.0	2.034870814761812e+16
23660.0	1.97393015006424e+16
23670.0	1.9424108687617384e+16
23680.0	1.747212161475572e+16
23690.0	1.9547749441838944e+16
23700.0	1.958661322912359e+16
23710.0	1.7471365543885988e+16
23720.0	2.2685911452281012e+16
23730.0	1.824119293281256e+16
23740.0	2.051478122128868e+16
23750.0	2.1336176873966476e+16
23760.0	1.853398713283648e+16
23770.0	2.0182983481418164e+16
23780.0	1.8004204592867004e+16
23790.0	1.9263477934064068e+16
23800.0	2.262396976148028e+16
23810.0	1.5907133557746786e+16
23820.0	2.1866179031540524e+16
23830.0	1.7558954177271142e+16
23840.0	1.4720464244840086e+16
23850.0	2.1519198928180544e+16
23860.0	1.608979153916028e+16
23870.0	1.6670417015125814e+16
23880.0	1.6134903771982076e+16
23890.0	1.7370726796849256e+16
23900.0	2.2117207160112844e+16
23910.0	2.0539108432139304e+16
23920.0	1.4644111216843562e+16
23930.0	1.8432711304706828e+16
23940.0	2.2620447881665544e+16
23950.0	1.544359760809764e+16
23960.0	1.985896198727671e+16
23970.0	1.9040101578509132e+16
23980.0	1.6027843686271844e+16
23990.0	2.086992186232576e+16
24000.0	1.957230789119158e+16
24010.0	1.5543495124786448e+16
24020.0	1.9540067340879884e+16
24030.0	1.7402181179369628e+16
24040.0	1.6241218486289054e+16
24050.0	1.9075758457156868e+16
24060.0	1.885434863404598e+16
24070.0	1.7086617569574296e+16
24080.0	1.42740237309641e+16
24090.0	1.6905849396220014e+16
24100.0	1.6238560597611686e+16
24110.0	1.7176908620104052e+16
24120.0	1.81086674178763e+16
24130.0	1.6227892250312324e+16
24140.0	1.2330735564874598e+16
24150.0	2.0028318419321464e+16
24160.0	1.6860685668544086e+16
24170.0	1.4171962888704794e+16
24180.0	1.6642289705641862e+16
24190.0	1.6087071587554384e+16
24200.0	1.338944342749858e+16
24210.0	1.9860691589893636e+16
24220.0	1.339691305887438e+16
24230.0	1.4930358441491026e+16
24240.0	1.7271379386218552e+16
24250.0	1.5435628039128804e+16
24260.0	1.4793485609583804e+16
24270.0	1.31682816842737e+16
24280.0	1.418048990502002e+16
24290.0	1.7702966598324328e+16
24300.0	1.5396111228612172e+16
24310.0	1.3103109541225332e+16
24320.0	1.6008425424638372e+16
24330.0	1.612378951805055e+16
24340.0	1.2479008618667254e+16
24350.0	1.350525507708057e+16
24360.0	1.4810991189545276e+16
24370.0	9394588355498432.0
24380.0	1.4587531639863664e+16
24390.0	1.7596570028574732e+16
24400.0	1.4568651366005718e+16
24410.0	1.3535625486609494e+16
24420.0	1.3673142628164396e+16
24430.0	1.3403517787845128e+16
24440.0	1.0679944432923196e+16
24450.0	1.4417772407375034e+16
24460.0	1.3839432671717402e+16
24470.0	1.3399457648063788e+16
24480.0	8945272452024186.0
24490.0	1.3350637421435742e+16
24500.0	1.5802064545694928e+16
24510.0	1.4216630988853432e+16
24520.0	9920659566052010.0
24530.0	9183712249711924.0
24540.0	8480680180327097.0
24550.0	1.1436011409795474e+16
24560.0	1.3661480715931064e+16
24570.0	1.6019783795500204e+16
24580.0	1.5973351284919986e+16
24590.0	1.3925753761134328e+16
24600.0	1.0982842036447532e+16
24610.0	6934098717905046.0
24620.0	1.300386005013952e+16
24630.0	1.2256274002072758e+16
24640.0	1.6109405684223448e+16
24650.0	1.4274050799478026e+16
24660.0	1.182811736497714e+16
24670.0	1.0994798951944096e+16
24680.0	7139556619092819.0
24690.0	1.231023285355991e+16
24700.0	1.099391118995077e+16
24710.0	1.1043362698671706e+16
24720.0	1.1069839148173902e+16
24730.0	1.034505425598646e+16
24740.0	8041273431996478.0
24750.0	7726058055533410.0
24760.0	8940112487426349.0
24770.0	1.413399364899093e+16
24780.0	1.154497232724927e+16
24790.0	7697341271984747.0
24800.0	1.2725462517128934e+16
24810.0	1.0405258244551392e+16
24820.0	7466545346985668.0
24830.0	8318055589239422.0
24840.0	1.3308943640008314e+16
24850.0	1.4853393608777728e+16
24860.0	1.2854446962978728e+16
24870.0	8768436079469911.0
24880.0	8275394401589323.0
24890.0	7362840071579016.0
24900.0	6078305349500382.0
24910.0	6742638769864494.0
24920.0	1.1638156332714636e+16
24930.0	9986756468984692.0
24940.0	1.4744820092479078e+16
24950.0	1.1379796587474258e+16
24960.0	8889897992904667.0
24970.0	8598697376033304.0
24980.0	5514649161833737.0
24990.0	1.0150942754139656e+16
25000.0	1.0519088539311364e+16
25010.0	9940221961303748.0
25020.0	1.205872344873385e+16
25030.0	6982049259928146.0
25040.0	8555677350263156.0
25050.0	7568292088431462.0
25060.0	4334916846471150.0
25070.0	8613828726898640.0
25080.0	9969450201125286.0
25090.0	1.0604442707365166e+16
25100.0	1.07287524127534e+16
25110.0	7154406672936123.0
25120.0	8054807055425486.0
25130.0	7376840828012605.0
25140.0	1.048296456786879e+16
25150.0	4516529779910032.0
25160.0	7346315800616459.0
25170.0	9527866827639508.0
25180.0	7925257819923889.0
25190.0	8020279340333670.0
25200.0	9062622031136272.0
25210.0	8768597461912031.0
25220.0	7596338876601285.0
25230.0	8984726871857001.0
25240.0	5115050425119539.0
25250.0	6765984530466900.0
25260.0	6836189709707414.0
25270.0	9211469369779738.0
25280.0	6079460979292397.0
25290.0	7591150200628511.0
25300.0	1.0098948446321476e+16
25310.0	1.0592342004975006e+16
25320.0	7541053583212984.0
25330.0	4365581844034943.0
25340.0	9702894544659664.0
25350.0	7637070867580728.0
25360.0	5434740167273304.0
25370.0	6751036240020036.0
25380.0	6864932087734410.0
25390.0	6101486379042697.0
25400.0	1.0127999621786694e+16
25410.0	8585834310522348.0
25420.0	7982617602419940.0
25430.0	4794791643923920.0
25440.0	5976493484312928.0
25450.0	7725498252607773.0
25460.0	7262810837031186.0
25470.0	7884448511778378.0
25480.0	5429563636248392.0
25490.0	5493009754915921.0
25500.0	8325997188160032.0
25510.0	8098382118822286.0
25520.0	8979934429997909.0
25530.0	3743251359668586.0
25540.0	8380951949647709.0
25550.0	7639690054075441.0
25560.0	6989249303138869.0
25570.0	7972944918778384.0
25580.0	9094286809146458.0
25590.0	8300204235779974.0
25600.0	6384487847516750.0
25610.0	3994952147799142.0
25620.0	8271619192043054.0
25630.0	4593408283155333.0
25640.0	6321684361254813.0
25650.0	6236259930844624.0
25660.0	7265614223687408.0
25670.0	6581796705759619.0
25680.0	6973019732164686.0
25690.0	6991774347423570.0
25700.0	6729718655819073.0
25710.0	1.3235843924549952e+16
25720.0	9267562427608134.0
25730.0	6605108355363565.0
25740.0	5105383523248527.0
25750.0	6282260527609499.0
25760.0	7655574354173685.0
25770.0	3521737175896653.0
25780.0	5588911227906305.0
25790.0	7665909710483571.0
25800.0	1.2552135511402748e+16
25810.0	6492695596658064.0
25820.0	8434103109755122.0
25830.0	6108252921036891.0
25840.0	5857244339257967.0
25850.0	6434524161421268.0
25860.0	1.0442559325315168e+16
25870.0	5381228349166523.0
25880.0	6305640615587043.0
25890.0	6890253895709071.0
25900.0	7831150346479634.0
25910.0	8768763190481488.0
25920.0	9145391660259350.0
25930.0	5636155842381303.0
25940.0	7119444837366968.0
25950.0	5273345414772286.0
25960.0	6651324640050519.0
25970.0	7383978652828827.0
25980.0	5575040921833825.0
25990.0	9271802535188480.0
