# Flux units: erg / (cm m2 s)
# Wavelength units: micron
wave	flux
0.7000000000000002	1.0204268581190482e+17
0.7010000000000002	1.0830002154866782e+17
0.7020000000000002	1.2349321303257771e+17
0.7030000000000002	1.338207591909891e+17
0.7040000000000002	1.3833613508042434e+17
0.7050000000000002	1.5504397892400323e+17
0.7060000000000002	5.721393115957369e+16
0.7070000000000002	6.278399980334299e+16
0.7080000000000002	7.940895749326038e+16
0.7090000000000001	5.339642381137194e+16
0.7100000000000001	3.92682861590477e+16
0.7110000000000001	5.384084922901446e+16
0.7120000000000001	6.646151221038721e+16
0.7130000000000001	3.4697006248206524e+16
0.7140000000000001	3.317673471967569e+16
0.7150000000000001	4.1615362509720616e+16
0.7160000000000001	4.425463115263067e+16
0.7170000000000001	4.5218823913846376e+16
0.7180000000000001	5.237620895823288e+16
0.7190000000000001	6.222622077952338e+16
0.7200000000000001	5.490662277762756e+16
0.7210000000000001	4.720559268721737e+16
0.7220000000000001	5.882729140434429e+16
0.7230000000000001	6.7894296238332536e+16
0.7240000000000001	7.5798657671455e+16
0.7250000000000001	8.547590859249627e+16
0.7260000000000001	1.0462092719338598e+17
0.7270000000000001	1.0932897851241432e+17
0.7280000000000001	1.0688438171651707e+17
0.7290000000000001	1.2525716689191294e+17
0.7300000000000001	1.4068386201245643e+17
0.7310000000000001	1.634855905233596e+17
0.7320000000000001	1.735681832263929e+17
0.7330000000000001	1.899226981434841e+17
0.7340000000000001	2.1230169526776938e+17
0.7350000000000001	2.05460848358255e+17
0.7360000000000001	2.1433447778643338e+17
0.7370000000000001	2.475308880005764e+17
0.7380000000000001	2.571398662856099e+17
0.7390000000000001	2.5994954624377155e+17
0.7400000000000001	2.6556950944534474e+17
0.7410000000000001	2.704696216127952e+17
0.7420000000000001	2.5043471828243043e+17
0.7430000000000001	2.7493927067810582e+17
0.7440000000000001	2.8747179417128032e+17
0.7450000000000001	2.57979284239944e+17
0.7460000000000001	2.652801943407937e+17
0.7470000000000001	2.75381108734855e+17
0.7480000000000001	2.769217088371695e+17
0.7490000000000001	2.828788240998164e+17
0.7500000000000001	2.9394050788399443e+17
0.7510000000000001	2.8054684682393968e+17
0.7520000000000001	2.9434387701990726e+17
0.7530000000000001	3.1233530791558624e+17
0.7540000000000001	3.108868193000334e+17
0.7550000000000001	3.236724613173646e+17
0.7560000000000001	3.3671997042725664e+17
0.7570000000000001	3.3520913118779117e+17
0.7580000000000001	3.2808948206658714e+17
0.7590000000000001	2.4510256672706262e+17
0.7600000000000001	2.1633700890837613e+17
0.7610000000000001	2.3102511115434992e+17
0.7620000000000001	2.5281328496915e+17
0.7630000000000001	1.962352911043207e+17
0.7640000000000001	1.7992479008851142e+17
0.7650000000000001	2.0392332957975504e+17
0.7660000000000001	2.1333223387566893e+17
0.7670000000000001	1.3097254012313109e+17
0.7680000000000001	1.068763453877821e+17
0.7690000000000001	1.3311490516754114e+17
0.7700000000000001	1.418302368065057e+17
0.7710000000000001	1.2669160863982371e+17
0.7720000000000001	1.2930347646976811e+17
0.7730000000000001	1.5689520820513178e+17
0.7740000000000001	1.7805369924116064e+17
0.7750000000000001	1.2455092026658938e+17
0.7760000000000001	1.241246523768445e+17
0.7770000000000001	1.5018601583642365e+17
0.7780000000000001	1.434678376229127e+17
0.7790000000000001	1.3092328841644006e+17
0.7800000000000001	1.509736509296557e+17
0.7810000000000001	1.849797160434395e+17
0.7820000000000001	1.8854475627431763e+17
0.7830000000000001	1.505102703692939e+17
0.7840000000000001	1.511370937251427e+17
0.7850000000000001	1.7100476173151565e+17
0.7860000000000001	1.821107409281997e+17
0.7870000000000001	1.8262707469153414e+17
0.7880000000000001	2.075350069070911e+17
0.7890000000000001	2.2734567579129642e+17
0.7900000000000001	2.3127151575226442e+17
0.7910000000000001	2.055094832713283e+17
0.7920000000000001	2.0270830604985328e+17
0.7930000000000001	2.222160873879421e+17
0.7940000000000002	2.330777766550363e+17
0.7950000000000002	2.3778863097695357e+17
0.7960000000000002	2.6139927123277552e+17
0.7970000000000002	2.7076723448438003e+17
0.7980000000000002	2.736163924582234e+17
0.7990000000000002	2.690479702783039e+17
0.8000000000000002	2.742906162254017e+17
0.8010000000000002	2.9135643921622214e+17
0.8020000000000002	3.0238548539173997e+17
0.8030000000000002	2.990005206602081e+17
0.8040000000000002	3.259184802568866e+17
0.8050000000000002	3.239693479284332e+17
0.8060000000000002	3.402205309899942e+17
0.8070000000000002	3.348068666940332e+17
0.8080000000000002	3.457874474487411e+17
0.8090000000000002	3.629624065055674e+17
0.8100000000000002	3.691803849940703e+17
0.8110000000000002	3.862593415648675e+17
0.8120000000000002	3.9314630146109894e+17
0.8130000000000002	4.120376985153323e+17
0.8140000000000002	4.19897006376084e+17
0.8150000000000002	4.2652037643004256e+17
0.8160000000000002	4.295145413828774e+17
0.8170000000000002	4.461760241738791e+17
0.8180000000000002	4.486362764840712e+17
0.8190000000000002	4.315613512341422e+17
0.8200000000000002	4.2510507341583264e+17
0.8210000000000002	3.4668920182686605e+17
0.8220000000000002	3.4944510999488595e+17
0.8230000000000002	3.738970561943549e+17
0.8240000000000002	3.828417302678056e+17
0.8250000000000002	3.864383879710755e+17
0.8260000000000002	3.774637246620173e+17
0.8270000000000002	3.9580116491600506e+17
0.8280000000000002	3.540832689431014e+17
0.8290000000000002	3.287416520249568e+17
0.8300000000000002	3.276015129921704e+17
0.8310000000000002	3.193033868548577e+17
0.8320000000000002	3.458673622346733e+17
0.8330000000000002	3.455318485378451e+17
0.8340000000000002	3.297281078946076e+17
0.8350000000000002	3.189890256000237e+17
0.8360000000000002	3.240134957967256e+17
0.8370000000000002	3.300023045626568e+17
0.8380000000000002	3.109799945017247e+17
0.8390000000000002	2.963581778980542e+17
0.8400000000000002	3.2191358749287494e+17
0.8410000000000002	3.400181706238832e+17
0.8420000000000002	3.2903284813293843e+17
0.8430000000000002	3.009773054253315e+17
0.8440000000000002	2.2907827410655555e+17
0.8450000000000002	2.1882588500603974e+17
0.8460000000000002	2.0154429848609133e+17
0.8470000000000002	1.9271045172023686e+17
0.8480000000000002	2.1784190414906045e+17
0.8490000000000002	2.373825923953135e+17
0.8500000000000002	2.1168704277945533e+17
0.8510000000000002	2.1697648447820394e+17
0.8520000000000002	2.155405231792804e+17
0.8530000000000002	2.23835978412631e+17
0.8540000000000002	2.1908716252744416e+17
0.8550000000000002	2.4405536260594685e+17
0.8560000000000002	2.5719533735652278e+17
0.8570000000000002	2.6308450963616573e+17
0.8580000000000002	2.6156059927937334e+17
0.8590000000000002	2.6506219038810045e+17
0.8600000000000002	2.614639123079763e+17
0.8610000000000002	2.7696151286176045e+17
0.8620000000000002	2.98340353237492e+17
0.8630000000000002	3.0066026224367994e+17
0.8640000000000002	3.054814842203744e+17
0.8650000000000002	2.981230799178357e+17
0.8660000000000002	2.7121100756400864e+17
0.8670000000000001	2.950431019112889e+17
0.8680000000000001	2.9171399078073216e+17
0.8690000000000001	2.9518828105837606e+17
0.8700000000000001	3.238703461185196e+17
0.8710000000000001	3.346970390554792e+17
0.8720000000000001	3.372501751189414e+17
0.8730000000000001	3.5256807468532595e+17
0.8740000000000001	3.4760934189550317e+17
0.8750000000000001	3.51552079812052e+17
0.8760000000000001	3.674687890348249e+17
0.8770000000000001	3.6467146946031904e+17
0.8780000000000001	3.72748504803558e+17
0.8790000000000001	3.985420565506539e+17
0.8800000000000001	4.059613849491575e+17
0.8810000000000001	4.000931319130818e+17
0.8820000000000001	4.072240877929436e+17
0.8830000000000001	4.0679964831307565e+17
0.8840000000000001	4.235507161770045e+17
0.8850000000000001	4.4321378458951366e+17
0.8860000000000001	3.6608780622649683e+17
0.8870000000000001	2.848250673080396e+17
0.8880000000000001	2.791873707569676e+17
0.8890000000000001	2.9538936681913914e+17
0.8900000000000001	3.189867259920431e+17
0.8910000000000001	3.310050649256614e+17
0.8920000000000001	3.438958763016086e+17
0.8930000000000001	3.5265313086191136e+17
0.8940000000000001	3.183099635015109e+17
0.8950000000000001	3.101817626469296e+17
0.8960000000000001	3.2765613372233114e+17
0.8970000000000001	3.328040166459117e+17
0.8980000000000001	3.4505538894296723e+17
0.8990000000000001	3.6885440635726464e+17
0.9000000000000001	3.6940597766360934e+17
0.9010000000000001	3.866173281992799e+17
0.9020000000000001	3.658040513919552e+17
0.9030000000000001	3.7482271757623066e+17
0.9040000000000001	3.904545432460366e+17
0.9050000000000001	4.0271476653090125e+17
0.9060000000000001	4.141145492742872e+17
0.9070000000000001	4.240727196824027e+17
0.9080000000000001	4.352022674739184e+17
0.9090000000000001	4.1028754468770515e+17
0.9100000000000001	4.3690349409190714e+17
0.9110000000000001	4.3772732655409574e+17
0.9120000000000001	4.489885548877501e+17
0.9130000000000001	4.5839730938963834e+17
0.9140000000000001	4.626659767958918e+17
0.9150000000000001	4.6553169043148966e+17
0.9160000000000001	4.7343525293907334e+17
0.9170000000000001	4.693752406296703e+17
0.9180000000000001	4.737370184109666e+17
0.9190000000000002	4.866158691041366e+17
0.9200000000000002	4.823051468451644e+17
0.9210000000000002	4.4164149578752544e+17
0.9220000000000002	4.4122552631035546e+17
0.9230000000000002	4.219611204590014e+17
0.9240000000000002	4.162366521972075e+17
0.9250000000000002	4.176369792370749e+17
0.9260000000000002	4.2209495266841837e+17
0.9270000000000002	4.318844914089235e+17
0.9280000000000002	4.1539352167252454e+17
0.9290000000000002	4.0233372911868077e+17
0.9300000000000002	3.946523854051522e+17
0.9310000000000002	4.044984789075281e+17
0.9320000000000002	4.0095646150670854e+17
0.9330000000000002	4.180631090200369e+17
0.9340000000000002	4.171292940030736e+17
0.9350000000000002	4.072464015994686e+17
0.9360000000000002	4.051168177526178e+17
0.9370000000000002	4.0325326169677594e+17
0.9380000000000002	4.1521619604726106e+17
0.9390000000000002	4.1981769944375686e+17
0.9400000000000002	4.303997035081204e+17
0.9410000000000002	4.250456311823009e+17
0.9420000000000002	4.17395619932621e+17
0.9430000000000002	4.31689013680265e+17
0.9440000000000002	4.206953027545273e+17
0.9450000000000002	4.195014951330709e+17
0.9460000000000002	4.344079728226639e+17
0.9470000000000002	4.463884164991037e+17
0.9480000000000002	4.508605976421627e+17
0.9490000000000002	4.5287101379486035e+17
0.9500000000000002	4.545240093944292e+17
0.9510000000000002	4.4435907344547616e+17
0.9520000000000002	4.546019095732412e+17
0.9530000000000002	4.5801846009676704e+17
0.9540000000000002	4.5709109460337894e+17
0.9550000000000002	4.4825155253087475e+17
0.9560000000000002	4.641047529881968e+17
0.9570000000000002	4.638265732856954e+17
0.9580000000000002	4.638856198680216e+17
0.9590000000000002	4.7492319702365555e+17
0.9600000000000002	4.631616578160117e+17
0.9610000000000002	4.722006872407495e+17
0.9620000000000002	4.816337988897325e+17
0.9630000000000002	4.8370631491538234e+17
0.9640000000000002	4.5735643943820525e+17
0.9650000000000002	4.6029157447634963e+17
0.9660000000000002	4.547482537010966e+17
0.9670000000000002	4.613860398743353e+17
0.9680000000000002	4.600735180241123e+17
0.9690000000000002	4.7205957219824384e+17
0.9700000000000002	4.905762332723646e+17
0.9710000000000002	4.6936980319567366e+17
0.9720000000000002	4.54191393245996e+17
0.9730000000000002	4.386524766397211e+17
0.9740000000000002	4.3197223281194355e+17
0.9750000000000002	4.301084009463687e+17
0.9760000000000002	4.5758431973023936e+17
0.9770000000000002	4.419828251561385e+17
0.9780000000000002	4.700791439057683e+17
0.9790000000000002	4.262248531921517e+17
0.9800000000000002	4.721360467984869e+17
0.9810000000000002	4.4845156132232294e+17
0.9820000000000002	4.4710854980716717e+17
0.9830000000000002	4.2985606076932954e+17
0.9840000000000002	4.4995152862072525e+17
0.9850000000000002	4.5481341220087405e+17
0.9860000000000002	4.660004028370643e+17
0.9870000000000002	4.6568371280308896e+17
0.9880000000000002	4.7127820139490445e+17
0.9890000000000002	4.784392510904584e+17
0.9900000000000002	4.3753117447710304e+17
0.9910000000000002	4.2880584453614214e+17
0.9920000000000002	4.238194082221741e+17
0.9930000000000002	4.3309996478797843e+17
0.9940000000000002	4.486557987731269e+17
0.9950000000000002	4.558632679888527e+17
0.9960000000000002	4.566308978232079e+17
0.9970000000000002	4.669060012882881e+17
0.9980000000000002	4.6575655192379706e+17
0.9990000000000002	4.511565464616473e+17
1.0000000000000002	4.538623637627597e+17
1.0010000000000001	4.442758009020752e+17
1.0020000000000002	4.6652139634989434e+17
1.0030000000000001	4.6664875493012774e+17
1.0040000000000002	4.40085257798067e+17
1.0050000000000001	4.4108221902647917e+17
1.0060000000000002	4.2805607406707014e+17
1.0070000000000001	4.4427004400378906e+17
1.0080000000000002	4.5672616357301184e+17
1.0090000000000001	4.520732291922674e+17
1.0100000000000002	4.645788621583306e+17
1.0110000000000001	4.604404670301397e+17
1.0120000000000002	4.6151591526568634e+17
1.0130000000000001	4.703012042369898e+17
1.0140000000000002	4.66722578863503e+17
1.0150000000000001	4.37578289078995e+17
1.0160000000000002	4.4337454894925306e+17
1.0170000000000001	4.455132867246207e+17
1.0180000000000002	4.6294735957158496e+17
1.0190000000000001	4.4973645973220864e+17
1.0200000000000002	4.5303443811501536e+17
1.0210000000000001	4.597677800992426e+17
1.0220000000000002	4.557009018079392e+17
1.0230000000000001	4.71551282039742e+17
1.0240000000000002	4.7657485489011424e+17
1.0250000000000001	4.746270920880346e+17
1.0260000000000002	4.586652278662194e+17
1.0270000000000001	4.470987715901558e+17
1.0280000000000002	4.614947304710863e+17
1.0290000000000001	4.5696740381355834e+17
1.0300000000000002	4.6529826656075475e+17
1.0310000000000001	4.7245631651446714e+17
1.0320000000000003	4.778455929445038e+17
1.0330000000000001	4.5852632323733626e+17
1.0340000000000003	4.66198041865905e+17
1.0350000000000001	4.492975083899646e+17
1.0360000000000003	4.816537286718017e+17
1.0370000000000001	4.783102371386066e+17
1.0380000000000003	4.6747306810345894e+17
1.0390000000000001	4.749618436661355e+17
1.0400000000000003	4.5506033092258765e+17
1.0410000000000001	4.8625670293853734e+17
1.0420000000000003	4.7387106784628486e+17
1.0430000000000001	4.608765179756259e+17
1.0440000000000003	4.8730429485420883e+17
1.0450000000000002	4.846958295352412e+17
1.0460000000000003	4.864332178307879e+17
1.0470000000000002	4.7279323450646445e+17
1.0480000000000003	4.8245976438463616e+17
1.0490000000000002	4.845616003233235e+17
1.0500000000000003	4.7744999689331885e+17
1.0510000000000002	4.7871131012918726e+17
1.0520000000000003	4.773703662437312e+17
1.0530000000000002	4.8493468856446074e+17
1.0540000000000003	4.8700673848075456e+17
1.0550000000000002	4.8906480940194e+17
1.0560000000000003	4.842075740154414e+17
1.0570000000000002	4.8192052991998496e+17
1.0580000000000003	4.8780419125710304e+17
1.0590000000000002	4.6975242148760704e+17
1.0600000000000003	4.9375790577626394e+17
1.0610000000000002	4.664882261722827e+17
1.0620000000000003	4.899184419792419e+17
1.0630000000000002	4.9360420787437843e+17
1.0640000000000003	4.920351733358616e+17
1.0650000000000002	4.886764774702033e+17
1.0660000000000003	4.7024721712828666e+17
1.0670000000000002	4.873202407934547e+17
1.0680000000000003	4.7866869811793254e+17
1.0690000000000002	4.7784203053821274e+17
1.0700000000000003	4.901600833453404e+17
1.0710000000000002	4.8120525507681197e+17
1.0720000000000003	4.883201228699251e+17
1.0730000000000002	4.715740714713205e+17
1.0740000000000003	4.801652647379381e+17
1.0750000000000002	4.871094066277607e+17
1.0760000000000003	4.872564163619853e+17
1.0770000000000002	4.913645421643024e+17
1.0780000000000003	4.809934748463665e+17
1.0790000000000002	4.845021432930849e+17
1.0800000000000003	4.748422399217904e+17
1.0810000000000002	4.68827842321342e+17
1.0820000000000003	4.7846654605141146e+17
1.0830000000000002	4.8479535387999706e+17
1.0840000000000003	4.8919850781409197e+17
1.0850000000000002	4.827381366348598e+17
1.0860000000000003	4.863844328060304e+17
1.0870000000000002	4.8453044773692205e+17
1.0880000000000003	4.801765869177903e+17
1.0890000000000002	4.752321903794676e+17
1.0900000000000003	4.8463654719038835e+17
1.0910000000000002	4.813141969617764e+17
1.0920000000000003	4.7720564155366054e+17
1.0930000000000002	4.806420814257601e+17
1.0940000000000003	4.8694805737242125e+17
1.0950000000000002	4.866171929531084e+17
1.0960000000000003	4.767460155171274e+17
1.0970000000000002	4.707442799091909e+17
1.0980000000000003	4.672034354535989e+17
1.0990000000000002	4.724225887692279e+17
1.1000000000000003	4.7669314400672864e+17
1.1010000000000002	4.788894664130784e+17
1.1020000000000003	4.694831610599605e+17
1.1030000000000002	4.604524828996486e+17
1.104	4.346675225652159e+17
1.1050000000000002	4.2816738009205466e+17
1.106	4.3402492729833914e+17
1.1070000000000002	4.324615027016352e+17
1.108	4.391390539579275e+17
1.1090000000000002	4.449506072191038e+17
1.11	4.4608593626736096e+17
1.1110000000000002	4.4691983917114445e+17
1.112	4.4768130207401984e+17
1.1130000000000002	4.490906731523282e+17
1.114	4.5681858554042566e+17
1.1150000000000002	4.530285642536572e+17
1.116	4.4090187410094637e+17
1.1170000000000002	4.466451260254992e+17
1.118	4.5215745968570995e+17
1.1190000000000002	4.483924689244577e+17
1.12	4.509124448264001e+17
1.1210000000000002	4.5537031504755046e+17
1.122	4.5500159255835155e+17
1.1230000000000002	4.5303641684237075e+17
1.124	4.6533274723232634e+17
1.1250000000000002	4.413557321228464e+17
1.1260000000000001	4.392682952081927e+17
1.1270000000000002	4.640985496851067e+17
1.1280000000000001	4.5833089356475405e+17
1.1290000000000002	4.611576935097762e+17
1.1300000000000001	4.46804061170954e+17
1.1310000000000002	4.557167150288035e+17
1.1320000000000001	4.6522322265581555e+17
1.1330000000000002	4.6366946932645005e+17
1.1340000000000001	4.570548314914847e+17
1.1350000000000002	4.659037130339729e+17
1.1360000000000001	4.6110158839183494e+17
1.1370000000000002	4.698169157497481e+17
1.1380000000000001	4.3105424496500166e+17
1.1390000000000002	4.543364645594789e+17
1.1400000000000001	4.610591359815483e+17
1.1410000000000002	4.4636249425571846e+17
1.1420000000000001	4.6947559875840685e+17
1.1430000000000002	4.57085675960208e+17
1.1440000000000001	4.5555626436712134e+17
1.1450000000000002	4.695800140678211e+17
1.1460000000000001	4.6831512494342074e+17
1.1470000000000002	4.689589763237796e+17
1.1480000000000001	4.5971687437287366e+17
1.1490000000000002	4.658275205941192e+17
1.1500000000000001	4.736501135585249e+17
1.1510000000000002	4.666396765817255e+17
1.1520000000000001	4.722385117910572e+17
1.1530000000000002	4.698610252231226e+17
1.1540000000000001	4.6791765370301984e+17
1.1550000000000002	4.7265087752805434e+17
1.1560000000000001	4.71093179445603e+17
1.1570000000000003	4.684710170748499e+17
1.1580000000000001	4.668790338146826e+17
1.1590000000000003	4.703807600974126e+17
1.1600000000000001	4.5666029172846125e+17
1.1610000000000003	4.402778057743073e+17
1.1620000000000001	4.714993153577877e+17
1.1630000000000003	4.710246509790848e+17
1.1640000000000001	4.4833387965891e+17
1.1650000000000003	4.718950198368809e+17
1.1660000000000001	4.6902983298578195e+17
1.1670000000000003	4.6534244279566336e+17
1.1680000000000001	4.667228597139251e+17
1.1690000000000003	4.4537959815943264e+17
1.1700000000000002	4.692359550928075e+17
1.1710000000000003	4.695497924379297e+17
1.1720000000000002	4.6746568308759917e+17
1.1730000000000003	4.690123761000215e+17
1.1740000000000002	4.659424778157178e+17
1.1750000000000003	4.680519532611836e+17
1.1760000000000002	4.677292224843453e+17
1.1770000000000003	4.5694197272847085e+17
1.1780000000000002	4.418357420167835e+17
1.1790000000000003	4.516402774650845e+17
1.1800000000000002	4.5952037444388685e+17
1.1810000000000003	4.655816336232445e+17
1.1820000000000002	4.666799636678904e+17
1.1830000000000003	4.395918274548892e+17
1.1840000000000002	4.653265011523255e+17
1.1850000000000003	4.651974298490199e+17
1.1860000000000002	4.666953978974209e+17
1.1870000000000003	4.664181278399957e+17
1.1880000000000002	4.64712231713061e+17
1.1890000000000003	4.2557164930256506e+17
1.1900000000000002	4.5363251255538675e+17
1.1910000000000003	4.620662311495731e+17
1.1920000000000002	4.60993440777422e+17
1.1930000000000003	4.651194304074012e+17
1.1940000000000002	4.6211202528775686e+17
1.1950000000000003	4.4936608138615776e+17
1.1960000000000002	4.549068916647962e+17
1.1970000000000003	4.5931940698164224e+17
1.1980000000000002	4.245894425094986e+17
1.1990000000000003	4.5182942701573626e+17
1.2000000000000002	4.5993757018533446e+17
1.2010000000000003	4.598616159657509e+17
1.2020000000000002	4.588351760802167e+17
1.2030000000000003	4.50979267290035e+17
1.2040000000000002	4.5924037064985094e+17
1.2050000000000003	4.601826062884704e+17
1.2060000000000002	4.6149389447475866e+17
1.2070000000000003	4.5651910825898176e+17
1.2080000000000002	4.578939223020435e+17
1.2090000000000003	4.4247327600217696e+17
1.2100000000000002	4.6242884333730886e+17
1.2110000000000003	4.5599387273371226e+17
1.2120000000000002	4.595867162223138e+17
1.2130000000000003	4.593507247688154e+17
1.2140000000000002	4.6116082406370016e+17
1.2150000000000003	4.619659838915661e+17
1.2160000000000002	4.5886217152969805e+17
1.2170000000000003	4.559984571830918e+17
1.2180000000000002	4.6210564304653434e+17
1.2190000000000003	4.575474475014415e+17
1.2200000000000002	4.590529559052735e+17
1.2210000000000003	4.595635655430402e+17
1.2220000000000002	4.5866723755389056e+17
1.2230000000000003	4.572386930632373e+17
1.2240000000000002	4.55745997594198e+17
1.2250000000000003	4.5598333072045664e+17
1.2260000000000002	4.5863253747328416e+17
1.2270000000000003	4.534163553247662e+17
1.2280000000000002	4.596102014700878e+17
1.2290000000000003	4.586166578732475e+17
1.2300000000000002	4.5655754233652717e+17
1.2310000000000003	4.5637027181572064e+17
1.2320000000000002	4.549877027257726e+17
1.2330000000000003	4.5392607702957594e+17
1.2340000000000002	4.542057188700689e+17
1.2350000000000003	4.5574026021204224e+17
1.2360000000000002	4.527404990667377e+17
1.2370000000000003	4.543727811929348e+17
1.2380000000000002	4.577316364101777e+17
1.2390000000000003	4.5094180504788896e+17
1.2400000000000002	4.523826458746192e+17
1.2410000000000003	4.40391777409543e+17
1.2420000000000002	4.391219410092808e+17
1.2430000000000003	4.3535170919576275e+17
1.2440000000000002	4.277684994973096e+17
1.2450000000000003	4.423105188480183e+17
1.2460000000000002	4.4149668768952346e+17
1.2470000000000003	4.431028794008541e+17
1.2480000000000002	4.398546362515895e+17
1.2490000000000003	4.3972309886022125e+17
1.2500000000000002	4.428390630992303e+17
1.2510000000000003	4.416027099448466e+17
1.2520000000000002	4.409377740328505e+17
1.2530000000000003	4.2572992911558714e+17
1.2540000000000002	4.4009800519888915e+17
1.2550000000000003	4.385780998622938e+17
1.2560000000000002	4.3293989903525344e+17
1.2570000000000003	4.2867951184512365e+17
1.2580000000000002	4.3604372572585805e+17
1.2590000000000003	4.3664896219581645e+17
1.2600000000000002	4.304951313319679e+17
1.2610000000000001	4.341519574904834e+17
1.2620000000000002	4.364515945262975e+17
1.2630000000000001	4.399974036614827e+17
1.2640000000000002	4.33390616664815e+17
1.2650000000000001	4.3593884334299386e+17
1.2660000000000002	4.416729726404202e+17
1.2670000000000001	4.325046766886488e+17
1.2680000000000002	4.3130761469669254e+17
1.2690000000000001	4.414436121819122e+17
1.2700000000000002	4.3611388266247206e+17
1.2710000000000001	4.364887281961796e+17
1.2720000000000002	4.4017068679382675e+17
1.2730000000000001	4.3924946178165094e+17
1.2740000000000002	4.2601844553254144e+17
1.2750000000000001	4.272084402319386e+17
1.2760000000000002	4.391969876828301e+17
1.2770000000000001	4.391431332705495e+17
1.2780000000000002	4.378662695755726e+17
1.2790000000000001	4.404177908366163e+17
1.2800000000000002	4.408551397805908e+17
1.2810000000000001	4.320840101676096e+17
1.2820000000000003	4.2936733488987437e+17
1.2830000000000001	4.0658132958832186e+17
1.2840000000000003	4.293925532965335e+17
1.2850000000000001	4.28033376295711e+17
1.2860000000000003	4.384162497767254e+17
1.2870000000000001	4.392972595797351e+17
1.2880000000000003	4.298230077144765e+17
1.2890000000000001	4.362748120158736e+17
1.2900000000000003	4.1400496549107494e+17
1.2910000000000001	4.280245921325588e+17
1.2920000000000003	4.3279846554207885e+17
1.2930000000000001	4.35100419304661e+17
1.2940000000000003	4.328500698463044e+17
1.2950000000000002	4.330309210340975e+17
1.2960000000000003	4.403550230278864e+17
1.2970000000000002	4.402187930278414e+17
1.2980000000000003	4.295991592699149e+17
1.2990000000000002	4.359460234301661e+17
1.3000000000000003	4.397516385628928e+17
1.3010000000000002	4.303138846660814e+17
1.3020000000000003	4.298067519583542e+17
1.3030000000000002	4.4029317732249715e+17
1.3040000000000003	4.349956442351845e+17
1.3050000000000002	4.375723024108675e+17
1.3060000000000003	4.384749270500081e+17
1.3070000000000002	4.3843279510959354e+17
1.3080000000000003	4.297537305696885e+17
1.3090000000000002	4.3746056127119565e+17
1.3100000000000003	4.362281674573399e+17
1.3110000000000002	4.362833107431584e+17
1.3120000000000003	4.34736499846475e+17
1.3130000000000002	4.0303462320826496e+17
1.3140000000000003	4.312922826382743e+17
1.3150000000000002	4.13525800856177e+17
1.3160000000000003	4.350292921373031e+17
1.3170000000000002	4.385183892111453e+17
1.3180000000000003	4.3707728317006016e+17
1.3190000000000002	4.385619452487406e+17
1.3200000000000003	4.296458231813219e+17
1.3210000000000002	4.373924577016932e+17
1.3220000000000003	4.255069193179454e+17
1.3230000000000002	4.368655875559996e+17
1.3240000000000003	4.3658877121052896e+17
1.3250000000000002	4.3057988815890586e+17
1.3260000000000003	4.3362154428024506e+17
1.3270000000000002	4.293953120805931e+17
1.3280000000000003	4.32001036927163e+17
1.3290000000000002	4.1608778788813856e+17
1.3300000000000003	4.2119376909713446e+17
1.3310000000000002	4.2233494946102074e+17
1.3320000000000003	3.9491158779745146e+17
1.3330000000000002	4.253171856553226e+17
1.3340000000000003	4.175455521646682e+17
1.3350000000000002	3.9293071428924474e+17
1.3360000000000003	4.042411765533621e+17
1.3370000000000002	3.9616071521784224e+17
1.3380000000000003	4.028485537739077e+17
1.3390000000000002	3.979972438134204e+17
1.3400000000000003	4.083854183125687e+17
1.3410000000000002	3.999591366514861e+17
1.3420000000000003	3.96043383937549e+17
1.3430000000000002	3.963927253859442e+17
1.3440000000000003	4.161852458111097e+17
1.3450000000000002	3.927703140483989e+17
1.3460000000000003	4.1591295756111034e+17
1.3470000000000002	3.9384483441972365e+17
1.3480000000000003	3.9392385053090406e+17
1.3490000000000002	4.142226432234474e+17
1.3500000000000003	3.949496849566945e+17
1.3510000000000002	4.0032908472225165e+17
1.3520000000000003	4.009809377805166e+17
1.3530000000000002	4.0859065479406925e+17
1.3540000000000003	3.987190698634563e+17
1.3550000000000002	3.907484781727888e+17
1.3560000000000003	4.035327248257089e+17
1.3570000000000002	4.0175561179330643e+17
1.3580000000000003	4.04339273953957e+17
1.3590000000000002	4.036677400449741e+17
1.3600000000000003	3.9394181022034234e+17
1.3610000000000002	4.0356507963348717e+17
1.3620000000000003	3.903926842297355e+17
1.3630000000000002	3.9502262253302394e+17
1.3640000000000003	4.1086693532574605e+17
1.3650000000000002	3.95391633086763e+17
1.3660000000000003	4.079128183463281e+17
1.3670000000000002	4.03891662002933e+17
1.3680000000000003	4.1099258609711296e+17
1.3690000000000002	3.9826654682472256e+17
1.3700000000000003	4.081103430470468e+17
1.3710000000000002	4.039858359105352e+17
1.3720000000000003	4.1047798155045805e+17
1.3730000000000002	4.0487409154820966e+17
1.3740000000000003	4.0689847559188474e+17
1.3750000000000002	4.114803549784257e+17
1.3760000000000003	4.093276489350488e+17
1.3770000000000002	4.1155484230211136e+17
1.3780000000000003	4.068627534142358e+17
1.3790000000000002	4.050273231335152e+17
1.3800000000000003	4.173254762215731e+17
1.3810000000000002	4.10391763837758e+17
1.3820000000000003	4.126960069734374e+17
1.3830000000000002	3.9996344944371334e+17
1.3840000000000003	4.1374877648438285e+17
1.3850000000000002	3.967865284587892e+17
1.3860000000000003	4.0658964765550317e+17
1.3870000000000002	3.9882085170523635e+17
1.3880000000000003	4.014893200667792e+17
1.3890000000000002	4.0800180291103885e+17
1.3900000000000003	3.963776030321971e+17
1.3910000000000002	3.330438452028549e+17
1.3920000000000003	3.313259315287771e+17
1.3930000000000002	3.526284299753741e+17
1.3940000000000003	3.6820230321119405e+17
1.3950000000000002	3.74304447062037e+17
1.3960000000000004	3.818295799702285e+17
1.3970000000000002	3.8548465595800186e+17
1.3980000000000004	3.495584365404479e+17
1.3990000000000002	4.005491405413045e+17
1.4000000000000004	3.748726005935816e+17
1.4010000000000002	3.672961838137529e+17
1.4020000000000004	3.848390987324191e+17
1.4030000000000002	4.0078059490966374e+17
1.4040000000000004	3.6547024625033286e+17
1.4050000000000002	3.9506950648430035e+17
1.4060000000000004	3.9141198111751706e+17
1.4070000000000003	3.8473942360309235e+17
1.4080000000000004	3.8162663051964275e+17
1.4090000000000003	3.663496681598267e+17
1.4100000000000004	3.965405459975712e+17
1.4110000000000003	3.7307483653716224e+17
1.4120000000000004	3.737163982054045e+17
1.4130000000000003	3.563908267174952e+17
1.4140000000000004	3.789324587420386e+17
1.4150000000000003	3.848096158909649e+17
1.4160000000000004	3.774931245730081e+17
1.4170000000000003	3.812513036193796e+17
1.4180000000000001	3.7555440451741894e+17
1.4190000000000003	3.4836118164584704e+17
1.4200000000000002	3.846621992812132e+17
1.4210000000000003	3.872933956256812e+17
1.4220000000000002	3.8013172871561946e+17
1.4230000000000003	3.6877346947137875e+17
1.4240000000000002	3.6207742205394234e+17
1.4250000000000003	3.8288511978261504e+17
1.4260000000000002	3.485870416418298e+17
1.4270000000000003	3.734694954809925e+17
1.4280000000000002	3.8480296345970234e+17
1.4290000000000003	3.579547272808306e+17
1.4300000000000002	3.8455627999465965e+17
1.4310000000000003	3.8239483537749395e+17
1.4320000000000002	3.8377603425839904e+17
1.4330000000000003	3.8795979350290854e+17
1.4340000000000002	3.375493004447153e+17
1.4350000000000003	3.784895487965002e+17
1.4360000000000002	3.6693625529088365e+17
1.4370000000000003	3.6629483236779283e+17
1.4380000000000002	3.783077026116164e+17
1.4390000000000003	3.860345467960667e+17
1.4400000000000002	3.560497897342413e+17
1.4410000000000003	3.807075429481179e+17
1.4420000000000002	3.758112626118874e+17
1.4430000000000003	3.79764428978238e+17
1.4440000000000002	3.7842568881167917e+17
1.4450000000000003	3.721842927450354e+17
1.4460000000000002	3.841537144828844e+17
1.4470000000000003	3.607847884539612e+17
1.4480000000000002	3.915613477941729e+17
1.4490000000000003	3.898556050614226e+17
1.4500000000000002	3.733128938308593e+17
1.4510000000000003	3.699375299409425e+17
1.4520000000000002	3.753928827309566e+17
1.4530000000000003	3.829232728061716e+17
1.4540000000000002	3.7418209534876154e+17
1.4550000000000003	3.86325081002807e+17
1.4560000000000002	3.624261154724853e+17
1.4570000000000003	3.712050095801724e+17
1.4580000000000002	3.8455814751456915e+17
1.4590000000000003	3.938495065937574e+17
1.4600000000000002	3.651582025294203e+17
1.4610000000000003	2.968118433704718e+17
1.4620000000000002	3.4817900099078726e+17
1.4630000000000003	3.223327376725341e+17
1.4640000000000002	3.896912011964449e+17
1.4650000000000003	3.3696369413169606e+17
1.4660000000000002	3.696357705849261e+17
1.4670000000000003	3.579816371464508e+17
1.4680000000000002	3.500780188891953e+17
1.4690000000000003	3.665832843816221e+17
1.4700000000000002	3.4443349573371725e+17
1.4710000000000003	3.618328736110218e+17
1.4720000000000002	3.6699142385958246e+17
1.4730000000000003	3.889647617219357e+17
1.4740000000000002	3.522273487775403e+17
1.4750000000000003	3.767817304495601e+17
1.4760000000000002	3.5746087469744186e+17
1.4770000000000003	3.566538725463944e+17
1.4780000000000002	3.652994334650925e+17
1.4790000000000003	3.9797171751464614e+17
1.4800000000000002	3.595283150690562e+17
1.4810000000000003	3.632389716797271e+17
1.4820000000000002	3.7806611312255904e+17
1.4830000000000003	3.7064846971767136e+17
1.4840000000000002	3.90421667019686e+17
1.4850000000000003	3.7897568329239315e+17
1.4860000000000002	3.840113511925103e+17
1.4870000000000003	3.788782883149201e+17
1.4880000000000002	3.4253620315017606e+17
1.4890000000000003	3.510459481851579e+17
1.4900000000000002	3.9321129187282477e+17
1.4910000000000003	3.631205263080935e+17
1.4920000000000002	3.9548090245221997e+17
1.4930000000000003	3.810083162851706e+17
1.4940000000000002	3.813931023269891e+17
1.4950000000000003	3.9529994729956646e+17
1.4960000000000002	3.8455955602428826e+17
1.4970000000000003	4.0477795169446125e+17
1.4980000000000002	3.959576761017831e+17
1.4990000000000003	3.97032079334972e+17
1.5000000000000002	3.993764796739472e+17
1.5010000000000003	3.642113494984379e+17
1.5020000000000002	3.792362544861406e+17
1.5030000000000003	3.356009601170929e+17
1.5040000000000002	3.689011306452941e+17
1.5050000000000003	3.609812189691086e+17
1.5060000000000002	3.7600618789738157e+17
1.5070000000000003	3.9094017758293114e+17
1.5080000000000002	3.858279074884109e+17
1.5090000000000003	3.935893596003703e+17
1.5100000000000002	3.886985992569978e+17
1.5110000000000003	3.9585450757706106e+17
1.5120000000000002	3.9060025413673094e+17
1.5130000000000003	3.773610740623701e+17
1.5140000000000002	3.787475889955829e+17
1.5150000000000003	3.7987016116203565e+17
1.5160000000000002	4.0034077450301184e+17
1.5170000000000003	3.859783005745419e+17
1.5180000000000002	3.947882054216904e+17
1.5190000000000003	3.8515578424896256e+17
1.5200000000000002	3.962247175993382e+17
1.5210000000000004	4.111331705548225e+17
1.5220000000000002	3.9797290618424e+17
1.5230000000000004	4.056099487219396e+17
1.5240000000000002	3.942084411605603e+17
1.5250000000000004	4.066194491701045e+17
1.5260000000000002	4.0360407415570886e+17
1.5270000000000004	3.744425849435433e+17
1.5280000000000002	3.981517578483521e+17
1.5290000000000004	3.804397181178047e+17
1.5300000000000002	4.010403614711814e+17
1.5310000000000004	4.182101921710931e+17
1.5320000000000003	4.032431659084289e+17
1.5330000000000004	3.847268038754736e+17
1.5340000000000003	4.0483732338300704e+17
1.5350000000000004	4.136639832468422e+17
1.5360000000000003	4.169875614364278e+17
1.5370000000000004	4.041162469715976e+17
1.5380000000000003	3.548935345093387e+17
1.5390000000000004	3.547208360785168e+17
1.5400000000000003	3.7225520728670995e+17
1.5410000000000004	3.568056182020849e+17
1.5420000000000003	4.0951508727730035e+17
1.5430000000000004	3.435947564656339e+17
1.5440000000000003	4.0069649896090874e+17
1.5450000000000004	4.3249173598719226e+17
1.5460000000000003	4.134375787456894e+17
1.5470000000000004	3.948492224615944e+17
1.5480000000000003	4.162884540267298e+17
1.5490000000000004	4.221917271970366e+17
1.5500000000000003	4.086299859634186e+17
1.5510000000000004	3.870607871864266e+17
1.5520000000000003	4.0882067756919206e+17
1.5530000000000004	4.369854779816735e+17
1.5540000000000003	3.849111393040036e+17
1.5550000000000004	3.975474984635995e+17
1.5560000000000003	3.8067475257444896e+17
1.5570000000000004	3.998693833374594e+17
1.5580000000000003	3.749407459685953e+17
1.5590000000000004	3.9283742631005357e+17
1.5600000000000003	3.864737428344082e+17
1.5610000000000004	4.1171550512153517e+17
1.5620000000000003	4.109300407833797e+17
1.5630000000000004	3.920403889162465e+17
1.5640000000000003	4.154475431003784e+17
1.5650000000000004	4.148367967623517e+17
1.5660000000000003	3.844960899945378e+17
1.5670000000000004	4.2796713101026944e+17
1.5680000000000003	4.177682936444886e+17
1.5690000000000004	4.235593013757364e+17
1.5700000000000003	3.958701862080853e+17
1.5710000000000004	4.362324637196726e+17
1.5720000000000003	3.9592067875813914e+17
1.5730000000000004	3.973806574082884e+17
1.5740000000000003	4.3458065493325376e+17
1.5750000000000004	3.934857843181598e+17
1.5760000000000003	4.104633977293337e+17
1.5770000000000002	3.763958434789303e+17
1.5780000000000003	3.5360462154337485e+17
1.5790000000000002	3.95824193570831e+17
1.5800000000000003	4.0680489552985824e+17
1.5810000000000002	4.211108420278067e+17
1.5820000000000003	4.072116862594002e+17
1.5830000000000002	3.970884509252811e+17
1.5840000000000003	4.067075155890795e+17
1.5850000000000002	4.1564191576819155e+17
1.5860000000000003	4.3171163364749357e+17
1.5870000000000002	4.1636182587564634e+17
1.5880000000000003	4.3166813649976186e+17
1.5890000000000002	3.7741605188408454e+17
1.5900000000000003	3.643519124942847e+17
1.5910000000000002	4.084769463441317e+17
1.5920000000000003	4.113159973460076e+17
1.5930000000000002	4.256274495477377e+17
1.5940000000000003	4.5030394853005466e+17
1.5950000000000002	4.51031616532413e+17
1.5960000000000003	4.235819496945007e+17
1.5970000000000002	4.264685596409508e+17
1.5980000000000003	3.9887910867339e+17
1.5990000000000002	3.8673204998938694e+17
1.6000000000000003	4.205645124112234e+17
1.6010000000000002	4.037572677786352e+17
1.6020000000000003	4.1297757849572064e+17
1.6030000000000002	4.2517066526656026e+17
1.6040000000000003	3.8848195422922214e+17
1.6050000000000002	4.355395735148926e+17
1.6060000000000003	4.1265977446912134e+17
1.6070000000000002	3.8931398261136474e+17
1.6080000000000003	4.039267001209754e+17
1.6090000000000002	4.5463650848944595e+17
1.6100000000000003	4.360367208187337e+17
1.6110000000000002	4.400291376439579e+17
1.6120000000000003	4.5083891093437306e+17
1.6130000000000002	4.217907813655851e+17
1.6140000000000003	4.337231411372096e+17
1.6150000000000002	4.5179061541357286e+17
1.6160000000000003	3.965978755838787e+17
1.6170000000000002	4.516684392702593e+17
1.6180000000000003	4.534765802267691e+17
1.6190000000000002	3.606259292758982e+17
1.6200000000000003	3.663090122585747e+17
1.6210000000000002	3.546729037098307e+17
1.6220000000000003	3.900795451319029e+17
1.6230000000000002	3.825633840262319e+17
1.6240000000000003	4.1518701162705645e+17
1.6250000000000002	3.884643049585988e+17
1.6260000000000003	3.910935079592512e+17
1.6270000000000002	4.272100501025452e+17
1.6280000000000003	4.511824923816994e+17
1.6290000000000002	4.45433212714758e+17
1.6300000000000003	4.184662770200741e+17
1.6310000000000002	4.5269123947489126e+17
1.6320000000000003	4.171712551731249e+17
1.6330000000000002	4.50420276800382e+17
1.6340000000000003	4.2752295647555616e+17
1.6350000000000002	4.338051730423792e+17
1.6360000000000003	4.143613261886369e+17
1.6370000000000002	4.084440355374755e+17
1.6380000000000003	4.512293005816946e+17
1.6390000000000002	4.186512943763966e+17
1.6400000000000003	3.7933129250746784e+17
1.6410000000000002	3.920906454601076e+17
1.6420000000000003	4.198522872350066e+17
1.6430000000000002	4.3108853785900205e+17
1.6440000000000003	4.1682210423259936e+17
1.6450000000000002	3.690486125407041e+17
1.6460000000000004	4.1036326532854784e+17
1.6470000000000002	4.38087101879758e+17
1.6480000000000004	4.01505933779311e+17
1.6490000000000002	4.3031298258871405e+17
1.6500000000000004	4.358726723846697e+17
1.6510000000000002	4.5609010472620544e+17
1.6520000000000004	4.432889898980024e+17
1.6530000000000002	4.137583976056304e+17
1.6540000000000004	4.075761705763941e+17
1.6550000000000002	4.2829880774630874e+17
1.6560000000000004	4.500565677952866e+17
1.6570000000000003	4.438145493964942e+17
1.6580000000000004	4.401330805230006e+17
1.6590000000000003	4.147026796216765e+17
1.6600000000000004	4.42828522218316e+17
1.6610000000000003	4.161836651879626e+17
1.6620000000000004	3.7836614029719066e+17
1.6630000000000003	4.0490356225297235e+17
1.6640000000000004	4.0707626661358106e+17
1.6650000000000003	3.871744529068677e+17
1.6660000000000004	3.933230810886106e+17
1.6670000000000003	4.0575889138002605e+17
1.6680000000000004	4.208294870591947e+17
1.6690000000000003	4.1168358453655597e+17
1.6700000000000004	4.288932038947577e+17
1.6710000000000003	4.0080394117859104e+17
1.6720000000000004	3.828122544301881e+17
1.6730000000000003	3.926246010241053e+17
1.6740000000000004	4.400633592457502e+17
1.6750000000000003	4.06789296004222e+17
1.6760000000000004	3.949060546726845e+17
1.6770000000000003	4.156522217617014e+17
1.6780000000000004	4.409237293592638e+17
1.6790000000000003	4.329312706601969e+17
1.6800000000000004	4.266430062252476e+17
1.6810000000000003	4.300716591206707e+17
1.6820000000000004	4.1619442506631526e+17
1.6830000000000003	4.2661912313863034e+17
1.6840000000000004	3.8738325492801126e+17
1.6850000000000003	4.0263710756176166e+17
1.6860000000000004	4.0488818225443046e+17
1.6870000000000003	3.858268185585691e+17
1.6880000000000004	3.747479490657134e+17
1.6890000000000003	3.846534739236758e+17
1.6900000000000004	3.857347868950968e+17
1.6910000000000003	3.6248263975349824e+17
1.6920000000000004	4.195162601799256e+17
1.6930000000000003	4.2051962005253696e+17
1.6940000000000004	4.221553395281357e+17
1.6950000000000003	4.1670691713312954e+17
1.6960000000000004	4.06563073885296e+17
1.6970000000000003	4.138473039867014e+17
1.6980000000000004	4.113796640278122e+17
1.6990000000000003	4.084031456994013e+17
1.7000000000000004	3.9943655473882125e+17
1.7010000000000003	3.797194672164263e+17
1.7020000000000004	4.014369255044616e+17
1.7030000000000003	4.0848055617787866e+17
1.7040000000000004	4.053818448085217e+17
1.7050000000000003	4.04356881138766e+17
1.7060000000000004	4.006106768727615e+17
1.7070000000000003	3.4751567161213997e+17
1.7080000000000004	3.827593841190812e+17
1.7090000000000003	3.8782969463131757e+17
1.7100000000000004	3.5792237115811117e+17
1.7110000000000003	3.0460533273966035e+17
1.7120000000000004	3.6628325812023616e+17
1.7130000000000003	3.925728839842175e+17
1.7140000000000004	3.9186638101004045e+17
1.7150000000000003	4.052713711237757e+17
1.7160000000000004	3.918932209498978e+17
1.7170000000000003	3.72812022654435e+17
1.7180000000000004	3.776522136245589e+17
1.7190000000000003	3.7673582678484634e+17
1.7200000000000004	3.820042835667583e+17
1.7210000000000003	3.644836653154939e+17
1.7220000000000004	3.9042100371647885e+17
1.7230000000000003	3.5963963939363206e+17
1.7240000000000004	3.662650582415605e+17
1.7250000000000003	3.660316041965341e+17
1.7260000000000004	3.862131547881649e+17
1.7270000000000003	3.651196481328464e+17
1.7280000000000004	3.7641111352580666e+17
1.7290000000000003	3.770258921555569e+17
1.7300000000000004	3.654897116810249e+17
1.7310000000000003	3.5844328079597715e+17
1.7320000000000004	3.421587425283343e+17
1.7330000000000003	3.475456979386173e+17
1.7340000000000002	3.353208843731668e+17
1.7350000000000003	3.4355299472044896e+17
1.7360000000000002	3.724018132074576e+17
1.7370000000000003	3.610436466394705e+17
1.7380000000000002	3.5698638503555456e+17
1.7390000000000003	3.581595077244749e+17
1.7400000000000002	3.638019288105683e+17
1.7410000000000003	3.4321675872519917e+17
1.7420000000000002	3.507086466464653e+17
1.7430000000000003	3.226856589437472e+17
1.7440000000000002	3.6772399229396666e+17
1.7450000000000003	3.598201700922132e+17
1.7460000000000002	3.6850636227252614e+17
1.7470000000000003	3.459825034119663e+17
1.7480000000000002	3.6211009644670835e+17
1.7490000000000003	3.737115185477112e+17
1.7500000000000002	3.365999560732038e+17
1.7510000000000003	3.448734710595191e+17
1.7520000000000002	3.565625226005519e+17
1.7530000000000003	3.493120897155623e+17
1.7540000000000002	3.1918250401150765e+17
1.7550000000000003	3.3525880316459085e+17
1.7560000000000002	3.368119797949626e+17
1.7570000000000003	3.5003518053972934e+17
1.7580000000000002	3.469837622956414e+17
1.7590000000000003	3.256819202180944e+17
1.7600000000000002	3.35074496397509e+17
1.7610000000000003	3.235918693250418e+17
1.7620000000000002	3.182044846164501e+17
1.7630000000000003	3.276990644133793e+17
1.7640000000000002	3.461970664083327e+17
1.7650000000000003	3.335889559679437e+17
1.7660000000000002	3.377264238320313e+17
1.7670000000000003	3.2173310635345126e+17
1.7680000000000002	3.140810330614001e+17
1.7690000000000003	3.1645873126546624e+17
1.7700000000000002	3.39188036914175e+17
1.7710000000000004	3.247538296117173e+17
1.7720000000000002	3.206428285120535e+17
1.7730000000000004	3.159064358539305e+17
1.7740000000000002	3.4024761552187386e+17
1.7750000000000004	3.1956507548222605e+17
1.7760000000000002	3.217371621007363e+17
1.7770000000000004	3.117768660132257e+17
1.7780000000000002	3.012048910862168e+17
1.7790000000000004	3.101747402718601e+17
1.7800000000000002	3.196468593491246e+17
1.7810000000000004	3.138843904673516e+17
1.7820000000000003	3.0198368653203194e+17
1.7830000000000004	2.92055149483707e+17
1.7840000000000003	3.1952110504266e+17
1.7850000000000004	2.9233997553769466e+17
1.7860000000000003	2.8707353181681107e+17
1.7870000000000004	2.9226283833072314e+17
1.7880000000000003	3.140741881697588e+17
1.7890000000000004	3.2142188939349357e+17
1.7900000000000003	3.280323352917367e+17
1.7910000000000004	2.928314241151079e+17
1.7920000000000003	3.100452623609304e+17
1.7930000000000004	3.122256775117683e+17
1.7940000000000003	2.991802251137692e+17
1.7950000000000004	3.0222385974516026e+17
1.7960000000000003	2.964298668805205e+17
1.7970000000000004	3.223850866892613e+17
1.7980000000000003	3.141935383140626e+17
1.7990000000000004	2.9914781091676166e+17
1.8000000000000003	3.032175184422556e+17
1.8010000000000004	2.7458652563072333e+17
1.8020000000000003	2.911391108606043e+17
1.8030000000000004	2.523482608130757e+17
1.8040000000000003	2.889206934888029e+17
1.8050000000000004	2.775225609208967e+17
1.8060000000000003	2.8566041936300723e+17
1.8070000000000004	2.950458150236428e+17
1.8080000000000003	2.925562097291547e+17
1.8090000000000004	2.944965095720382e+17
1.8100000000000003	3.003243254119513e+17
1.8110000000000004	2.6412831613415158e+17
1.8120000000000003	2.8372269077555946e+17
1.8130000000000004	2.783363744650277e+17
1.8140000000000003	3.019955457876907e+17
1.8150000000000004	2.937134882125171e+17
1.8160000000000003	2.8690980372918973e+17
1.8170000000000004	2.935033648004772e+17
1.8180000000000003	2.839265877653355e+17
1.8190000000000004	2.8124417124865616e+17
1.8200000000000003	2.7148338390646554e+17
1.8210000000000004	2.91448554231353e+17
1.8220000000000003	2.5404259502811965e+17
1.8230000000000004	2.929162262816108e+17
1.8240000000000003	3.1208192660401555e+17
1.8250000000000004	2.8327746628697395e+17
1.8260000000000003	2.6653979388080752e+17
1.8270000000000004	2.7327735100345248e+17
1.8280000000000003	2.6456224353527773e+17
1.8290000000000004	2.6004216418642474e+17
1.8300000000000003	2.7715257432653293e+17
1.8310000000000004	2.6410619952641363e+17
1.8320000000000003	2.841742781616518e+17
1.8330000000000004	2.783034539051033e+17
1.8340000000000003	2.93806473373302e+17
1.8350000000000004	2.6971989312992205e+17
1.8360000000000003	2.6848105278032144e+17
1.8370000000000004	2.893362818555068e+17
1.8380000000000003	2.6580070413874864e+17
1.8390000000000004	2.83812285496356e+17
1.8400000000000003	2.5037126212588333e+17
1.8410000000000004	2.8517033405633066e+17
1.8420000000000003	2.466630609633211e+17
1.8430000000000004	2.5243604189874266e+17
1.8440000000000003	2.5751107932048563e+17
1.8450000000000004	2.6351410502498323e+17
1.8460000000000003	2.7319577060878237e+17
1.8470000000000004	2.4269862970086058e+17
1.8480000000000003	2.5450042682719184e+17
1.8490000000000004	2.6146324396126282e+17
1.8500000000000003	2.551877312664776e+17
1.8510000000000004	2.7564506956393965e+17
1.8520000000000003	2.6300050483976355e+17
1.8530000000000004	2.3665985319954406e+17
1.8540000000000003	2.630969673529776e+17
1.8550000000000004	2.625094097654934e+17
1.8560000000000003	2.4041965036351834e+17
1.8570000000000004	2.33092600945028e+17
1.8580000000000003	2.387677696141516e+17
1.8590000000000004	2.322370182444223e+17
1.8600000000000003	2.4145366693893152e+17
1.8610000000000004	2.4308782803931347e+17
1.8620000000000003	2.5283031682362774e+17
1.8630000000000004	2.4997271909872467e+17
1.8640000000000003	2.5161826113990323e+17
1.8650000000000004	2.4514064381038477e+17
1.8660000000000003	2.4886670136709674e+17
1.8670000000000004	2.5972175851524592e+17
1.8680000000000003	2.4574161390492064e+17
1.8690000000000004	2.7243242963299958e+17
1.8700000000000003	2.6157883540752858e+17
1.8710000000000004	2.486170832608531e+17
1.8720000000000003	2.5796148334375866e+17
1.8730000000000004	2.1648407158842333e+17
1.8740000000000003	2.4968196824378998e+17
1.8750000000000004	2.4296456639098006e+17
1.8760000000000003	2.473365595343235e+17
1.8770000000000004	2.4452952965836432e+17
1.8780000000000003	2.4218373746121443e+17
1.8790000000000004	2.347214783714033e+17
1.8800000000000003	2.5915718345807488e+17
1.8810000000000004	2.5263851007131187e+17
1.8820000000000003	2.57043118537268e+17
1.8830000000000005	2.6968907754785293e+17
1.8840000000000003	2.6376202678789373e+17
1.8850000000000005	2.2423084998640627e+17
1.8860000000000003	2.3548205274228336e+17
1.8870000000000005	2.4630201618623104e+17
1.8880000000000003	2.6404254050434672e+17
1.8890000000000005	2.3097371021748486e+17
1.8900000000000003	2.4950760160866093e+17
1.8910000000000002	2.4773260208087005e+17
1.8920000000000003	2.215777861845519e+17
1.8930000000000002	2.3381893685205565e+17
1.8940000000000003	2.4746208661078176e+17
1.8950000000000002	2.4761789927247805e+17
1.8960000000000004	2.4801323342831216e+17
1.8970000000000002	2.6086313439918342e+17
1.8980000000000004	2.3956854136277245e+17
1.8990000000000002	2.4306131198894115e+17
1.9000000000000004	2.6116452466057962e+17
1.9010000000000002	2.471236948016591e+17
1.9020000000000004	2.6105743900292717e+17
1.9030000000000002	2.456548764286551e+17
1.9040000000000004	2.4700974748098314e+17
1.9050000000000002	2.3071512519106394e+17
1.9060000000000004	2.3744002609938106e+17
1.9070000000000003	2.3890568578534054e+17
1.9080000000000004	2.584647974897367e+17
1.9090000000000003	2.3282926439152006e+17
1.9100000000000004	2.46998752486455e+17
1.9110000000000003	2.2368221271491664e+17
1.9120000000000004	2.3698238727973264e+17
1.9130000000000003	2.5545811307070608e+17
1.9140000000000004	2.5417069404895094e+17
1.9150000000000003	2.49428387245214e+17
1.9160000000000004	2.3535755486657027e+17
1.9170000000000003	2.403000673223457e+17
1.9180000000000004	2.460993862856619e+17
1.9190000000000003	2.5876553550279306e+17
1.9200000000000004	2.3797339082715574e+17
1.9210000000000003	2.360490046309409e+17
1.9220000000000004	2.4370823187990518e+17
1.9230000000000003	2.4974360214820925e+17
1.9240000000000004	2.3857511154277418e+17
1.9250000000000003	2.4584723079374464e+17
1.9260000000000004	2.3717834846801034e+17
1.9270000000000003	2.3389392803834234e+17
1.9280000000000004	2.5989636815498698e+17
1.9290000000000003	2.3514967676333117e+17
1.9300000000000004	2.345811576681782e+17
1.9310000000000003	2.0229730376042995e+17
1.9320000000000004	2.2748579600928682e+17
1.9330000000000003	2.4394322018386742e+17
1.9340000000000004	2.206998444327564e+17
1.9350000000000003	2.3121211875266787e+17
1.9360000000000004	2.4539336500380656e+17
1.9370000000000003	2.421409153732735e+17
1.9380000000000004	2.4077270301461814e+17
1.9390000000000003	2.3334886435683763e+17
1.9400000000000004	2.198619016633377e+17
1.9410000000000003	2.296339473204848e+17
1.9420000000000004	2.412114707828718e+17
1.9430000000000003	2.3437965061452272e+17
1.9440000000000004	2.3139868962705875e+17
1.9450000000000003	2.226027425102726e+17
1.9460000000000004	1.8958528925832138e+17
1.9470000000000003	2.3508454380753043e+17
1.9480000000000004	2.2059412796671606e+17
1.9490000000000003	2.2253983787199843e+17
1.9500000000000004	2.3726837703008403e+17
1.9510000000000003	2.0087843234580768e+17
1.9520000000000004	2.3045502319042762e+17
1.9530000000000003	2.20606017731809e+17
1.9540000000000004	2.281099212537386e+17
1.9550000000000003	2.2967322962079635e+17
1.9560000000000004	2.2226606349859046e+17
1.9570000000000003	2.3169477428848816e+17
1.9580000000000004	2.3467377009885418e+17
1.9590000000000003	2.46106194740097e+17
1.9600000000000004	2.220462136810592e+17
1.9610000000000003	2.1607708730794003e+17
1.9620000000000004	2.207813126992991e+17
1.9630000000000003	2.1964230487299293e+17
1.9640000000000004	2.0892793661455997e+17
1.9650000000000003	2.1936135264039072e+17
1.9660000000000004	2.3488530507352957e+17
1.9670000000000003	2.364129248152969e+17
1.9680000000000004	2.194870016403076e+17
1.9690000000000003	2.2796956803746266e+17
1.9700000000000004	2.365738184968725e+17
1.9710000000000003	2.2177220447789462e+17
1.9720000000000004	2.244868069178653e+17
1.9730000000000003	2.0503363027115453e+17
1.9740000000000004	2.167525747411717e+17
1.9750000000000003	2.189057528165353e+17
1.9760000000000004	1.9443247703350998e+17
1.9770000000000003	2.1370721459142307e+17
1.9780000000000004	1.6633380649461283e+17
1.9790000000000003	2.1752570889978506e+17
1.9800000000000004	2.066444668871311e+17
1.9810000000000003	2.1797407500764125e+17
1.9820000000000004	2.0345678970433152e+17
1.9830000000000003	2.1621768791171782e+17
1.9840000000000004	2.194110939405438e+17
1.9850000000000003	2.1285146717998198e+17
1.9860000000000004	1.9716705885931296e+17
1.9870000000000003	1.946991545821566e+17
1.9880000000000004	2.1655303273009008e+17
1.9890000000000003	2.1623643867174288e+17
1.9900000000000004	2.016491384306769e+17
1.9910000000000003	2.0656727185388294e+17
1.9920000000000004	1.9026847181543766e+17
1.9930000000000003	2.0951022303421782e+17
1.9940000000000004	2.0924651764502832e+17
1.9950000000000003	2.0252446632600086e+17
1.9960000000000004	2.1325275230138045e+17
1.9970000000000003	1.982395835607849e+17
1.9980000000000004	1.9730627193633677e+17
1.9990000000000003	2.1154651010945584e+17
2.0000000000000004	1.9662175232190755e+17
2.0010000000000003	2.0941894089779648e+17
2.0020000000000002	2.055894296835726e+17
2.0030000000000006	2.0563099602185283e+17
2.0040000000000004	2.0978710813780944e+17
2.0050000000000003	2.1499841862043997e+17
2.0060000000000002	2.003033634352216e+17
2.0070000000000006	2.0699901281752707e+17
2.0080000000000005	2.1977413020595232e+17
2.0090000000000003	1.9044668467279373e+17
2.0100000000000002	2.0603593423259885e+17
2.0110000000000006	1.9963902186941776e+17
2.0120000000000005	2.0733111467560314e+17
2.0130000000000003	2.0139271930191312e+17
2.0140000000000002	2.041237280280569e+17
2.0150000000000006	2.075206787127448e+17
2.0160000000000005	1.979992031836483e+17
2.0170000000000003	1.96826764459209e+17
2.0180000000000002	1.9857543322495318e+17
2.0190000000000006	2.0081779959261814e+17
2.0200000000000005	1.8140806781162218e+17
2.0210000000000004	2.0075613707783994e+17
2.0220000000000002	1.947294181812706e+17
2.0230000000000006	2.0457601648144205e+17
2.0240000000000005	2.0755951630920726e+17
2.0250000000000004	1.97529115126826e+17
2.0260000000000002	1.9593468083963568e+17
2.0270000000000006	1.9392079012303357e+17
2.0280000000000005	1.9781759326338134e+17
2.0290000000000004	1.7599925360972864e+17
2.0300000000000002	2.04479936943657e+17
2.0310000000000006	1.8462002802303072e+17
2.0320000000000005	2.093234516762393e+17
2.0330000000000004	2.0506905033938333e+17
2.0340000000000003	2.0189957876161398e+17
2.0350000000000006	1.9752694464384627e+17
2.0360000000000005	1.7813379717422694e+17
2.0370000000000004	2.074799658396151e+17
2.0380000000000003	1.9946789471612195e+17
2.0390000000000006	1.9624328795047862e+17
2.0400000000000005	1.9769735592997482e+17
2.0410000000000004	1.9082669959171635e+17
2.0420000000000003	1.991712899241547e+17
2.0430000000000006	2.1234171354707907e+17
2.0440000000000005	1.891898897900382e+17
2.0450000000000004	1.8547345627781488e+17
2.0460000000000003	1.9405357539529693e+17
2.0470000000000006	1.982243112519626e+17
2.0480000000000005	2.028524355235271e+17
2.0490000000000004	1.900125690701484e+17
2.0500000000000003	1.9197694283910493e+17
2.051	2.065451006161012e+17
2.0520000000000005	1.8993805055291757e+17
2.0530000000000004	1.969349950575575e+17
2.0540000000000003	1.8149837507080067e+17
2.055	1.903764971151206e+17
2.0560000000000005	1.848526746522193e+17
2.0570000000000004	1.951752762385777e+17
2.0580000000000003	1.9489096857538192e+17
2.059	1.9512298549930426e+17
2.0600000000000005	1.9768346275545366e+17
2.0610000000000004	1.8367859398644598e+17
2.0620000000000003	1.935793163416191e+17
2.063	1.9482074355578237e+17
2.0640000000000005	1.629585962632083e+17
2.0650000000000004	1.9012086071845363e+17
2.0660000000000003	1.8613435161913584e+17
2.067	1.9813990363439686e+17
2.0680000000000005	1.8918399749869498e+17
2.0690000000000004	1.8729802664007738e+17
2.0700000000000003	1.9263125161232957e+17
2.071	1.9645698625411187e+17
2.0720000000000005	1.825491953013527e+17
2.0730000000000004	1.9175349558532205e+17
2.0740000000000003	1.820828594818283e+17
2.075	1.8749759770998163e+17
2.0760000000000005	1.951146957672209e+17
2.0770000000000004	1.8933880847923888e+17
2.0780000000000003	1.908832942889422e+17
2.079	1.931850715100865e+17
2.0800000000000005	1.8568322734450832e+17
2.0810000000000004	1.9108319104281558e+17
2.0820000000000003	1.887978192811825e+17
2.083	1.8729246589245507e+17
2.0840000000000005	1.828967887142672e+17
2.0850000000000004	1.8382101901386387e+17
2.0860000000000003	1.8313548428387888e+17
2.087	1.844151547122637e+17
2.0880000000000005	1.8609393212605878e+17
2.0890000000000004	1.8672270312474704e+17
2.0900000000000003	1.843245831420934e+17
2.091	1.9429659044588957e+17
2.0920000000000005	1.8764254805468234e+17
2.0930000000000004	1.9648918958340214e+17
2.0940000000000003	1.796888961268674e+17
2.095	1.901509983923736e+17
2.0960000000000005	1.8197312085319712e+17
2.0970000000000004	1.830454583481264e+17
2.0980000000000003	1.8384821300513418e+17
2.099	1.8750706273808365e+17
2.1000000000000005	1.8773664338888643e+17
2.1010000000000004	1.8859890240775584e+17
2.1020000000000003	1.842751981961723e+17
2.103	1.8453252439669098e+17
2.1040000000000005	1.9245615951190934e+17
2.1050000000000004	1.8401293916798387e+17
2.1060000000000003	1.9091141386249146e+17
2.107	1.856544240618034e+17
2.1080000000000005	1.8205771469573322e+17
2.1090000000000004	1.8277365610299194e+17
2.1100000000000003	1.8223832525081587e+17
2.111	1.9151409279547536e+17
2.1120000000000005	1.790513725434386e+17
2.1130000000000004	1.849641926829701e+17
2.1140000000000003	1.9116933590165226e+17
2.115	1.8664899719651568e+17
2.1160000000000005	1.8948895648988278e+17
2.1170000000000004	1.6892128201261734e+17
2.1180000000000003	1.8246756323671235e+17
2.119	1.7965883804620163e+17
2.1200000000000006	1.8399562122815958e+17
2.1210000000000004	1.8458688504395923e+17
2.1220000000000003	1.8305352761424803e+17
2.123	1.8217619699352218e+17
2.1240000000000006	1.7849584334718637e+17
2.1250000000000004	1.8896984989049757e+17
2.1260000000000003	1.853665136387277e+17
2.1270000000000002	1.817744266412595e+17
2.1280000000000006	1.776203799167693e+17
2.1290000000000004	1.796683590276614e+17
2.1300000000000003	1.866413931956453e+17
2.1310000000000002	1.844108351363715e+17
2.1320000000000006	1.8493646629528995e+17
2.1330000000000005	1.864544582487777e+17
2.1340000000000003	1.8172162924903254e+17
2.1350000000000002	1.848153065834598e+17
2.1360000000000006	1.803455771132944e+17
2.1370000000000005	1.8389589486062214e+17
2.1380000000000003	1.808849836855577e+17
2.1390000000000002	1.8307042441673706e+17
2.1400000000000006	1.8025927297311514e+17
2.1410000000000005	1.8356906857216243e+17
2.1420000000000003	1.8014456091836832e+17
2.1430000000000002	1.8221223828103296e+17
2.1440000000000006	1.8634138143681664e+17
2.1450000000000005	1.8617011977119344e+17
2.1460000000000004	1.7872045249746566e+17
2.1470000000000002	1.8550441708649584e+17
2.1480000000000006	1.838346795718961e+17
2.1490000000000005	1.8074303549138864e+17
2.1500000000000004	1.764941621675732e+17
2.1510000000000002	1.8429621977328346e+17
2.1520000000000006	1.8097934212267018e+17
2.1530000000000005	1.7619242590785302e+17
2.1540000000000004	1.7611288461922858e+17
2.1550000000000002	1.8188911433572192e+17
2.1560000000000006	1.8192973706427414e+17
2.1570000000000005	1.794052490652836e+17
2.1580000000000004	1.7990550102556755e+17
2.1590000000000003	1.8056403294290765e+17
2.1600000000000006	1.7679132726035658e+17
2.1610000000000005	1.825453030568616e+17
2.1620000000000004	1.7913165673452704e+17
2.1630000000000003	1.7942518129350253e+17
2.1640000000000006	1.8169531869953885e+17
2.1650000000000005	1.7992641953625053e+17
2.1660000000000004	1.7533478153330675e+17
2.1670000000000003	1.7941020838803334e+17
2.1680000000000006	1.7990770441227155e+17
2.1690000000000005	1.8227381398418653e+17
2.1700000000000004	1.8023172642849094e+17
2.1710000000000003	1.7625582058084253e+17
2.1720000000000006	1.7934213008993558e+17
2.1730000000000005	1.7981725847101997e+17
2.1740000000000004	1.7543350841877696e+17
2.1750000000000003	1.7828448745957203e+17
2.1760000000000006	1.745467891738394e+17
2.1770000000000005	1.7290071755035827e+17
2.1780000000000004	1.7807173075708394e+17
2.1790000000000003	1.6171890090261898e+17
2.1800000000000006	1.763072384411591e+17
2.1810000000000005	1.7867851036259206e+17
2.1820000000000004	1.70895180559668e+17
2.1830000000000003	1.730953758238717e+17
2.1840000000000006	1.7556193493099674e+17
2.1850000000000005	1.758124522694442e+17
2.1860000000000004	1.751465143927875e+17
2.1870000000000003	1.754069572442457e+17
2.1880000000000006	1.7157405131046662e+17
2.1890000000000005	1.723622905440282e+17
2.1900000000000004	1.6392697323359338e+17
2.1910000000000003	1.7744571270246957e+17
2.1920000000000006	1.7702962906150106e+17
2.1930000000000005	1.7520786112852448e+17
2.1940000000000004	1.7501518854010125e+17
2.1950000000000003	1.7417824664377542e+17
2.1960000000000006	1.755830740287097e+17
2.1970000000000005	1.754109612124666e+17
2.1980000000000004	1.753180036550985e+17
2.1990000000000003	1.72796881141942e+17
2.2000000000000006	1.724434351490704e+17
2.2010000000000005	1.693959413516077e+17
2.2020000000000004	1.7216490409426426e+17
2.2030000000000003	1.7157149416072774e+17
2.2040000000000006	1.742564693416477e+17
2.2050000000000005	1.7089313496338998e+17
2.2060000000000004	1.5245034055360352e+17
2.2070000000000003	1.6100764544083472e+17
2.208	1.733674819964774e+17
2.2090000000000005	1.612713521397824e+17
2.2100000000000004	1.6962269194932413e+17
2.2110000000000003	1.7068773595074512e+17
2.212	1.7187192921585824e+17
2.2130000000000005	1.7297472718273523e+17
2.2140000000000004	1.738415372599219e+17
2.2150000000000003	1.718226431309388e+17
2.216	1.7219354958490563e+17
2.2170000000000005	1.7182498781692214e+17
2.2180000000000004	1.7217106186168118e+17
2.2190000000000003	1.7201097101523117e+17
2.22	1.694013829345609e+17
2.2210000000000005	1.6595532659910032e+17
2.2220000000000004	1.6455714486652832e+17
2.2230000000000003	1.717972645779087e+17
2.224	1.650013304735215e+17
2.2250000000000005	1.71347114338957e+17
2.2260000000000004	1.6800163932425597e+17
2.2270000000000003	1.5938374803607808e+17
2.228	1.572140950225575e+17
2.2290000000000005	1.639792507154297e+17
2.2300000000000004	1.6439584185405382e+17
2.2310000000000003	1.665018657422718e+17
2.232	1.6307892771581245e+17
2.2330000000000005	1.6733576465032253e+17
2.2340000000000004	1.6709719544547066e+17
2.2350000000000003	1.6467782329464995e+17
2.236	1.6609768506681907e+17
2.2370000000000005	1.6973301072328342e+17
2.2380000000000004	1.6725806231353542e+17
2.2390000000000003	1.6162401267016166e+17
2.24	1.591269779454602e+17
2.2410000000000005	1.6846227249919674e+17
2.2420000000000004	1.6573643086523232e+17
2.2430000000000003	1.637286015970431e+17
2.244	1.646508652841393e+17
2.2450000000000006	1.61907065057466e+17
2.2460000000000004	1.6590479229532454e+17
2.2470000000000003	1.6578407490928496e+17
2.248	1.6151052279984963e+17
2.2490000000000006	1.6415331719831514e+17
2.2500000000000004	1.6298899148760653e+17
2.2510000000000003	1.6666738739885168e+17
2.2520000000000002	1.6341985556513642e+17
2.2530000000000006	1.6572345634090403e+17
2.2540000000000004	1.6100250084338557e+17
2.2550000000000003	1.579888885480273e+17
2.2560000000000002	1.6405222462858566e+17
2.2570000000000006	1.6518720998138192e+17
2.2580000000000005	1.608456263639874e+17
2.2590000000000003	1.6365275250441386e+17
2.2600000000000002	1.6332388930721363e+17
2.2610000000000006	1.5994430306097606e+17
2.2620000000000005	1.59961470822346e+17
2.2630000000000003	1.456419577600401e+17
2.2640000000000002	1.5642116747350205e+17
2.2650000000000006	1.6135422385753795e+17
2.2660000000000005	1.5145955498752525e+17
2.2670000000000003	1.6095464875208054e+17
2.2680000000000002	1.6030775927279155e+17
2.2690000000000006	1.6062410322247098e+17
2.2700000000000005	1.5657595330253184e+17
2.2710000000000004	1.595702089758493e+17
2.2720000000000002	1.5827217060064112e+17
2.2730000000000006	1.6137702718765834e+17
2.2740000000000005	1.5902062338675114e+17
2.2750000000000004	1.5752619457485536e+17
2.2760000000000002	1.5757314874108394e+17
2.2770000000000006	1.591344298388758e+17
2.2780000000000005	1.5977502094652506e+17
2.2790000000000004	1.5499843322450864e+17
2.2800000000000002	1.5707203320199066e+17
2.2810000000000006	1.4906176122734778e+17
2.2820000000000005	1.5611285993714736e+17
2.2830000000000004	1.530671276085178e+17
2.2840000000000003	1.5618354588498304e+17
2.2850000000000006	1.5589795209517818e+17
2.2860000000000005	1.577559564934484e+17
2.2870000000000004	1.5713391934862774e+17
2.2880000000000003	1.5765952613441696e+17
2.2890000000000006	1.53007595990008e+17
2.2900000000000005	1.5663803480480323e+17
2.2910000000000004	1.5735245375415664e+17
2.2920000000000003	1.5415104772227267e+17
2.2930000000000006	1.5341647825631504e+17
2.2940000000000005	8.041978640756718e+16
2.2950000000000004	1.0788746089421562e+17
2.2960000000000003	1.1907215874692571e+17
2.2970000000000006	1.1658664018350554e+17
2.2980000000000005	1.246060578740046e+17
2.2990000000000004	1.3251979314240397e+17
2.3000000000000003	1.3804476585472726e+17
2.3010000000000006	1.3188087348046338e+17
2.3020000000000005	1.4516715125072378e+17
2.3030000000000004	1.424305473023268e+17
2.3040000000000003	1.4216331448237902e+17
2.3050000000000006	1.3301274785472702e+17
2.3060000000000005	1.3808685538479138e+17
2.3070000000000004	1.3834933792758275e+17
2.3080000000000003	1.3673807244002309e+17
2.3090000000000006	1.380160760517476e+17
2.3100000000000005	1.3427215923233298e+17
2.3110000000000004	1.4015675550866726e+17
2.3120000000000003	1.3763633085402246e+17
2.3130000000000006	1.437241911923603e+17
2.3140000000000005	1.3406546380186832e+17
2.3150000000000004	1.3564632629709688e+17
2.3160000000000003	1.3625840849474704e+17
2.3170000000000006	1.4376894240375878e+17
2.3180000000000005	1.3097848539434762e+17
2.3190000000000004	1.4142505462344546e+17
2.3200000000000003	1.441781177697083e+17
2.3210000000000006	1.3136435119172666e+17
2.3220000000000005	1.3943096128538082e+17
2.3230000000000004	7.601064657869507e+16
2.3240000000000003	9.96788227179343e+16
2.3250000000000006	1.1039510910362418e+17
2.3260000000000005	1.1121849485208906e+17
2.3270000000000004	1.165167352742864e+17
2.3280000000000003	1.2594518548806939e+17
2.3290000000000006	1.1856374738154352e+17
2.3300000000000005	1.193042467145341e+17
2.3310000000000004	1.2531309789214346e+17
2.3320000000000003	1.256660412000221e+17
2.3330000000000006	1.317460667336239e+17
2.3340000000000005	1.2566781546568658e+17
2.3350000000000004	1.2936622356174379e+17
2.3360000000000003	1.2280355948648571e+17
2.3370000000000006	1.2227100770916014e+17
2.3380000000000005	1.2629109457759203e+17
2.3390000000000004	1.1364020705176483e+17
2.3400000000000003	1.263091740045222e+17
2.3410000000000006	1.2575516388007328e+17
2.3420000000000005	1.3302410508055525e+17
2.3430000000000004	1.2560675461617762e+17
2.3440000000000003	1.2465711796318958e+17
2.3450000000000006	1.0655724676957456e+17
2.3460000000000005	1.2675188013300653e+17
2.3470000000000004	1.2224878605792008e+17
2.3480000000000003	1.2394560230902309e+17
2.3490000000000006	1.2365358046070106e+17
2.3500000000000005	1.1878363149343646e+17
2.3510000000000004	1.2345265349048323e+17
2.3520000000000003	1.1541730315320688e+17
2.3530000000000006	7.090515747558102e+16
2.3540000000000005	8.12232804613779e+16
2.3550000000000004	1.0696412774073339e+17
2.3560000000000003	9.591548169567024e+16
2.3570000000000007	1.1477097513624398e+17
2.3580000000000005	1.05675792752198e+17
2.3590000000000004	1.0741653812205686e+17
2.3600000000000003	1.1973840494117874e+17
2.3610000000000007	1.066409709790315e+17
2.3620000000000005	1.1429503048777363e+17
2.3630000000000004	1.0558603087150349e+17
2.3640000000000003	1.1696801120003909e+17
2.365	1.126113213905039e+17
2.3660000000000005	1.1964601012082232e+17
2.3670000000000004	1.182255990621167e+17
2.3680000000000003	1.1562521914609758e+17
2.369	1.1853090283996586e+17
2.3700000000000006	1.197369941669427e+17
2.3710000000000004	1.1053971274156088e+17
2.3720000000000003	1.2645193568902394e+17
2.373	1.0966561938550042e+17
2.3740000000000006	1.0497681980600795e+17
2.3750000000000004	1.0777572087623819e+17
2.3760000000000003	1.1716502927785042e+17
2.3770000000000002	1.1376939888085414e+17
2.3780000000000006	1.071018658273039e+17
2.3790000000000004	1.0922482523978845e+17
2.3800000000000003	1.196157777358825e+17
2.3810000000000002	1.0803409902241432e+17
2.3820000000000006	1.1447377436173314e+17
2.3830000000000005	7.767465606214906e+16
2.3840000000000003	7.592332282469458e+16
2.3850000000000002	9.726336066072851e+16
2.3860000000000006	9.316413002777115e+16
2.3870000000000005	9.41735296958886e+16
2.3880000000000003	9.486420629757736e+16
2.3890000000000002	9.373927605342424e+16
2.3900000000000006	1.1139025728249458e+17
2.3910000000000005	1.0498916348465971e+17
2.3920000000000003	1.0137193862204709e+17
2.3930000000000002	9.848058879568614e+16
2.3940000000000006	1.1550355410337744e+17
2.3950000000000005	9.691971794623366e+16
2.3960000000000004	1.0799445524208934e+17
2.3970000000000002	1.101923448207138e+17
2.3980000000000006	9.968116196971512e+16
2.3990000000000005	1.0456542360044218e+17
2.4000000000000004	1.0458325462370806e+17
2.4010000000000002	1.0381808634443502e+17
2.4020000000000006	1.12009335722774e+17
2.4030000000000005	1.0554464401704168e+17
2.4040000000000004	9.291739203480038e+16
2.4050000000000002	1.0493097935300862e+17
2.4060000000000006	1.0111454783738518e+17
2.4070000000000005	1.0023938091853547e+17
2.4080000000000004	9.94314024704243e+16
2.4090000000000003	1.0166413306565054e+17
2.4100000000000006	9.79473733135037e+16
2.4110000000000005	1.0704929950013941e+17
2.4120000000000004	1.0305594545781749e+17
2.4130000000000003	1.0304481277187267e+17
2.4140000000000006	7.381147560473882e+16
2.4150000000000005	7.938400998021805e+16
2.4160000000000004	8.206915228019442e+16
2.4170000000000003	8.277270157694451e+16
2.4180000000000006	8.4284333218453e+16
2.4190000000000005	1.047500308231287e+17
2.4200000000000004	8.351596202653373e+16
2.4210000000000003	1.004866660600342e+17
2.4220000000000006	8.647298059160762e+16
2.4230000000000005	9.25097427571602e+16
2.4240000000000004	1.0082220576277011e+17
2.4250000000000003	9.745178023662858e+16
2.4260000000000006	9.204456956301264e+16
2.4270000000000005	9.560604324883944e+16
2.4280000000000004	8.820973335510326e+16
2.4290000000000003	9.685605351602858e+16
2.4300000000000006	9.759047882909808e+16
2.4310000000000005	9.144000820593739e+16
2.4320000000000004	1.0240901447264742e+17
2.4330000000000003	9.737516234990037e+16
2.4340000000000006	8.740658706220043e+16
2.4350000000000005	8.839554780521866e+16
2.4360000000000004	9.569512141860189e+16
2.4370000000000003	8.533606599415006e+16
2.4380000000000006	8.937957971466549e+16
2.4390000000000005	9.979283199366733e+16
2.4400000000000004	9.162753371700992e+16
2.4410000000000003	9.06150664979914e+16
2.4420000000000006	9.108970506591378e+16
2.4430000000000005	9.0269544861686e+16
2.4440000000000004	8.792846791805819e+16
2.4450000000000003	8.922393039275371e+16
2.4460000000000006	8.439595932747355e+16
2.4470000000000005	7.820432274072219e+16
2.4480000000000004	6.99426975982502e+16
2.4490000000000003	8.134087689307789e+16
2.4500000000000006	7.92166849955021e+16
2.4510000000000005	8.85674696959848e+16
2.4520000000000004	7.617083454096702e+16
2.4530000000000003	7.7434238339644e+16
2.4540000000000006	8.170802941850218e+16
2.4550000000000005	7.839587054337832e+16
2.4560000000000004	8.513682600785853e+16
2.4570000000000003	8.581216156318989e+16
2.4580000000000006	8.889903758198109e+16
2.4590000000000005	8.756502710967638e+16
2.4600000000000004	8.708320541314942e+16
2.4610000000000003	6.533039705502812e+16
2.4620000000000006	9.07519521638119e+16
2.4630000000000005	8.192699367828632e+16
2.4640000000000004	9.690177787197853e+16
2.4650000000000003	8.274953804508347e+16
2.4660000000000006	8.491752326920163e+16
2.4670000000000005	8.833057788150426e+16
2.4680000000000004	7.100317999911106e+16
2.4690000000000003	8.99643583640291e+16
2.4700000000000006	8.28206201661225e+16
2.4710000000000005	8.414955948179776e+16
2.4720000000000004	7.804816157061931e+16
2.4730000000000003	8.631260215721248e+16
2.4740000000000006	7.79737510908782e+16
2.4750000000000005	7.396181247189725e+16
2.4760000000000004	6.930400102237975e+16
2.4770000000000003	9.426505611806478e+16
2.4780000000000006	9.236314710496029e+16
2.4790000000000005	5.9596461711059816e+16
2.4800000000000004	7.30569734665276e+16
2.4810000000000003	7.0237710575074056e+16
2.4820000000000007	6.779707897495923e+16
2.4830000000000005	7.289170261522699e+16
2.4840000000000004	8.465232798810365e+16
2.4850000000000003	5.6998776196291304e+16
2.4860000000000007	4.7729527434479336e+16
2.4870000000000005	4.568911426418249e+16
2.4880000000000004	4.634654650566778e+16
2.4890000000000003	4.6527812996747e+16
2.4900000000000007	4.625678596277104e+16
2.4910000000000005	4.586086959508644e+16
2.4920000000000004	4.7657652980271384e+16
2.4930000000000003	4.768692720559874e+16
2.4940000000000007	4.965633935961053e+16
2.4950000000000006	4.80958544241942e+16
2.4960000000000004	4.782122043446468e+16
2.4970000000000003	4.862816102748516e+16
2.4980000000000007	4.6119742946679384e+16
2.4990000000000006	4.877871333595232e+16
2.5000000000000004	4.811440098823628e+16
2.5010000000000003	4.7997046455887384e+16
2.5020000000000007	5.059418802603688e+16
2.5030000000000006	4.751439170833727e+16
2.5040000000000004	4.756564061480345e+16
2.5050000000000003	4.8163128890197224e+16
2.5060000000000007	4.547824725896705e+16
2.5070000000000006	4.82897225752616e+16
2.5080000000000005	4.922585304812217e+16
2.5090000000000003	5.044514243487821e+16
2.5100000000000007	5.175969210184594e+16
2.5110000000000006	4.8340085448809416e+16
2.5120000000000005	4.939888662545053e+16
2.5130000000000003	4.8483345536843464e+16
2.5140000000000007	4.949847764176249e+16
2.5150000000000006	4.542741452399901e+16
2.5160000000000005	4.9501037594456376e+16
2.5170000000000003	5.18111586415642e+16
2.5180000000000007	4.954108300545524e+16
2.5190000000000006	5.0246005110871896e+16
2.5200000000000005	4.950484923802498e+16
2.5210000000000004	5.038507309207934e+16
2.5220000000000002	5.016662327857149e+16
2.5230000000000006	5.176573032305565e+16
2.5240000000000005	4.704195942059173e+16
2.5250000000000004	4.8141039976458696e+16
2.5260000000000002	4.782964061766658e+16
2.5270000000000006	5.0764659145002456e+16
2.5280000000000005	4.620134116094586e+16
2.5290000000000004	4.964043081463036e+16
2.5300000000000002	5.2535553048686904e+16
2.5310000000000006	5.346393073764602e+16
2.5320000000000005	5.1673853634298744e+16
2.5330000000000004	4.829399562083637e+16
2.5340000000000003	5.318462548822344e+16
2.5350000000000006	5.159798961671105e+16
2.5360000000000005	4.725469867297785e+16
2.5370000000000004	4.941980953457948e+16
2.5380000000000003	5.284809890940476e+16
2.5390000000000006	5.0174673627082456e+16
2.5400000000000005	5.24387017104773e+16
2.5410000000000004	5.222961483676544e+16
2.5420000000000003	5.213389687480915e+16
2.5430000000000006	5.037546576775433e+16
2.5440000000000005	4.842173583918653e+16
2.5450000000000004	5.5891378487613384e+16
2.5460000000000003	5.3344930606455976e+16
2.5470000000000006	5.135606436016888e+16
2.5480000000000005	5.217596946645892e+16
2.5490000000000004	5.201737545331544e+16
2.5500000000000003	5.286393075977631e+16
2.5510000000000006	5.390465226382318e+16
2.5520000000000005	5.300456410567396e+16
2.5530000000000004	4.994015671031317e+16
2.5540000000000003	5.759145832743465e+16
2.5550000000000006	5.119609984199473e+16
2.5560000000000005	5.199210752613222e+16
2.5570000000000004	5.390437480421757e+16
2.5580000000000003	5.460048484867946e+16
2.5590000000000006	5.7014922208291256e+16
2.5600000000000005	5.393349927430387e+16
2.5610000000000004	4.7698399239770456e+16
2.5620000000000003	5.625970845012253e+16
2.5630000000000006	5.226331411578889e+16
2.5640000000000005	5.3744235313121256e+16
2.5650000000000004	5.401574620944823e+16
2.5660000000000003	5.315861776438228e+16
2.5670000000000006	5.290079240979339e+16
2.5680000000000005	5.9293044153248424e+16
2.5690000000000004	5.407659244471764e+16
2.5700000000000003	5.177797863790448e+16
2.5710000000000006	6.132316624807943e+16
2.5720000000000005	5.9323296950086824e+16
2.5730000000000004	5.5774364959491576e+16
2.5740000000000003	5.348515244721572e+16
2.5750000000000006	5.370832682903426e+16
2.5760000000000005	5.454674608322643e+16
2.5770000000000004	5.136818506964101e+16
2.5780000000000003	5.006449621829053e+16
2.5790000000000006	5.711423545254572e+16
2.5800000000000005	5.826904061260755e+16
2.5810000000000004	5.631535779339372e+16
2.5820000000000003	5.384894043885308e+16
2.5830000000000006	5.338180825998119e+16
2.5840000000000005	5.929379600095583e+16
2.5850000000000004	6.198888707993287e+16
2.5860000000000003	7.282527174363744e+16
2.5870000000000006	6.7314765162629336e+16
2.5880000000000005	6.234619818758857e+16
2.5890000000000004	6.328818576855471e+16
2.5900000000000003	6.6193818168741256e+16
2.5910000000000006	6.268466024376256e+16
2.5920000000000005	7.402384503681734e+16
2.5930000000000004	6.075239042001441e+16
2.5940000000000003	7.053171663796702e+16
2.5950000000000006	5.99133837419221e+16
2.5960000000000005	6.927198733692309e+16
2.5970000000000004	6.899998851413569e+16
2.5980000000000003	5.83902155004823e+16
2.5990000000000006	6.78248020263748e+16
