# Flux units: erg / (cm m2 s)
# Wavelength units: Angstrom
wave	flux
7000.0	3.9947777608709395e+17
7010.0	4.213402487131647e+17
7020.0	4.3787911443814406e+17
7030.0	4.885777216098028e+17
7040.0	5.3309666541921216e+17
7050.0	6.218859537220045e+17
7060.0	4.361210811827939e+17
7070.0	4.704517702678905e+17
7080.0	5.054165881645021e+17
7090.0	4.12051315947469e+17
7100.0	3.921907526567764e+17
7110.0	4.3619671584708045e+17
7120.0	4.5860015869121766e+17
7130.0	3.2870260640120826e+17
7140.0	3.3324129375627104e+17
7150.0	3.3392763124003514e+17
7160.0	3.871295899462309e+17
7170.0	3.975984770801632e+17
7180.0	4.2128724845553754e+17
7190.0	4.4430936825879277e+17
7200.0	4.1600605311271366e+17
7210.0	4.037316913082648e+17
7220.0	4.5990562503486246e+17
7230.0	4.7836553762678854e+17
7240.0	4.984545632451753e+17
7250.0	4.9917566248858086e+17
7260.0	5.477456702902571e+17
7270.0	5.580536790628156e+17
7280.0	5.5806703739246803e+17
7290.0	5.878070757538138e+17
7300.0	6.022958195397037e+17
7310.0	6.152626727601806e+17
7320.0	6.206565295024947e+17
7330.0	5.68786534241985e+17
7340.0	6.552834673676241e+17
7350.0	6.495190129831631e+17
7360.0	6.38380809309953e+17
7370.0	6.669027553505364e+17
7380.0	6.83553264999626e+17
7390.0	6.840139070529057e+17
7400.0	6.734489622188285e+17
7410.0	6.925563364571896e+17
7420.0	6.869497995570382e+17
7430.0	6.9752472683618e+17
7440.0	6.984355866161609e+17
7450.0	6.847462355167808e+17
7460.0	6.830551339340102e+17
7470.0	7.057286697951974e+17
7480.0	7.07819381270066e+17
7490.0	6.944941468820957e+17
7500.0	6.938812283467891e+17
7510.0	7.053925945546815e+17
7520.0	7.129117706006424e+17
7530.0	7.067482613983224e+17
7540.0	7.150260613183529e+17
7550.0	7.261469849508157e+17
7560.0	7.207259142061036e+17
7570.0	7.107431139053248e+17
7580.0	7.239916017070359e+17
7590.0	6.822884822387365e+17
7600.0	6.771183780479204e+17
7610.0	6.64659995784117e+17
7620.0	6.886841966305926e+17
7630.0	6.566184648953446e+17
7640.0	6.415167477578129e+17
7650.0	6.388190787790226e+17
7660.0	5.7404455453714886e+17
7670.0	4.0310902426701414e+17
7680.0	5.716053802669479e+17
7690.0	5.899306796596273e+17
7700.0	4.485816362095586e+17
7710.0	5.787928079920353e+17
7720.0	5.950362041289962e+17
7730.0	6.179068806102679e+17
7740.0	6.419230765514277e+17
7750.0	5.868622037022287e+17
7760.0	5.937530524793545e+17
7770.0	6.12744962634342e+17
7780.0	6.157843818998079e+17
7790.0	6.025480946154941e+17
7800.0	6.152924019726871e+17
7810.0	6.453185533761775e+17
7820.0	6.488815924271095e+17
7830.0	6.229484168000403e+17
7840.0	6.25009531772022e+17
7850.0	6.37735917433465e+17
7860.0	6.494769417491731e+17
7870.0	6.495733105367725e+17
7880.0	6.647574371818048e+17
7890.0	6.729875956729507e+17
7900.0	6.772195139773627e+17
7910.0	6.581770542103817e+17
7920.0	6.609489744034112e+17
7930.0	6.775677413795213e+17
7940.0	6.746671751122927e+17
7950.0	6.657015043313636e+17
7960.0	6.933061002152721e+17
7970.0	7.009922872701869e+17
7980.0	6.95762686597699e+17
7990.0	6.993430160263937e+17
8000.0	6.966238514247336e+17
8010.0	7.086276245301508e+17
8020.0	7.16702042513306e+17
8030.0	7.066839051985997e+17
8040.0	7.223828722122127e+17
8050.0	7.134775041201316e+17
8060.0	7.301120106490651e+17
8070.0	7.206448082551931e+17
8080.0	7.232559222225015e+17
8090.0	7.318355112369453e+17
8100.0	7.350741863242291e+17
8110.0	7.40874459651055e+17
8120.0	7.349392830278989e+17
8130.0	7.445953147955744e+17
8140.0	7.473579226588042e+17
8150.0	7.478000789059786e+17
8160.0	7.405615581254415e+17
8170.0	7.424588823680101e+17
8180.0	6.599841080120307e+17
8190.0	5.575578619789111e+17
8200.0	5.253162670189572e+17
8210.0	7.073758242383855e+17
8220.0	7.174423483717517e+17
8230.0	7.33644825695323e+17
8240.0	7.320592493411662e+17
8250.0	7.385102403343244e+17
8260.0	7.322938984168462e+17
8270.0	7.420581963381032e+17
8280.0	7.319210698549658e+17
8290.0	7.238869843598762e+17
8300.0	7.228801672184622e+17
8310.0	7.169373803729085e+17
8320.0	7.271633664711487e+17
8330.0	6.847042091339372e+17
8340.0	7.172684092181942e+17
8350.0	7.164144029214921e+17
8360.0	7.141702777868466e+17
8370.0	7.00473582633724e+17
8380.0	6.775776267914767e+17
8390.0	6.515749885612177e+17
8400.0	6.98958504535934e+17
8410.0	7.015459345645055e+17
8420.0	7.103521442186525e+17
8430.0	6.71943746330585e+17
8440.0	6.190039374190746e+17
8450.0	6.817588588529051e+17
8460.0	6.734742658133034e+17
8470.0	6.460071423931625e+17
8480.0	6.809753534942702e+17
8490.0	6.874507522155027e+17
8500.0	6.29627798441981e+17
8510.0	6.772908591473313e+17
8520.0	6.446297545849025e+17
8530.0	6.813280923074752e+17
8540.0	6.045468601358166e+17
8550.0	6.424360450307852e+17
8560.0	6.930425047785373e+17
8570.0	6.973663932550445e+17
8580.0	6.942259120817175e+17
8590.0	7.050096690276306e+17
8600.0	7.064024652398752e+17
8610.0	6.972383557963973e+17
8620.0	7.031748140013349e+17
8630.0	7.085756527527231e+17
8640.0	7.097463369816362e+17
8650.0	7.071940285145128e+17
8660.0	6.334467105553332e+17
8670.0	6.756241410005652e+17
8680.0	6.82957940502846e+17
8690.0	6.334371777622301e+17
8700.0	7.043442234881636e+17
8710.0	7.093674519736068e+17
8720.0	7.07939855845051e+17
8730.0	7.157261557450239e+17
8740.0	7.056907291194641e+17
8750.0	7.171782207900191e+17
8760.0	7.127315951261998e+17
8770.0	7.104339158360826e+17
8780.0	7.126816891702459e+17
8790.0	7.265154601164443e+17
8800.0	7.201409944880913e+17
8810.0	6.691133302997669e+17
8820.0	7.274310405145224e+17
8830.0	6.846534556500339e+17
8840.0	7.200376212831162e+17
8850.0	7.264572297955922e+17
8860.0	7.064463082303462e+17
8870.0	6.784366375642616e+17
8880.0	6.794450463991489e+17
8890.0	6.793868127883695e+17
8900.0	6.874795494960666e+17
8910.0	6.906708935457194e+17
8920.0	6.954268258582701e+17
8930.0	6.97443459594369e+17
8940.0	6.908741324080155e+17
8950.0	6.841184597520966e+17
8960.0	6.946701926725942e+17
8970.0	6.896139688187218e+17
8980.0	6.949890092217574e+17
8990.0	7.020879224369425e+17
9000.0	6.804741368133679e+17
9010.0	7.009940005824685e+17
9020.0	6.903583668690648e+17
9030.0	6.94618211393042e+17
9040.0	7.068747979161257e+17
9050.0	7.120136824329541e+17
9060.0	7.039438573883149e+17
9070.0	7.118679987013443e+17
9080.0	7.143240071351461e+17
9090.0	6.846743206631241e+17
9100.0	7.03289749941843e+17
9110.0	7.031975647619469e+17
9120.0	7.19376824360549e+17
9130.0	7.208433654947672e+17
9140.0	7.186103842318685e+17
9150.0	7.22189534596993e+17
9160.0	7.238451963797268e+17
9170.0	7.251838927761093e+17
9180.0	7.205875208949178e+17
9190.0	7.285506728176447e+17
9200.0	7.260959286657576e+17
9210.0	7.168074338862922e+17
9220.0	7.18743643909029e+17
9230.0	7.158145199145792e+17
9240.0	7.169999753715183e+17
9250.0	7.115531079019913e+17
9260.0	7.121755106284902e+17
9270.0	7.141519279561491e+17
9280.0	7.100816405423599e+17
9290.0	6.95838557942078e+17
9300.0	7.014093023587885e+17
9310.0	7.101514917930099e+17
9320.0	7.0677502528095e+17
9330.0	7.081578701615642e+17
9340.0	7.090953973668335e+17
9350.0	7.026017327200424e+17
9360.0	7.015775840533521e+17
9370.0	7.049340154241542e+17
9380.0	7.064757012282533e+17
9390.0	7.06655286701206e+17
9400.0	7.040776464800116e+17
9410.0	7.052439465354477e+17
9420.0	7.027340741580362e+17
9430.0	7.078746904618618e+17
9440.0	7.0335937261014e+17
9450.0	6.906792902442511e+17
9460.0	7.033860661698989e+17
9470.0	7.042381891491567e+17
9480.0	7.075571626242824e+17
9490.0	7.105064446966744e+17
9500.0	7.077941556694173e+17
9510.0	7.060457591457981e+17
9520.0	7.057950891998904e+17
9530.0	7.074944542126509e+17
9540.0	7.000272490193747e+17
9550.0	6.793114265114125e+17
9560.0	7.041704945172356e+17
9570.0	7.016503154359291e+17
9580.0	6.95634118786851e+17
9590.0	7.070890258047494e+17
9600.0	6.756226762966834e+17
9610.0	6.999505658238898e+17
9620.0	7.047564231664253e+17
9630.0	7.048839701903386e+17
9640.0	6.423041742576532e+17
9650.0	6.68992279571567e+17
9660.0	6.979683830288326e+17
9670.0	6.866168710389938e+17
9680.0	6.512063583047028e+17
9690.0	6.775373300994871e+17
9700.0	7.019932161058504e+17
9710.0	6.571248850272365e+17
9720.0	6.814984078746351e+17
9730.0	6.587278719661567e+17
9740.0	6.806514668477599e+17
9750.0	6.576347482602954e+17
9760.0	6.94415175967904e+17
9770.0	6.710111973190523e+17
9780.0	6.926738065470053e+17
9790.0	6.266835912518885e+17
9800.0	6.93316682873759e+17
9810.0	6.91325392134971e+17
9820.0	6.898407107391e+17
9830.0	6.829249670095926e+17
9840.0	6.858432486311217e+17
9850.0	6.909542935660079e+17
9860.0	6.937354576355898e+17
9870.0	6.893253120913284e+17
9880.0	6.938297841826309e+17
9890.0	6.942372850698607e+17
9900.0	6.651164090226324e+17
9910.0	6.305757380201523e+17
9920.0	6.246314053632275e+17
9930.0	6.412716772607224e+17
9940.0	6.530660345356041e+17
9950.0	6.632497720617324e+17
9960.0	6.569499482524328e+17
9970.0	6.655003334031587e+17
9980.0	6.608488156475318e+17
9990.0	6.41909283173891e+17
10000.0	6.599602105807476e+17
10010.0	6.50966418961896e+17
10020.0	6.640930060327859e+17
10030.0	6.664557610067077e+17
10040.0	6.534485641627537e+17
10050.0	6.516969927772603e+17
10060.0	6.330074192006547e+17
10070.0	6.514404106033614e+17
10080.0	6.648032145083657e+17
10090.0	6.573614909179028e+17
10100.0	6.657771918930141e+17
10110.0	6.579798255728321e+17
10120.0	6.583561563467954e+17
10130.0	6.690086624568227e+17
10140.0	6.48263177465923e+17
10150.0	6.560480164000202e+17
10160.0	6.513675720327884e+17
10170.0	6.508384137111973e+17
10180.0	6.632210141256506e+17
10190.0	6.50927003984931e+17
10200.0	6.559115160797211e+17
10210.0	6.56507824755159e+17
10220.0	6.417685328158467e+17
10230.0	6.587875880788212e+17
10240.0	6.674463468610163e+17
10250.0	6.568490565082286e+17
10260.0	6.3585699464548e+17
10270.0	6.404682283604169e+17
10280.0	6.386228820498693e+17
10290.0	6.35448077101749e+17
10300.0	6.422258928235274e+17
10310.0	6.584141952235676e+17
10320.0	6.544011423542986e+17
10330.0	6.398503944256576e+17
10340.0	6.393200799442647e+17
10350.0	5.849544838963205e+17
10360.0	6.58509777387408e+17
10370.0	6.54086833229691e+17
10380.0	6.465273994949946e+17
10390.0	6.536704305881434e+17
10400.0	6.225094579647631e+17
10410.0	6.610841217248701e+17
10420.0	6.447559021139439e+17
10430.0	6.370116896656585e+17
10440.0	6.5626744563838e+17
10450.0	6.555505804365196e+17
10460.0	6.594748632948069e+17
10470.0	6.370066284035529e+17
10480.0	6.467156639662628e+17
10490.0	6.527581601628923e+17
10500.0	6.353298901543939e+17
10510.0	6.460919578617773e+17
10520.0	6.400622092813028e+17
10530.0	6.506191540939933e+17
10540.0	6.486417827766605e+17
10550.0	6.535823340810612e+17
10560.0	6.430304024453047e+17
10570.0	6.384650137373609e+17
10580.0	6.519163554191777e+17
10590.0	6.285781016317436e+17
10600.0	6.494460273922314e+17
10610.0	6.356983004198501e+17
10620.0	6.461487041103022e+17
10630.0	6.493770501512567e+17
10640.0	6.474962303713859e+17
10650.0	6.439057161444006e+17
10660.0	6.2279747275275e+17
10670.0	6.363880403371913e+17
10680.0	6.329828601835245e+17
10690.0	6.422873433103978e+17
10700.0	6.443237408402575e+17
10710.0	6.358944700382988e+17
10720.0	6.441443371699948e+17
10730.0	6.27375961219555e+17
10740.0	6.306202651433115e+17
10750.0	6.345801875550351e+17
10760.0	6.378589878398348e+17
10770.0	6.39803218701329e+17
10780.0	6.385300806500069e+17
10790.0	6.395436393550629e+17
10800.0	6.322172617108649e+17
10810.0	6.216465566190437e+17
10820.0	6.31332098865671e+17
10830.0	6.380973837698646e+17
10840.0	6.330898948127985e+17
10850.0	6.297067954794043e+17
10860.0	6.337110109820444e+17
10870.0	6.355478229606339e+17
10880.0	6.379329624640314e+17
10890.0	6.30703330024358e+17
10900.0	6.37400635961278e+17
10910.0	6.270930658564865e+17
10920.0	6.289552400517888e+17
10930.0	6.354871264525819e+17
10940.0	6.34763816216299e+17
10950.0	6.336092165678789e+17
10960.0	6.280625296664518e+17
10970.0	6.295498334771794e+17
10980.0	6.250862079192918e+17
10990.0	6.259480782110196e+17
11000.0	6.283841571834935e+17
11010.0	6.31750881209029e+17
11020.0	6.199256651688161e+17
11030.0	6.207109802841249e+17
11040.0	6.195902031694693e+17
11050.0	6.147263265404508e+17
11060.0	6.205436041083514e+17
11070.0	6.162617731983675e+17
11080.0	6.184782690107578e+17
11090.0	6.183285052901874e+17
11100.0	6.183407574231698e+17
11110.0	6.164348059337398e+17
11120.0	6.128062494636192e+17
11130.0	6.127902096017279e+17
11140.0	6.181796157066052e+17
11150.0	6.16498301706465e+17
11160.0	6.121558250980723e+17
11170.0	6.16725324516887e+17
11180.0	6.15769484363767e+17
11190.0	6.124669409916781e+17
11200.0	6.085601933821581e+17
11210.0	6.112587735327493e+17
11220.0	6.121115327997779e+17
11230.0	6.125722309482317e+17
11240.0	6.157950003098172e+17
11250.0	5.961208321287695e+17
11260.0	5.739967323165214e+17
11270.0	6.125050425839825e+17
11280.0	6.092122618172507e+17
11290.0	6.109169033909075e+17
11300.0	6.007228457330717e+17
11310.0	6.077470293606171e+17
11320.0	6.10262310979915e+17
11330.0	6.097304330113197e+17
11340.0	6.032755694291124e+17
11350.0	6.065934301200329e+17
11360.0	6.043957757576346e+17
11370.0	6.02543398897436e+17
11380.0	5.230111943988386e+17
11390.0	5.551989033371253e+17
11400.0	5.6519362994229626e+17
11410.0	4.8179244283342266e+17
11420.0	5.969552086901636e+17
11430.0	5.907729647411744e+17
11440.0	5.891978106396516e+17
11450.0	6.012257700206508e+17
11460.0	5.997813513198563e+17
11470.0	6.020684274133443e+17
11480.0	5.937956186708133e+17
11490.0	5.953307611058115e+17
11500.0	6.033389226934886e+17
11510.0	6.009947063907155e+17
11520.0	6.007131291497955e+17
11530.0	6.010249820338976e+17
11540.0	5.973300670733573e+17
11550.0	5.970461267024863e+17
11560.0	5.977813524720882e+17
11570.0	5.958648718536873e+17
11580.0	5.970336067881852e+17
11590.0	5.969760395290196e+17
11600.0	5.79971267171629e+17
11610.0	5.5596423387572077e+17
11620.0	5.940741849238464e+17
11630.0	5.952339351283357e+17
11640.0	5.712688422621654e+17
11650.0	5.936442313524933e+17
11660.0	5.912414454769055e+17
11670.0	5.924644872694943e+17
11680.0	5.90661130346249e+17
11690.0	5.4301633492151334e+17
11700.0	5.872687317557654e+17
11710.0	5.893495693504814e+17
11720.0	5.882556514291448e+17
11730.0	5.893934990992844e+17
11740.0	5.84236702420707e+17
11750.0	5.85028351944091e+17
11760.0	5.841153038712177e+17
11770.0	5.5779749100823277e+17
11780.0	5.3134269921179834e+17
11790.0	5.6509574423513e+17
11800.0	5.799145815854568e+17
11810.0	5.810571652252381e+17
11820.0	5.794361203751398e+17
11830.0	5.300614089347513e+17
11840.0	5.75412485136503e+17
11850.0	5.78733116590759e+17
11860.0	5.799919714249647e+17
11870.0	5.79638690179128e+17
11880.0	5.747792119152792e+17
11890.0	5.276328998228312e+17
11900.0	5.693306352179394e+17
11910.0	5.772527383734902e+17
11920.0	5.75643771240151e+17
11930.0	5.765722298478295e+17
11940.0	5.729498568117899e+17
11950.0	5.61912212181564e+17
11960.0	5.5370447149860474e+17
11970.0	5.638324347161247e+17
11980.0	5.218149626781871e+17
11990.0	5.6650528377928166e+17
12000.0	5.678776938980521e+17
12010.0	5.6915081505364256e+17
12020.0	5.6759264909401594e+17
12030.0	5.653082691707619e+17
12040.0	5.6801762679523155e+17
12050.0	5.6603453083030016e+17
12060.0	5.707286994690462e+17
12070.0	5.6408702236918464e+17
12080.0	5.6245620456460595e+17
12090.0	5.445581761614914e+17
12100.0	5.674100312204465e+17
12110.0	5.622774993134348e+17
12120.0	5.64284601779087e+17
12130.0	5.634026217883695e+17
12140.0	5.6565153315380166e+17
12150.0	5.649986931139227e+17
12160.0	5.62926267853411e+17
12170.0	5.6198470160917094e+17
12180.0	5.6394722611566784e+17
12190.0	5.61904669891054e+17
12200.0	5.602107564625509e+17
12210.0	5.598650616144694e+17
12220.0	5.609435342807113e+17
12230.0	5.602037006848517e+17
12240.0	5.5829982576638483e+17
12250.0	5.592213617592529e+17
12260.0	5.596652982445647e+17
12270.0	5.5827207562794125e+17
12280.0	5.5784884589368403e+17
12290.0	5.571009228581121e+17
12300.0	5.563073711315224e+17
12310.0	5.55309396518482e+17
12320.0	5.507704690776541e+17
12330.0	5.521499757878122e+17
12340.0	5.544287037271501e+17
12350.0	5.534879140905125e+17
12360.0	5.522774778380129e+17
12370.0	5.52175856064588e+17
12380.0	5.525594077360813e+17
12390.0	5.489095694405065e+17
12400.0	5.499813707997239e+17
12410.0	5.4330908293931386e+17
12420.0	5.422939591072978e+17
12430.0	5.410793800744984e+17
12440.0	5.260188055932253e+17
12450.0	5.460285714710869e+17
12460.0	5.443205070924205e+17
12470.0	5.4383611409800205e+17
12480.0	5.4354235905350624e+17
12490.0	5.4377069250062586e+17
12500.0	5.414215999698214e+17
12510.0	5.440139754957444e+17
12520.0	5.346061778032492e+17
12530.0	5.157689297729077e+17
12540.0	5.4003086129158957e+17
12550.0	5.390075740570592e+17
12560.0	5.3879458786615424e+17
12570.0	5.377046644763137e+17
12580.0	5.388761337175249e+17
12590.0	5.384891868411853e+17
12600.0	5.3423334411781523e+17
12610.0	5.3711637702357754e+17
12620.0	5.3646829235907424e+17
12630.0	5.3719171455300934e+17
12640.0	5.321032601095532e+17
12650.0	5.351633067333215e+17
12660.0	5.351667502795838e+17
12670.0	5.31900252823094e+17
12680.0	5.048348088415275e+17
12690.0	5.322296064128304e+17
12700.0	5.3195337874781677e+17
12710.0	5.3115821580955174e+17
12720.0	5.346020257254558e+17
12730.0	5.334965536887641e+17
12740.0	5.256983121880704e+17
12750.0	5.2598629129426656e+17
12760.0	5.315155434544234e+17
12770.0	5.2960447120021274e+17
12780.0	5.29337235799973e+17
12790.0	5.306621310096511e+17
12800.0	5.2912541964522304e+17
12810.0	5.2572661231225517e+17
12820.0	5.0853369452085165e+17
12830.0	4.946313525933e+17
12840.0	5.201565307307169e+17
12850.0	5.122388865551834e+17
12860.0	5.228107456739564e+17
12870.0	5.249333586432497e+17
12880.0	5.2056308736451514e+17
12890.0	5.205454822839603e+17
12900.0	4.956857637040054e+17
12910.0	5.113269844488735e+17
12920.0	5.188016414457709e+17
12930.0	5.187644468230619e+17
12940.0	5.196035823658258e+17
12950.0	5.1688766910613485e+17
12960.0	5.211748361557761e+17
12970.0	5.201767680989459e+17
12980.0	5.116227429979077e+17
12990.0	5.175346235397816e+17
13000.0	5.18544916381117e+17
13010.0	5.1619973224045805e+17
13020.0	5.1459871133473114e+17
13030.0	5.1694338456019155e+17
13040.0	5.105940312218626e+17
13050.0	5.1605222492157856e+17
13060.0	5.144964329320693e+17
13070.0	5.135383662532834e+17
13080.0	5.098765789535532e+17
13090.0	5.1081682558290797e+17
13100.0	5.1108298547062656e+17
13110.0	5.097682393307016e+17
13120.0	4.910309798501814e+17
13130.0	4.3437071154488614e+17
13140.0	4.94427553997524e+17
13150.0	4.612225649298155e+17
13160.0	4.868556667532627e+17
13170.0	5.0715192484280934e+17
13180.0	5.0800090307710086e+17
13190.0	5.096289353173197e+17
13200.0	5.038407260961442e+17
13210.0	5.063347568552673e+17
13220.0	5.0258613029715814e+17
13230.0	5.0608954152339514e+17
13240.0	5.04856496860312e+17
13250.0	5.016965098029064e+17
13260.0	5.034186376479e+17
13270.0	4.976420634299109e+17
13280.0	5.003417985822433e+17
13290.0	4.953695943664568e+17
13300.0	4.856018350024292e+17
13310.0	4.9418186413338323e+17
13320.0	4.5463843115605274e+17
13330.0	4.882905268044545e+17
13340.0	4.868182332427805e+17
13350.0	4.631640200936744e+17
13360.0	4.7324517625891046e+17
13370.0	4.664714554425851e+17
13380.0	4.747082310192643e+17
13390.0	4.719041800786441e+17
13400.0	4.7892390235997786e+17
13410.0	4.734831494769841e+17
13420.0	4.6641545814001005e+17
13430.0	4.6262065540519424e+17
13440.0	4.783342995383099e+17
13450.0	4.64246078981633e+17
13460.0	4.792669717981797e+17
13470.0	4.630119619265884e+17
13480.0	4.625493449416562e+17
13490.0	4.762518499248272e+17
13500.0	4.65050000767075e+17
13510.0	4.6583059040213306e+17
13520.0	4.647861639942634e+17
13530.0	4.727387673134015e+17
13540.0	4.6256914708883923e+17
13550.0	4.6173183336689e+17
13560.0	4.6639051965091206e+17
13570.0	4.670056321339891e+17
13580.0	4.653441363186264e+17
13590.0	4.6675004608468486e+17
13600.0	4.6036367503465805e+17
13610.0	4.634390838495322e+17
13620.0	4.5283820619816525e+17
13630.0	4.4949182303024704e+17
13640.0	4.647755817504311e+17
13650.0	4.537569980691902e+17
13660.0	4.65867581711943e+17
13670.0	4.6245084401485766e+17
13680.0	4.641488375989438e+17
13690.0	4.59239506994274e+17
13700.0	4.631483722397799e+17
13710.0	4.6018929283583936e+17
13720.0	4.627326326490613e+17
13730.0	4.611422990220362e+17
13740.0	4.6259619617225126e+17
13750.0	4.6315616076628883e+17
13760.0	4.627182547579087e+17
13770.0	4.61360080838165e+17
13780.0	4.614116086244523e+17
13790.0	4.589302925400365e+17
13800.0	4.6447459667075014e+17
13810.0	4.591394794779826e+17
13820.0	4.619985465302975e+17
13830.0	4.5357647881450605e+17
13840.0	4.5976947708262246e+17
13850.0	4.5072757773255136e+17
13860.0	4.547541817770752e+17
13870.0	4.471728285679888e+17
13880.0	4.501255560692118e+17
13890.0	4.557000861732245e+17
13900.0	4.453760507476299e+17
13910.0	4.285693312402556e+17
13920.0	4.305689723089809e+17
13930.0	4.3208582684050694e+17
13940.0	4.369283135489748e+17
13950.0	4.404861708623602e+17
13960.0	4.40245174236266e+17
13970.0	4.3977528430642643e+17
13980.0	4.2622892837777165e+17
13990.0	4.4326383087114176e+17
14000.0	4.294706518670949e+17
14010.0	4.310466347334963e+17
14020.0	4.39845485699812e+17
14030.0	4.4333822130664454e+17
14040.0	4.323689674105606e+17
14050.0	4.3865429849904986e+17
14060.0	4.424644126699781e+17
14070.0	4.3525923320498995e+17
14080.0	4.3557830297824435e+17
14090.0	4.2691915669846714e+17
14100.0	4.397237076422761e+17
14110.0	4.2762882295840877e+17
14120.0	4.2482971645781466e+17
14130.0	4.2857619691227725e+17
14140.0	4.286388404503793e+17
14150.0	4.29880825881742e+17
14160.0	4.2948137355008186e+17
14170.0	4.2515931413577734e+17
14180.0	4.214897031433403e+17
14190.0	4.175612509578522e+17
14200.0	4.314791851196979e+17
14210.0	4.301210734345235e+17
14220.0	4.236102720800534e+17
14230.0	4.247628755089593e+17
14240.0	4.143215330690549e+17
14250.0	4.226147252197302e+17
14260.0	3.933849984474885e+17
14270.0	4.039881376400689e+17
14280.0	4.1511022467905363e+17
14290.0	4.088035009988016e+17
14300.0	4.28845539882762e+17
14310.0	4.230271216916955e+17
14320.0	4.2325521484843686e+17
14330.0	4.2688777943152774e+17
14340.0	4.046944193839364e+17
14350.0	4.233873352055367e+17
14360.0	4.1926275596062726e+17
14370.0	4.156897450773306e+17
14380.0	4.2274732816816576e+17
14390.0	4.22248149633658e+17
14400.0	4.1126095290240384e+17
14410.0	4.131529617040923e+17
14420.0	4.196808413183238e+17
14430.0	4.193169388135852e+17
14440.0	4.20571584316858e+17
14450.0	4.121107182204572e+17
14460.0	4.228615501355507e+17
14470.0	4.106126183631897e+17
14480.0	4.179200320127535e+17
14490.0	4.217369893831249e+17
14500.0	4.1189858272101114e+17
14510.0	4.0891992698449754e+17
14520.0	4.1746062407571866e+17
14530.0	4.157892355345368e+17
14540.0	4.126136295635795e+17
14550.0	4.225025487051953e+17
14560.0	4.050765444865965e+17
14570.0	4.0415253302536877e+17
14580.0	4.1574422125730586e+17
14590.0	4.1629662198472915e+17
14600.0	4.094978384621775e+17
14610.0	3.937007872447262e+17
14620.0	4.025173990554014e+17
14630.0	3.892654242688427e+17
14640.0	4.1151622311190765e+17
14650.0	3.972591904702314e+17
14660.0	4.101969158865263e+17
14670.0	4.02645005048663e+17
14680.0	3.949464027076899e+17
14690.0	3.992948864916088e+17
14700.0	3.927291397969637e+17
14710.0	4.007667078833666e+17
14720.0	4.0242433054961146e+17
14730.0	4.078158410093008e+17
14740.0	3.982164134665067e+17
14750.0	4.0202628179619635e+17
14760.0	3.962368626854893e+17
14770.0	3.930465237721218e+17
14780.0	3.8791657339974534e+17
14790.0	4.058085075216506e+17
14800.0	3.896392961888248e+17
14810.0	3.989067592305214e+17
14820.0	3.9499009774294195e+17
14830.0	3.977217060769174e+17
14840.0	4.0429996295235014e+17
14850.0	3.960300036809842e+17
14860.0	3.9866062748798534e+17
14870.0	3.991999365693505e+17
14880.0	3.6966225406988506e+17
14890.0	3.834325516104457e+17
14900.0	4.006971692777693e+17
14910.0	3.9254859543366637e+17
14920.0	4.017468331505644e+17
14930.0	3.967368068625712e+17
14940.0	3.9668156811309594e+17
14950.0	3.9965975396266835e+17
14960.0	3.974563681599196e+17
14970.0	4.025368888315959e+17
14980.0	4.0092002539948525e+17
14990.0	4.0128360391761856e+17
15000.0	3.961809012728987e+17
15010.0	3.870484165424137e+17
15020.0	3.821108365611979e+17
15030.0	3.499194108069963e+17
15040.0	3.6685080807322394e+17
15050.0	3.65008725666265e+17
15060.0	3.88350341555859e+17
15070.0	3.98281016997041e+17
15080.0	3.907752523234061e+17
15090.0	3.977722133654001e+17
15100.0	3.9376943485854483e+17
15110.0	3.98030727051005e+17
15120.0	3.9454327456068595e+17
15130.0	3.8692764482341523e+17
15140.0	3.8924966396783277e+17
15150.0	3.8884587980624134e+17
15160.0	3.948124286787499e+17
15170.0	3.630354924571277e+17
15180.0	3.919818199586924e+17
15190.0	3.92893385674219e+17
15200.0	3.9326651156375834e+17
15210.0	3.97240483189176e+17
15220.0	3.963069770425591e+17
15230.0	3.9608682580327123e+17
15240.0	3.922818757238491e+17
15250.0	3.911947005008037e+17
15260.0	3.894609543513511e+17
15270.0	3.833364000227483e+17
15280.0	3.880284661461633e+17
15290.0	3.829758771619452e+17
15300.0	3.918472635444396e+17
15310.0	3.945067296418049e+17
15320.0	3.8539678227462406e+17
15330.0	3.8324680667920774e+17
15340.0	3.8162666199897005e+17
15350.0	3.9163582988109766e+17
15360.0	3.945434960168698e+17
15370.0	3.886794091373395e+17
15380.0	3.800841323418781e+17
15390.0	3.836809891424672e+17
15400.0	3.790365779138552e+17
15410.0	3.6858116637838214e+17
15420.0	3.846692223211203e+17
15430.0	3.7000776216506074e+17
15440.0	3.846608217369509e+17
15450.0	3.899562519432504e+17
15460.0	3.8982731693449965e+17
15470.0	3.82514373082249e+17
15480.0	3.8566257098706554e+17
15490.0	3.886799748616143e+17
15500.0	3.85886735117187e+17
15510.0	3.7767218783453485e+17
15520.0	3.87689636460928e+17
15530.0	3.905013157050807e+17
15540.0	3.7766184849663834e+17
15550.0	3.7136931091283264e+17
15560.0	3.755581865868033e+17
15570.0	3.7780041134400595e+17
15580.0	3.770774836102407e+17
15590.0	3.875925995993375e+17
15600.0	3.822819831668606e+17
15610.0	3.83144191604069e+17
15620.0	3.8474726843830144e+17
15630.0	3.750359380473083e+17
15640.0	3.860926224995087e+17
15650.0	3.8231771975732646e+17
15660.0	3.709091201852642e+17
15670.0	3.862963280544696e+17
15680.0	3.873272065495048e+17
15690.0	3.839961701116577e+17
15700.0	3.784678919212807e+17
15710.0	3.844669855023697e+17
15720.0	3.642987369603393e+17
15730.0	3.716935300193765e+17
15740.0	3.802650690964903e+17
15750.0	3.689305757146892e+17
15760.0	3.6805756647589024e+17
15770.0	3.584231295717602e+17
15780.0	3.686787863028022e+17
15790.0	3.842986567041745e+17
15800.0	3.833384279135415e+17
15810.0	3.865995196097628e+17
15820.0	3.7919125125911e+17
15830.0	3.795552917653751e+17
15840.0	3.782427392859989e+17
15850.0	3.7956573692361043e+17
15860.0	3.8653860693474304e+17
15870.0	3.8094375423172115e+17
15880.0	3.833457762992349e+17
15890.0	3.683637280635946e+17
15900.0	3.6001182452364256e+17
15910.0	3.7821800730347334e+17
15920.0	3.7489389903003296e+17
15930.0	3.7944041352068755e+17
15940.0	3.834427502889334e+17
15950.0	3.836924780129945e+17
15960.0	3.836900227753066e+17
15970.0	3.794957147347826e+17
15980.0	3.803455468602127e+17
15990.0	3.808498982922119e+17
16000.0	3.828826382965965e+17
16010.0	3.8002223799672134e+17
16020.0	3.7748813895885414e+17
16030.0	3.8188375718175194e+17
16040.0	3.685314915134129e+17
16050.0	3.7962459630985606e+17
16060.0	3.680453540959461e+17
16070.0	3.636800066547559e+17
16080.0	3.7145378532538554e+17
16090.0	3.8057478707897626e+17
16100.0	3.793610799619998e+17
16110.0	3.756019342730004e+17
16120.0	3.7858921624161434e+17
16130.0	3.73202628824352e+17
16140.0	3.550398322866165e+17
16150.0	3.5547756377413005e+17
16160.0	3.156139158659452e+17
16170.0	3.6966643655670266e+17
16180.0	3.759266641178532e+17
16190.0	3.6112280346601926e+17
16200.0	3.2172686924741216e+17
16210.0	3.400188602862937e+17
16220.0	3.6678618505937344e+17
16230.0	3.6510642380135424e+17
16240.0	3.737408021560919e+17
16250.0	3.6359395709109005e+17
16260.0	3.5886044074802566e+17
16270.0	3.71761721127064e+17
16280.0	3.7419558422788774e+17
16290.0	3.759004463721037e+17
16300.0	3.700830953544883e+17
16310.0	3.730459822129152e+17
16320.0	3.665887383122192e+17
16330.0	3.740410647428975e+17
16340.0	3.7094939121163923e+17
16350.0	3.666162760411339e+17
16360.0	3.610773399316697e+17
16370.0	3.603915178113273e+17
16380.0	3.7035365154838566e+17
16390.0	3.665599743017896e+17
16400.0	3.6582744960890496e+17
16410.0	3.665184779194557e+17
16420.0	3.6969616886071443e+17
16430.0	3.701521462298031e+17
16440.0	3.688066853177697e+17
16450.0	3.487257363802625e+17
16460.0	3.613397474732237e+17
16470.0	3.7032834834998016e+17
16480.0	3.607498422042476e+17
16490.0	3.6423834782118285e+17
16500.0	3.6785271446164986e+17
16510.0	3.6713799051751674e+17
16520.0	3.679720610094707e+17
16530.0	3.5618527861399597e+17
16540.0	3.54553514911559e+17
16550.0	3.656814219301712e+17
16560.0	3.6851446366996134e+17
16570.0	3.659348453611798e+17
16580.0	3.653388050099094e+17
16590.0	3.57136206933314e+17
16600.0	3.6431069748586714e+17
16610.0	3.548477366730516e+17
16620.0	3.614684238445039e+17
16630.0	3.6194572303658656e+17
16640.0	3.5925860199962554e+17
16650.0	3.5654818952429926e+17
16660.0	3.513324586288012e+17
16670.0	3.5442131819377414e+17
16680.0	3.586501195562142e+17
16690.0	3.583150543965759e+17
16700.0	3.581253525579167e+17
16710.0	3.450152903794468e+17
16720.0	3.190234272331822e+17
16730.0	3.367067051923405e+17
16740.0	3.5264935482876275e+17
16750.0	3.2625812408606483e+17
16760.0	3.2116198955801926e+17
16770.0	3.392263489485564e+17
16780.0	3.54514234186216e+17
16790.0	3.553090571011191e+17
16800.0	3.541862625603946e+17
16810.0	3.540578783447753e+17
16820.0	3.540297628276667e+17
16830.0	3.539939248745785e+17
16840.0	3.505038004464606e+17
16850.0	3.521399191747258e+17
16860.0	3.5128295144257485e+17
16870.0	3.4547385423091846e+17
16880.0	3.379282078978704e+17
16890.0	3.402480690148909e+17
16900.0	3.384236217555917e+17
16910.0	3.311052240490209e+17
16920.0	3.4643040594105485e+17
16930.0	3.476620675760568e+17
16940.0	3.47651658871292e+17
16950.0	3.44820537279477e+17
16960.0	3.431600425234695e+17
16970.0	3.4428158680130355e+17
16980.0	3.418996330122363e+17
16990.0	3.4210959758863917e+17
17000.0	3.3997639078595744e+17
17010.0	3.387001954476957e+17
17020.0	3.4054500884909626e+17
17030.0	3.4012932712853165e+17
17040.0	3.3753412451717254e+17
17050.0	3.343585697886144e+17
17060.0	3.347102571731889e+17
17070.0	3.268946746791751e+17
17080.0	3.3073879116490784e+17
17090.0	3.313655077661295e+17
17100.0	3.1859950459039904e+17
17110.0	2.8645450547704675e+17
17120.0	3.1318466069235104e+17
17130.0	3.2749696590524845e+17
17140.0	3.268445673664606e+17
17150.0	3.288596151130318e+17
17160.0	3.274413003084078e+17
17170.0	3.225638569070902e+17
17180.0	3.218100030854921e+17
17190.0	3.198819815426989e+17
17200.0	3.227319457070659e+17
17210.0	3.192830607126877e+17
17220.0	3.2489837694941434e+17
17230.0	3.144934125925541e+17
17240.0	3.163863667850797e+17
17250.0	3.1836225966973485e+17
17260.0	3.212798337105413e+17
17270.0	3.095249701185608e+17
17280.0	3.211779133424028e+17
17290.0	3.188893887183984e+17
17300.0	3.166649660977292e+17
17310.0	3.1663618059689766e+17
17320.0	3.038165797495405e+17
17330.0	3.109367496660255e+17
17340.0	3.0569493639640864e+17
17350.0	3.026155367763377e+17
17360.0	3.1420406646108794e+17
17370.0	3.0875320097641043e+17
17380.0	3.088834543061929e+17
17390.0	3.102348717437276e+17
17400.0	3.064577283409817e+17
17410.0	3.059455659453995e+17
17420.0	3.0600986535389037e+17
17430.0	2.95682863223569e+17
17440.0	3.0579710964955725e+17
17450.0	3.039625455207645e+17
17460.0	3.0635965980112646e+17
17470.0	3.009434299555588e+17
17480.0	3.014260842010892e+17
17490.0	3.049116807261314e+17
17500.0	2.9493593613791834e+17
17510.0	2.940484281010065e+17
17520.0	2.988402293887197e+17
17530.0	3.004898527025643e+17
17540.0	2.8785171178468368e+17
17550.0	2.9336536401571085e+17
17560.0	2.8682419279495456e+17
17570.0	2.9460437065322003e+17
17580.0	2.928135583046187e+17
17590.0	2.8522047736717546e+17
17600.0	2.9407520820152506e+17
17610.0	2.8496910970438912e+17
17620.0	2.8501797612247226e+17
17630.0	2.8293737523978912e+17
17640.0	2.9274795962023386e+17
17650.0	2.88784690316167e+17
17660.0	2.9101862593059994e+17
17670.0	2.8369553822538045e+17
17680.0	2.7666517839428387e+17
17690.0	2.7778534889374147e+17
17700.0	2.891646090397655e+17
17710.0	2.8586166368379357e+17
17720.0	2.7398048544769514e+17
17730.0	2.7773578682513146e+17
17740.0	2.8656016794781462e+17
17750.0	2.7603634447771462e+17
17760.0	2.771414266863665e+17
17770.0	2.736081483907379e+17
17780.0	2.711630123560346e+17
17790.0	2.7786340622371133e+17
17800.0	2.7277910156520035e+17
17810.0	2.709820855154023e+17
17820.0	2.700823476111545e+17
17830.0	2.630872122417896e+17
17840.0	2.7920239781786762e+17
17850.0	2.680922140475576e+17
17860.0	2.6317058469040576e+17
17870.0	2.588709308782148e+17
17880.0	2.6992432532847037e+17
17890.0	2.7005840445377107e+17
17900.0	2.742815562367821e+17
17910.0	2.5859532944199267e+17
17920.0	2.6700988625174394e+17
17930.0	2.6898269260956323e+17
17940.0	2.639075183726213e+17
17950.0	2.5810732650310966e+17
17960.0	2.5734409646739123e+17
17970.0	2.7185324151452938e+17
17980.0	2.6726466449870768e+17
17990.0	2.606878585175128e+17
18000.0	2.600996233443296e+17
18010.0	2.516097621771105e+17
18020.0	2.5750761456854733e+17
18030.0	2.470885599536277e+17
18040.0	2.5997203916690874e+17
18050.0	2.5136607262489142e+17
18060.0	2.5264139178772157e+17
18070.0	2.6019997225244624e+17
18080.0	2.5476655122779312e+17
18090.0	2.5570363143408765e+17
18100.0	2.6281545303818688e+17
18110.0	2.4206615879477443e+17
18120.0	2.5261793576190483e+17
18130.0	2.47757915386661e+17
18140.0	2.618294134309781e+17
18150.0	2.5714018298308605e+17
18160.0	2.5542637479891568e+17
18170.0	2.5189147546841366e+17
18180.0	2.5041966509045552e+17
18190.0	2.46550336089168e+17
18200.0	2.435221886591877e+17
18210.0	2.5047384201090176e+17
18220.0	2.3323997732707898e+17
18230.0	2.552367201178393e+17
18240.0	2.6564998380937114e+17
18250.0	2.4692794306134538e+17
18260.0	2.3905920218985344e+17
18270.0	2.4639699729571328e+17
18280.0	2.4199624618346618e+17
18290.0	2.4802916268139312e+17
18300.0	2.4958282256321584e+17
18310.0	2.4265218199594957e+17
18320.0	2.4589091345701642e+17
18330.0	2.4212999326758243e+17
18340.0	2.509552586083265e+17
18350.0	2.4187261751527782e+17
18360.0	2.380794436166414e+17
18370.0	2.5074494671394726e+17
18380.0	2.3979506160128963e+17
18390.0	2.4453435454694883e+17
18400.0	2.351468992781456e+17
18410.0	2.4874721569898224e+17
18420.0	2.3323127617787667e+17
18430.0	2.3475816902066698e+17
18440.0	2.2984235503921606e+17
18450.0	2.3200424766290573e+17
18460.0	2.252277998882727e+17
18470.0	1.856129632438142e+17
18480.0	2.1691018529706643e+17
18490.0	2.2633443944452893e+17
18500.0	2.283260519613512e+17
18510.0	2.379157774241809e+17
18520.0	2.3563228773212605e+17
18530.0	2.2782332774251882e+17
18540.0	2.321987478950144e+17
18550.0	2.3181701597823616e+17
18560.0	2.300099602822872e+17
18570.0	2.1480416670771808e+17
18580.0	2.1771929389218045e+17
18590.0	2.158761624802697e+17
18600.0	2.189451893006703e+17
18610.0	2.1892676998925213e+17
18620.0	2.2878331461145718e+17
18630.0	2.2810561109749277e+17
18640.0	2.278497193473902e+17
18650.0	2.215570073533742e+17
18660.0	2.264315052776611e+17
18670.0	2.2924832673471446e+17
18680.0	2.2247279347658486e+17
18690.0	2.3392705984163472e+17
18700.0	2.3151019794502134e+17
18710.0	2.2006781134162717e+17
18720.0	2.2634359667288096e+17
18730.0	2.1008589696830525e+17
18740.0	2.2438859921790205e+17
18750.0	2.2066857895831856e+17
18760.0	2.2625452805792797e+17
18770.0	2.210842120455066e+17
18780.0	2.232192204646248e+17
18790.0	2.1465150382246672e+17
18800.0	2.2527801886280435e+17
18810.0	2.2241643107887965e+17
18820.0	2.253950787368823e+17
18830.0	2.3244710370289818e+17
18840.0	2.2943807703700666e+17
18850.0	2.1488728558038992e+17
18860.0	2.166124493458341e+17
18870.0	2.199268182343574e+17
18880.0	2.287999751496412e+17
18890.0	2.160071991407746e+17
18900.0	2.2319257794034707e+17
18910.0	2.2240240878698605e+17
18920.0	2.0748584262250563e+17
18930.0	2.1240265213037594e+17
18940.0	2.2084731245628832e+17
18950.0	2.1960046936948694e+17
18960.0	2.1967773607130112e+17
18970.0	2.2555175900235622e+17
18980.0	2.1479800849115984e+17
18990.0	2.164403427867019e+17
19000.0	2.2252652562936957e+17
19010.0	2.199072750851716e+17
19020.0	2.258198697765129e+17
19030.0	2.1574555939259e+17
19040.0	2.203229695071196e+17
19050.0	2.119923728230617e+17
19060.0	2.1581828583453213e+17
19070.0	2.1438670506235328e+17
19080.0	2.215960046603423e+17
19090.0	2.1630852862188704e+17
19100.0	2.1780598082116614e+17
19110.0	2.0837892500043056e+17
19120.0	2.1346093757359683e+17
19130.0	2.2077448261409334e+17
19140.0	2.199995794419211e+17
19150.0	2.2131323335991158e+17
19160.0	2.1232802409944966e+17
19170.0	2.1189923856926432e+17
19180.0	2.1527917547537558e+17
19190.0	2.2007461522354966e+17
19200.0	2.160657678098808e+17
19210.0	2.1011992896488256e+17
19220.0	2.14557123752444e+17
19230.0	2.1516374388266554e+17
19240.0	2.0923786065525155e+17
19250.0	2.1496867711256595e+17
19260.0	2.0956324428853955e+17
19270.0	2.0904327058157965e+17
19280.0	2.1959599054890707e+17
19290.0	2.0720003958316608e+17
19300.0	2.0078757604772035e+17
19310.0	1.6548537026674957e+17
19320.0	1.781164147625398e+17
19330.0	2.061714525106539e+17
19340.0	2.0358971763939405e+17
19350.0	2.1109001405977312e+17
19360.0	2.1312053242486166e+17
19370.0	2.094533105441077e+17
19380.0	2.0814048665191402e+17
19390.0	2.0578818819994458e+17
19400.0	2.0376371355255286e+17
19410.0	2.0657203043619213e+17
19420.0	2.072980474114195e+17
19430.0	2.0237982296014774e+17
19440.0	1.9743957683288342e+17
19450.0	1.7555860526029475e+17
19460.0	1.4451587350023786e+17
19470.0	1.9005900716997066e+17
19480.0	1.9570033223371994e+17
19490.0	1.9603054180689066e+17
19500.0	1.9907016008295798e+17
19510.0	1.5616355321152992e+17
19520.0	1.9255430197664912e+17
19530.0	1.949602505966585e+17
19540.0	2.0400584087785222e+17
19550.0	2.0387391616466147e+17
19560.0	1.989030407297782e+17
19570.0	2.0302947652711466e+17
19580.0	2.0648115224221664e+17
19590.0	2.1561546528894784e+17
19600.0	2.0033040657815197e+17
19610.0	1.9494526304924477e+17
19620.0	2.0304650732747344e+17
19630.0	2.036906619603715e+17
19640.0	1.984502052134664e+17
19650.0	1.979976087736556e+17
19660.0	2.045771138376808e+17
19670.0	2.0536928968465347e+17
19680.0	1.9747364330447968e+17
19690.0	2.0153009483706016e+17
19700.0	2.0636226657639037e+17
19710.0	1.9662406114439565e+17
19720.0	1.99776596659745e+17
19730.0	1.949848725864625e+17
19740.0	1.96048260061449e+17
19750.0	1.9444743420128778e+17
19760.0	1.7687576132548733e+17
19770.0	1.7294368876356246e+17
19780.0	1.3288612513839642e+17
19790.0	1.6181372708961517e+17
19800.0	1.764927293610486e+17
19810.0	1.8909853268691325e+17
19820.0	1.849029633999714e+17
19830.0	1.894911670890132e+17
19840.0	1.900738927529651e+17
19850.0	1.8485881296609962e+17
19860.0	1.5981315035591574e+17
19870.0	1.511338454365577e+17
19880.0	1.8556987182720822e+17
19890.0	1.915059467552016e+17
19900.0	1.8516725487904634e+17
19910.0	1.8894714218463062e+17
19920.0	1.6906971730622125e+17
19930.0	1.864740127430606e+17
19940.0	1.7171370612832314e+17
19950.0	1.850785616295479e+17
19960.0	1.912968220898716e+17
19970.0	1.7671940299757654e+17
19980.0	1.8461878934832803e+17
19990.0	1.906544271251247e+17
20000.0	1.8255582921701344e+17
20010.0	1.9137942036751683e+17
20020.0	1.853070381836099e+17
20030.0	1.9168611382439466e+17
20040.0	1.8957034027096118e+17
20050.0	1.8990962364512874e+17
20060.0	1.8691827866577187e+17
20070.0	1.8645635860408938e+17
20080.0	1.951345873355303e+17
20090.0	1.7838691302088224e+17
20100.0	1.869770441355857e+17
20110.0	1.8161656712475427e+17
20120.0	1.8587842925819283e+17
20130.0	1.8431718969422445e+17
20140.0	1.857872189378044e+17
20150.0	1.8657762072442416e+17
20160.0	1.8273522992721434e+17
20170.0	1.8152526608735296e+17
20180.0	1.8668715855378864e+17
20190.0	1.841334437102382e+17
20200.0	1.7231872006481008e+17
20210.0	1.871522351248643e+17
20220.0	1.8191982688305686e+17
20230.0	1.8428823513815018e+17
20240.0	1.885812796451204e+17
20250.0	1.8252293589382762e+17
20260.0	1.7808990965256083e+17
20270.0	1.7820968238928794e+17
20280.0	1.815497222030126e+17
20290.0	1.7066070507547805e+17
20300.0	1.8688447437902902e+17
20310.0	1.7439333564045898e+17
20320.0	1.8748165111199334e+17
20330.0	1.8297670038364538e+17
20340.0	1.8295501810852045e+17
20350.0	1.8037742744768957e+17
20360.0	1.696229016995559e+17
20370.0	1.8482185283206976e+17
20380.0	1.8203290097134182e+17
20390.0	1.7707340415426093e+17
20400.0	1.7836537741462234e+17
20410.0	1.7563607838066813e+17
20420.0	1.807389059043548e+17
20430.0	1.8732598576446166e+17
20440.0	1.726203921686418e+17
20450.0	1.7071538975849075e+17
20460.0	1.7591989305568778e+17
20470.0	1.7844893763344042e+17
20480.0	1.7972182081208947e+17
20490.0	1.7151741318225674e+17
20500.0	1.7378511429650794e+17
20510.0	1.8177286357594227e+17
20520.0	1.758773968433113e+17
20530.0	1.8059491862282797e+17
20540.0	1.6991122312774925e+17
20550.0	1.747863151956785e+17
20560.0	1.718800753953219e+17
20570.0	1.772443028332541e+17
20580.0	1.780272703905229e+17
20590.0	1.7604909264114006e+17
20600.0	1.7751160406055882e+17
20610.0	1.6928477834066838e+17
20620.0	1.7420824115694675e+17
20630.0	1.7413338871062442e+17
20640.0	1.6363321920645168e+17
20650.0	1.7200923128746342e+17
20660.0	1.6884076707684858e+17
20670.0	1.7746997669244163e+17
20680.0	1.729710781296908e+17
20690.0	1.687571051423211e+17
20700.0	1.772891370990194e+17
20710.0	1.7623673395851907e+17
20720.0	1.683133957708357e+17
20730.0	1.714634969964162e+17
20740.0	1.6777692731436685e+17
20750.0	1.691648425334783e+17
20760.0	1.736897443966022e+17
20770.0	1.7230815496496582e+17
20780.0	1.7141091716019283e+17
20790.0	1.71471503047999e+17
20800.0	1.689743316090558e+17
20810.0	1.7104740371829517e+17
20820.0	1.710304885160761e+17
20830.0	1.6833674072060058e+17
20840.0	1.6949762876282723e+17
20850.0	1.6878393073826957e+17
20860.0	1.6805936725711562e+17
20870.0	1.6609653093824026e+17
20880.0	1.6988705650466054e+17
20890.0	1.6719338595263978e+17
20900.0	1.6548944618133088e+17
20910.0	1.73668033236516e+17
20920.0	1.68279273768214e+17
20930.0	1.7277432500041914e+17
20940.0	1.645580249166367e+17
20950.0	1.6849715650716832e+17
20960.0	1.6478559333097792e+17
20970.0	1.632728041584155e+17
20980.0	1.6448043509141072e+17
20990.0	1.6719042832567738e+17
21000.0	1.6633814492396352e+17
21010.0	1.6812678084339382e+17
21020.0	1.66072988269004e+17
21030.0	1.6546546521320554e+17
21040.0	1.6917608134656938e+17
21050.0	1.6347395459543462e+17
21060.0	1.6819208610269818e+17
21070.0	1.6779218519183706e+17
21080.0	1.6397006721079917e+17
21090.0	1.6326691377619216e+17
21100.0	1.6290814134134285e+17
21110.0	1.675493043733237e+17
21120.0	1.602769115629475e+17
21130.0	1.6472508338899488e+17
21140.0	1.6692718285172387e+17
21150.0	1.6546544630249034e+17
21160.0	1.6576242860100723e+17
21170.0	1.5250132117979917e+17
21180.0	1.6370912931198746e+17
21190.0	1.635255537357531e+17
21200.0	1.6536476727559e+17
21210.0	1.6479070286436813e+17
21220.0	1.6411683325513136e+17
21230.0	1.6409105528200208e+17
21240.0	1.6405588870058e+17
21250.0	1.6690039359277885e+17
21260.0	1.6185014588472765e+17
21270.0	1.629611846380057e+17
21280.0	1.597282266050967e+17
21290.0	1.6060546941717514e+17
21300.0	1.6374964134077814e+17
21310.0	1.632642009267726e+17
21320.0	1.6311375193532525e+17
21330.0	1.6463149156774906e+17
21340.0	1.6144900407089002e+17
21350.0	1.631748183598239e+17
21360.0	1.627838705567075e+17
21370.0	1.619491689107881e+17
21380.0	1.6029781719427114e+17
21390.0	1.6243686585763334e+17
21400.0	1.587718885237832e+17
21410.0	1.610474494774739e+17
21420.0	1.6056703963359968e+17
21430.0	1.6150367387045514e+17
21440.0	1.6470487533227987e+17
21450.0	1.630241755519981e+17
21460.0	1.610453638544904e+17
21470.0	1.6280352354203792e+17
21480.0	1.605873638903054e+17
21490.0	1.6044205372606557e+17
21500.0	1.5708809002813462e+17
21510.0	1.6184259913345293e+17
21520.0	1.5966187907252336e+17
21530.0	1.582153953273695e+17
21540.0	1.5968136680059475e+17
21550.0	1.6160358519177376e+17
21560.0	1.594723691760477e+17
21570.0	1.6049245276052374e+17
21580.0	1.5982869795910454e+17
21590.0	1.604691631819599e+17
21600.0	1.5863958082358614e+17
21610.0	1.6106035998348035e+17
21620.0	1.5898251562125984e+17
21630.0	1.5813018209416246e+17
21640.0	1.5970126088609597e+17
21650.0	1.6076390883301363e+17
21660.0	1.57957403875445e+17
21670.0	1.5922501218214998e+17
21680.0	1.596475793221773e+17
21690.0	1.60123170801968e+17
21700.0	1.5895342177278947e+17
21710.0	1.5729755383156013e+17
21720.0	1.5753164900273757e+17
21730.0	1.5765640654359242e+17
21740.0	1.5760409121510352e+17
21750.0	1.582964179433276e+17
21760.0	1.556084214937434e+17
21770.0	1.5769964799813814e+17
21780.0	1.5680130827543533e+17
21790.0	1.4888159552982074e+17
21800.0	1.5674594536096336e+17
21810.0	1.5639951762506275e+17
21820.0	1.556437609572015e+17
21830.0	1.5628920133942486e+17
21840.0	1.5512223382318096e+17
21850.0	1.5691098373830214e+17
21860.0	1.56358987530147e+17
21870.0	1.564868180662498e+17
21880.0	1.5538254344792163e+17
21890.0	1.5546529289889488e+17
21900.0	1.4966399292399926e+17
21910.0	1.559565542963593e+17
21920.0	1.5549033321480474e+17
21930.0	1.5414894892168163e+17
21940.0	1.5529957029386214e+17
21950.0	1.5568033010359386e+17
21960.0	1.5524464865657862e+17
21970.0	1.5407394819939498e+17
21980.0	1.5553080919630848e+17
21990.0	1.533119012363781e+17
22000.0	1.542337091661139e+17
22010.0	1.5260276085142822e+17
22020.0	1.5313302076178323e+17
22030.0	1.5163043855304918e+17
22040.0	1.5206128438352154e+17
22050.0	1.4798749313142077e+17
22060.0	1.2285735593079688e+17
22070.0	1.4046610707874272e+17
22080.0	1.4724984723960688e+17
22090.0	1.2786489037747296e+17
22100.0	1.4853081737156893e+17
22110.0	1.5069419474292048e+17
22120.0	1.525866973770653e+17
22130.0	1.5189704286928176e+17
22140.0	1.529094844377235e+17
22150.0	1.5247010805496262e+17
22160.0	1.515927361126403e+17
22170.0	1.5157212010829258e+17
22180.0	1.52581770054091e+17
22190.0	1.5128793967926435e+17
22200.0	1.5076448969006813e+17
22210.0	1.5007151293349488e+17
22220.0	1.480446326377002e+17
22230.0	1.5148451382667146e+17
22240.0	1.479349385498229e+17
22250.0	1.520003935686739e+17
22260.0	1.511454081670563e+17
22270.0	1.483813719487696e+17
22280.0	1.4509503079928726e+17
22290.0	1.472680226340486e+17
22300.0	1.4828860100881434e+17
22310.0	1.4959299796955104e+17
22320.0	1.4813576360773392e+17
22330.0	1.4910103167169485e+17
22340.0	1.4902696641861782e+17
22350.0	1.4828190078587366e+17
22360.0	1.4849622245618896e+17
22370.0	1.4988490738489773e+17
22380.0	1.4920912015609197e+17
22390.0	1.4835996337201898e+17
22400.0	1.4787447678417786e+17
22410.0	1.4952930070430554e+17
22420.0	1.4812874453719568e+17
22430.0	1.4768719374574227e+17
22440.0	1.4790358856682096e+17
22450.0	1.4735250768364432e+17
22460.0	1.4815290351233037e+17
22470.0	1.4765418443100413e+17
22480.0	1.4677254322122166e+17
22490.0	1.4824766584075434e+17
22500.0	1.466761174573244e+17
22510.0	1.4798988594811114e+17
22520.0	1.4686740743092352e+17
22530.0	1.4721649678310218e+17
22540.0	1.467147741443986e+17
22550.0	1.447420831359534e+17
22560.0	1.4663847491007203e+17
22570.0	1.4692680074432688e+17
22580.0	1.4507674603594093e+17
22590.0	1.4536054504192563e+17
22600.0	1.454221090250739e+17
22610.0	1.4299786675103096e+17
22620.0	1.432780230534722e+17
22630.0	1.384003744054576e+17
22640.0	1.4367360370381909e+17
22650.0	1.429593659817346e+17
22660.0	1.389211955934436e+17
22670.0	1.440311639895564e+17
22680.0	1.4437205797402582e+17
22690.0	1.442190275299148e+17
22700.0	1.4285511299771411e+17
22710.0	1.4366306243807632e+17
22720.0	1.4279964328630408e+17
22730.0	1.4395965485384123e+17
22740.0	1.4307942096664669e+17
22750.0	1.4336453006082485e+17
22760.0	1.4320885485387736e+17
22770.0	1.4349189747410797e+17
22780.0	1.4313512568937053e+17
22790.0	1.4129154620636557e+17
22800.0	1.4216183744252117e+17
22810.0	1.4093146651672877e+17
22820.0	1.4140558716256726e+17
22830.0	1.3736372914154304e+17
22840.0	1.4098751849298973e+17
22850.0	1.410634985103113e+17
22860.0	1.4173882813652875e+17
22870.0	1.4195848586552872e+17
22880.0	1.4165984133534605e+17
22890.0	1.4064873563878093e+17
22900.0	1.416026191108106e+17
22910.0	1.4126147209194814e+17
22920.0	1.3947908912577643e+17
22930.0	1.3854368226234774e+17
22940.0	1.1317860478910397e+17
22950.0	1.2446969862639258e+17
22960.0	1.2884341027333064e+17
22970.0	1.2670128721167558e+17
22980.0	1.2963997385524947e+17
22990.0	1.318971902300194e+17
23000.0	1.3380951738735558e+17
23010.0	1.2939296233703962e+17
23020.0	1.3461861175778627e+17
23030.0	1.3289501487886256e+17
23040.0	1.3357249296590925e+17
23050.0	1.3213341870198786e+17
23060.0	1.330184033683119e+17
23070.0	1.3269873541961165e+17
23080.0	1.3223513625180005e+17
23090.0	1.3281046310262618e+17
23100.0	1.312065996261301e+17
23110.0	1.314603336289151e+17
23120.0	1.3187077670008098e+17
23130.0	1.3485122461491648e+17
23140.0	1.3128866993754517e+17
23150.0	1.295055603453723e+17
23160.0	1.3087747646069624e+17
23170.0	1.3459969202745674e+17
23180.0	1.2978885705023824e+17
23190.0	1.325030958686469e+17
23200.0	1.334561279492395e+17
23210.0	1.2892359336049832e+17
23220.0	1.3008339157503013e+17
23230.0	1.0721894868352085e+17
23240.0	1.1689403707767931e+17
23250.0	1.1988709842699739e+17
23260.0	1.205138649959271e+17
23270.0	1.2260799776077235e+17
23280.0	1.253748665434981e+17
23290.0	1.2380640093561483e+17
23300.0	1.2253784078997274e+17
23310.0	1.2437312223773136e+17
23320.0	1.2500435778537824e+17
23330.0	1.2691952826700162e+17
23340.0	1.2317423072666611e+17
23350.0	1.171890762773121e+17
23360.0	1.1877827811066184e+17
23370.0	1.2143713223444774e+17
23380.0	1.1607548934015416e+17
23390.0	1.106736906548503e+17
23400.0	1.22621415231414e+17
23410.0	1.2467042377122968e+17
23420.0	1.2676380813684896e+17
23430.0	1.2557469856887758e+17
23440.0	1.2189994159628718e+17
23450.0	1.1934363522160088e+17
23460.0	1.2832441471482042e+17
23470.0	1.2448165664067997e+17
23480.0	1.2418701001564154e+17
23490.0	1.271665174423506e+17
23500.0	1.2350704891196998e+17
23510.0	1.2182977522993262e+17
23520.0	1.2003470697201162e+17
23530.0	1.034203037793199e+17
23540.0	1.0877273984372605e+17
23550.0	1.166844932958299e+17
23560.0	1.134576017865789e+17
23570.0	1.2064725883923366e+17
23580.0	1.160149051771506e+17
23590.0	1.1501100288201493e+17
23600.0	1.2173768080179269e+17
23610.0	1.1580667698001307e+17
23620.0	1.174726271722251e+17
23630.0	1.162830619939858e+17
23640.0	1.209577933912314e+17
23650.0	1.1975648052590118e+17
23660.0	1.2043378421880893e+17
23670.0	1.200326863107825e+17
23680.0	1.1646204300568538e+17
23690.0	1.1810670918781584e+17
23700.0	1.1991463233787282e+17
23710.0	1.178095825299866e+17
23720.0	1.2127962017993226e+17
23730.0	1.1883129368289864e+17
23740.0	1.1779822880655269e+17
23750.0	1.1936747292252006e+17
23760.0	1.1917814121996466e+17
23770.0	1.1676017500727738e+17
23780.0	1.1754056947711798e+17
23790.0	1.1804443330409966e+17
23800.0	1.1951915151121267e+17
23810.0	1.1427937511230842e+17
23820.0	1.1720534165253758e+17
23830.0	1.0345696705573653e+17
23840.0	1.0335890356209216e+17
23850.0	1.115433213595892e+17
23860.0	1.0836959760727083e+17
23870.0	1.079068992604315e+17
23880.0	1.0842731844562933e+17
23890.0	1.0877312419879131e+17
23900.0	1.1408238881246886e+17
23910.0	1.1352376970892258e+17
23920.0	1.0833802073296021e+17
23930.0	1.0974314486734574e+17
23940.0	1.1697757843954944e+17
23950.0	1.0861494959777792e+17
23960.0	1.1270095789906091e+17
23970.0	1.1174939611170139e+17
23980.0	1.083360301211083e+17
23990.0	1.1117146404190402e+17
24000.0	1.0973937543249957e+17
24010.0	1.1017158935535818e+17
24020.0	1.1086952815547546e+17
24030.0	1.0825626690184504e+17
24040.0	1.0859567863801589e+17
24050.0	1.098593754843669e+17
24060.0	1.0725363819430045e+17
24070.0	1.0759019798070077e+17
24080.0	1.063528738726146e+17
24090.0	1.0746080246550544e+17
24100.0	1.0480957292083766e+17
24110.0	1.0865281411409162e+17
24120.0	1.0864515963951966e+17
24130.0	1.0639332041313096e+17
24140.0	9.673493077189517e+16
24150.0	1.0337806536743365e+17
24160.0	1.030494059498402e+17
24170.0	9.954541475810821e+16
24180.0	1.0127626132547677e+17
24190.0	1.1045640271442422e+17
24200.0	9.924426846104048e+16
24210.0	1.0612437259098051e+17
24220.0	9.773956227396717e+16
24230.0	1.0285375600020925e+17
24240.0	1.0712317141473824e+17
24250.0	1.02533615832632e+17
24260.0	9.993593277172117e+16
24270.0	1.0095225691301374e+17
24280.0	9.943609487749483e+16
24290.0	1.0327934147888082e+17
24300.0	1.0215248002349917e+17
24310.0	1.0066083324125466e+17
24320.0	1.0225721900943075e+17
24330.0	1.0313618762758029e+17
24340.0	9.761732836827701e+16
24350.0	9.944955646095771e+16
24360.0	1.0333218200371925e+17
24370.0	9.25521341598696e+16
24380.0	9.842370411522821e+16
24390.0	1.0552298103048042e+17
24400.0	9.8805507534207e+16
24410.0	9.97499190384447e+16
24420.0	9.789742539322147e+16
24430.0	9.684911169562333e+16
24440.0	9.429189480433258e+16
24450.0	9.810848029378619e+16
24460.0	9.714492316696176e+16
24470.0	9.927594549061707e+16
24480.0	9.023484956359566e+16
24490.0	9.488776656116797e+16
24500.0	9.620730633236661e+16
24510.0	9.783682478712414e+16
24520.0	9.102405907020893e+16
24530.0	9.192312383220149e+16
24540.0	8.98114444956037e+16
24550.0	9.088139142795066e+16
24560.0	9.577983534837694e+16
24570.0	9.750018027164493e+16
24580.0	9.747758711319144e+16
24590.0	9.674813790249848e+16
24600.0	9.26087073485789e+16
24610.0	7.992507180281982e+16
24620.0	9.50303336133797e+16
24630.0	9.403162734888059e+16
24640.0	9.87843002557396e+16
24650.0	9.287934727496213e+16
24660.0	9.2789257627412e+16
24670.0	9.476891252700741e+16
24680.0	8.377608800150962e+16
24690.0	9.470161853714195e+16
24700.0	9.243031107631461e+16
24710.0	9.2905049151469e+16
24720.0	9.046906671663307e+16
24730.0	9.325114046943536e+16
24740.0	8.505540473140672e+16
24750.0	8.565021150502198e+16
24760.0	8.516752642094544e+16
24770.0	9.516454088748776e+16
24780.0	9.585846725528853e+16
24790.0	8.284569104880813e+16
24800.0	8.828553243197386e+16
24810.0	8.634842473606859e+16
24820.0	8.358053231410218e+16
24830.0	8.563642869266526e+16
24840.0	9.456926544467203e+16
24850.0	9.347874145538539e+16
24860.0	9.08629238150095e+16
24870.0	8.196602073381781e+16
24880.0	8.478917482102046e+16
24890.0	8.630278024364371e+16
24900.0	8.439903813491747e+16
24910.0	8.293847613405294e+16
24920.0	8.580535862111784e+16
24930.0	8.800024755327542e+16
24940.0	9.242275134506035e+16
24950.0	8.745800403773672e+16
24960.0	8.597850253508293e+16
24970.0	9.000882077337629e+16
24980.0	7.972332274785674e+16
24990.0	8.614660356821618e+16
25000.0	8.60801821277994e+16
25010.0	8.40148219670856e+16
25020.0	8.959823254468762e+16
25030.0	8.429050541065214e+16
25040.0	8.238066723173286e+16
25050.0	8.158386008171458e+16
25060.0	7.648777802951995e+16
25070.0	8.193284803578741e+16
25080.0	8.449864250216349e+16
25090.0	8.836882469244323e+16
25100.0	8.962520682399666e+16
25110.0	8.23299293288673e+16
25120.0	8.285613603750357e+16
25130.0	8.067465886910379e+16
25140.0	8.206023195308907e+16
25150.0	7.583001736456821e+16
25160.0	8.2247712494703e+16
25170.0	8.827801757876258e+16
25180.0	8.350580137870267e+16
25190.0	8.393667481469198e+16
25200.0	7.977245903644589e+16
25210.0	8.236226159235488e+16
25220.0	8.257537925709126e+16
25230.0	8.555727333519027e+16
25240.0	7.631040124739398e+16
25250.0	7.927255270344984e+16
25260.0	7.75461639754074e+16
25270.0	8.337455322483797e+16
25280.0	7.378349385080362e+16
25290.0	7.905943254009472e+16
25300.0	8.334422981570395e+16
25310.0	8.530555540225958e+16
25320.0	8.309569691491402e+16
25330.0	7.688305127639077e+16
25340.0	8.399696297705813e+16
25350.0	7.827732961218752e+16
25360.0	7.323343908632877e+16
25370.0	7.866009617954315e+16
25380.0	8.101741029626003e+16
25390.0	7.707793020450262e+16
25400.0	7.886263863148766e+16
25410.0	7.855962922282398e+16
25420.0	8.095915426987696e+16
25430.0	7.531385571713054e+16
25440.0	7.343227226477339e+16
25450.0	8.436005362538552e+16
25460.0	8.061752306588869e+16
25470.0	7.705984777441918e+16
25480.0	7.903881190568523e+16
25490.0	7.614419908711515e+16
25500.0	7.807262167731933e+16
25510.0	7.92151682977495e+16
25520.0	7.821556276387837e+16
25530.0	7.410897750152597e+16
25540.0	8.424568093560509e+16
25550.0	7.6688446302584e+16
25560.0	7.68862577738852e+16
25570.0	7.860526820602741e+16
25580.0	7.744200315585526e+16
25590.0	8.130752526862766e+16
25600.0	7.709297101023019e+16
25610.0	6.996069134349476e+16
25620.0	8.134972695172107e+16
25630.0	7.395503216465408e+16
25640.0	7.596509432401763e+16
25650.0	7.600664322094387e+16
25660.0	7.7659607070035e+16
25670.0	7.391796100289659e+16
25680.0	8.045223045678632e+16
25690.0	7.505340824512712e+16
25700.0	7.360418645326067e+16
25710.0	8.501708257987683e+16
25720.0	8.058271115757915e+16
25730.0	7.829256913095405e+16
25740.0	7.462969801394557e+16
25750.0	7.469536314743427e+16
25760.0	7.462056310317974e+16
25770.0	7.109650569775508e+16
25780.0	7.093445096197173e+16
25790.0	7.695353851209997e+16
25800.0	8.071402086958166e+16
25810.0	7.661816206473195e+16
25820.0	7.612057535016758e+16
25830.0	7.249328105128498e+16
25840.0	7.833561457410283e+16
25850.0	7.38441266313076e+16
25860.0	8.24524409727821e+16
25870.0	7.51596308088326e+16
25880.0	7.311095056017331e+16
25890.0	7.469713235921624e+16
25900.0	7.586817723930957e+16
25910.0	7.457448235771202e+16
25920.0	7.96286975676595e+16
25930.0	7.199046126149807e+16
25940.0	7.702889027459154e+16
25950.0	7.294157837333765e+16
25960.0	7.590104887108216e+16
25970.0	7.52634530314478e+16
25980.0	6.9566460621132456e+16
25990.0	7.5079946843549e+16
