# Flux units: erg / (cm m2 s)
# Wavelength units: micron
wave	flux
0.7000000000000002	9566427149490.031
0.7010000000000002	10263362489123.51
0.7020000000000002	10709561283646.654
0.7030000000000002	10997476138993.01
0.7040000000000002	11507582879906.377
0.7050000000000002	11503578209715.137
0.7060000000000002	11853154345692.893
0.7070000000000002	11862185463838.115
0.7080000000000002	11889502241823.467
0.7090000000000001	11722206641637.512
0.7100000000000001	11258364277239.682
0.7110000000000001	12096265028698.121
0.7120000000000001	12560700157290.371
0.7130000000000001	12185421423760.4
0.7140000000000001	12347541414457.236
0.7150000000000001	12506911178157.398
0.7160000000000001	12299279265042.373
0.7170000000000001	11289054442133.375
0.7180000000000001	11649349309695.414
0.7190000000000001	11425138736701.514
0.7200000000000001	10794384667394.49
0.7210000000000001	11048484770024.182
0.7220000000000001	10563940749903.602
0.7230000000000001	10644758478752.48
0.7240000000000001	10225605413722.734
0.7250000000000001	9957301088562.32
0.7260000000000001	9493000569046.219
0.7270000000000001	9163513296263.213
0.7280000000000001	8719578829946.065
0.7290000000000001	8521837899055.678
0.7300000000000001	8220821454767.486
0.7310000000000001	7866474858767.322
0.7320000000000001	7484997877650.212
0.7330000000000001	7132343341908.86
0.7340000000000001	6606652162573.362
0.7350000000000001	6424340303671.834
0.7360000000000001	6133485879345.915
0.7370000000000001	5817878419483.519
0.7380000000000001	5735655450724.312
0.7390000000000001	5450198193147.852
0.7400000000000001	4649255909179.461
0.7410000000000001	4503333526290.251
0.7420000000000001	4352637374694.108
0.7430000000000001	4420172572877.743
0.7440000000000001	3994077468003.4507
0.7450000000000001	3443467726895.0884
0.7460000000000001	3372149236348.5376
0.7470000000000001	3688943812188.176
0.7480000000000001	3244072162597.2383
0.7490000000000001	2453893154771.584
0.7500000000000001	2469336614904.9014
0.7510000000000001	2636832334183.102
0.7520000000000001	2004651445821.097
0.7530000000000001	1803173048000.3179
0.7540000000000001	1874419157381.2078
0.7550000000000001	1464374003682.5469
0.7560000000000001	1292746854896.154
0.7570000000000001	1133933317878.0786
0.7580000000000001	996681152217.4535
0.7590000000000001	895797237115.103
0.7600000000000001	850924571292.7524
0.7610000000000001	674992355876.4125
0.7620000000000001	554486542234.3762
0.7630000000000001	411013422883.584
0.7640000000000001	214448032580.99844
0.7650000000000001	89617653480.76535
0.7660000000000001	22816200169.83338
0.7670000000000001	10259667315.728333
0.7680000000000001	50964445363.082855
0.7690000000000001	55889371954.83708
0.7700000000000001	14457446264.476717
0.7710000000000001	64392186064.652275
0.7720000000000001	122733124552.64761
0.7730000000000001	191969627886.7713
0.7740000000000001	379861485144.49725
0.7750000000000001	652630171389.1681
0.7760000000000001	1025278089193.5182
0.7770000000000001	1365158653709.5828
0.7780000000000001	1663129458848.1274
0.7790000000000001	1929980402731.606
0.7800000000000001	1051690279560.1656
0.7810000000000001	2353787757031.91
0.7820000000000001	3260186785750.479
0.7830000000000001	3890638221033.1143
0.7840000000000001	4534368781216.812
0.7850000000000001	5319918494950.65
0.7860000000000001	5968781725543.4375
0.7870000000000001	6745321435517.952
0.7880000000000001	7739767808689.624
0.7890000000000001	8717027747792.91
0.7900000000000001	9810440186671.846
0.7910000000000001	11064349128220.818
0.7920000000000001	12381840929446.846
0.7930000000000001	13511352213068.27
0.7940000000000002	13393696916546.021
0.7950000000000002	5566947308525.46
0.7960000000000002	16478764215853.598
0.7970000000000002	20055960829937.418
0.7980000000000002	22649976290228.27
0.7990000000000002	24903791851527.863
0.8000000000000002	27219654459876.934
0.8010000000000002	29768830401536.2
0.8020000000000002	32472314988204.066
0.8030000000000002	35302331961936.25
0.8040000000000002	38120920771941.91
0.8050000000000002	40985224685733.25
0.8060000000000002	43869739442272.19
0.8070000000000002	46797513920699.83
0.8080000000000002	50443467416065.43
0.8090000000000002	53757041541942.19
0.8100000000000002	57204600193949.375
0.8110000000000002	60991007340610.836
0.8120000000000002	64118893820138.16
0.8130000000000002	68704352004339.8
0.8140000000000002	71724670710215.31
0.8150000000000002	77794628296856.55
0.8160000000000002	82517413231979.31
0.8170000000000002	88036411168312.66
0.8180000000000002	94486806322041.16
0.8190000000000002	100376665003925.05
0.8200000000000002	102968035491818.77
0.8210000000000002	113965546814219.05
0.8220000000000002	120681925639469.06
0.8230000000000002	117951251596310.81
0.8240000000000002	131404138007773.61
0.8250000000000002	141418004298470.9
0.8260000000000002	149277844585064.1
0.8270000000000002	158538616612120.12
0.8280000000000002	165441951176056.5
0.8290000000000002	174232716366280.94
0.8300000000000002	179996200600892.7
0.8310000000000002	190294778213038.97
0.8320000000000002	198654218876109.78
0.8330000000000002	209936906097540.16
0.8340000000000002	217882443286031.8
0.8350000000000002	232386251862980.94
0.8360000000000002	236176264987003.7
0.8370000000000002	253840135055543.06
0.8380000000000002	264228010194363.44
0.8390000000000002	278319247464945.0
0.8400000000000002	290949434599962.7
0.8410000000000002	300796943623757.44
0.8420000000000002	316354879595219.5
0.8430000000000002	336340393183435.9
0.8440000000000002	348032818874620.4
0.8450000000000002	364737458502837.06
0.8460000000000002	377359161059811.9
0.8470000000000002	390694620940499.8
0.8480000000000002	409794853800058.75
0.8490000000000002	422270744886693.2
0.8500000000000002	430835803956812.5
0.8510000000000002	432913320033130.94
0.8520000000000002	217878074016171.72
0.8530000000000002	350548838954499.44
0.8540000000000002	481833763263890.94
0.8550000000000002	519921763386750.94
0.8560000000000002	547402654898989.7
0.8570000000000002	565669588987629.0
0.8580000000000002	594843356760697.2
0.8590000000000002	600672992453747.1
0.8600000000000002	616200003066400.5
0.8610000000000002	611223676307196.5
0.8620000000000002	562398641837398.0
0.8630000000000002	555386581347371.25
0.8640000000000002	568975519043045.1
0.8650000000000002	615993580532445.5
0.8660000000000002	668066662742048.0
0.8670000000000001	684555409557795.8
0.8680000000000001	695959426783127.4
0.8690000000000001	737191992704496.5
0.8700000000000001	722778664726496.6
0.8710000000000001	728824406667393.6
0.8720000000000001	775939680591283.8
0.8730000000000001	799948474728906.4
0.8740000000000001	831009038602741.5
0.8750000000000001	849820975017868.5
0.8760000000000001	909566212174160.2
0.8770000000000001	913545112151192.5
0.8780000000000001	969602067026394.2
0.8790000000000001	971592437903613.8
0.8800000000000001	1061172487501261.6
0.8810000000000001	1039538268220197.8
0.8820000000000001	1120304112235304.0
0.8830000000000001	1125813421861299.2
0.8840000000000001	1223842467336017.0
0.8850000000000001	1190735581547485.5
0.8860000000000001	1283757703549688.5
0.8870000000000001	1308920164536611.2
0.8880000000000001	1412001587581672.0
0.8890000000000001	1390263282207900.2
0.8900000000000001	1380268179466763.2
0.8910000000000001	1420783764807125.5
0.8920000000000001	1373913137566589.2
0.8930000000000001	1296170365804416.2
0.8940000000000001	979834481865636.0
0.8950000000000001	718760994012086.4
0.8960000000000001	1521918275878171.2
0.8970000000000001	1446281633124154.0
0.8980000000000001	1626286603411151.2
0.8990000000000001	1618326478832536.0
0.9000000000000001	1700481108031959.2
0.9010000000000001	1800766904741654.0
0.9020000000000001	1900548544717079.0
0.9030000000000001	1846731802133021.2
0.9040000000000001	2082011673990801.8
0.9050000000000001	2059342577960399.8
0.9060000000000001	2055830397854280.2
0.9070000000000001	2137856313728351.2
0.9080000000000001	2089573728736947.0
0.9090000000000001	2195687996115073.0
0.9100000000000001	2216154765189608.0
0.9110000000000001	2180639395600412.5
0.9120000000000001	2351780566617948.5
0.9130000000000001	2196019343865668.2
0.9140000000000001	2326236583681821.0
0.9150000000000001	2373281024140814.5
0.9160000000000001	2279375456230130.0
0.9170000000000001	2410334338588011.0
0.9180000000000001	2394750105287336.5
0.9190000000000002	2449240375549795.0
0.9200000000000002	2532556323329090.5
0.9210000000000002	2672810540007273.0
0.9220000000000002	2596465906154630.5
0.9230000000000002	2760715660928321.0
0.9240000000000002	2586748942052194.5
0.9250000000000002	2649631919101047.5
0.9260000000000002	2453671960979790.5
0.9270000000000002	2181984710773796.0
0.9280000000000002	1135659710991717.5
0.9290000000000002	1513082339028486.0
0.9300000000000002	1541601564487495.2
0.9310000000000002	1897613069605081.8
0.9320000000000002	1778508889401906.0
0.9330000000000002	1790019085691402.8
0.9340000000000002	1711287244757095.0
0.9350000000000002	1876502392113536.8
0.9360000000000002	1889635316915527.8
0.9370000000000002	2072443806544707.0
0.9380000000000002	2164100509376137.2
0.9390000000000002	2256728424733794.0
0.9400000000000002	2637678161275724.0
0.9410000000000002	2462763820519625.0
0.9420000000000002	2516435101128994.0
0.9430000000000002	2500739728559091.0
0.9440000000000002	2606650678905607.5
0.9450000000000002	2747415511350247.5
0.9460000000000002	2358883072405888.5
0.9470000000000002	2805497874293081.0
0.9480000000000002	2371508897932276.0
0.9490000000000002	2990384460858401.5
0.9500000000000002	2150379092970075.8
0.9510000000000002	2770396174865620.5
0.9520000000000002	2441832825779598.0
0.9530000000000002	3001289830492040.0
0.9540000000000002	2938927842954097.5
0.9550000000000002	2795060674796952.0
0.9560000000000002	2461707820842650.5
0.9570000000000002	2408332155080783.5
0.9580000000000002	2844124132592160.5
0.9590000000000002	2652744229226137.5
0.9600000000000002	2715989002116217.5
0.9610000000000002	2742672497316136.5
0.9620000000000002	2745141557159235.5
0.9630000000000002	3127472858438317.5
0.9640000000000002	2475955973010861.5
0.9650000000000002	3169310827668782.5
0.9660000000000002	3294865900170484.0
0.9670000000000002	2677166033581838.5
0.9680000000000002	3407629434598946.5
0.9690000000000002	3259313365133825.0
0.9700000000000002	3298082423392870.5
0.9710000000000002	3425416131591064.5
0.9720000000000002	3365861461934468.0
0.9730000000000002	3189471644504864.5
0.9740000000000002	3424745272389346.0
0.9750000000000002	3631796828051202.5
0.9760000000000002	3230698401647956.5
0.9770000000000002	3806060599563830.0
0.9780000000000002	3637515873901635.0
0.9790000000000002	3580201928130474.0
0.9800000000000002	3811296155147907.5
0.9810000000000002	3974936139949384.0
0.9820000000000002	3601964148953682.5
0.9830000000000002	3832448415781375.0
0.9840000000000002	4018920581539409.5
0.9850000000000002	3755337675321143.0
0.9860000000000002	4155871924816641.5
0.9870000000000002	4136098605209854.0
0.9880000000000002	4187496994925396.5
0.9890000000000002	4430003428333631.5
0.9900000000000002	4309955707291380.0
0.9910000000000002	4595522074515264.0
0.9920000000000002	4392261643910812.0
0.9930000000000002	4548347678060961.0
0.9940000000000002	4531695322357782.0
0.9950000000000002	4850421449893580.0
0.9960000000000002	4613650368607316.0
0.9970000000000002	4490984025573042.0
0.9980000000000002	4308610385022119.5
0.9990000000000002	4026008220566812.5
1.0000000000000002	4210097579839318.0
1.0010000000000001	4158642190578375.5
1.0020000000000002	3993517964805105.5
1.0030000000000001	4117610010612180.0
1.0040000000000002	4471265487177269.0
1.0050000000000001	4706780013480080.0
1.0060000000000002	4421704187201549.5
1.0070000000000001	4757047658614909.0
1.0080000000000002	4562451580824788.0
1.0090000000000001	4774312848183158.0
1.0100000000000002	5164514333089796.0
1.0110000000000001	4929869288269653.0
1.0120000000000002	5108400478812430.0
1.0130000000000001	5249070611036672.0
1.0140000000000002	5307033900214765.0
1.0150000000000001	5342283677254919.0
1.0160000000000002	5517408465557083.0
1.0170000000000001	5406909327081335.0
1.0180000000000002	5615318643288796.0
1.0190000000000001	5627033563351845.0
1.0200000000000002	5611803225134023.0
1.0210000000000001	5723406347952976.0
1.0220000000000002	5741190826363011.0
1.0230000000000001	5770554707284958.0
1.0240000000000002	6012902590137243.0
1.0250000000000001	5845506670337620.0
1.0260000000000002	5932569773456701.0
1.0270000000000001	5987150191195159.0
1.0280000000000002	6183407734259938.0
1.0290000000000001	6081242952621289.0
1.0300000000000002	6155091595391449.0
1.0310000000000001	6171475954402936.0
1.0320000000000003	6285548617307804.0
1.0330000000000001	6243099154460092.0
1.0340000000000003	6308799115393527.0
1.0350000000000001	6329602355838640.0
1.0360000000000003	6358240093123179.0
1.0370000000000001	6377162827568395.0
1.0380000000000003	6496894212676128.0
1.0390000000000001	6395861759242440.0
1.0400000000000003	6495970184644436.0
1.0410000000000001	6532880373308652.0
1.0420000000000003	6601820465006627.0
1.0430000000000001	6687352245398725.0
1.0440000000000003	6590076985507171.0
1.0450000000000002	6597359735962113.0
1.0460000000000003	6669101972005617.0
1.0470000000000002	6808594671882475.0
1.0480000000000003	6815393910615520.0
1.0490000000000002	6888838127017607.0
1.0500000000000003	6919205673177870.0
1.0510000000000002	6956279544071885.0
1.0520000000000003	7017509776158662.0
1.0530000000000002	7037467622750553.0
1.0540000000000003	7068786167966297.0
1.0550000000000002	7148556866758016.0
1.0560000000000003	7192805679128192.0
1.0570000000000002	7197031172190328.0
1.0580000000000003	7153537658160374.0
1.0590000000000002	7267763505677739.0
1.0600000000000003	7182113229759919.0
1.0610000000000002	7282766643842222.0
1.0620000000000003	7324287114438878.0
1.0630000000000002	7230364340536024.0
1.0640000000000003	7343627217645575.0
1.0650000000000002	7200297270246525.0
1.0660000000000003	7357316126118264.0
1.0670000000000002	7332546215148027.0
1.0680000000000003	7251031032192929.0
1.0690000000000002	7224198119034023.0
1.0700000000000003	7271524084523452.0
1.0710000000000002	7301101654449827.0
1.0720000000000003	7205358197320318.0
1.0730000000000002	7275390916922693.0
1.0740000000000003	7383333977020089.0
1.0750000000000002	7143347500007896.0
1.0760000000000003	7333767374149883.0
1.0770000000000002	7190930514461109.0
1.0780000000000003	7174576903936650.0
1.0790000000000002	7332664382662802.0
1.0800000000000003	7222742695029518.0
1.0810000000000002	7252778819253235.0
1.0820000000000003	7266573140695458.0
1.0830000000000002	7296655240903333.0
1.0840000000000003	7144116531968288.0
1.0850000000000002	7335504254272497.0
1.0860000000000003	7175851261025706.0
1.0870000000000002	6963237311850225.0
1.0880000000000003	7118706324877152.0
1.0890000000000002	7028613829174284.0
1.0900000000000003	6553277764740895.0
1.0910000000000002	6802557991802174.0
1.0920000000000003	6511876356964028.0
1.0930000000000002	5930527627786405.0
1.0940000000000003	6006299868195370.0
1.0950000000000002	5559451057967524.0
1.0960000000000003	5147973249390529.0
1.0970000000000002	5832552849741387.0
1.0980000000000003	5522498174458489.0
1.0990000000000002	5298162430047240.0
1.1000000000000003	5043807550149735.0
1.1010000000000002	4684212343636373.0
1.1020000000000003	5235161512496097.0
1.1030000000000002	4352892817941818.0
1.104	4741414312685077.0
1.1050000000000002	4982898248160216.0
1.106	3834394265521800.5
1.1070000000000002	4834784194403979.0
1.108	4037872685283632.5
1.1090000000000002	4689855016030024.0
1.11	3832892247523039.0
1.1110000000000002	3211708286862866.0
1.112	4039644516073878.0
1.1130000000000002	3391737505763294.5
1.114	3278286486855435.5
1.1150000000000002	3612205946272258.5
1.116	3820007105206416.5
1.1170000000000002	2174055276592777.2
1.118	3881987149272006.5
1.1190000000000002	3424747455416347.5
1.12	2431247290931656.0
1.1210000000000002	3825090852004899.5
1.122	2910849876511600.5
1.1230000000000002	2661819032045586.5
1.124	2628098866616973.0
1.1250000000000002	3323778401358641.5
1.1260000000000001	3019422448123909.5
1.1270000000000002	3740400472520644.5
1.1280000000000001	3090977583939930.0
1.1290000000000002	3304239474242874.5
1.1300000000000001	2721993035811826.5
1.1310000000000002	3340469673766112.0
1.1320000000000001	3336009208662598.5
1.1330000000000002	2970575229020785.0
1.1340000000000001	1750111023984562.2
1.1350000000000002	743454814904530.9
1.1360000000000001	2099995175753690.5
1.1370000000000002	2333291120407263.0
1.1380000000000001	3276675275377568.5
1.1390000000000002	3652906704076191.0
1.1400000000000001	3682871794373128.5
1.1410000000000002	3673793051570722.0
1.1420000000000001	3844654579553196.5
1.1430000000000002	3222604469314812.0
1.1440000000000001	2007362113001912.2
1.1450000000000002	3468678533151142.5
1.1460000000000001	3616196552416877.5
1.1470000000000002	3346697819699733.5
1.1480000000000001	3269049297552309.0
1.1490000000000002	3582915727860395.5
1.1500000000000001	2685670108126003.0
1.1510000000000002	2925179928679521.5
1.1520000000000001	2700474954224670.0
1.1530000000000002	2124981194482364.0
1.1540000000000001	1811456309731219.8
1.1550000000000002	2430039440109704.0
1.1560000000000001	2108082127669404.5
1.1570000000000003	1770098375745826.8
1.1580000000000001	2485228634547871.0
1.1590000000000003	3496270438936423.0
1.1600000000000001	2462343592460850.0
1.1610000000000003	2692853568009138.0
1.1620000000000001	1634415747039394.2
1.1630000000000003	2047516674734828.0
1.1640000000000001	1912398612695511.0
1.1650000000000003	1947666480266140.8
1.1660000000000001	2164160771465245.8
1.1670000000000003	2322988490723663.0
1.1680000000000001	2671422982661528.5
1.1690000000000003	1791796564417926.8
1.1700000000000002	2210257604365278.0
1.1710000000000003	3295081481754476.0
1.1720000000000002	3152165750189465.5
1.1730000000000003	3208907928410685.0
1.1740000000000002	2910783124445276.5
1.1750000000000003	3302911607653981.5
1.1760000000000002	2982735848334753.0
1.1770000000000003	2742070792271698.5
1.1780000000000002	2010857017597134.0
1.1790000000000003	4051515917979776.5
1.1800000000000002	3952846872084592.5
1.1810000000000003	4342776689710307.5
1.1820000000000002	3996212808224217.5
1.1830000000000003	4638713065828431.0
1.1840000000000002	4207132090704324.5
1.1850000000000003	4870042109300160.0
1.1860000000000002	4626018906161123.0
1.1870000000000003	4944978283440262.0
1.1880000000000002	4463863949068248.0
1.1890000000000003	4518632283288701.0
1.1900000000000002	5283475703535744.0
1.1910000000000003	5406649262791668.0
1.1920000000000002	5367230664388924.0
1.1930000000000003	6371757663172407.0
1.1940000000000002	5721085522519700.0
1.1950000000000003	6061266828467393.0
1.1960000000000002	6379092092657093.0
1.1970000000000003	6610092217606648.0
1.1980000000000002	6767009269135251.0
1.1990000000000003	6138040294998725.0
1.2000000000000002	6954674925452749.0
1.2010000000000003	7072589795789653.0
1.2020000000000002	6947736572342270.0
1.2030000000000003	6652572828450090.0
1.2040000000000002	7054766039238554.0
1.2050000000000003	7451583438566792.0
1.2060000000000002	8037098999104034.0
1.2070000000000003	7040611026662228.0
1.2080000000000002	7267877548513035.0
1.2090000000000003	7666028508233155.0
1.2100000000000002	8213449511374028.0
1.2110000000000003	7654270870422893.0
1.2120000000000002	7853439448080135.0
1.2130000000000003	7700830809192233.0
1.2140000000000002	8232218464675239.0
1.2150000000000003	7988034416783863.0
1.2160000000000002	8387825839931562.0
1.2170000000000003	8286874235912901.0
1.2180000000000002	8230366493560445.0
1.2190000000000003	8513147102101198.0
1.2200000000000002	8574349451461801.0
1.2210000000000003	8465544088376318.0
1.2220000000000002	8578126226267250.0
1.2230000000000003	8573693435889825.0
1.2240000000000002	8662036566173887.0
1.2250000000000003	8421377921993284.0
1.2260000000000002	8882329231910385.0
1.2270000000000003	8952571765239323.0
1.2280000000000002	8890154047199825.0
1.2290000000000003	8740926333987810.0
1.2300000000000002	8897853082714073.0
1.2310000000000003	9045222720786628.0
1.2320000000000002	9116175528644834.0
1.2330000000000003	8877475653838368.0
1.2340000000000002	9088536094424614.0
1.2350000000000003	9253744284671194.0
1.2360000000000002	9268919559456212.0
1.2370000000000003	8957946455710227.0
1.2380000000000002	9409521836076508.0
1.2390000000000003	9488941179305292.0
1.2400000000000002	9454249915588820.0
1.2410000000000003	9351508535327128.0
1.2420000000000002	9539526067942132.0
1.2430000000000003	9245464615723752.0
1.2440000000000002	8428387469698769.0
1.2450000000000003	9792711324870638.0
1.2460000000000002	9564473600562706.0
1.2470000000000003	9724489109906284.0
1.2480000000000002	9580070566463148.0
1.2490000000000003	9634589492100758.0
1.2500000000000002	9755373193825966.0
1.2510000000000003	9776769357602686.0
1.2520000000000002	9133424682740662.0
1.2530000000000003	8390476966197368.0
1.2540000000000002	9613095766593354.0
1.2550000000000003	9697971458187272.0
1.2560000000000002	9983674404626758.0
1.2570000000000003	9884302263904868.0
1.2580000000000002	9606599012173510.0
1.2590000000000003	9706635389423050.0
1.2600000000000002	9773874683508708.0
1.2610000000000001	9808803714243914.0
1.2620000000000002	9784582193619506.0
1.2630000000000001	9808669248044426.0
1.2640000000000002	9484257281633034.0
1.2650000000000001	9894864789998196.0
1.2660000000000002	9612829776600050.0
1.2670000000000001	9618241755947428.0
1.2680000000000002	9676730066061582.0
1.2690000000000001	9623907962568506.0
1.2700000000000002	9867045234121792.0
1.2710000000000001	9673557068205870.0
1.2720000000000002	9469735084069756.0
1.2730000000000001	9355337365804626.0
1.2740000000000002	9147041421352284.0
1.2750000000000001	9925626974748344.0
1.2760000000000002	9405512685470780.0
1.2770000000000001	9451741778904546.0
1.2780000000000002	9743981288781640.0
1.2790000000000001	9310983273635550.0
1.2800000000000002	8762591543581191.0
1.2810000000000001	9541599038166286.0
1.2820000000000003	9794071663272196.0
1.2830000000000001	8597261646608433.0
1.2840000000000003	9521240813729860.0
1.2850000000000001	9076653173840126.0
1.2860000000000003	9054586054830676.0
1.2870000000000001	8896808073335538.0
1.2880000000000003	8858494920977365.0
1.2890000000000001	8703695870533776.0
1.2900000000000003	9399863541029794.0
1.2910000000000001	9249152770510272.0
1.2920000000000003	7792256676749563.0
1.2930000000000001	8886048908283637.0
1.2940000000000003	9375434230870648.0
1.2950000000000002	8725254103003421.0
1.2960000000000003	8216844929490999.0
1.2970000000000002	8122561083917029.0
1.2980000000000003	9822746684482386.0
1.2990000000000002	9179155825222972.0
1.3000000000000003	8624904035590358.0
1.3010000000000002	7878136747260101.0
1.3020000000000003	8871413562491443.0
1.3030000000000002	8509825805312501.0
1.3040000000000003	8376434146595078.0
1.3050000000000002	9163162414414732.0
1.3060000000000003	9004409274165600.0
1.3070000000000002	7527819215273867.0
1.3080000000000003	8821952157741807.0
1.3090000000000002	8561814230307227.0
1.3100000000000003	7715302501306623.0
1.3110000000000002	8089992655407703.0
1.3120000000000003	8140222055250306.0
1.3130000000000002	7607640273093058.0
1.3140000000000003	7872410396627713.0
1.3150000000000002	7455668090515899.0
1.3160000000000003	7959667272497752.0
1.3170000000000002	7981624069763729.0
1.3180000000000003	7716698435162117.0
1.3190000000000002	7007848900429177.0
1.3200000000000003	7951920195438999.0
1.3210000000000002	8520708816498114.0
1.3220000000000003	7627597352046239.0
1.3230000000000002	7731200081939970.0
1.3240000000000003	7113943021032861.0
1.3250000000000002	5913001461132347.0
1.3260000000000003	7560892340004239.0
1.3270000000000002	6585704165753097.0
1.3280000000000003	6886094337872466.0
1.3290000000000002	5739442417887618.0
1.3300000000000003	3885004594733292.5
1.3310000000000002	1937836481462100.8
1.3320000000000003	1168860075432472.0
1.3330000000000002	2617592557128871.0
1.3340000000000003	2824074256327066.0
1.3350000000000002	1198576117827149.2
1.3360000000000003	1483587845558184.2
1.3370000000000002	882096563314746.6
1.3380000000000003	733276334877382.9
1.3390000000000002	932114794974964.9
1.3400000000000003	1576768152082960.0
1.3410000000000002	1281141349754005.2
1.3420000000000003	551698051813651.6
1.3430000000000002	526408396000756.75
1.3440000000000003	773412690301384.0
1.3450000000000002	474169949382718.9
1.3460000000000003	686039308771144.8
1.3470000000000002	428849412287390.5
1.3480000000000003	199068544473899.62
1.3490000000000002	599601614786117.5
1.3500000000000003	559262265923875.56
1.3510000000000002	386738845221989.3
1.3520000000000003	316808897794060.2
1.3530000000000002	583236635769810.0
1.3540000000000003	187150091644147.0
1.3550000000000002	207388969033788.4
1.3560000000000003	436921536821125.6
1.3570000000000002	244526073640750.25
1.3580000000000003	267665308023749.3
1.3590000000000002	255436345802293.94
1.3600000000000003	432338433513716.8
1.3610000000000002	306683375700855.3
1.3620000000000003	119119789852611.6
1.3630000000000002	567619331471455.6
1.3640000000000003	462149469324472.06
1.3650000000000002	244474211971691.2
1.3660000000000003	710005904183819.2
1.3670000000000002	582640238810876.1
1.3680000000000003	461334295382733.7
1.3690000000000002	432590109315899.75
1.3700000000000003	403111889284590.7
1.3710000000000002	319694243979613.6
1.3720000000000003	311336629677043.44
1.3730000000000002	363056620875713.2
1.3740000000000003	326152031205179.5
1.3750000000000002	469706167671529.2
1.3760000000000003	660656019838567.9
1.3770000000000002	412783263629207.7
1.3780000000000003	690776129866737.6
1.3790000000000002	416416975981812.06
1.3800000000000003	579384085086393.0
1.3810000000000002	354608928691096.7
1.3820000000000003	748499654831583.1
1.3830000000000002	264789503832566.66
1.3840000000000003	637528320659026.4
1.3850000000000002	361711837711482.5
1.3860000000000003	376542423936307.8
1.3870000000000002	739823393056139.1
1.3880000000000003	302428658004277.6
1.3890000000000002	964924448102738.2
1.3900000000000003	574095463475251.2
1.3910000000000002	402633177181340.8
1.3920000000000003	329422362400677.25
1.3930000000000002	704937596090417.4
1.3940000000000003	528027213177124.5
1.3950000000000002	362925982130186.75
1.3960000000000004	593578351629176.4
1.3970000000000002	482642697219830.0
1.3980000000000004	354505121519620.5
1.3990000000000002	501517871407998.3
1.4000000000000004	390989702426229.8
1.4010000000000002	157769961877632.47
1.4020000000000004	710026611721188.6
1.4030000000000002	485063953271787.3
1.4040000000000004	371622722812720.56
1.4050000000000002	323032540369472.6
1.4060000000000004	767138928307515.4
1.4070000000000003	284538865613755.94
1.4080000000000004	356594915543458.75
1.4090000000000003	232613169762361.28
1.4100000000000004	281905932953694.06
1.4110000000000003	546288247963144.25
1.4120000000000004	254468796029701.12
1.4130000000000003	718077901395900.4
1.4140000000000004	369344359058069.56
1.4150000000000003	359003338986869.56
1.4160000000000004	655081148726134.6
1.4170000000000003	464496139657721.44
1.4180000000000001	278056772183160.1
1.4190000000000003	278755203543746.72
1.4200000000000002	435551380616767.7
1.4210000000000003	558118149877028.25
1.4220000000000002	396782086991280.25
1.4230000000000003	327350123880017.8
1.4240000000000002	318902613526289.1
1.4250000000000003	461420032404718.8
1.4260000000000002	280256787649065.97
1.4270000000000003	499640357845399.4
1.4280000000000002	402490058834943.25
1.4290000000000003	238937683938455.25
1.4300000000000002	1006615548895083.5
1.4310000000000003	1002959777018784.2
1.4320000000000002	352937931837654.4
1.4330000000000003	525744022172322.4
1.4340000000000002	205701281617174.8
1.4350000000000003	862055081969182.5
1.4360000000000002	732650822519062.4
1.4370000000000003	556099946123743.6
1.4380000000000002	703354469565821.1
1.4390000000000003	715362051222599.4
1.4400000000000002	605795220271126.8
1.4410000000000003	610142588009292.8
1.4420000000000002	588966690668353.5
1.4430000000000003	1057897161311306.0
1.4440000000000002	1008099193397160.4
1.4450000000000003	309847344561103.9
1.4460000000000002	580863048091432.4
1.4470000000000003	542476219155121.56
1.4480000000000002	1112488167473364.0
1.4490000000000003	1513358269986887.2
1.4500000000000002	669636891500808.1
1.4510000000000003	589205295877219.0
1.4520000000000002	1709682421890107.5
1.4530000000000003	1649951656759484.0
1.4540000000000002	746917178640628.9
1.4550000000000003	1869368206416963.5
1.4560000000000002	735470150107244.1
1.4570000000000003	943336056089938.4
1.4580000000000002	1553168158141442.2
1.4590000000000003	1933790867019440.2
1.4600000000000002	1765491817977468.2
1.4610000000000003	1163620685399050.2
1.4620000000000002	955390490664713.4
1.4630000000000003	648847066608776.8
1.4640000000000002	1791332619320293.0
1.4650000000000003	1542405804535115.8
1.4660000000000002	1964664093679390.8
1.4670000000000003	1593327349954120.2
1.4680000000000002	1077228432862805.6
1.4690000000000003	903186005326562.0
1.4700000000000002	1190859548303199.0
1.4710000000000003	1285885603550215.5
1.4720000000000002	1392469266276966.2
1.4730000000000003	1956578305973142.2
1.4740000000000002	1230524121791152.8
1.4750000000000003	1259413446952868.2
1.4760000000000002	1298329427887431.2
1.4770000000000003	1417459473919069.8
1.4780000000000002	1968423546393267.5
1.4790000000000003	2223380793854057.5
1.4800000000000002	1040743336294016.4
1.4810000000000003	2167398509084295.2
1.4820000000000002	1276225312276898.2
1.4830000000000003	1439526762412898.8
1.4840000000000002	2538068848077304.5
1.4850000000000003	1640679951078925.2
1.4860000000000002	1546549703142501.2
1.4870000000000003	2463899275077994.5
1.4880000000000002	1719034973328379.2
1.4890000000000003	1926023350374921.2
1.4900000000000002	1357190905795443.2
1.4910000000000003	2921394294094845.0
1.4920000000000002	1588326922780877.8
1.4930000000000003	2300536647433696.0
1.4940000000000002	1319946107519800.8
1.4950000000000003	2198919230102429.5
1.4960000000000002	2231064362355588.8
1.4970000000000003	2181756720310397.5
1.4980000000000002	2256150266067964.0
1.4990000000000003	2708574178673318.0
1.5000000000000002	2374981140728375.0
1.5010000000000003	2488620141618368.0
1.5020000000000002	1328973986434263.8
1.5030000000000003	3347811210950734.0
1.5040000000000002	1895033460979003.8
1.5050000000000003	2624905832995576.5
1.5060000000000002	2670803202768056.0
1.5070000000000003	3092985669192568.5
1.5080000000000002	2329890167627588.5
1.5090000000000003	3310964972090613.5
1.5100000000000002	2873512872348836.0
1.5110000000000003	2407183719446854.5
1.5120000000000002	3591819067310151.5
1.5130000000000003	2349207672912904.5
1.5140000000000002	2761553218917438.0
1.5150000000000003	4566392359765877.0
1.5160000000000002	3776769484174060.0
1.5170000000000003	2954243261313215.5
1.5180000000000002	2803500032417794.0
1.5190000000000003	2869959551839332.5
1.5200000000000002	3376966833004682.0
1.5210000000000004	3979910257534744.0
1.5220000000000002	3205382616308550.0
1.5230000000000004	4520269751186249.0
1.5240000000000002	4406407523373187.0
1.5250000000000004	2982825299876318.0
1.5260000000000002	3762234461333121.5
1.5270000000000004	3580166490815494.5
1.5280000000000002	4270561689572098.5
1.5290000000000004	4922373240953563.0
1.5300000000000002	4533849919657947.0
1.5310000000000004	4160979818223969.0
1.5320000000000003	3266001558338268.5
1.5330000000000004	4033686661854172.0
1.5340000000000003	6035066984943250.0
1.5350000000000004	4741577752303443.0
1.5360000000000003	4805283401405239.0
1.5370000000000004	4229089483823728.0
1.5380000000000003	4471704988592052.0
1.5390000000000004	5895222140700193.0
1.5400000000000003	5282216218822392.0
1.5410000000000004	5020002635216227.0
1.5420000000000003	5607816713591649.0
1.5430000000000004	5353067004173023.0
1.5440000000000003	4327673721954639.5
1.5450000000000004	6166796989127351.0
1.5460000000000003	6954702089996774.0
1.5470000000000004	5978914669531582.0
1.5480000000000003	6157920333108870.0
1.5490000000000004	6010658011044285.0
1.5500000000000003	6420301949641486.0
1.5510000000000004	5512948254526742.0
1.5520000000000003	6025932169673244.0
1.5530000000000004	7072679652599580.0
1.5540000000000003	7536904062009054.0
1.5550000000000004	6842188571928281.0
1.5560000000000003	6187036128426753.0
1.5570000000000004	6245928916446965.0
1.5580000000000003	5252440663023348.0
1.5590000000000004	5656031344065465.0
1.5600000000000003	6421148004978558.0
1.5610000000000004	6355898638871291.0
1.5620000000000003	7420986177139530.0
1.5630000000000004	6778530677475640.0
1.5640000000000003	6534962535061397.0
1.5650000000000004	6123635590515795.0
1.5660000000000003	6552949036919056.0
1.5670000000000004	8057036360570706.0
1.5680000000000003	8536799248972547.0
1.5690000000000004	7062283264518250.0
1.5700000000000003	7709180551100036.0
1.5710000000000004	7936944132374632.0
1.5720000000000003	7255376762506803.0
1.5730000000000004	7555088140455745.0
1.5740000000000003	8707661777078452.0
1.5750000000000004	8345390482990029.0
1.5760000000000003	8327613530894647.0
1.5770000000000002	8222182022029434.0
1.5780000000000003	7433633902950499.0
1.5790000000000002	7131756782125071.0
1.5800000000000003	7756841681446264.0
1.5810000000000002	7229347307140816.0
1.5820000000000003	7956794501107720.0
1.5830000000000002	7827503049511142.0
1.5840000000000003	8008152441917786.0
1.5850000000000002	7912447090108346.0
1.5860000000000003	8564425362448595.0
1.5870000000000002	7685427351590308.0
1.5880000000000003	8388536954142300.0
1.5890000000000002	8333266858279037.0
1.5900000000000003	8160193660739664.0
1.5910000000000002	8618627807740056.0
1.5920000000000003	7668754573477401.0
1.5930000000000002	8215524934779309.0
1.5940000000000003	8644426447183235.0
1.5950000000000002	8350132654804672.0
1.5960000000000003	8655035218742712.0
1.5970000000000002	7663693660746266.0
1.5980000000000003	8462106644285122.0
1.5990000000000002	8217697820016627.0
1.6000000000000003	8547811909472208.0
1.6010000000000002	8592350029019026.0
1.6020000000000003	7685024959584926.0
1.6030000000000002	8335553024139019.0
1.6040000000000003	7727783868185310.0
1.6050000000000002	8448418100574023.0
1.6060000000000003	7802169027389222.0
1.6070000000000002	7915201303873158.0
1.6080000000000003	8434323595252317.0
1.6090000000000002	6994824453695227.0
1.6100000000000003	8303845441424886.0
1.6110000000000002	7404297056908402.0
1.6120000000000003	8325096822280533.0
1.6130000000000002	7090340899461455.0
1.6140000000000003	8268798318530163.0
1.6150000000000002	7378818249342668.0
1.6160000000000003	7664300357126479.0
1.6170000000000002	7226807512022126.0
1.6180000000000003	6829378322511017.0
1.6190000000000002	6560172554316948.0
1.6200000000000003	7024843285079005.0
1.6210000000000002	6711024267427721.0
1.6220000000000003	8214240492026896.0
1.6230000000000002	8478130349957469.0
1.6240000000000003	8469218430510504.0
1.6250000000000002	8426871448216865.0
1.6260000000000003	7894708895653147.0
1.6270000000000002	8556593307608942.0
1.6280000000000003	8637465701791328.0
1.6290000000000002	7920075887308830.0
1.6300000000000003	7999061823238819.0
1.6310000000000002	7068890902050635.0
1.6320000000000003	7677305441596270.0
1.6330000000000002	7191052756800303.0
1.6340000000000003	7592917219016001.0
1.6350000000000002	7262807384850155.0
1.6360000000000003	7222054980136018.0
1.6370000000000002	7538098392585267.0
1.6380000000000003	6618654438361864.0
1.6390000000000002	7886328676479095.0
1.6400000000000003	7028996282872897.0
1.6410000000000002	8017685555821539.0
1.6420000000000003	6880439418347760.0
1.6430000000000002	6459464384590252.0
1.6440000000000003	7809513741603920.0
1.6450000000000002	6934025278140706.0
1.6460000000000004	6700462569835530.0
1.6470000000000002	6626198789882261.0
1.6480000000000004	7084780254867338.0
1.6490000000000002	7030689843365959.0
1.6500000000000004	7499859502887814.0
1.6510000000000002	7256735764438192.0
1.6520000000000004	8268850143995529.0
1.6530000000000002	7611385951812132.0
1.6540000000000004	7588700931946576.0
1.6550000000000002	7484529615814248.0
1.6560000000000004	5973001296193471.0
1.6570000000000003	6805539655155672.0
1.6580000000000004	6101220500421240.0
1.6590000000000003	6118198240147694.0
1.6600000000000004	6991748786791233.0
1.6610000000000003	7100720940736374.0
1.6620000000000004	6249838236235297.0
1.6630000000000003	6872441517668915.0
1.6640000000000004	7370710319980613.0
1.6650000000000003	6766406246798487.0
1.6660000000000004	5076870114654714.0
1.6670000000000003	5424526866239543.0
1.6680000000000004	4495430783323003.0
1.6690000000000003	4589305451755076.0
1.6700000000000004	5891613856170126.0
1.6710000000000003	4422039872307243.0
1.6720000000000004	4341627300101952.5
1.6730000000000003	5257201199403997.0
1.6740000000000004	5904749325774054.0
1.6750000000000003	6460591813144587.0
1.6760000000000004	7109499387222762.0
1.6770000000000003	6972614069288656.0
1.6780000000000004	6180526738348830.0
1.6790000000000003	7201277377716494.0
1.6800000000000004	7030674106537654.0
1.6810000000000003	6745102792285039.0
1.6820000000000004	6971636903468615.0
1.6830000000000003	6084476180671045.0
1.6840000000000004	4591885549364157.0
1.6850000000000003	5775403841276050.0
1.6860000000000004	5257917928837383.0
1.6870000000000003	4219001555350557.0
1.6880000000000004	4553305938355348.0
1.6890000000000003	4211579434317536.5
1.6900000000000004	4682149767258677.0
1.6910000000000003	4059047862349329.0
1.6920000000000004	4545027898035057.0
1.6930000000000003	5259421194282272.0
1.6940000000000004	3918654939564660.0
1.6950000000000003	4731117452834751.0
1.6960000000000004	4092000623474547.0
1.6970000000000003	3138097566701054.0
1.6980000000000004	4494708236195965.5
1.6990000000000003	4537870659232912.0
1.7000000000000004	4631651778038224.0
1.7010000000000003	4140139760209703.0
1.7020000000000004	5575839138399384.0
1.7030000000000003	4785387678619351.0
1.7040000000000004	3999494763615533.0
1.7050000000000003	4720442305029108.0
1.7060000000000004	5534861424682815.0
1.7070000000000003	4690299685146569.0
1.7080000000000004	3950937745832806.5
1.7090000000000003	4701230323509468.0
1.7100000000000004	5714246133340447.0
1.7110000000000003	3590506615781463.5
1.7120000000000004	4081985429229200.0
1.7130000000000003	4768996549002491.0
1.7140000000000004	4446950765307168.5
1.7150000000000003	4580734910508682.0
1.7160000000000004	4778648858335843.0
1.7170000000000003	5273007905731185.0
1.7180000000000004	3787356957402699.0
1.7190000000000003	3775977381477344.0
1.7200000000000004	4114032580288918.0
1.7210000000000003	3676769524301529.5
1.7220000000000004	4612980626554639.0
1.7230000000000003	3525503669747152.0
1.7240000000000004	3421105920286306.0
1.7250000000000003	3344526314969771.5
1.7260000000000004	3972095123018974.0
1.7270000000000003	2838161338865770.0
1.7280000000000004	3366430146253923.0
1.7290000000000003	3596680693597827.5
1.7300000000000004	4004959562155810.0
1.7310000000000003	4246199039374857.5
1.7320000000000004	2598637546933924.0
1.7330000000000003	4181180868628384.5
1.7340000000000002	3939116475273357.0
1.7350000000000003	3428854346371462.5
1.7360000000000002	3461815240181551.0
1.7370000000000003	2392503470961683.0
1.7380000000000002	3351693546132754.0
1.7390000000000003	3785691104232965.5
1.7400000000000002	3071280915324774.5
1.7410000000000003	2436343009241395.0
1.7420000000000002	3408765952864000.0
1.7430000000000003	3080189126032994.5
1.7440000000000002	2680052913837197.0
1.7450000000000003	2539275491070587.5
1.7460000000000002	2606703028425734.5
1.7470000000000003	1885509084103756.2
1.7480000000000002	2655027519046873.5
1.7490000000000003	3010813336498975.5
1.7500000000000002	2812150938755371.0
1.7510000000000003	1918567848977116.5
1.7520000000000002	2575828652714183.5
1.7530000000000003	3335258632573983.0
1.7540000000000002	2068156710500212.2
1.7550000000000003	2585115437803927.0
1.7560000000000002	1739397109770375.8
1.7570000000000003	2491528038213827.0
1.7580000000000002	1739181777672236.5
1.7590000000000003	2447992091307338.0
1.7600000000000002	4128384330726487.0
1.7610000000000003	1815176977861700.0
1.7620000000000002	2615094991073558.5
1.7630000000000003	1366405612671624.8
1.7640000000000002	3257713026200689.0
1.7650000000000003	2652202631055525.0
1.7660000000000002	2933403180629725.0
1.7670000000000003	1874846993951979.2
1.7680000000000002	975006254657897.9
1.7690000000000003	1700750420875685.8
1.7700000000000002	1898376314271197.2
1.7710000000000004	1886556536836771.5
1.7720000000000002	1868400837471205.0
1.7730000000000004	1179473258420360.8
1.7740000000000002	2203139585663043.8
1.7750000000000004	1215480083334061.8
1.7760000000000002	1042647352253091.1
1.7770000000000004	1540227501915850.8
1.7780000000000002	1614475453504372.0
1.7790000000000004	1669057066027743.5
1.7800000000000002	1967497865835793.5
1.7810000000000004	1179154428706574.5
1.7820000000000003	1567375979687018.5
1.7830000000000004	1415579282561139.0
1.7840000000000003	1625090064466154.2
1.7850000000000004	964091832770432.8
1.7860000000000003	748432946130262.5
1.7870000000000004	804687444247484.4
1.7880000000000003	1430299832133227.5
1.7890000000000004	1660213751343760.2
1.7900000000000003	1944799209482492.2
1.7910000000000004	765840724051346.0
1.7920000000000003	806688599704314.9
1.7930000000000004	1185268243219092.0
1.7940000000000003	891081672346709.2
1.7950000000000004	1405387027504542.0
1.7960000000000003	943499123594969.4
1.7970000000000004	1203770673300783.5
1.7980000000000003	1547701059231846.0
1.7990000000000004	2396834426133529.0
1.8000000000000003	581139520990279.5
1.8010000000000004	462903505754506.3
1.8020000000000003	642439160143712.4
1.8030000000000004	916751247999246.5
1.8040000000000003	1555645734788924.5
1.8050000000000004	1060097398040102.0
1.8060000000000003	318953001712823.06
1.8070000000000004	701497147297364.4
1.8080000000000003	1048055758730790.2
1.8090000000000004	805165017585843.1
1.8100000000000003	1393479088647865.0
1.8110000000000004	360113176638278.4
1.8120000000000003	895417542553165.2
1.8130000000000004	909738874373697.4
1.8140000000000003	2301922799348827.0
1.8150000000000004	1249944163282926.0
1.8160000000000003	697226828451223.1
1.8170000000000004	874702005235089.8
1.8180000000000003	1092556238606131.9
1.8190000000000004	962876180891304.4
1.8200000000000003	652758287590421.6
1.8210000000000004	563690049312340.0
1.8220000000000003	347601625405811.2
1.8230000000000004	1242717685370393.0
1.8240000000000003	2381561020871552.5
1.8250000000000004	1352498028082072.8
1.8260000000000003	797869331527659.8
1.8270000000000004	832955662922014.2
1.8280000000000003	857167983135543.9
1.8290000000000004	1208115373685979.5
1.8300000000000003	1177321342969842.2
1.8310000000000004	614960278231040.1
1.8320000000000003	1080359124721250.9
1.8330000000000004	665454779794895.0
1.8340000000000003	1284974486204750.2
1.8350000000000004	524247747982125.4
1.8360000000000003	753014060980429.6
1.8370000000000004	982604241084697.9
1.8380000000000003	716142017077876.5
1.8390000000000004	883269515287198.8
1.8400000000000003	575140350879805.6
1.8410000000000004	1481743038580142.2
1.8420000000000003	348485776731190.3
1.8430000000000004	983742701941635.0
1.8440000000000003	691471958372766.6
1.8450000000000004	1315111180592364.2
1.8460000000000003	549821091641692.5
1.8470000000000004	468482282387954.06
1.8480000000000003	596703560815387.5
1.8490000000000004	809867018256501.1
1.8500000000000003	449599630353779.25
1.8510000000000004	906180476755333.8
1.8520000000000003	1481913019581765.0
1.8530000000000004	726693459170736.0
1.8540000000000003	467091875889632.75
1.8550000000000004	1119353876999579.5
1.8560000000000003	839280809628985.0
1.8570000000000004	416642545928906.0
1.8580000000000003	385397398377481.1
1.8590000000000004	760188873496037.1
1.8600000000000003	316718989049803.44
1.8610000000000004	287361929374968.25
1.8620000000000003	971848548591256.1
1.8630000000000004	589669806756338.6
1.8640000000000003	421325644071521.06
1.8650000000000004	258634109248454.25
1.8660000000000003	960398210099562.5
1.8670000000000004	565495582378210.8
1.8680000000000003	215820970448682.72
1.8690000000000004	817779425927494.6
1.8700000000000003	562413689308481.3
1.8710000000000004	415676638290002.8
1.8720000000000003	913238318985628.9
1.8730000000000004	368956947523378.0
1.8740000000000003	765819621481791.0
1.8750000000000004	821955763121811.8
1.8760000000000003	992390810945099.9
1.8770000000000004	446294583422905.9
1.8780000000000003	866735657563297.6
1.8790000000000004	882574040708525.4
1.8800000000000003	1492692186416073.2
1.8810000000000004	601204631835040.5
1.8820000000000003	1106521759669569.0
1.8830000000000005	1576042408007846.8
1.8840000000000003	1211426468465488.2
1.8850000000000005	513804865257744.0
1.8860000000000003	1323434910503522.5
1.8870000000000005	1214601257197955.8
1.8880000000000003	1583251867259317.8
1.8890000000000005	1027405455364741.2
1.8900000000000003	962024863767650.6
1.8910000000000002	1339232241618648.2
1.8920000000000003	607927394163668.5
1.8930000000000002	1197056603680186.0
1.8940000000000003	1169406436037618.8
1.8950000000000002	1776245536747716.0
1.8960000000000004	1495413637248441.0
1.8970000000000002	1949846899988055.2
1.8980000000000004	919928739434230.9
1.8990000000000002	1186217188126289.5
1.9000000000000004	1342077683122194.5
1.9010000000000002	914079231363674.4
1.9020000000000004	1817865147368396.2
1.9030000000000002	1051479910507257.2
1.9040000000000004	1338454242282390.2
1.9050000000000002	1162042343278485.0
1.9060000000000004	723270857999577.5
1.9070000000000003	852071387940953.5
1.9080000000000004	2273499559728893.0
1.9090000000000003	1803672966182967.8
1.9100000000000004	1567437071372715.0
1.9110000000000003	797586072790673.8
1.9120000000000004	1035816015520949.1
1.9130000000000003	1388039155023229.2
1.9140000000000004	757918796264320.9
1.9150000000000003	1652151135653720.2
1.9160000000000004	1173837829091053.2
1.9170000000000003	1034037179379687.8
1.9180000000000004	1772629756535670.8
1.9190000000000003	2529876897133667.0
1.9200000000000004	599858317318019.0
1.9210000000000003	548194953578381.0
1.9220000000000004	1491566123613130.0
1.9230000000000003	1596521496736616.2
1.9240000000000004	492114726732249.3
1.9250000000000003	1391963482397184.5
1.9260000000000004	1362502112594796.0
1.9270000000000003	637993671771383.9
1.9280000000000004	1520209744045927.5
1.9290000000000003	782508684033458.4
1.9300000000000004	1256323700810191.5
1.9310000000000003	651540139251367.5
1.9320000000000004	1024396504616850.2
1.9330000000000003	1046165355687393.0
1.9340000000000004	677956451193587.9
1.9350000000000003	1028470583795487.0
1.9360000000000004	682291532032940.9
1.9370000000000003	1041132636364215.6
1.9380000000000004	951768340842800.0
1.9390000000000003	550744772791379.3
1.9400000000000004	490965557933416.1
1.9410000000000003	320042274765191.4
1.9420000000000004	907036205009001.0
1.9430000000000003	1208183390957187.8
1.9440000000000004	1001059078054306.2
1.9450000000000003	603488065782430.8
1.9460000000000004	966734011643061.5
1.9470000000000003	1196612542871473.2
1.9480000000000004	521987183241731.0
1.9490000000000003	578148797468543.4
1.9500000000000004	993620167585225.8
1.9510000000000003	1736643139172753.0
1.9520000000000004	1219243537229657.5
1.9530000000000003	518274073591589.94
1.9540000000000004	897852385874481.6
1.9550000000000003	676233809318295.2
1.9560000000000004	551941228103924.3
1.9570000000000003	995724822786498.8
1.9580000000000004	868093573245264.9
1.9590000000000003	1451002742136576.0
1.9600000000000004	909624223498669.8
1.9610000000000003	672677171161781.4
1.9620000000000004	810618359830535.0
1.9630000000000003	925944182115096.0
1.9640000000000004	1205997136696895.8
1.9650000000000003	790037297009749.2
1.9660000000000004	1057993648142548.9
1.9670000000000003	1298825516330386.2
1.9680000000000004	679065291392166.4
1.9690000000000003	1047256771859867.8
1.9700000000000004	1482168368921944.5
1.9710000000000003	708320683682744.9
1.9720000000000004	1353589910164817.5
1.9730000000000003	1257651475832490.5
1.9740000000000004	860295962074957.4
1.9750000000000003	1012963425692817.5
1.9760000000000004	600873880911505.9
1.9770000000000003	1553520189488897.2
1.9780000000000004	1245980748966979.2
1.9790000000000003	1508785209994582.5
1.9800000000000004	674160491911379.1
1.9810000000000003	1354050661364830.5
1.9820000000000004	875499413473408.9
1.9830000000000003	1063340797901024.6
1.9840000000000004	1128356837644934.5
1.9850000000000003	1401502386389814.2
1.9860000000000004	1340054430222276.2
1.9870000000000003	1822660670582867.5
1.9880000000000004	1033519409769799.5
1.9890000000000003	1184710594511811.2
1.9900000000000004	620398434754246.0
1.9910000000000003	1253812301554576.2
1.9920000000000004	1048434342185512.8
1.9930000000000003	1492802236296348.5
1.9940000000000004	1832445732592094.5
1.9950000000000003	1223306511124902.0
1.9960000000000004	1460907549275521.0
1.9970000000000003	1481534125101906.8
1.9980000000000004	905603351836083.2
1.9990000000000003	1774051194686484.8
2.0000000000000004	990791488456690.9
2.0010000000000003	1361181477020643.5
2.0020000000000002	1439062539646764.8
2.0030000000000006	1488033394403956.8
2.0040000000000004	1819403545951199.2
2.0050000000000003	1589039126117804.2
2.0060000000000002	1289678367465389.0
2.0070000000000006	1172870366789101.5
2.0080000000000005	2246266062210747.8
2.0090000000000003	934131560912963.8
2.0100000000000002	1391830144772432.5
2.0110000000000006	1439431322912263.8
2.0120000000000005	1863340407893787.8
2.0130000000000003	1727554614874086.0
2.0140000000000002	2091601539221960.0
2.0150000000000006	1893944584244955.8
2.0160000000000005	1383280826684366.5
2.0170000000000003	1199566283900875.0
2.0180000000000002	1917365593269525.5
2.0190000000000006	1548576737784278.2
2.0200000000000005	1194316043646575.5
2.0210000000000004	1833659441066208.2
2.0220000000000002	2245499526985554.0
2.0230000000000006	1917344599631370.2
2.0240000000000005	2533669939029559.5
2.0250000000000004	2007937425851409.8
2.0260000000000002	1454067314975249.2
2.0270000000000006	1993541270780254.2
2.0280000000000005	1966865473539224.8
2.0290000000000004	1332817952044202.8
2.0300000000000002	2301217891264107.0
2.0310000000000006	1526285758824268.8
2.0320000000000005	2555822146480500.0
2.0330000000000004	1969191091890565.0
2.0340000000000003	1996232278299146.2
2.0350000000000006	2504614615661250.0
2.0360000000000005	1753435222295186.0
2.0370000000000004	2917873949589107.5
2.0380000000000003	2362418362346246.5
2.0390000000000006	2337093731363847.5
2.0400000000000005	1687816236603254.5
2.0410000000000004	1782309481730994.8
2.0420000000000003	2744195636374262.5
2.0430000000000006	2963924526927291.0
2.0440000000000005	1924945820319190.0
2.0450000000000004	2056020327334356.2
2.0460000000000003	2328971674671164.5
2.0470000000000006	2870723514177238.0
2.0480000000000005	3094760800007361.5
2.0490000000000004	2119159152072272.8
2.0500000000000003	2451297100044780.5
2.051	3209182791636871.0
2.0520000000000005	1994679470020754.0
2.0530000000000004	2405699354167682.5
2.0540000000000003	2221430378179182.8
2.055	2557503701808193.5
2.0560000000000005	2417874514427997.0
2.0570000000000004	3090636853949049.5
2.0580000000000003	3161679551706789.5
2.059	3036076680706126.5
2.0600000000000005	3179184640432472.5
2.0610000000000004	2471828977640915.5
2.0620000000000003	2665956702239147.5
2.063	2813299094224893.0
2.0640000000000005	2141047977941072.5
2.0650000000000004	3102517341456659.0
2.0660000000000003	2915624851977207.0
2.067	3211147589119172.5
2.0680000000000005	2859552502634608.0
2.0690000000000004	2702942347399689.0
2.0700000000000003	3192863102201796.5
2.071	2946562448532673.0
2.0720000000000005	2659060383566015.0
2.0730000000000004	3010107807446798.5
2.0740000000000003	3134096737176314.5
2.075	2842412397695188.0
2.0760000000000005	2912131258083893.5
2.0770000000000004	2860012296585984.0
2.0780000000000003	3168858956454512.0
2.079	3169123686463425.0
2.0800000000000005	3013509780911272.5
2.0810000000000004	2999422150269897.0
2.0820000000000003	3105060302567532.0
2.083	2909318370955213.5
2.0840000000000005	2996857623365335.0
2.0850000000000004	3108094881989814.0
2.0860000000000003	3252413114104748.0
2.087	2692456756380796.0
2.0880000000000005	3313497128353417.0
2.0890000000000004	3085041969071823.0
2.0900000000000003	3018515907156333.5
2.091	3492234228401949.0
2.0920000000000005	2996558387219587.5
2.0930000000000004	3301904977460625.0
2.0940000000000003	2909826435053702.0
2.095	3123504902539018.0
2.0960000000000005	3341787830539757.0
2.0970000000000004	3017659921126295.0
2.0980000000000003	3306078692660940.0
2.099	3094461090499027.5
2.1000000000000005	3297734503483454.5
2.1010000000000004	3210822356029198.0
2.1020000000000003	3080962050256934.0
2.103	3241807192595484.5
2.1040000000000005	2900843094056942.0
2.1050000000000004	3101834373228414.0
2.1060000000000003	3257491091192387.0
2.107	3249639910085199.5
2.1080000000000005	3223859751941813.0
2.1090000000000004	3113478082915040.5
2.1100000000000003	2992239625506332.5
2.111	3371831987611665.0
2.1120000000000005	3014121238701868.5
2.1130000000000004	3139765935236983.5
2.1140000000000003	3389537915814058.0
2.115	3239458055098556.5
2.1160000000000005	3162678339896376.5
2.1170000000000004	3080387440379003.5
2.1180000000000003	2744435575441638.5
2.119	3096506763757738.0
2.1200000000000006	3005041908347326.5
2.1210000000000004	3245888342804123.5
2.1220000000000003	3207430451483065.5
2.123	3198484955540612.5
2.1240000000000006	3039034370338609.0
2.1250000000000004	3190697377187843.0
2.1260000000000003	3315959019082146.5
2.1270000000000002	3211993172902934.5
2.1280000000000006	2998594373861380.5
2.1290000000000004	3079654183545053.0
2.1300000000000003	2804668596596808.0
2.1310000000000002	3063079142161894.5
2.1320000000000006	3133439312661427.5
2.1330000000000005	3155185159944056.5
2.1340000000000003	3153366286207230.0
2.1350000000000002	3266973336685414.0
2.1360000000000006	3087551026753559.5
2.1370000000000005	2836080981454845.5
2.1380000000000003	3065421625361729.5
2.1390000000000002	3052834148851312.5
2.1400000000000006	3007721696090543.0
2.1410000000000005	2893259072486837.0
2.1420000000000003	2695542539695465.0
2.1430000000000002	2820000057003013.0
2.1440000000000006	3120571718739428.0
2.1450000000000005	3019836887672872.5
2.1460000000000004	2987120612361078.5
2.1470000000000002	2681962518120181.0
2.1480000000000006	2992532157373742.0
2.1490000000000005	2885924901147738.5
2.1500000000000004	2956677393760717.5
2.1510000000000002	2711648974926444.0
2.1520000000000006	2678154422077542.5
2.1530000000000005	2874885204720536.0
2.1540000000000004	2955715506376144.0
2.1550000000000002	2798953294198560.0
2.1560000000000006	2700240836257093.5
2.1570000000000005	2896245287406082.5
2.1580000000000004	2899293929014309.5
2.1590000000000003	2746270001933988.5
2.1600000000000006	2771984813990591.0
2.1610000000000005	2565586316179779.5
2.1620000000000004	2822135254346049.5
2.1630000000000003	2720604230388271.5
2.1640000000000006	2887897405337195.5
2.1650000000000005	2755570449809238.0
2.1660000000000004	2638607886869662.0
2.1670000000000003	2404115637436687.5
2.1680000000000006	2750302929890990.0
2.1690000000000005	2720028143626654.5
2.1700000000000004	2667777118300515.0
2.1710000000000003	2746112482278224.0
2.1720000000000006	2700077946020154.0
2.1730000000000005	2283411064786437.0
2.1740000000000004	2576428580114305.5
2.1750000000000003	2605276612740135.0
2.1760000000000006	2473480325713076.5
2.1770000000000005	2636619286315961.5
2.1780000000000004	2303470653616175.0
2.1790000000000003	2386292647021713.0
2.1800000000000006	2452826095628944.0
2.1810000000000005	2559433357722543.0
2.1820000000000004	2562243465770536.5
2.1830000000000003	2443745266714795.5
2.1840000000000006	2266382485077324.0
2.1850000000000005	2278412438071669.5
2.1860000000000004	2388396391032704.0
2.1870000000000003	2206004432668616.5
2.1880000000000006	2309858764538338.0
2.1890000000000005	2349723788929494.0
2.1900000000000004	1999689446139690.2
2.1910000000000003	2241090355650568.5
2.1920000000000006	2229997743454346.5
2.1930000000000005	2029437110679907.0
2.1940000000000004	2086376953890961.8
2.1950000000000003	1903988494649502.5
2.1960000000000006	1674586321703864.2
2.1970000000000005	1830928963085950.0
2.1980000000000004	1615462353784989.0
2.1990000000000003	1548206623055808.8
2.2000000000000006	1428025367106068.2
2.2010000000000005	1459390911250953.0
2.2020000000000004	1153196674958480.0
2.2030000000000003	1390239247633689.0
2.2040000000000006	1514765360985692.5
2.2050000000000005	951415034032595.1
2.2060000000000004	1220203009474506.8
2.2070000000000003	1215202969066728.0
2.208	1205487398245075.5
2.2090000000000005	1363538970683035.5
2.2100000000000004	1378879055915639.0
2.2110000000000003	1377765257606867.0
2.212	1519409569920327.0
2.2130000000000005	1485266548144938.8
2.2140000000000004	1465639134041779.5
2.2150000000000003	1709642596063454.8
2.216	1690440320797612.2
2.2170000000000005	1712672405894850.8
2.2180000000000004	1535486279229731.2
2.2190000000000003	1598322083286639.5
2.22	1603322830843802.5
2.2210000000000005	1419832627233364.8
2.2220000000000004	1512838478920182.0
2.2230000000000003	1621460739492342.5
2.224	1602649309524494.8
2.2250000000000005	1615334571361666.2
2.2260000000000004	1723977535140651.0
2.2270000000000003	1297060781221191.0
2.228	1210027101654514.2
2.2290000000000005	1689563406644820.2
2.2300000000000004	1645550866611994.0
2.2310000000000003	1313545823570403.5
2.232	1401769466725463.8
2.2330000000000005	1521860219526466.0
2.2340000000000004	1405405642345252.2
2.2350000000000003	1510841638307668.5
2.236	1296052686757098.0
2.2370000000000005	1459705249144079.2
2.2380000000000004	1263453141067890.2
2.2390000000000003	1440397884396616.5
2.24	1375146799508728.8
2.2410000000000005	1270673966296971.2
2.2420000000000004	1244174001974328.8
2.2430000000000003	1211365598258864.5
2.244	1107061109592742.2
2.2450000000000006	1410882942182628.8
2.2460000000000004	1102692423073609.4
2.2470000000000003	890739532102619.5
2.248	1443667537376609.5
2.2490000000000006	1139822956000529.2
2.2500000000000004	1236692624129286.5
2.2510000000000003	1181988963547470.2
2.2520000000000002	1140908336023254.5
2.2530000000000006	1252371855349051.0
2.2540000000000004	1234997624631088.8
2.2550000000000003	1188322344861993.2
2.2560000000000002	1096732701396670.8
2.2570000000000006	1126215116997169.0
2.2580000000000005	1115970221304392.4
2.2590000000000003	1447214981442974.8
2.2600000000000002	1022505308283674.2
2.2610000000000006	1099111534810639.2
2.2620000000000005	1144682630537422.0
2.2630000000000003	1502379005356744.5
2.2640000000000002	1040263448445891.0
2.2650000000000006	937500173687141.9
2.2660000000000005	1248301851390492.2
2.2670000000000003	1294891792841204.0
2.2680000000000002	1039876904869270.4
2.2690000000000006	962526739878462.6
2.2700000000000005	1083940199430042.6
2.2710000000000004	1331007435699751.5
2.2720000000000002	837000030009453.6
2.2730000000000006	1210099387608783.0
2.2740000000000005	1223002786129531.5
2.2750000000000004	1138376090354132.0
2.2760000000000002	943367705745688.5
2.2770000000000006	1242477057432822.5
2.2780000000000005	1075135381486231.6
2.2790000000000004	1150207127072352.5
2.2800000000000002	1012792162748459.4
2.2810000000000006	1051729465045408.0
2.2820000000000005	1131714600899236.8
2.2830000000000004	926886712811841.6
2.2840000000000003	933307695638591.2
2.2850000000000006	1010242684738767.9
2.2860000000000005	1052381997477843.5
2.2870000000000004	831151181835784.6
2.2880000000000003	1109373532720878.8
2.2890000000000006	930106558076124.4
2.2900000000000005	873959921669486.9
2.2910000000000004	872213666330452.5
2.2920000000000003	751911678240678.2
2.2930000000000006	907784204493156.1
2.2940000000000005	620868214562429.9
2.2950000000000004	660119285507688.1
2.2960000000000003	635059782653376.8
2.2970000000000006	733713822601232.2
2.2980000000000005	623118174255530.1
2.2990000000000004	691530410149848.9
2.3000000000000003	822323070436692.5
2.3010000000000006	644604401007135.4
2.3020000000000005	950798233523160.6
2.3030000000000004	690472245218433.6
2.3040000000000003	780746684017653.0
2.3050000000000006	828404314401029.6
2.3060000000000005	826669837601479.8
2.3070000000000004	914276820316315.4
2.3080000000000003	882061436028361.2
2.3090000000000006	934842527550378.8
2.3100000000000005	805218628901374.9
2.3110000000000004	940048980455578.6
2.3120000000000003	893438864170940.9
2.3130000000000006	1129595642046205.5
2.3140000000000005	946796024084647.8
2.3150000000000004	835934668716183.4
2.3160000000000003	749643421532341.9
2.3170000000000006	591042402435491.1
2.3180000000000005	505210115652530.44
2.3190000000000004	498865747520836.4
2.3200000000000003	586040137513990.6
2.3210000000000006	646431491016214.0
2.3220000000000005	561770819486435.3
2.3230000000000004	575201844613176.8
2.3240000000000003	502115390922861.0
2.3250000000000006	435023665074695.75
2.3260000000000005	648901935257398.2
2.3270000000000004	550489517542944.2
2.3280000000000003	568459007373051.9
2.3290000000000006	571930497484403.0
2.3300000000000005	553027906839166.56
2.3310000000000004	600277530823350.5
2.3320000000000003	535803002391304.75
2.3330000000000006	776699829233267.4
2.3340000000000005	505314493286668.06
2.3350000000000004	557486717326148.6
2.3360000000000003	562567498628047.0
2.3370000000000006	597230089203871.6
2.3380000000000005	684592722181726.6
2.3390000000000004	613881473203142.5
2.3400000000000003	585009926618425.2
2.3410000000000006	534229438097181.5
2.3420000000000005	842983938892825.8
2.3430000000000004	630719616408995.0
2.3440000000000003	725605930280141.0
2.3450000000000006	418171323879066.4
2.3460000000000005	743194450353581.2
2.3470000000000004	808465051395516.2
2.3480000000000003	596997222428589.9
2.3490000000000006	697626104484864.8
2.3500000000000005	782804727325897.9
2.3510000000000004	584033615356241.2
2.3520000000000003	452036263806408.8
2.3530000000000006	742939772492517.4
2.3540000000000005	620271398972563.5
2.3550000000000004	887644512799793.2
2.3560000000000003	562135065966145.3
2.3570000000000007	865252982253110.6
2.3580000000000005	658846059569766.1
2.3590000000000004	565224321216446.5
2.3600000000000003	916263941893013.0
2.3610000000000007	720714311954043.5
2.3620000000000005	796389125775464.5
2.3630000000000004	649918604831655.1
2.3640000000000003	805919931448107.6
2.365	816637782908196.1
2.3660000000000005	830145603501943.9
2.3670000000000004	774196636440935.9
2.3680000000000003	737857525730569.9
2.369	817635339924248.5
2.3700000000000006	594560735479722.5
2.3710000000000004	333268744263690.94
2.3720000000000003	588676392065192.5
2.373	511454807169357.75
2.3740000000000006	674161583149199.1
2.3750000000000004	690363497367101.9
2.3760000000000003	612949853537093.9
2.3770000000000002	638593913849686.8
2.3780000000000006	520230107981667.2
2.3790000000000004	613895144380366.8
2.3800000000000003	674414673955941.2
2.3810000000000002	490473333522651.5
2.3820000000000006	667011379300341.5
2.3830000000000005	556270308721158.25
2.3840000000000003	381759440315989.7
2.3850000000000002	767850329457850.8
2.3860000000000006	582104506069608.0
2.3870000000000005	593303974108741.9
2.3880000000000003	771643026577518.2
2.3890000000000002	686294940571731.4
2.3900000000000006	852440098250920.6
2.3910000000000005	754985853954585.4
2.3920000000000003	531749034156835.0
2.3930000000000002	779777160205471.2
2.3940000000000006	856903333847340.5
2.3950000000000005	649903294596707.5
2.3960000000000004	795324159271914.1
2.3970000000000002	733574064936789.8
2.3980000000000006	634157164098200.6
2.3990000000000005	1048963680991296.0
2.4000000000000004	940055965481846.6
2.4010000000000002	658257881628542.5
2.4020000000000006	865028670825279.1
2.4030000000000005	915266311573114.2
2.4040000000000004	664707820702637.4
2.4050000000000002	1103159953828037.9
2.4060000000000006	995328748588315.8
2.4070000000000005	822530463307771.6
2.4080000000000004	587357473134481.0
2.4090000000000003	844707741044533.1
2.4100000000000006	705658472015073.8
2.4110000000000005	945137596322925.6
2.4120000000000004	868432698753560.4
2.4130000000000003	951926127719174.2
2.4140000000000006	547971117131106.06
2.4150000000000005	1114641903415793.4
2.4160000000000004	703832249038783.5
2.4170000000000003	779845660685282.0
2.4180000000000006	846154734301847.8
2.4190000000000005	525432127249695.6
2.4200000000000004	701612914644486.9
2.4210000000000003	1206480853020785.8
2.4220000000000006	846219345243024.1
2.4230000000000005	682095059500394.4
2.4240000000000004	762485290405529.8
2.4250000000000003	914990945223669.2
2.4260000000000006	807632973809008.8
2.4270000000000005	743269280951931.9
2.4280000000000004	640257707803706.6
2.4290000000000003	912989028482795.9
2.4300000000000006	898293301844517.1
2.4310000000000005	718457853588326.1
2.4320000000000004	1051067496082872.1
2.4330000000000003	875060993998246.5
2.4340000000000006	711637728163407.8
2.4350000000000005	671883310256200.9
2.4360000000000004	668766200154682.8
2.4370000000000003	515585610181549.3
2.4380000000000006	885442841859536.4
2.4390000000000005	1126345766907714.5
2.4400000000000004	974107858343382.8
2.4410000000000003	833999221613328.5
2.4420000000000006	855678814890513.5
2.4430000000000005	783416871782008.8
2.4440000000000004	683527251854903.6
2.4450000000000003	879673601236311.8
2.4460000000000006	625349975781518.1
2.4470000000000005	686959322245688.1
2.4480000000000004	491064284003666.7
2.4490000000000003	908380616048008.4
2.4500000000000006	901235152620440.4
2.4510000000000005	802806333260469.5
2.4520000000000004	623378056182923.1
2.4530000000000003	544711631843336.0
2.4540000000000006	454463651418484.06
2.4550000000000005	784140146429140.2
2.4560000000000004	875629082515643.9
2.4570000000000003	912192834233634.1
2.4580000000000006	1015521048661022.1
2.4590000000000005	810285322370527.9
2.4600000000000004	786492159569963.0
2.4610000000000003	438554423406668.8
2.4620000000000006	922339714029964.9
2.4630000000000005	584017684087598.0
2.4640000000000004	1094121252501915.5
2.4650000000000003	1138836155802570.0
2.4660000000000006	798703176116621.6
2.4670000000000005	785164709555561.1
2.4680000000000004	409659174483107.3
2.4690000000000003	618497289828950.9
2.4700000000000006	745394880890712.5
2.4710000000000005	711580365029409.8
2.4720000000000004	612844758583968.8
2.4730000000000003	564357053518659.5
2.4740000000000006	544369994446855.9
2.4750000000000005	431659520060970.94
2.4760000000000004	496702778684473.06
2.4770000000000003	978720549820095.9
2.4780000000000006	629332231554293.2
2.4790000000000005	359385297196907.75
2.4800000000000004	797317620421823.0
2.4810000000000003	704924485735602.5
2.4820000000000007	420668399972561.5
2.4830000000000005	449941408608041.4
2.4840000000000004	724986645983513.4
2.4850000000000003	1065813171990415.6
2.4860000000000007	914763355289731.1
2.4870000000000005	604250270722315.0
2.4880000000000004	436448969898746.25
2.4890000000000003	353977239235682.2
2.4900000000000007	282047091870374.25
2.4910000000000005	327922981939751.75
2.4920000000000004	790988725917000.1
2.4930000000000003	561191068813718.75
2.4940000000000007	1061104535885595.1
2.4950000000000006	659706586946920.2
2.4960000000000004	619362504979145.9
2.4970000000000003	419803957983013.25
2.4980000000000007	250954419192632.56
2.4990000000000006	586380022970789.9
2.5000000000000004	623545559810061.6
2.5010000000000003	617166168703782.0
2.5020000000000007	823457153992075.8
2.5030000000000006	336590112236078.9
2.5040000000000004	489126291720771.1
2.5050000000000003	434486445470283.8
2.5060000000000007	171055914699596.97
2.5070000000000006	421885604220721.7
2.5080000000000005	591722366130539.9
2.5090000000000003	608145998160594.6
2.5100000000000007	627721202629766.2
2.5110000000000006	350957722036169.0
2.5120000000000005	389855382456735.3
2.5130000000000003	396044505219319.4
2.5140000000000007	596278871548646.4
2.5150000000000006	172343672895283.75
2.5160000000000005	314402655136288.3
2.5170000000000003	392021771154964.25
2.5180000000000007	374215740838784.56
2.5190000000000006	395080638700327.9
2.5200000000000005	493675250874439.06
2.5210000000000004	464060264461012.5
2.5220000000000002	343160949301364.25
2.5230000000000006	436551908734429.5
2.5240000000000005	209579152824597.28
2.5250000000000004	280695048817856.94
2.5260000000000002	271428784220554.7
2.5270000000000006	379489693580196.94
2.5280000000000005	323967686957722.75
2.5290000000000004	450629418053173.3
2.5300000000000002	488496985687967.56
2.5310000000000006	491914357831900.4
2.5320000000000005	282464431227319.9
2.5330000000000004	157500271379157.12
2.5340000000000003	445326597871819.75
2.5350000000000006	332273447730082.2
2.5360000000000005	217873952079804.97
2.5370000000000004	308835988165062.3
2.5380000000000003	320138799344905.0
2.5390000000000006	269319518156352.25
2.5400000000000005	635599163277609.8
2.5410000000000004	460885371901142.25
2.5420000000000003	302266542647932.75
2.5430000000000006	165451012795981.12
2.5440000000000005	236812092743798.84
2.5450000000000004	297301735800657.1
2.5460000000000003	306275990434136.1
2.5470000000000006	395556645303645.75
2.5480000000000005	167535055005561.72
2.5490000000000004	231869430008165.03
2.5500000000000003	377568605065708.25
2.5510000000000006	295742827712524.1
2.5520000000000005	385218245480147.44
2.5530000000000004	111362258341297.33
2.5540000000000003	346993295331765.1
2.5550000000000006	359153398417153.5
2.5560000000000005	318112401684589.5
2.5570000000000004	342180104954892.94
2.5580000000000003	486507854166495.7
2.5590000000000006	372141707372541.3
2.5600000000000005	241748288312899.2
2.5610000000000004	145021078729879.84
2.5620000000000003	273082200796635.3
2.5630000000000006	155722410535851.72
2.5640000000000005	250521560328973.34
2.5650000000000004	174456201641171.47
2.5660000000000003	288439846443844.4
2.5670000000000006	321571870496969.9
2.5680000000000005	279861858955276.53
2.5690000000000004	309976598217476.3
2.5700000000000003	231665793237766.25
2.5710000000000006	592819929398266.4
2.5720000000000005	443783263186958.8
2.5730000000000004	219351108808569.75
2.5740000000000003	196419035799282.66
2.5750000000000006	227693350501022.47
2.5760000000000005	338210908955633.9
2.5770000000000004	108968344895662.83
2.5780000000000003	269695195528014.38
2.5790000000000006	356076805956904.4
2.5800000000000005	657215102185163.1
2.5810000000000004	228378483161993.2
2.5820000000000003	339593388817978.2
2.5830000000000006	228421501646323.97
2.5840000000000005	184416540321009.53
2.5850000000000004	238802279044278.47
2.5860000000000003	366009588128773.7
2.5870000000000006	180637715010982.16
2.5880000000000005	226274975647536.16
2.5890000000000004	290956180609949.4
2.5900000000000003	293690250222581.75
2.5910000000000006	338443175672582.0
2.5920000000000005	365459243574697.9
2.5930000000000004	213766709799385.12
2.5940000000000003	222194515372574.75
2.5950000000000006	171981512951060.2
2.5960000000000005	203388476484957.03
2.5970000000000004	308477670004525.6
2.5980000000000003	223283551765715.72
2.5990000000000006	696677669316094.1
