# Flux units: erg / (cm m2 s)
# Wavelength units: micron
wave	flux
0.7000000000000002	2.734070552288946e+16
0.7010000000000002	2.8247894486716372e+16
0.7020000000000002	3.3956672518971544e+16
0.7030000000000002	3.711128887131964e+16
0.7040000000000002	3.807054790006833e+16
0.7050000000000002	4.2968338430424984e+16
0.7060000000000002	1.2219507339302778e+16
0.7070000000000002	1.4212500899340934e+16
0.7080000000000002	1.865388098037554e+16
0.7090000000000001	1.1300765050243558e+16
0.7100000000000001	7222245049485998.0
0.7110000000000001	1.1023459583465714e+16
0.7120000000000001	1.510769537078028e+16
0.7130000000000001	5619985603453666.0
0.7140000000000001	5144664533233316.0
0.7150000000000001	8319678083576757.0
0.7160000000000001	8595784034956808.0
0.7170000000000001	8910777131373461.0
0.7180000000000001	1.1283041684058152e+16
0.7190000000000001	1.3847967513061708e+16
0.7200000000000001	1.1942812421502764e+16
0.7210000000000001	9350985667059854.0
0.7220000000000001	1.3100208096096432e+16
0.7230000000000001	1.5629258136495118e+16
0.7240000000000001	1.771693057836304e+16
0.7250000000000001	2.225943685242798e+16
0.7260000000000001	2.7408860439472896e+16
0.7270000000000001	2.7753039899378136e+16
0.7280000000000001	2.7916562324505356e+16
0.7290000000000001	3.5690306141235524e+16
0.7300000000000001	3.9309758083580936e+16
0.7310000000000001	4.8297604933384504e+16
0.7320000000000001	5.360758649069333e+16
0.7330000000000001	6.3711251612237544e+16
0.7340000000000001	7.139016369753508e+16
0.7350000000000001	6.8423367653757736e+16
0.7360000000000001	7.674835285438973e+16
0.7370000000000001	8.301949109689653e+16
0.7380000000000001	9.30221477203868e+16
0.7390000000000001	1.0479266246811453e+17
0.7400000000000001	9.791966153242043e+16
0.7410000000000001	1.0402201349845864e+17
0.7420000000000001	9.854039037405328e+16
0.7430000000000001	1.0859255431601515e+17
0.7440000000000001	1.131602961932976e+17
0.7450000000000001	1.0762216996525016e+17
0.7460000000000001	1.0484917345447278e+17
0.7470000000000001	1.117602713123996e+17
0.7480000000000001	1.215987041953486e+17
0.7490000000000001	1.2130950526669005e+17
0.7500000000000001	1.1871067534363259e+17
0.7510000000000001	1.2312204442938365e+17
0.7520000000000001	1.2779652595547344e+17
0.7530000000000001	1.3247335346910954e+17
0.7540000000000001	1.3550759327458971e+17
0.7550000000000001	1.4558778714967798e+17
0.7560000000000001	1.5045976400901034e+17
0.7570000000000001	1.4131524808953224e+17
0.7580000000000001	1.4167797845926894e+17
0.7590000000000001	9.829205583097042e+16
0.7600000000000001	7.3937721292659e+16
0.7610000000000001	8.447019396847579e+16
0.7620000000000001	9.850961525750224e+16
0.7630000000000001	6.397434812013243e+16
0.7640000000000001	5.782996400502898e+16
0.7650000000000001	6.598353703822088e+16
0.7660000000000001	7.193984671772731e+16
0.7670000000000001	3.249230988715394e+16
0.7680000000000001	2.6035818301605588e+16
0.7690000000000001	3.882671768136565e+16
0.7700000000000001	4.1840826176690184e+16
0.7710000000000001	3.653515448806453e+16
0.7720000000000001	3.665702648691226e+16
0.7730000000000001	4.9859900909436056e+16
0.7740000000000001	5.8919568092249576e+16
0.7750000000000001	3.753257713853091e+16
0.7760000000000001	3.556854892171317e+16
0.7770000000000001	4.764221486241208e+16
0.7780000000000001	4.431732260618874e+16
0.7790000000000001	3.952893619069169e+16
0.7800000000000001	4.677835879499443e+16
0.7810000000000001	6.282704289772069e+16
0.7820000000000001	6.3833839750327544e+16
0.7830000000000001	4.680163728947632e+16
0.7840000000000001	4.619101138640364e+16
0.7850000000000001	5.260590115038431e+16
0.7860000000000001	5.498272268603972e+16
0.7870000000000001	5.209955822004571e+16
0.7880000000000001	5.806995880984949e+16
0.7890000000000001	7.339385187068805e+16
0.7900000000000001	5.883218276036669e+16
0.7910000000000001	5.334039942651726e+16
0.7920000000000001	4.776095126510601e+16
0.7930000000000001	5.928525286558473e+16
0.7940000000000002	5.6583353142583784e+16
0.7950000000000002	6.012612500598385e+16
0.7960000000000002	6.318552937346171e+16
0.7970000000000002	6.804821221180446e+16
0.7980000000000002	6.915606312401595e+16
0.7990000000000002	5.974740331147108e+16
0.8000000000000002	6.487391641167953e+16
0.8010000000000002	7.910563217027493e+16
0.8020000000000002	8.016027019925912e+16
0.8030000000000002	8.663290391629149e+16
0.8040000000000002	9.825261845630496e+16
0.8050000000000002	1.1038184260473307e+17
0.8060000000000002	1.1412731602794493e+17
0.8070000000000002	1.1760787814298138e+17
0.8080000000000002	1.2852677341443917e+17
0.8090000000000002	1.3981066919230675e+17
0.8100000000000002	1.4917259727521923e+17
0.8110000000000002	1.6279239576304928e+17
0.8120000000000002	1.7539750359607757e+17
0.8130000000000002	1.8612909695545107e+17
0.8140000000000002	1.976832478178777e+17
0.8150000000000002	2.0512854812440237e+17
0.8160000000000002	2.1072581300113338e+17
0.8170000000000002	2.2018473352766422e+17
0.8180000000000002	2.2782590479702256e+17
0.8190000000000002	2.211363769098313e+17
0.8200000000000002	2.116991998134779e+17
0.8210000000000002	1.3917331698226906e+17
0.8220000000000002	1.4316758990605398e+17
0.8230000000000002	1.6196499662484768e+17
0.8240000000000002	1.7469977840781178e+17
0.8250000000000002	1.7247901127360918e+17
0.8260000000000002	1.6824306464201014e+17
0.8270000000000002	1.8165005003969235e+17
0.8280000000000002	1.4448372103271578e+17
0.8290000000000002	1.3089288147332186e+17
0.8300000000000002	1.2827292040879784e+17
0.8310000000000002	1.296749318844985e+17
0.8320000000000002	1.46508674726047e+17
0.8330000000000002	1.5285302927739715e+17
0.8340000000000002	1.3411977247523773e+17
0.8350000000000002	1.2702718432988578e+17
0.8360000000000002	1.3125959680282358e+17
0.8370000000000002	1.408873050258168e+17
0.8380000000000002	1.28428769870394e+17
0.8390000000000002	1.2012486231592094e+17
0.8400000000000002	1.3075795987026778e+17
0.8410000000000002	1.4315449909648395e+17
0.8420000000000002	1.3894611940975582e+17
0.8430000000000002	1.2408406192965166e+17
0.8440000000000002	7.530365654160283e+16
0.8450000000000002	6.289238540427899e+16
0.8460000000000002	5.693962973112861e+16
0.8470000000000002	5.385172496490463e+16
0.8480000000000002	6.510793605710565e+16
0.8490000000000002	7.61817920633668e+16
0.8500000000000002	6.831179924276651e+16
0.8510000000000002	6.4192542843391096e+16
0.8520000000000002	6.388449562135137e+16
0.8530000000000002	6.9762222775827304e+16
0.8540000000000002	7.868898986062421e+16
0.8550000000000002	8.769865011257318e+16
0.8560000000000002	8.803467182819638e+16
0.8570000000000002	8.759499019791288e+16
0.8580000000000002	8.608228469423112e+16
0.8590000000000002	9.201695340459184e+16
0.8600000000000002	9.311936436836206e+16
0.8610000000000002	1.0200349687464077e+17
0.8620000000000002	1.1326518247550048e+17
0.8630000000000002	1.1410379979787838e+17
0.8640000000000002	1.176222827698391e+17
0.8650000000000002	1.1806137098277322e+17
0.8660000000000002	1.1313971357545798e+17
0.8670000000000001	1.2944346948587998e+17
0.8680000000000001	1.2660445808914715e+17
0.8690000000000001	1.2596025876800163e+17
0.8700000000000001	1.4263237858121091e+17
0.8710000000000001	1.456453820599232e+17
0.8720000000000001	1.5422955105810618e+17
0.8730000000000001	1.6354463422522413e+17
0.8740000000000001	1.5827373502341187e+17
0.8750000000000001	1.6369207819993648e+17
0.8760000000000001	1.722954730026373e+17
0.8770000000000001	1.7808155884761866e+17
0.8780000000000001	1.876332135864447e+17
0.8790000000000001	1.9840190308351187e+17
0.8800000000000001	2.042803747967995e+17
0.8810000000000001	2.0488306175607946e+17
0.8820000000000001	2.144092700269602e+17
0.8830000000000001	2.1039705969989568e+17
0.8840000000000001	2.248580720009925e+17
0.8850000000000001	2.3336106847576688e+17
0.8860000000000001	1.8047444273702736e+17
0.8870000000000001	1.1929067359630637e+17
0.8880000000000001	1.1977755915586706e+17
0.8890000000000001	1.2564486350269142e+17
0.8900000000000001	1.4068751201463635e+17
0.8910000000000001	1.569032140706662e+17
0.8920000000000001	1.6142121299686816e+17
0.8930000000000001	1.6948084638897693e+17
0.8940000000000001	1.421723129128741e+17
0.8950000000000001	1.3671998663876054e+17
0.8960000000000001	1.4500986244669072e+17
0.8970000000000001	1.5315411091569024e+17
0.8980000000000001	1.6355469477673437e+17
0.8990000000000001	1.7985086235234867e+17
0.9000000000000001	1.8231928339232672e+17
0.9010000000000001	2.0119232318387315e+17
0.9020000000000001	1.7926238761892624e+17
0.9030000000000001	1.8500976755197763e+17
0.9040000000000001	1.955790624941087e+17
0.9050000000000001	2.0660576015560445e+17
0.9060000000000001	2.1546229647031258e+17
0.9070000000000001	2.2480965536927296e+17
0.9080000000000001	2.3718946949733763e+17
0.9090000000000001	2.3315958272809997e+17
0.9100000000000001	2.427997638152521e+17
0.9110000000000001	2.453420347703438e+17
0.9120000000000001	2.5667472421159338e+17
0.9130000000000001	2.6094067205101642e+17
0.9140000000000001	2.7081154999187965e+17
0.9150000000000001	2.7914667511040454e+17
0.9160000000000001	2.8487152297139994e+17
0.9170000000000001	2.896306673347678e+17
0.9180000000000001	2.912555780080303e+17
0.9190000000000002	3.033042487596095e+17
0.9200000000000002	3.0073436913164544e+17
0.9210000000000002	2.462696144314542e+17
0.9220000000000002	2.290375541251178e+17
0.9230000000000002	2.0377992988777427e+17
0.9240000000000002	1.9976897623667005e+17
0.9250000000000002	2.0752484355609357e+17
0.9260000000000002	2.1565053313776806e+17
0.9270000000000002	2.1987670801281466e+17
0.9280000000000002	1.9212169623370224e+17
0.9290000000000002	1.849298245870465e+17
0.9300000000000002	1.7556885613129558e+17
0.9310000000000002	1.8494906620615427e+17
0.9320000000000002	1.816224271740661e+17
0.9330000000000002	2.0096911149102653e+17
0.9340000000000002	1.9757090608829334e+17
0.9350000000000002	1.9229913480477792e+17
0.9360000000000002	1.9774351470218518e+17
0.9370000000000002	1.829142930946269e+17
0.9380000000000002	2.0425105859427597e+17
0.9390000000000002	2.0526280610615722e+17
0.9400000000000002	2.1831015221905066e+17
0.9410000000000002	2.1446398000695347e+17
0.9420000000000002	2.08083358969051e+17
0.9430000000000002	2.1551752205174496e+17
0.9440000000000002	2.040759395920838e+17
0.9450000000000002	2.1422764305682442e+17
0.9460000000000002	2.216701003969849e+17
0.9470000000000002	2.331114163023661e+17
0.9480000000000002	2.36031399675058e+17
0.9490000000000002	2.396757591691547e+17
0.9500000000000002	2.369385687493868e+17
0.9510000000000002	2.298090394184195e+17
0.9520000000000002	2.344385060723424e+17
0.9530000000000002	2.4041661725864803e+17
0.9540000000000002	2.4033435092837878e+17
0.9550000000000002	2.402220881271104e+17
0.9560000000000002	2.4876964949779738e+17
0.9570000000000002	2.4591542009013296e+17
0.9580000000000002	2.4503990730847693e+17
0.9590000000000002	2.4436230338311555e+17
0.9600000000000002	2.4876151906798208e+17
0.9610000000000002	2.4563526994455834e+17
0.9620000000000002	2.51250731087125e+17
0.9630000000000002	2.5779518536526368e+17
0.9640000000000002	2.4360845307538272e+17
0.9650000000000002	2.5124045913505184e+17
0.9660000000000002	2.467844711832166e+17
0.9670000000000002	2.4997635014168928e+17
0.9680000000000002	2.5604748642632515e+17
0.9690000000000002	2.637364597275419e+17
0.9700000000000002	2.7505619558370234e+17
0.9710000000000002	2.6960768110153037e+17
0.9720000000000002	2.5128549582321414e+17
0.9730000000000002	2.2733594308577782e+17
0.9740000000000002	2.234199729331485e+17
0.9750000000000002	2.284996665601273e+17
0.9760000000000002	2.4498868449806106e+17
0.9770000000000002	2.4598035572292698e+17
0.9780000000000002	2.5977222459905133e+17
0.9790000000000002	2.4754863758029978e+17
0.9800000000000002	2.6866737401719302e+17
0.9810000000000002	2.375746847848721e+17
0.9820000000000002	2.390883559579817e+17
0.9830000000000002	2.3341136999943837e+17
0.9840000000000002	2.4517519111258083e+17
0.9850000000000002	2.543811913077764e+17
0.9860000000000002	2.699310833299831e+17
0.9870000000000002	2.6956835136206227e+17
0.9880000000000002	2.7842359764673962e+17
0.9890000000000002	2.888044603335006e+17
0.9900000000000002	2.4535792994563968e+17
0.9910000000000002	2.4121856761519994e+17
0.9920000000000002	2.365799771540207e+17
0.9930000000000002	2.5246484498932387e+17
0.9940000000000002	2.6416092011271987e+17
0.9950000000000002	2.7883383938407302e+17
0.9960000000000002	2.7437712476929632e+17
0.9970000000000002	2.857610114224978e+17
0.9980000000000002	2.867361349528978e+17
0.9990000000000002	2.6805639471859926e+17
1.0000000000000002	2.7469234655411453e+17
1.0010000000000001	2.739599113343538e+17
1.0020000000000002	2.8510742846897254e+17
1.0030000000000001	2.858138164552768e+17
1.0040000000000002	2.6032179535856202e+17
1.0050000000000001	2.6521223768458048e+17
1.0060000000000002	2.611580875408666e+17
1.0070000000000001	2.7023874801436624e+17
1.0080000000000002	2.8352883939835795e+17
1.0090000000000001	2.7714919715809194e+17
1.0100000000000002	2.8876086912712646e+17
1.0110000000000001	2.9023103281252186e+17
1.0120000000000002	2.943598109050261e+17
1.0130000000000001	2.9855882990187866e+17
1.0140000000000002	2.980670630413419e+17
1.0150000000000001	2.6769988902772026e+17
1.0160000000000002	2.734221405732597e+17
1.0170000000000001	2.7579354566469862e+17
1.0180000000000002	2.886136445498996e+17
1.0190000000000001	2.8251364947616704e+17
1.0200000000000002	2.8679193129898774e+17
1.0210000000000001	2.9303710603136646e+17
1.0220000000000002	2.923417866161287e+17
1.0230000000000001	2.9923358600515085e+17
1.0240000000000002	3.068993888624459e+17
1.0250000000000001	3.0558416744509766e+17
1.0260000000000002	2.8745684652011357e+17
1.0270000000000001	2.790374891547673e+17
1.0280000000000002	2.8956759857727264e+17
1.0290000000000001	2.898019971064858e+17
1.0300000000000002	2.964451279846586e+17
1.0310000000000001	3.05224194099875e+17
1.0320000000000003	3.112107597105927e+17
1.0330000000000001	3.0116552374269715e+17
1.0340000000000003	3.106883568277683e+17
1.0350000000000001	2.916211939666371e+17
1.0360000000000003	3.185906327880654e+17
1.0370000000000001	3.182902393892716e+17
1.0380000000000003	3.070414739845998e+17
1.0390000000000001	3.1411088452946797e+17
1.0400000000000003	3.086511833560982e+17
1.0410000000000001	3.262191715904164e+17
1.0420000000000003	3.175136395452455e+17
1.0430000000000001	3.0545352180393446e+17
1.0440000000000003	3.274418237969157e+17
1.0450000000000002	3.246719818778738e+17
1.0460000000000003	3.203421601575661e+17
1.0470000000000002	3.098280050383642e+17
1.0480000000000003	2.988282266612908e+17
1.0490000000000002	3.056264232843917e+17
1.0500000000000003	3.0241706779019904e+17
1.0510000000000002	2.997112498731346e+17
1.0520000000000003	2.9663721524009926e+17
1.0530000000000002	2.841452488182405e+17
1.0540000000000003	2.96866406681694e+17
1.0550000000000002	2.880751855787306e+17
1.0560000000000003	2.8640090038490166e+17
1.0570000000000002	2.808071697939266e+17
1.0580000000000003	2.8379270505455955e+17
1.0590000000000002	2.7344318467143562e+17
1.0600000000000003	2.8882058079041286e+17
1.0610000000000002	2.8048141796721104e+17
1.0620000000000003	2.9350037049124544e+17
1.0630000000000002	3.004824345186369e+17
1.0640000000000003	3.02313001105774e+17
1.0650000000000002	3.01761196827271e+17
1.0660000000000003	2.981406531703437e+17
1.0670000000000002	3.081369540401954e+17
1.0680000000000003	3.067386469952876e+17
1.0690000000000002	3.107847779212502e+17
1.0700000000000003	3.1994821071998355e+17
1.0710000000000002	3.15061311594069e+17
1.0720000000000003	3.231365648894194e+17
1.0730000000000002	3.202632062871615e+17
1.0740000000000003	3.256088809472493e+17
1.0750000000000002	3.2826425342488595e+17
1.0760000000000003	3.293407956022196e+17
1.0770000000000002	3.3414239230357357e+17
1.0780000000000003	3.3324796415659514e+17
1.0790000000000002	3.349835361057548e+17
1.0800000000000003	3.291995854630118e+17
1.0810000000000002	3.2624690545254426e+17
1.0820000000000003	3.365931266733187e+17
1.0830000000000002	3.4318558378955283e+17
1.0840000000000003	3.451214115112542e+17
1.0850000000000002	3.411288586452617e+17
1.0860000000000003	3.362003758440721e+17
1.0870000000000002	3.4163707484163034e+17
1.0880000000000003	3.371506605234703e+17
1.0890000000000002	3.320267665066543e+17
1.0900000000000003	3.373979556189771e+17
1.0910000000000002	3.362347455069926e+17
1.0920000000000003	3.335886833528289e+17
1.0930000000000002	3.357232676964329e+17
1.0940000000000003	3.387136006710237e+17
1.0950000000000002	3.3464176166634944e+17
1.0960000000000003	3.23015901479172e+17
1.0970000000000002	3.288634005731054e+17
1.0980000000000003	3.232535609688125e+17
1.0990000000000002	3.248393010162156e+17
1.1000000000000003	3.2732096730339437e+17
1.1010000000000002	3.293536585609106e+17
1.1020000000000003	3.292789046206489e+17
1.1030000000000002	3.088452702343929e+17
1.104	2.67449301471755e+17
1.1050000000000002	2.6789549434350384e+17
1.106	2.7113924651106038e+17
1.1070000000000002	2.764949490513362e+17
1.108	2.7900099140422643e+17
1.1090000000000002	2.900449957894311e+17
1.11	2.8494058548331683e+17
1.1110000000000002	2.7289409101587034e+17
1.112	2.965119731408358e+17
1.1130000000000002	2.9112654845722765e+17
1.114	2.9962807442201005e+17
1.1150000000000002	2.964571823929756e+17
1.116	2.8811949272413504e+17
1.1170000000000002	2.792995279321699e+17
1.118	2.9353537190679994e+17
1.1190000000000002	2.875380547140459e+17
1.12	2.8364323494851955e+17
1.1210000000000002	2.937055854127858e+17
1.122	2.953218701252753e+17
1.1230000000000002	3.0161099111965056e+17
1.124	3.038295242372494e+17
1.1250000000000002	2.991031118157264e+17
1.1260000000000001	2.96953317727624e+17
1.1270000000000002	3.090880954079988e+17
1.1280000000000001	3.055676447413546e+17
1.1290000000000002	3.085091055411288e+17
1.1300000000000001	2.9612547793315405e+17
1.1310000000000002	3.01715928872749e+17
1.1320000000000001	3.054910047778101e+17
1.1330000000000002	3.081585842398275e+17
1.1340000000000001	2.930304750869e+17
1.1350000000000002	2.884695077670318e+17
1.1360000000000001	3.041872396957592e+17
1.1370000000000002	3.050100530810111e+17
1.1380000000000001	2.8681662277371277e+17
1.1390000000000002	2.985488152209174e+17
1.1400000000000001	3.0985311626341754e+17
1.1410000000000002	2.8583907351276765e+17
1.1420000000000001	3.1283957084218246e+17
1.1430000000000002	3.0290558957456896e+17
1.1440000000000001	2.92599810100894e+17
1.1450000000000002	3.091916100778794e+17
1.1460000000000001	3.1003471543404915e+17
1.1470000000000002	3.1443665936847526e+17
1.1480000000000001	3.0687106211293523e+17
1.1490000000000002	3.1826115688104934e+17
1.1500000000000001	3.174862512630958e+17
1.1510000000000002	3.1263508416604326e+17
1.1520000000000001	3.119915765448968e+17
1.1530000000000002	3.1049418363841024e+17
1.1540000000000001	3.0920411687907206e+17
1.1550000000000002	3.169459834299735e+17
1.1560000000000001	3.144506191489615e+17
1.1570000000000003	3.1151122176796294e+17
1.1580000000000001	3.107224023708565e+17
1.1590000000000003	3.1873225580999814e+17
1.1600000000000001	3.038134105271268e+17
1.1610000000000003	3.0128907697948154e+17
1.1620000000000001	3.1146973084398086e+17
1.1630000000000003	3.2284748192447917e+17
1.1640000000000001	3.036646537298176e+17
1.1650000000000003	3.213674498876032e+17
1.1660000000000001	3.099026816732696e+17
1.1670000000000003	3.153552127516551e+17
1.1680000000000001	3.134847862756849e+17
1.1690000000000003	2.915284516794535e+17
1.1700000000000002	3.1086108957646534e+17
1.1710000000000003	3.1440800273917357e+17
1.1720000000000002	3.097659237351792e+17
1.1730000000000003	3.139405882915503e+17
1.1740000000000002	2.996798910236252e+17
1.1750000000000003	3.030530309109289e+17
1.1760000000000002	2.986327390385743e+17
1.1770000000000003	2.935926700075465e+17
1.1780000000000002	2.8016148060797363e+17
1.1790000000000003	2.941878292743192e+17
1.1800000000000002	2.94269970626797e+17
1.1810000000000003	3.00915686625844e+17
1.1820000000000002	2.9399241265797946e+17
1.1830000000000003	2.875994995306387e+17
1.1840000000000002	2.9350674296064294e+17
1.1850000000000003	2.91463906757317e+17
1.1860000000000002	2.970988827950456e+17
1.1870000000000003	2.9807630552391424e+17
1.1880000000000002	2.92857755537553e+17
1.1890000000000003	2.7545957340638928e+17
1.1900000000000002	2.900291537761281e+17
1.1910000000000003	2.9228458497196954e+17
1.1920000000000002	2.93095533408275e+17
1.1930000000000003	3.005766641746015e+17
1.1940000000000002	2.907515020791462e+17
1.1950000000000003	2.9066875649748506e+17
1.1960000000000002	2.9551821283697395e+17
1.1970000000000003	2.970238615258136e+17
1.1980000000000002	2.8259148632954333e+17
1.1990000000000003	2.9580661142990234e+17
1.2000000000000002	2.987370520625958e+17
1.2010000000000003	3.032257737373615e+17
1.2020000000000002	3.0292900725417325e+17
1.2030000000000003	2.961734902002714e+17
1.2040000000000002	3.0571736287104435e+17
1.2050000000000003	3.0584953742608826e+17
1.2060000000000002	3.1258276343050355e+17
1.2070000000000003	3.027096915245089e+17
1.2080000000000002	3.0559415301854694e+17
1.2090000000000003	3.0116357409411706e+17
1.2100000000000002	3.1676391013028794e+17
1.2110000000000003	3.092675185046323e+17
1.2120000000000002	3.095844432082746e+17
1.2130000000000003	3.0632094880579206e+17
1.2140000000000002	3.1659214992616736e+17
1.2150000000000003	3.1919360829656704e+17
1.2160000000000002	3.138320681965764e+17
1.2170000000000003	3.122133009533057e+17
1.2180000000000002	3.197840959698731e+17
1.2190000000000003	3.1848204398084294e+17
1.2200000000000002	3.207661714295315e+17
1.2210000000000003	3.1788323494538816e+17
1.2220000000000002	3.166747015186401e+17
1.2230000000000003	3.181370610927445e+17
1.2240000000000002	3.178718357692833e+17
1.2250000000000003	3.2127846753166976e+17
1.2260000000000002	3.200804748487389e+17
1.2270000000000003	3.2130207942634963e+17
1.2280000000000002	3.2061115249364416e+17
1.2290000000000003	3.245264070191306e+17
1.2300000000000002	3.189272713649772e+17
1.2310000000000003	3.222965679650875e+17
1.2320000000000002	3.1771296430218643e+17
1.2330000000000003	3.2109951145377683e+17
1.2340000000000002	3.214111088776297e+17
1.2350000000000003	3.215086814511815e+17
1.2360000000000002	3.222134230538079e+17
1.2370000000000003	3.2143479966053203e+17
1.2380000000000002	3.2469914692055046e+17
1.2390000000000003	3.205811998635728e+17
1.2400000000000002	3.229293468917992e+17
1.2410000000000003	2.995786990578182e+17
1.2420000000000002	2.9834081505277523e+17
1.2430000000000003	2.984524440948582e+17
1.2440000000000002	2.923519357407269e+17
1.2450000000000003	3.0677119194535936e+17
1.2460000000000002	3.0307266029006016e+17
1.2470000000000003	3.075583716457303e+17
1.2480000000000002	3.029775215306249e+17
1.2490000000000003	3.069789587396753e+17
1.2500000000000002	3.097806848353932e+17
1.2510000000000003	3.1110744242223763e+17
1.2520000000000002	3.106514286511786e+17
1.2530000000000003	3.014890006306889e+17
1.2540000000000002	3.1173852313474157e+17
1.2550000000000003	3.0254835488804077e+17
1.2560000000000002	3.005529588873153e+17
1.2570000000000003	2.935391828719195e+17
1.2580000000000002	2.989025899174274e+17
1.2590000000000003	2.9913555533462285e+17
1.2600000000000002	2.987991740539966e+17
1.2610000000000001	3.016556278534641e+17
1.2620000000000002	3.0255541706981094e+17
1.2630000000000001	3.0591867557557357e+17
1.2640000000000002	2.9934221913397677e+17
1.2650000000000001	3.054235786016409e+17
1.2660000000000002	3.06779268598263e+17
1.2670000000000001	3.060110901703183e+17
1.2680000000000002	3.021462575546906e+17
1.2690000000000001	3.1055179776536474e+17
1.2700000000000002	2.9963745434942816e+17
1.2710000000000001	3.016829452465778e+17
1.2720000000000002	3.073390843551206e+17
1.2730000000000001	3.062781433462727e+17
1.2740000000000002	3.024384042677235e+17
1.2750000000000001	2.9826413781554195e+17
1.2760000000000002	3.0794524881089574e+17
1.2770000000000001	3.092418521028058e+17
1.2780000000000002	3.086520824396976e+17
1.2790000000000001	3.0947779276420045e+17
1.2800000000000002	3.096366558037517e+17
1.2810000000000001	3.084423906494916e+17
1.2820000000000003	3.10047798040127e+17
1.2830000000000001	2.9362635095988006e+17
1.2840000000000003	3.048341415022828e+17
1.2850000000000001	3.0563412605984704e+17
1.2860000000000003	3.0557808552078515e+17
1.2870000000000001	3.110439997285105e+17
1.2880000000000003	3.056824820094162e+17
1.2890000000000001	3.0886898108423456e+17
1.2900000000000003	3.001149320576652e+17
1.2910000000000001	3.0615995248228026e+17
1.2920000000000003	3.084753724571583e+17
1.2930000000000001	3.114263569016103e+17
1.2940000000000003	3.1462364478938515e+17
1.2950000000000002	3.099975424891838e+17
1.2960000000000003	3.140169300190231e+17
1.2970000000000002	3.132409323255287e+17
1.2980000000000003	3.0911441639725734e+17
1.2990000000000002	3.1030448080719066e+17
1.3000000000000003	3.135832986905079e+17
1.3010000000000002	3.104069896578462e+17
1.3020000000000003	3.116510500503481e+17
1.3030000000000002	3.139534755486249e+17
1.3040000000000003	3.133192347398068e+17
1.3050000000000002	3.131870213846008e+17
1.3060000000000003	3.1430724266838336e+17
1.3070000000000002	3.0825921628870054e+17
1.3080000000000003	3.077572058747009e+17
1.3090000000000002	3.0595237545843616e+17
1.3100000000000003	3.052025568884772e+17
1.3110000000000002	3.1110986556460365e+17
1.3120000000000003	3.061982138479024e+17
1.3130000000000002	2.8777635180042864e+17
1.3140000000000003	3.0315209629265395e+17
1.3150000000000002	2.945961978849144e+17
1.3160000000000003	3.032906690706246e+17
1.3170000000000002	3.066905377687338e+17
1.3180000000000003	3.018446745376243e+17
1.3190000000000002	3.055762633684928e+17
1.3200000000000003	3.018684196620137e+17
1.3210000000000002	3.062422874237057e+17
1.3220000000000003	2.9461468996065734e+17
1.3230000000000002	3.037096561264778e+17
1.3240000000000003	2.9987648925787757e+17
1.3250000000000002	2.851371776635688e+17
1.3260000000000003	2.988838070494762e+17
1.3270000000000002	2.855496213376909e+17
1.3280000000000003	2.881642659756735e+17
1.3290000000000002	2.8573887046458403e+17
1.3300000000000003	2.7904720638456794e+17
1.3310000000000002	2.6896045803964253e+17
1.3320000000000003	2.358140320421293e+17
1.3330000000000002	2.4921510798279926e+17
1.3340000000000003	2.4263337866264816e+17
1.3350000000000002	1.7846669343138365e+17
1.3360000000000003	2.130976413772577e+17
1.3370000000000002	1.9129794719672576e+17
1.3380000000000003	2.185110288352026e+17
1.3390000000000002	2.0626375101051782e+17
1.3400000000000003	2.3682439446097226e+17
1.3410000000000002	2.1422394081998416e+17
1.3420000000000003	1.90119362395182e+17
1.3430000000000002	1.7921321408733334e+17
1.3440000000000003	2.1991106321102266e+17
1.3450000000000002	1.9434816233031382e+17
1.3460000000000003	2.199690290866919e+17
1.3470000000000002	1.9182496339006765e+17
1.3480000000000003	1.8993234909946384e+17
1.3490000000000002	2.2718101435732947e+17
1.3500000000000003	1.9664899957350685e+17
1.3510000000000002	1.8994911305004605e+17
1.3520000000000003	1.979530026550287e+17
1.3530000000000002	2.0379038211504784e+17
1.3540000000000003	1.8535893347693005e+17
1.3550000000000002	1.8634590657228314e+17
1.3560000000000003	2.0168881338727376e+17
1.3570000000000002	1.9624295348455814e+17
1.3580000000000003	1.830911464236813e+17
1.3590000000000002	1.935606447529573e+17
1.3600000000000003	1.8932241736901014e+17
1.3610000000000002	1.920280697813012e+17
1.3620000000000003	1.6473804184153616e+17
1.3630000000000002	1.8802368650512083e+17
1.3640000000000003	1.9277270712549805e+17
1.3650000000000002	1.8019586668572422e+17
1.3660000000000003	1.9601632413237955e+17
1.3670000000000002	1.872265305248776e+17
1.3680000000000003	1.8662922793237008e+17
1.3690000000000002	1.8190657573611773e+17
1.3700000000000003	1.8576017119714298e+17
1.3710000000000002	1.7375713916266816e+17
1.3720000000000003	1.8444960334704262e+17
1.3730000000000002	1.8317236806602755e+17
1.3740000000000003	1.7686517530880064e+17
1.3750000000000002	1.8916730965899338e+17
1.3760000000000003	1.917691519704017e+17
1.3770000000000002	1.873152290556612e+17
1.3780000000000003	1.9499874045452774e+17
1.3790000000000002	1.8492382670927856e+17
1.3800000000000003	1.997044303239293e+17
1.3810000000000002	1.894563692975671e+17
1.3820000000000003	2.004768306032415e+17
1.3830000000000002	1.8147425961144992e+17
1.3840000000000003	1.9504098466884083e+17
1.3850000000000002	1.9785663270867818e+17
1.3860000000000003	1.8762613562222816e+17
1.3870000000000002	1.9255805481969622e+17
1.3880000000000003	1.8228244532048598e+17
1.3890000000000002	2.0334748367875475e+17
1.3900000000000003	1.7147332784099184e+17
1.3910000000000002	1.535317838547767e+17
1.3920000000000003	1.6372944091737238e+17
1.3930000000000002	1.5871791175661494e+17
1.3940000000000003	1.6789524874427536e+17
1.3950000000000002	1.7421437773099107e+17
1.3960000000000004	1.7906114607401757e+17
1.3970000000000002	1.7167104227421514e+17
1.3980000000000004	1.542268362894043e+17
1.3990000000000002	1.728480297725882e+17
1.4000000000000004	1.6370068652936208e+17
1.4010000000000002	1.5377623876242797e+17
1.4020000000000004	1.761246010256181e+17
1.4030000000000002	1.7413761467219066e+17
1.4040000000000004	1.6178778095994282e+17
1.4050000000000002	1.715644323430184e+17
1.4060000000000004	1.8058443686852717e+17
1.4070000000000003	1.5794415030696966e+17
1.4080000000000004	1.621942596993422e+17
1.4090000000000003	1.5194053185420032e+17
1.4100000000000004	1.6373390520635872e+17
1.4110000000000003	1.5316393494348794e+17
1.4120000000000004	1.5264023202808563e+17
1.4130000000000003	1.6433684849348218e+17
1.4140000000000004	1.5905781007624464e+17
1.4150000000000003	1.450934730578645e+17
1.4160000000000004	1.5890935727478826e+17
1.4170000000000003	1.4279727720904848e+17
1.4180000000000001	1.3861527267523648e+17
1.4190000000000003	1.4079674053410618e+17
1.4200000000000002	1.6302779588429174e+17
1.4210000000000003	1.5770651074875312e+17
1.4220000000000002	1.4365703196546595e+17
1.4230000000000003	1.544138475069629e+17
1.4240000000000002	1.448327604721722e+17
1.4250000000000003	1.457861563437533e+17
1.4260000000000002	1.391657024073883e+17
1.4270000000000003	1.4781816206378634e+17
1.4280000000000002	1.4816263327659958e+17
1.4290000000000003	1.2588564317833509e+17
1.4300000000000002	1.669045558059247e+17
1.4310000000000003	1.5871062396025088e+17
1.4320000000000002	1.428992401078488e+17
1.4330000000000003	1.522570250446921e+17
1.4340000000000002	1.2859923239587109e+17
1.4350000000000003	1.567341309155559e+17
1.4360000000000002	1.482067303402596e+17
1.4370000000000003	1.4127700764402893e+17
1.4380000000000002	1.537397308769684e+17
1.4390000000000003	1.5245776844806768e+17
1.4400000000000002	1.5064544345538467e+17
1.4410000000000003	1.4156763156782506e+17
1.4420000000000002	1.4979460771797075e+17
1.4430000000000003	1.5934012025410358e+17
1.4440000000000002	1.5759046861213587e+17
1.4450000000000003	1.496354838613738e+17
1.4460000000000002	1.5882060778142694e+17
1.4470000000000003	1.4087276625463037e+17
1.4480000000000002	1.5158079388787946e+17
1.4490000000000003	1.714281900427069e+17
1.4500000000000002	1.4745892385496157e+17
1.4510000000000003	1.4413654100130874e+17
1.4520000000000002	1.708655283735766e+17
1.4530000000000003	1.560926125276912e+17
1.4540000000000002	1.47156537907981e+17
1.4550000000000003	1.7528846144359872e+17
1.4560000000000002	1.465946850296809e+17
1.4570000000000003	1.5083122765033168e+17
1.4580000000000002	1.6069109458818093e+17
1.4590000000000003	1.6117502049626378e+17
1.4600000000000002	1.5540455912002243e+17
1.4610000000000003	1.3761194759868205e+17
1.4620000000000002	1.4871780857961395e+17
1.4630000000000003	1.3282936542803442e+17
1.4640000000000002	1.592689682031707e+17
1.4650000000000003	1.441806668218873e+17
1.4660000000000002	1.6090468496491898e+17
1.4670000000000003	1.5111747420272874e+17
1.4680000000000002	1.3628529102827952e+17
1.4690000000000003	1.398464366347755e+17
1.4700000000000002	1.3701851733916189e+17
1.4710000000000003	1.4850763462830397e+17
1.4720000000000002	1.4565480593448858e+17
1.4730000000000003	1.5522958294881258e+17
1.4740000000000002	1.4052114890073731e+17
1.4750000000000003	1.4684372503423133e+17
1.4760000000000002	1.419378966102633e+17
1.4770000000000003	1.469298374918152e+17
1.4780000000000002	1.406290616984017e+17
1.4790000000000003	1.6673208779883488e+17
1.4800000000000002	1.3728539500558146e+17
1.4810000000000003	1.4848337260410528e+17
1.4820000000000002	1.3885094431982715e+17
1.4830000000000003	1.5027513176701178e+17
1.4840000000000002	1.6396462854565917e+17
1.4850000000000003	1.4650722283299315e+17
1.4860000000000002	1.5026545715808906e+17
1.4870000000000003	1.5557213506923053e+17
1.4880000000000002	1.4525499772780682e+17
1.4890000000000003	1.4496871334614106e+17
1.4900000000000002	1.516827832693693e+17
1.4910000000000003	1.5661525398104237e+17
1.4920000000000002	1.5451524804938454e+17
1.4930000000000003	1.4876820980199638e+17
1.4940000000000002	1.439099589297051e+17
1.4950000000000003	1.5948584179724218e+17
1.4960000000000002	1.5606412839009837e+17
1.4970000000000003	1.6394573957840435e+17
1.4980000000000002	1.611194968796566e+17
1.4990000000000003	1.652409201107683e+17
1.5000000000000002	1.5236259248427478e+17
1.5010000000000003	1.501912486656764e+17
1.5020000000000002	1.4151537825762206e+17
1.5030000000000003	1.6356969914442326e+17
1.5040000000000002	1.51918985274555e+17
1.5050000000000003	1.5555581901616077e+17
1.5060000000000002	1.5360431400685363e+17
1.5070000000000003	1.693352840589393e+17
1.5080000000000002	1.5207617077364794e+17
1.5090000000000003	1.6552474818181818e+17
1.5100000000000002	1.58849228503585e+17
1.5110000000000003	1.6337786315691882e+17
1.5120000000000002	1.657632015566591e+17
1.5130000000000003	1.5265062530928816e+17
1.5140000000000002	1.5972463895536275e+17
1.5150000000000003	1.6973377653993622e+17
1.5160000000000002	1.6897229794125376e+17
1.5170000000000003	1.585257108613671e+17
1.5180000000000002	1.632053492490524e+17
1.5190000000000003	1.6295946119939533e+17
1.5200000000000002	1.632585246019104e+17
1.5210000000000004	1.780810881609493e+17
1.5220000000000002	1.7362341520768755e+17
1.5230000000000004	1.7488621570580643e+17
1.5240000000000002	1.6641860447230093e+17
1.5250000000000004	1.5916151945274845e+17
1.5260000000000002	1.590065540107952e+17
1.5270000000000004	1.6076327191428387e+17
1.5280000000000002	1.6729246942108387e+17
1.5290000000000004	1.6457796615457344e+17
1.5300000000000002	1.857687631776875e+17
1.5310000000000004	1.7248842901939702e+17
1.5320000000000003	1.5212437731832285e+17
1.5330000000000004	1.6169592557163693e+17
1.5340000000000003	1.8108241908733613e+17
1.5350000000000004	1.7176960311372963e+17
1.5360000000000003	1.783803573329117e+17
1.5370000000000004	1.6541186025613962e+17
1.5380000000000003	1.580911399205347e+17
1.5390000000000004	1.6827401624039594e+17
1.5400000000000003	1.608760972659291e+17
1.5410000000000004	1.5238177685199738e+17
1.5420000000000003	1.772435615117329e+17
1.5430000000000004	1.5809775537648794e+17
1.5440000000000003	1.6579635274184592e+17
1.5450000000000004	1.7926707598457126e+17
1.5460000000000003	1.8649894159129594e+17
1.5470000000000004	1.680188115371422e+17
1.5480000000000003	1.7038394848796298e+17
1.5490000000000004	1.8033196026124298e+17
1.5500000000000003	1.8306384484905504e+17
1.5510000000000004	1.6457889813198688e+17
1.5520000000000003	1.8327204858645264e+17
1.5530000000000004	1.8913336693977974e+17
1.5540000000000003	1.750566686814402e+17
1.5550000000000004	1.7333069761711693e+17
1.5560000000000003	1.7401965904310646e+17
1.5570000000000004	1.7460522762551882e+17
1.5580000000000003	1.6258933834239638e+17
1.5590000000000004	1.783038306759433e+17
1.5600000000000003	1.7455677678370976e+17
1.5610000000000004	1.8356025527624976e+17
1.5620000000000003	1.8583273322698422e+17
1.5630000000000004	1.8621339009028445e+17
1.5640000000000003	1.9263922610823667e+17
1.5650000000000004	1.7912719220878627e+17
1.5660000000000003	1.623326150475734e+17
1.5670000000000004	1.962331522105101e+17
1.5680000000000003	2.024428603082106e+17
1.5690000000000004	1.906615407752142e+17
1.5700000000000003	1.7890454680473027e+17
1.5710000000000004	1.9391256236595696e+17
1.5720000000000003	1.8576199686216074e+17
1.5730000000000004	1.8724709657385872e+17
1.5740000000000003	1.9933713708359456e+17
1.5750000000000004	1.9074190680772806e+17
1.5760000000000003	1.8466313055834477e+17
1.5770000000000002	1.8899953058095846e+17
1.5780000000000003	1.8174326769943373e+17
1.5790000000000002	1.9633128878212464e+17
1.5800000000000003	1.9318339415636886e+17
1.5810000000000002	2.0353146406832467e+17
1.5820000000000003	1.9619553928039043e+17
1.5830000000000002	1.9870539606440045e+17
1.5840000000000003	1.9357362869373386e+17
1.5850000000000002	1.9123264517336752e+17
1.5860000000000003	2.1450298459629552e+17
1.5870000000000002	2.042301626518925e+17
1.5880000000000003	2.086604206339999e+17
1.5890000000000002	1.9790852785547434e+17
1.5900000000000003	1.792162682942737e+17
1.5910000000000002	2.0872826460503427e+17
1.5920000000000003	2.002839636465709e+17
1.5930000000000002	2.0281539914436813e+17
1.5940000000000003	2.1725345596195184e+17
1.5950000000000002	2.1940462416750765e+17
1.5960000000000003	2.1704341869885725e+17
1.5970000000000002	2.0969528955201427e+17
1.5980000000000003	2.056859288944347e+17
1.5990000000000002	2.0656929610894448e+17
1.6000000000000003	2.165626629616964e+17
1.6010000000000002	2.1442708847879235e+17
1.6020000000000003	2.0214611902080883e+17
1.6030000000000002	2.2287923650536877e+17
1.6040000000000003	2.040632025857257e+17
1.6050000000000002	2.1773192681043216e+17
1.6060000000000003	2.1024858457639427e+17
1.6070000000000002	2.0937088628620112e+17
1.6080000000000003	2.1547878423414032e+17
1.6090000000000002	2.255213417157014e+17
1.6100000000000003	2.2441938840270666e+17
1.6110000000000002	2.1771058439443885e+17
1.6120000000000003	2.2802349513904938e+17
1.6130000000000002	2.2040690673125917e+17
1.6140000000000003	2.1874157772807104e+17
1.6150000000000002	2.2612274011902934e+17
1.6160000000000003	2.08933365295597e+17
1.6170000000000002	2.3985289225778685e+17
1.6180000000000003	2.3963284128959414e+17
1.6190000000000002	2.0247322856543254e+17
1.6200000000000003	2.050840757533453e+17
1.6210000000000002	1.9991504811719776e+17
1.6220000000000003	2.1724218701711776e+17
1.6230000000000002	2.1129879753132422e+17
1.6240000000000003	2.3348586767334038e+17
1.6250000000000002	2.1196866478069424e+17
1.6260000000000003	2.1517491820821645e+17
1.6270000000000002	2.3204198005599354e+17
1.6280000000000003	2.3622289783934646e+17
1.6290000000000002	2.381415923987066e+17
1.6300000000000003	2.261117609470347e+17
1.6310000000000002	2.3481391384218365e+17
1.6320000000000003	2.2343989797980278e+17
1.6330000000000002	2.4436620340394566e+17
1.6340000000000003	2.3730964256748496e+17
1.6350000000000002	2.3113519322534848e+17
1.6360000000000003	2.291185574772317e+17
1.6370000000000002	2.3272289494162886e+17
1.6380000000000003	2.4900483771757827e+17
1.6390000000000002	2.3526035235986714e+17
1.6400000000000003	2.2450934871019674e+17
1.6410000000000002	2.3103863725355386e+17
1.6420000000000003	2.3879899126783603e+17
1.6430000000000002	2.410047804556324e+17
1.6440000000000003	2.391790494094549e+17
1.6450000000000002	2.2365777470111142e+17
1.6460000000000004	2.368075268267805e+17
1.6470000000000002	2.4916764786371706e+17
1.6480000000000004	2.3784660624695267e+17
1.6490000000000002	2.4715201561577165e+17
1.6500000000000004	2.4608538869276352e+17
1.6510000000000002	2.486135862281276e+17
1.6520000000000004	2.513088193032406e+17
1.6530000000000002	2.3881218090514246e+17
1.6540000000000004	2.362364884916552e+17
1.6550000000000002	2.481747786997721e+17
1.6560000000000004	2.6353675378751235e+17
1.6570000000000003	2.5828557142672477e+17
1.6580000000000004	2.5447641803926093e+17
1.6590000000000003	2.395353939394015e+17
1.6600000000000004	2.5088117440081584e+17
1.6610000000000003	2.3844853897032957e+17
1.6620000000000004	2.3539702911562256e+17
1.6630000000000003	2.4955965309879475e+17
1.6640000000000004	2.484771421974647e+17
1.6650000000000003	2.4414046966293757e+17
1.6660000000000004	2.429517084066059e+17
1.6670000000000003	2.4232911058669104e+17
1.6680000000000004	2.4842707188788554e+17
1.6690000000000003	2.4761777859239965e+17
1.6700000000000004	2.507410371456883e+17
1.6710000000000003	2.4354578620735114e+17
1.6720000000000004	2.2808341715616346e+17
1.6730000000000003	2.3832000869232806e+17
1.6740000000000004	2.608100432389856e+17
1.6750000000000003	2.4611421896852694e+17
1.6760000000000004	2.4063516037542358e+17
1.6770000000000003	2.4329163346157514e+17
1.6780000000000004	2.6263937427045222e+17
1.6790000000000003	2.6113310145078928e+17
1.6800000000000004	2.5433305360177526e+17
1.6810000000000003	2.6032051954966656e+17
1.6820000000000004	2.5807863042607587e+17
1.6830000000000003	2.5945567155245507e+17
1.6840000000000004	2.401970793184662e+17
1.6850000000000003	2.5085036795374272e+17
1.6860000000000004	2.507282760303547e+17
1.6870000000000003	2.3832037870068253e+17
1.6880000000000004	2.3293955809505725e+17
1.6890000000000003	2.3072063536410838e+17
1.6900000000000004	2.3836934581475392e+17
1.6910000000000003	2.3206683790461907e+17
1.6920000000000004	2.4274932797297357e+17
1.6930000000000003	2.510595833344008e+17
1.6940000000000004	2.5228132516827904e+17
1.6950000000000003	2.4451490993122592e+17
1.6960000000000004	2.3943246595395686e+17
1.6970000000000003	2.4245755896165776e+17
1.6980000000000004	2.3568659807778173e+17
1.6990000000000003	2.401231380083723e+17
1.7000000000000004	2.3261396447238896e+17
1.7010000000000003	2.323216151790012e+17
1.7020000000000004	2.414074762164434e+17
1.7030000000000003	2.3890052884343222e+17
1.7040000000000004	2.2825679243261968e+17
1.7050000000000003	2.2844676728943786e+17
1.7060000000000004	2.351630796084661e+17
1.7070000000000003	2.1090978640769043e+17
1.7080000000000004	2.1535110698521645e+17
1.7090000000000003	2.1534547126690992e+17
1.7100000000000004	2.1699290519324406e+17
1.7110000000000003	1.776672474171963e+17
1.7120000000000004	2.0201212917758512e+17
1.7130000000000003	2.2495510678193955e+17
1.7140000000000004	2.0662048128187283e+17
1.7150000000000003	2.1823772732109005e+17
1.7160000000000004	2.1005963298440378e+17
1.7170000000000003	2.0011427352507885e+17
1.7180000000000004	1.9069617647399882e+17
1.7190000000000003	1.879338360256376e+17
1.7200000000000004	1.9879548873912202e+17
1.7210000000000003	1.956843382757465e+17
1.7220000000000004	2.1517515039282595e+17
1.7230000000000003	1.914360309372158e+17
1.7240000000000004	1.8473458722976586e+17
1.7250000000000003	2.055489066536098e+17
1.7260000000000004	2.069639469106543e+17
1.7270000000000003	1.6798380551515904e+17
1.7280000000000004	2.1058615412700522e+17
1.7290000000000003	1.9887048508404272e+17
1.7300000000000004	1.908451525809739e+17
1.7310000000000003	2.067482422119201e+17
1.7320000000000004	1.720623302938376e+17
1.7330000000000003	1.919278360539536e+17
1.7340000000000002	1.758733362734841e+17
1.7350000000000003	1.650947258928514e+17
1.7360000000000002	1.9439393689774538e+17
1.7370000000000003	1.7961645949147654e+17
1.7380000000000002	1.8760002658433686e+17
1.7390000000000003	1.870674580465476e+17
1.7400000000000002	1.8007842840721942e+17
1.7410000000000003	1.8116931322037587e+17
1.7420000000000002	1.947595775579899e+17
1.7430000000000003	1.6327376450038576e+17
1.7440000000000002	1.7807734680201955e+17
1.7450000000000003	1.7872068094228723e+17
1.7460000000000002	1.8656867655122285e+17
1.7470000000000003	1.7304330073096234e+17
1.7480000000000002	1.7041039701031466e+17
1.7490000000000003	1.904317716561482e+17
1.7500000000000002	1.623206510780994e+17
1.7510000000000003	1.6393208908245008e+17
1.7520000000000002	1.705605088381833e+17
1.7530000000000003	1.8377180238852826e+17
1.7540000000000002	1.6009789826444208e+17
1.7550000000000003	1.696622498449943e+17
1.7560000000000002	1.445168858738403e+17
1.7570000000000003	1.6258746822886688e+17
1.7580000000000002	1.6117782686879984e+17
1.7590000000000003	1.5121177983811053e+17
1.7600000000000002	1.7058036876356314e+17
1.7610000000000003	1.4983664939264118e+17
1.7620000000000002	1.5510612738091856e+17
1.7630000000000003	1.4383825719378379e+17
1.7640000000000002	1.6985662633729494e+17
1.7650000000000003	1.6331143692442445e+17
1.7660000000000002	1.690206564613936e+17
1.7670000000000003	1.5148994363711683e+17
1.7680000000000002	1.3707019771010178e+17
1.7690000000000003	1.4257111302503763e+17
1.7700000000000002	1.681922164493365e+17
1.7710000000000004	1.56665771602512e+17
1.7720000000000002	1.37322017338967e+17
1.7730000000000004	1.331268628095937e+17
1.7740000000000002	1.5723076455144384e+17
1.7750000000000004	1.3408125762810258e+17
1.7760000000000002	1.4394969917327797e+17
1.7770000000000004	1.3320573166720102e+17
1.7780000000000002	1.3681228511355069e+17
1.7790000000000004	1.4160603563113472e+17
1.7800000000000002	1.3135114597122936e+17
1.7810000000000004	1.3984985280309426e+17
1.7820000000000003	1.3209552880633544e+17
1.7830000000000004	1.2675360264289376e+17
1.7840000000000003	1.542941480689351e+17
1.7850000000000004	1.3414119318832989e+17
1.7860000000000003	1.241505836556221e+17
1.7870000000000004	1.1328109258396133e+17
1.7880000000000003	1.3969503898808389e+17
1.7890000000000004	1.2919524139997197e+17
1.7900000000000003	1.4229683192089971e+17
1.7910000000000004	1.2861237756618152e+17
1.7920000000000003	1.226664693934778e+17
1.7930000000000004	1.279144104699022e+17
1.7940000000000003	1.3086797721115493e+17
1.7950000000000004	1.1451436928276171e+17
1.7960000000000003	1.229237544397515e+17
1.7970000000000004	1.4259405111424826e+17
1.7980000000000003	1.3164333721572686e+17
1.7990000000000004	1.2578372530095734e+17
1.8000000000000003	1.1090390664116088e+17
1.8010000000000004	1.110877331187885e+17
1.8020000000000003	1.1899044119589222e+17
1.8030000000000004	1.0388922398189026e+17
1.8040000000000003	1.238404052173103e+17
1.8050000000000004	1.2172765929937747e+17
1.8060000000000003	1.1132035438939522e+17
1.8070000000000004	1.1880042462585813e+17
1.8080000000000003	1.1805920363154309e+17
1.8090000000000004	1.0821716709840139e+17
1.8100000000000003	1.232195295917568e+17
1.8110000000000004	9.809822627859957e+16
1.8120000000000003	1.2178249185843922e+17
1.8130000000000004	1.0141544317162102e+17
1.8140000000000003	1.3008223990029138e+17
1.8150000000000004	1.290993555535464e+17
1.8160000000000003	1.2504920535738581e+17
1.8170000000000004	1.1508270993991538e+17
1.8180000000000003	1.114350549364384e+17
1.8190000000000004	1.122953401632273e+17
1.8200000000000003	1.0160541964274774e+17
1.8210000000000004	1.1349752871808738e+17
1.8220000000000003	9.346760748476005e+16
1.8230000000000004	1.2151676542453763e+17
1.8240000000000003	1.3806002630337304e+17
1.8250000000000004	1.0694643815164982e+17
1.8260000000000003	9.735716913462824e+16
1.8270000000000004	1.1550044051255362e+17
1.8280000000000003	1.0624013207047077e+17
1.8290000000000004	1.0711610875376078e+17
1.8300000000000003	1.1229219081470987e+17
1.8310000000000004	1.0765840539662445e+17
1.8320000000000003	1.1012004233119806e+17
1.8330000000000004	9.579793185957382e+16
1.8340000000000003	1.1545945016539469e+17
1.8350000000000004	1.0411029104884278e+17
1.8360000000000003	1.0934629759357637e+17
1.8370000000000004	1.1874991841541907e+17
1.8380000000000003	9.997166049634949e+16
1.8390000000000004	1.093438662945036e+17
1.8400000000000003	9.374540878890379e+16
1.8410000000000004	1.1825371551608261e+17
1.8420000000000003	9.31613574158629e+16
1.8430000000000004	9.705422132709274e+16
1.8440000000000003	9.90656002765988e+16
1.8450000000000004	9.536056820597843e+16
1.8460000000000003	9.911303467585827e+16
1.8470000000000004	8.493317059735682e+16
1.8480000000000003	8.976034279923491e+16
1.8490000000000004	9.183386688176752e+16
1.8500000000000003	8.728151823480878e+16
1.8510000000000004	1.0583625987794752e+17
1.8520000000000003	1.0880358898912771e+17
1.8530000000000004	9.265020219735811e+16
1.8540000000000003	9.672828473286709e+16
1.8550000000000004	9.852607658008464e+16
1.8560000000000003	9.6296385399742e+16
1.8570000000000004	8.104006992102928e+16
1.8580000000000003	7.48056308925584e+16
1.8590000000000004	7.641348355804378e+16
1.8600000000000003	8.143194677452602e+16
1.8610000000000004	7.936779534902477e+16
1.8620000000000003	9.13953282807841e+16
1.8630000000000004	8.934987692415872e+16
1.8640000000000003	9.555659859910184e+16
1.8650000000000004	7.990193635128667e+16
1.8660000000000003	9.554444884336318e+16
1.8670000000000004	9.20699044702983e+16
1.8680000000000003	8.617406632702675e+16
1.8690000000000004	9.476853834585032e+16
1.8700000000000003	9.905104185257275e+16
1.8710000000000004	8.815967410409048e+16
1.8720000000000003	9.754127673599032e+16
1.8730000000000004	7.709273590838248e+16
1.8740000000000003	9.420557687943651e+16
1.8750000000000004	8.700638094580086e+16
1.8760000000000003	9.453888575817298e+16
1.8770000000000004	8.852194095690544e+16
1.8780000000000003	8.499978352645173e+16
1.8790000000000004	7.610071631915744e+16
1.8800000000000003	8.918673997675466e+16
1.8810000000000004	9.756893851854866e+16
1.8820000000000003	9.776706125417968e+16
1.8830000000000005	1.0805052572285475e+17
1.8840000000000003	1.064493609173903e+17
1.8850000000000005	8.49317743365455e+16
1.8860000000000003	9.434625782744912e+16
1.8870000000000005	8.95057774535423e+16
1.8880000000000003	1.0490584594872042e+17
1.8890000000000005	8.70527183575879e+16
1.8900000000000003	1.0049672077303909e+17
1.8910000000000002	9.519592238983154e+16
1.8920000000000003	7.273953186302557e+16
1.8930000000000002	7.79444619156635e+16
1.8940000000000003	9.055254213408826e+16
1.8950000000000002	9.396210618054198e+16
1.8960000000000004	8.917256600775888e+16
1.8970000000000002	1.0694707468354789e+17
1.8980000000000004	8.625121673956106e+16
1.8990000000000002	9.143444319656635e+16
1.9000000000000004	1.0724326520546989e+17
1.9010000000000002	9.252665639768302e+16
1.9020000000000004	1.0504095986525587e+17
1.9030000000000002	8.967639502913702e+16
1.9040000000000004	9.300698318444787e+16
1.9050000000000002	8.905537821770115e+16
1.9060000000000004	9.60587371411209e+16
1.9070000000000003	9.302611898087885e+16
1.9080000000000004	1.0223685084842526e+17
1.9090000000000003	9.100933164958741e+16
1.9100000000000004	9.468991960236786e+16
1.9110000000000003	7.87789168405207e+16
1.9120000000000004	9.096169596716717e+16
1.9130000000000003	9.88269326538435e+16
1.9140000000000004	1.0603436255166635e+17
1.9150000000000003	1.0339127447789787e+17
1.9160000000000004	8.46796483047196e+16
1.9170000000000003	8.51463383826848e+16
1.9180000000000004	8.70113800734254e+16
1.9190000000000003	9.812279309110693e+16
1.9200000000000004	9.782617872711466e+16
1.9210000000000003	8.944376054871277e+16
1.9220000000000004	9.350562614363141e+16
1.9230000000000003	9.81097150273405e+16
1.9240000000000004	8.677598337783683e+16
1.9250000000000003	9.934600134960987e+16
1.9260000000000004	8.867041209858526e+16
1.9270000000000003	8.233521746772366e+16
1.9280000000000004	1.0584366507505213e+17
1.9290000000000003	9.09468940179021e+16
1.9300000000000004	8.425642788866776e+16
1.9310000000000003	7.52747475053311e+16
1.9320000000000004	8.91151240366418e+16
1.9330000000000003	9.542686767169133e+16
1.9340000000000004	8.781526444282166e+16
1.9350000000000003	9.408122522844741e+16
1.9360000000000004	1.0009774177166331e+17
1.9370000000000003	9.733305800051374e+16
1.9380000000000004	9.304782725501019e+16
1.9390000000000003	8.23784680989792e+16
1.9400000000000004	8.794692480800726e+16
1.9410000000000003	9.344580268940754e+16
1.9420000000000004	9.725148607374331e+16
1.9430000000000003	8.855334347422512e+16
1.9440000000000004	9.109826252506843e+16
1.9450000000000003	8.879749073363149e+16
1.9460000000000004	8.01449101145011e+16
1.9470000000000003	9.737870434399432e+16
1.9480000000000004	8.83605261725585e+16
1.9490000000000003	8.78360314868695e+16
1.9500000000000004	1.0010331325388794e+17
1.9510000000000003	8.60771640848209e+16
1.9520000000000004	9.153030547007086e+16
1.9530000000000003	8.146057053278978e+16
1.9540000000000004	9.62073406437337e+16
1.9550000000000003	9.608670080800192e+16
1.9560000000000004	7.811336567091803e+16
1.9570000000000003	8.844673697552858e+16
1.9580000000000004	1.0182200804124254e+17
1.9590000000000003	1.1325416764333706e+17
1.9600000000000004	8.905511257442534e+16
1.9610000000000003	8.380140218561971e+16
1.9620000000000004	9.37785241422519e+16
1.9630000000000003	9.511988383454667e+16
1.9640000000000004	8.856206466534675e+16
1.9650000000000003	8.449241675183786e+16
1.9660000000000004	9.38165844406152e+16
1.9670000000000003	9.856752364622314e+16
1.9680000000000004	8.271347600842549e+16
1.9690000000000003	9.681415703837626e+16
1.9700000000000004	1.0276802702757784e+17
1.9710000000000003	8.775627422993605e+16
1.9720000000000004	9.582356844856421e+16
1.9730000000000003	8.830573756571232e+16
1.9740000000000004	8.866342651862989e+16
1.9750000000000003	1.0054061155710323e+17
1.9760000000000004	7.060073141300727e+16
1.9770000000000003	8.960099948434542e+16
1.9780000000000004	7.781529268932341e+16
1.9790000000000003	9.391962889216798e+16
1.9800000000000004	8.277420162965568e+16
1.9810000000000003	8.86469788675818e+16
1.9820000000000004	8.232543334123557e+16
1.9830000000000003	8.792612855870685e+16
1.9840000000000004	8.904180909897982e+16
1.9850000000000003	8.459920796414139e+16
1.9860000000000004	7.796328935782106e+16
1.9870000000000003	8.248299783961179e+16
1.9880000000000004	8.394697692877125e+16
1.9890000000000003	9.364955302271469e+16
1.9900000000000004	7.915388896064293e+16
1.9910000000000003	7.965054914802098e+16
1.9920000000000004	7.685044209781264e+16
1.9930000000000003	9.09512431791202e+16
1.9940000000000004	8.98664272555075e+16
1.9950000000000003	8.385938498629554e+16
1.9960000000000004	9.037759552259058e+16
1.9970000000000003	8.26708366965672e+16
1.9980000000000004	7.949231910417266e+16
1.9990000000000003	8.714783985843298e+16
2.0000000000000004	7.601582492877053e+16
2.0010000000000003	8.019983353208981e+16
2.0020000000000002	8.094281146750254e+16
2.0030000000000006	8.573895022556117e+16
2.0040000000000004	8.213139840577315e+16
2.0050000000000003	8.42157041259493e+16
2.0060000000000002	8.188553261672525e+16
2.0070000000000006	8.10733348479399e+16
2.0080000000000005	9.965826616101726e+16
2.0090000000000003	7.53515846350425e+16
2.0100000000000002	8.307433861089566e+16
2.0110000000000006	7.468420038945346e+16
2.0120000000000005	8.630352838018186e+16
2.0130000000000003	7.995391868610278e+16
2.0140000000000002	8.70071750967599e+16
2.0150000000000006	8.337288790754418e+16
2.0160000000000005	7.854903775239248e+16
2.0170000000000003	7.604031903761152e+16
2.0180000000000002	8.403621421308038e+16
2.0190000000000006	8.035122881500045e+16
2.0200000000000005	6.782584014716369e+16
2.0210000000000004	8.920714045046136e+16
2.0220000000000002	7.838066375108154e+16
2.0230000000000006	8.361227642329573e+16
2.0240000000000005	9.18346536772567e+16
2.0250000000000004	8.318731688681526e+16
2.0260000000000002	7.856783733581941e+16
2.0270000000000006	7.648551254075571e+16
2.0280000000000005	8.404664191676749e+16
2.0290000000000004	6.704890126496712e+16
2.0300000000000002	9.091000048629083e+16
2.0310000000000006	7.446331700034186e+16
2.0320000000000005	9.16502175921308e+16
2.0330000000000004	8.270711921406195e+16
2.0340000000000003	8.156795488403072e+16
2.0350000000000006	8.400423427488582e+16
2.0360000000000005	6.649288418902658e+16
2.0370000000000004	8.590852688844232e+16
2.0380000000000003	8.627110772104557e+16
2.0390000000000006	7.775504647282413e+16
2.0400000000000005	7.526135031825197e+16
2.0410000000000004	7.1881928346411464e+16
2.0420000000000003	8.21071507024977e+16
2.0430000000000006	9.492477286561365e+16
2.0440000000000005	7.181787013191102e+16
2.0450000000000004	7.115041577949666e+16
2.0460000000000003	8.071253597242114e+16
2.0470000000000006	8.551589701082822e+16
2.0480000000000005	8.412304896878554e+16
2.0490000000000004	7.119541529677993e+16
2.0500000000000003	7.508705600638515e+16
2.051	8.610103710296422e+16
2.0520000000000005	7.796440269285214e+16
2.0530000000000004	8.769509098006931e+16
2.0540000000000003	7.14680043006756e+16
2.055	7.87410033466662e+16
2.0560000000000005	7.548857029181616e+16
2.0570000000000004	8.185188158723606e+16
2.0580000000000003	8.501712684328294e+16
2.059	8.196069174897478e+16
2.0600000000000005	8.613203595422758e+16
2.0610000000000004	7.138476529425378e+16
2.0620000000000003	8.150039252530898e+16
2.063	7.910229546118184e+16
2.0640000000000005	6.783891295668772e+16
2.0650000000000004	7.502268313022666e+16
2.0660000000000003	7.364739799638062e+16
2.067	9.003054642937677e+16
2.0680000000000005	7.767103759324507e+16
2.0690000000000004	7.32253032185054e+16
2.0700000000000003	8.745802939688266e+16
2.071	8.368457956198102e+16
2.0720000000000005	7.31536806110562e+16
2.0730000000000004	7.85982350664672e+16
2.0740000000000003	7.36490684524858e+16
2.075	7.673596754989029e+16
2.0760000000000005	8.250503961085035e+16
2.0770000000000004	7.964810297354542e+16
2.0780000000000003	8.259730008066294e+16
2.079	7.816148436213195e+16
2.0800000000000005	7.708677143991686e+16
2.0810000000000004	8.114669759052342e+16
2.0820000000000003	7.912433149137795e+16
2.083	8.025261289448886e+16
2.0840000000000005	7.81540145807012e+16
2.0850000000000004	7.970269928967706e+16
2.0860000000000003	7.989168373533208e+16
2.087	7.487422120105878e+16
2.0880000000000005	8.1757982264255e+16
2.0890000000000004	7.820645566901461e+16
2.0900000000000003	7.460295741797237e+16
2.091	8.959351641606493e+16
2.0920000000000005	7.77259967327088e+16
2.0930000000000004	8.753462224649966e+16
2.0940000000000003	7.41797970407532e+16
2.095	8.33457154310575e+16
2.0960000000000005	7.73112674037587e+16
2.0970000000000004	7.636238790033304e+16
2.0980000000000003	8.623220646320984e+16
2.099	7.994588395629254e+16
2.1000000000000005	8.103690117240558e+16
2.1010000000000004	8.498219071779162e+16
2.1020000000000003	7.964523761709963e+16
2.103	7.96505587876615e+16
2.1040000000000005	8.458103747829664e+16
2.1050000000000004	7.751386338398507e+16
2.1060000000000003	8.44353031747499e+16
2.107	8.208002495966891e+16
2.1080000000000005	7.954267572977458e+16
2.1090000000000004	7.689059231374981e+16
2.1100000000000003	8.516249233487283e+16
2.111	8.610692817462923e+16
2.1120000000000005	7.668776296246466e+16
2.1130000000000004	8.120196714174123e+16
2.1140000000000003	8.617666912082344e+16
2.115	8.428050431920066e+16
2.1160000000000005	8.714772176567594e+16
2.1170000000000004	7.791168673061458e+16
2.1180000000000003	8.068552394142702e+16
2.119	8.027033005320635e+16
2.1200000000000006	8.476424337782198e+16
2.1210000000000004	8.368342050053174e+16
2.1220000000000003	8.499018112828694e+16
2.123	8.351732254531709e+16
2.1240000000000006	8.327853779139701e+16
2.1250000000000004	9.141300097414397e+16
2.1260000000000003	8.312089040593693e+16
2.1270000000000002	8.355140574605582e+16
2.1280000000000006	7.949476545167819e+16
2.1290000000000004	7.87272267566941e+16
2.1300000000000003	8.411257731244482e+16
2.1310000000000002	8.569447153251838e+16
2.1320000000000006	8.613738054474386e+16
2.1330000000000005	8.768716440715258e+16
2.1340000000000003	8.278714047465635e+16
2.1350000000000002	8.650913081632555e+16
2.1360000000000006	8.668723490999667e+16
2.1370000000000005	8.62345621289237e+16
2.1380000000000003	8.28618268788355e+16
2.1390000000000002	8.689212481403462e+16
2.1400000000000006	8.117858548550136e+16
2.1410000000000005	8.4417450253692e+16
2.1420000000000003	8.536778427577474e+16
2.1430000000000002	8.543570952040216e+16
2.1440000000000006	9.468926899687288e+16
2.1450000000000005	9.241079383930077e+16
2.1460000000000004	8.853694465580088e+16
2.1470000000000002	9.095170083167491e+16
2.1480000000000006	8.601368131617405e+16
2.1490000000000005	8.683800179562253e+16
2.1500000000000004	7.957340098011075e+16
2.1510000000000002	8.972257524918096e+16
2.1520000000000006	8.767636607945528e+16
2.1530000000000005	8.225744538666542e+16
2.1540000000000004	8.77949294653277e+16
2.1550000000000002	9.167083258051067e+16
2.1560000000000006	8.594745752226136e+16
2.1570000000000005	8.9449845244801e+16
2.1580000000000004	9.099546961114736e+16
2.1590000000000003	8.912463847698365e+16
2.1600000000000006	8.799433023514662e+16
2.1610000000000005	9.458358372308722e+16
2.1620000000000004	8.656967808409966e+16
2.1630000000000003	8.724686635476662e+16
2.1640000000000006	9.244548149204534e+16
2.1650000000000005	9.358805133799907e+16
2.1660000000000004	8.678059835295098e+16
2.1670000000000003	9.02333379538341e+16
2.1680000000000006	9.388586503905832e+16
2.1690000000000005	9.598486499768195e+16
2.1700000000000004	9.253196835571365e+16
2.1710000000000003	8.716583870454294e+16
2.1720000000000006	8.947453078700802e+16
2.1730000000000005	8.944431760055562e+16
2.1740000000000004	9.221907671396677e+16
2.1750000000000003	9.37934121147307e+16
2.1760000000000006	8.560642097877914e+16
2.1770000000000005	9.186434970228458e+16
2.1780000000000004	8.834428971895434e+16
2.1790000000000003	8.545542228631234e+16
2.1800000000000006	9.102177544790578e+16
2.1810000000000005	9.139299897978394e+16
2.1820000000000004	9.085553842298445e+16
2.1830000000000003	8.985191453037062e+16
2.1840000000000006	9.030929287968411e+16
2.1850000000000005	9.240780884068994e+16
2.1860000000000004	9.169894869924278e+16
2.1870000000000003	9.42455884284399e+16
2.1880000000000006	9.141759522619461e+16
2.1890000000000005	9.276185208117323e+16
2.1900000000000004	8.722500566526517e+16
2.1910000000000003	9.677434076874709e+16
2.1920000000000006	9.335250392099549e+16
2.1930000000000005	8.787241018272222e+16
2.1940000000000004	9.287992964833656e+16
2.1950000000000003	9.671601889705179e+16
2.1960000000000006	9.416222300464272e+16
2.1970000000000005	9.247818787046582e+16
2.1980000000000004	9.703739823752347e+16
2.1990000000000003	9.122121902547592e+16
2.2000000000000006	9.524578539119744e+16
2.2010000000000005	9.685284021698859e+16
2.2020000000000004	9.459874237002826e+16
2.2030000000000003	9.030869362803362e+16
2.2040000000000006	9.275078599873451e+16
2.2050000000000005	9.087919259750792e+16
2.2060000000000004	8.889909700614349e+16
2.2070000000000003	9.160046885380608e+16
2.208	9.366296479447763e+16
2.2090000000000005	9.04399535481559e+16
2.2100000000000004	9.48139684160225e+16
2.2110000000000003	9.106127060941434e+16
2.212	9.88611660950139e+16
2.2130000000000005	9.454714747836338e+16
2.2140000000000004	9.965344932583467e+16
2.2150000000000003	9.672357054628794e+16
2.216	9.538827559501064e+16
2.2170000000000005	9.345254375543066e+16
2.2180000000000004	9.847351089379966e+16
2.2190000000000003	9.357486642923898e+16
2.22	9.11641794082534e+16
2.2210000000000005	9.206931638821018e+16
2.2220000000000004	9.549914147546144e+16
2.2230000000000003	9.790870878984397e+16
2.224	9.72360412997613e+16
2.2250000000000005	1.0158500986149602e+17
2.2260000000000004	1.0000350410393094e+17
2.2270000000000003	9.248946959458522e+16
2.228	9.216870226636552e+16
2.2290000000000005	8.941066908688954e+16
2.2300000000000004	9.449485533126218e+16
2.2310000000000003	1.0051600198027603e+17
2.232	9.770695201792357e+16
2.2330000000000005	9.451007204959717e+16
2.2340000000000004	9.636999303665173e+16
2.2350000000000003	9.267441932576278e+16
2.236	9.254057983950558e+16
2.2370000000000005	1.0035816724574523e+17
2.2380000000000004	9.789146060597595e+16
2.2390000000000003	9.533964676353656e+16
2.24	9.955417400366989e+16
2.2410000000000005	1.017906294647598e+17
2.2420000000000004	9.679673438617995e+16
2.2430000000000003	9.42014147532388e+16
2.244	9.613417338128394e+16
2.2450000000000006	9.84313333582629e+16
2.2460000000000004	1.0080307595269179e+17
2.2470000000000003	9.765713401349074e+16
2.248	9.66523139980244e+16
2.2490000000000006	1.0206217339156826e+17
2.2500000000000004	9.420009784925555e+16
2.2510000000000003	1.0280938769235453e+17
2.2520000000000002	9.673307497555778e+16
2.2530000000000006	1.0000529676673106e+17
2.2540000000000004	9.739349996062757e+16
2.2550000000000003	9.326344828271814e+16
2.2560000000000002	9.824898054347466e+16
2.2570000000000006	1.0125335681532611e+17
2.2580000000000005	9.37790574150741e+16
2.2590000000000003	9.7321975080428e+16
2.2600000000000002	9.660645647815634e+16
2.2610000000000006	9.684380988914451e+16
2.2620000000000005	9.621538609399592e+16
2.2630000000000003	9.216496788967464e+16
2.2640000000000002	9.56949008801147e+16
2.2650000000000006	9.707630505420722e+16
2.2660000000000005	9.618517938374416e+16
2.2670000000000003	9.756983607871659e+16
2.2680000000000002	9.95783282294427e+16
2.2690000000000006	9.761468227695086e+16
2.2700000000000005	9.25456375861376e+16
2.2710000000000004	9.85943471214358e+16
2.2720000000000002	9.397220416503333e+16
2.2730000000000006	9.93364882544977e+16
2.2740000000000005	9.603059710823682e+16
2.2750000000000004	9.951410499561789e+16
2.2760000000000002	9.669667337599966e+16
2.2770000000000006	1.0018522908635195e+17
2.2780000000000005	9.875362889196174e+16
2.2790000000000004	9.161549820134888e+16
2.2800000000000002	9.555653881616978e+16
2.2810000000000006	9.28265689365528e+16
2.2820000000000005	9.911856212420277e+16
2.2830000000000004	9.515479820054662e+16
2.2840000000000003	9.445290331417133e+16
2.2850000000000006	9.691483136796294e+16
2.2860000000000005	9.814776781030157e+16
2.2870000000000004	9.87802578946112e+16
2.2880000000000003	1.0037771634976555e+17
2.2890000000000006	9.31940992327685e+16
2.2900000000000005	1.0140218845413442e+17
2.2910000000000004	1.0010693111003523e+17
2.2920000000000003	9.469154386061786e+16
2.2930000000000006	9.400238843918016e+16
2.2940000000000005	5.782757699355486e+16
2.2950000000000004	7.210840613094114e+16
2.2960000000000003	7.753757108746755e+16
2.2970000000000006	7.977940285567597e+16
2.2980000000000005	7.923076139938413e+16
2.2990000000000004	8.603762096788872e+16
2.3000000000000003	9.143007011123869e+16
2.3010000000000006	7.714854484219989e+16
2.3020000000000005	9.308854729354806e+16
2.3030000000000004	8.52751767906507e+16
2.3040000000000003	9.050381713387533e+16
2.3050000000000006	8.225821449312755e+16
2.3060000000000005	8.787167122653762e+16
2.3070000000000004	8.78657269704174e+16
2.3080000000000003	8.768969846484365e+16
2.3090000000000006	9.00634602664488e+16
2.3100000000000005	8.066787082627918e+16
2.3110000000000004	8.2311136440779e+16
2.3120000000000003	8.417037503653258e+16
2.3130000000000006	8.890558504437294e+16
2.3140000000000005	8.716743848421323e+16
2.3150000000000004	7.817204744920723e+16
2.3160000000000003	8.176897753955549e+16
2.3170000000000006	8.91872198879047e+16
2.3180000000000005	8.198147442211237e+16
2.3190000000000004	9.16995675988442e+16
2.3200000000000003	8.898956580225837e+16
2.3210000000000006	7.875985787262382e+16
2.3220000000000005	8.385173867664806e+16
2.3230000000000004	5.5634885066769864e+16
2.3240000000000003	7.171539616181713e+16
2.3250000000000006	7.253718899980544e+16
2.3260000000000005	6.9406038352467496e+16
2.3270000000000004	7.709320794668302e+16
2.3280000000000003	8.048432661458981e+16
2.3290000000000006	7.696774513428738e+16
2.3300000000000005	7.497476014323365e+16
2.3310000000000004	7.180015209274365e+16
2.3320000000000003	7.709380719515944e+16
2.3330000000000006	8.201144479711936e+16
2.3340000000000005	7.49170605369472e+16
2.3350000000000004	7.560852762651794e+16
2.3360000000000003	7.64895637977032e+16
2.3370000000000006	7.42074780476982e+16
2.3380000000000005	7.858417339139154e+16
2.3390000000000004	7.0564833388193816e+16
2.3400000000000003	7.140634750444801e+16
2.3410000000000006	8.019455230470067e+16
2.3420000000000005	7.966520803077277e+16
2.3430000000000004	8.207533475864693e+16
2.3440000000000003	7.120054834636315e+16
2.3450000000000006	6.498611764497632e+16
2.3460000000000005	8.388069162770157e+16
2.3470000000000004	7.962075079302192e+16
2.3480000000000003	7.846432752955608e+16
2.3490000000000006	7.82898893459213e+16
2.3500000000000005	7.395997014839814e+16
2.3510000000000004	7.1185355126632824e+16
2.3520000000000003	6.503223611553117e+16
2.3530000000000006	5.237776427919174e+16
2.3540000000000005	5.567497402350161e+16
2.3550000000000004	6.942137620585628e+16
2.3560000000000003	6.248484971380065e+16
2.3570000000000007	7.506566043240565e+16
2.3580000000000005	6.9456081582940664e+16
2.3590000000000004	6.077947641884872e+16
2.3600000000000003	7.747551883472224e+16
2.3610000000000007	6.493570537614343e+16
2.3620000000000005	6.844201036022704e+16
2.3630000000000004	6.6223024693901896e+16
2.3640000000000003	7.267857130078531e+16
2.365	7.443588224892624e+16
2.3660000000000005	7.470955457508515e+16
2.3670000000000004	7.0921676515213096e+16
2.3680000000000003	6.65202374519973e+16
2.369	6.9683027727389096e+16
2.3700000000000006	7.744100190875579e+16
2.3710000000000004	6.897805431079924e+16
2.3720000000000003	7.573035488009227e+16
2.373	7.208415151025989e+16
2.3740000000000006	6.6976587491748376e+16
2.3750000000000004	7.096331834390171e+16
2.3760000000000003	7.046767927591266e+16
2.3770000000000002	6.6374462753871064e+16
2.3780000000000006	6.9651651437483784e+16
2.3790000000000004	6.6109487644044344e+16
2.3800000000000003	7.1734916858269464e+16
2.3810000000000002	6.4947962965010536e+16
2.3820000000000006	6.633567406058324e+16
2.3830000000000005	5.142659420761231e+16
2.3840000000000003	5.088742923658038e+16
2.3850000000000002	6.4594185149196264e+16
2.3860000000000006	5.962284724442247e+16
2.3870000000000005	5.282589497479929e+16
2.3880000000000003	5.81587099116359e+16
2.3890000000000002	5.913825462102637e+16
2.3900000000000006	6.666802141629188e+16
2.3910000000000005	6.315522339079721e+16
2.3920000000000003	5.444980797643985e+16
2.3930000000000002	5.3802317095116136e+16
2.3940000000000006	7.373891653713781e+16
2.3950000000000005	5.9774444823587784e+16
2.3960000000000004	6.347143068669749e+16
2.3970000000000002	6.198116230717383e+16
2.3980000000000006	5.8640489813966184e+16
2.3990000000000005	6.089608064833949e+16
2.4000000000000004	6.117326347048186e+16
2.4010000000000002	5.82251887210873e+16
2.4020000000000006	6.0463313421730504e+16
2.4030000000000005	6.1228661775940536e+16
2.4040000000000004	5.533712822619479e+16
2.4050000000000002	5.781501271825918e+16
2.4060000000000006	5.81784625651696e+16
2.4070000000000005	5.3145657682212264e+16
2.4080000000000004	5.244518179869963e+16
2.4090000000000003	5.320658055907005e+16
2.4100000000000006	5.368328543049612e+16
2.4110000000000005	5.625593248277744e+16
2.4120000000000004	5.5363264118114184e+16
2.4130000000000003	5.6444378864079384e+16
2.4140000000000006	4.4228192228854904e+16
2.4150000000000005	5.36965253091192e+16
2.4160000000000004	4.934038562803943e+16
2.4170000000000003	4.853018514913953e+16
2.4180000000000006	5.0055020109424104e+16
2.4190000000000005	6.0389415279328856e+16
2.4200000000000004	5.1349146370998136e+16
2.4210000000000003	5.661727191403662e+16
2.4220000000000006	4.662841332449118e+16
2.4230000000000005	5.4669849554842e+16
2.4240000000000004	5.8527927999940296e+16
2.4250000000000003	5.126518797360082e+16
2.4260000000000006	4.746701155147983e+16
2.4270000000000005	5.310408313980934e+16
2.4280000000000004	4.545439164797746e+16
2.4290000000000003	5.180468094208141e+16
2.4300000000000006	5.148704592954388e+16
2.4310000000000005	4.740544653692056e+16
2.4320000000000004	5.267633157560973e+16
2.4330000000000003	5.3252260985427736e+16
2.4340000000000006	4.631969386019639e+16
2.4350000000000005	4.708828219726422e+16
2.4360000000000004	5.395154769256485e+16
2.4370000000000003	3.967740618678903e+16
2.4380000000000006	4.852467202003138e+16
2.4390000000000005	5.4880551606725e+16
2.4400000000000004	4.8942230055825064e+16
2.4410000000000003	5.276894202687038e+16
2.4420000000000006	4.5644392466173336e+16
2.4430000000000005	4.3204335787657304e+16
2.4440000000000004	4.408065617801558e+16
2.4450000000000003	4.829146519734728e+16
2.4460000000000006	4.822671502699119e+16
2.4470000000000005	5.098759817774503e+16
2.4480000000000004	3.934993088174358e+16
2.4490000000000003	4.507312937737707e+16
2.4500000000000006	4.429619400287577e+16
2.4510000000000005	5.105838943743696e+16
2.4520000000000004	3.73445879531582e+16
2.4530000000000003	4.2613363120554664e+16
2.4540000000000006	4.043695549253845e+16
2.4550000000000005	3.974682505229206e+16
2.4560000000000004	4.8240134477140584e+16
2.4570000000000003	4.491818432638935e+16
2.4580000000000006	4.518343737938852e+16
2.4590000000000005	4.624729673851072e+16
2.4600000000000004	4.593889333096295e+16
2.4610000000000003	2.93518337488147e+16
2.4620000000000006	4.838388495784672e+16
2.4630000000000005	4.331312212727104e+16
2.4640000000000004	4.852964322500074e+16
2.4650000000000003	4.391822985683489e+16
2.4660000000000006	4.202940361643012e+16
2.4670000000000005	4.927136998337709e+16
2.4680000000000004	3.628279521746288e+16
2.4690000000000003	4.543938894833746e+16
2.4700000000000006	4.210608807384629e+16
2.4710000000000005	4.070173496713725e+16
2.4720000000000004	3.916470530565081e+16
2.4730000000000003	3.9861668815956424e+16
2.4740000000000006	3.809817854430706e+16
2.4750000000000005	3.895551550682299e+16
2.4760000000000004	3.4407363805935616e+16
2.4770000000000003	4.6851831769926824e+16
2.4780000000000006	4.549149935334655e+16
2.4790000000000005	3.2803134724964148e+16
2.4800000000000004	3.759894293007786e+16
2.4810000000000003	3.801162707888128e+16
2.4820000000000007	3.552991497975111e+16
2.4830000000000005	3.754682493912618e+16
2.4840000000000004	4.416424222391266e+16
2.4850000000000003	4.595641800663295e+16
2.4860000000000007	4.324367395219198e+16
2.4870000000000005	3.4623998514569284e+16
2.4880000000000004	3.445182043172941e+16
2.4890000000000003	3.88038568216253e+16
2.4900000000000007	3.628586867960923e+16
2.4910000000000005	3.598972222802113e+16
2.4920000000000004	3.5204046969978852e+16
2.4930000000000003	3.9491579656429656e+16
2.4940000000000007	4.533730097078393e+16
2.4950000000000006	3.975999760806272e+16
2.4960000000000004	3.891564296310087e+16
2.4970000000000003	4.4557652887243496e+16
2.4980000000000007	3.275210546371634e+16
2.4990000000000006	3.7106499078570504e+16
2.5000000000000004	3.887709132787135e+16
2.5010000000000003	3.643263269171905e+16
2.5020000000000007	3.970319371959896e+16
2.5030000000000006	3.864024866175893e+16
2.5040000000000004	3.4501659220924716e+16
2.5050000000000003	3.396566676455378e+16
2.5060000000000007	2.988055637750061e+16
2.5070000000000006	3.383648281459834e+16
2.5080000000000005	3.643726461415855e+16
2.5090000000000003	4.187323165024233e+16
2.5100000000000007	3.994010571182598e+16
2.5110000000000006	3.370018878321181e+16
2.5120000000000005	3.65546685750402e+16
2.5130000000000003	3.2103094094463056e+16
2.5140000000000007	3.3370403237760852e+16
2.5150000000000006	3.066920334680722e+16
2.5160000000000005	3.3559047544913896e+16
2.5170000000000003	4.197696658401903e+16
2.5180000000000007	3.715744890365223e+16
2.5190000000000006	3.724035710897268e+16
2.5200000000000005	3.3315015796088852e+16
2.5210000000000004	3.3482172529809932e+16
2.5220000000000002	3.7059504815749016e+16
2.5230000000000006	3.8212478680978696e+16
2.5240000000000005	3.1209492654966584e+16
2.5250000000000004	3.379169130816408e+16
2.5260000000000002	3.0599274285005084e+16
2.5270000000000006	3.865226735501265e+16
2.5280000000000005	2.800536373119775e+16
2.5290000000000004	3.2570291003823256e+16
2.5300000000000002	3.51704358643614e+16
2.5310000000000006	3.870818618124341e+16
2.5320000000000005	3.728530584006783e+16
2.5330000000000004	3.038324395938039e+16
2.5340000000000003	3.9174746470506376e+16
2.5350000000000006	3.2387466526407932e+16
2.5360000000000005	2.7044058258651504e+16
2.5370000000000004	3.311758657199053e+16
2.5380000000000003	3.6182292595074904e+16
2.5390000000000006	3.1191274449749212e+16
2.5400000000000005	3.1944011247945252e+16
2.5410000000000004	3.0213175152130052e+16
2.5420000000000003	3.4761910519324424e+16
2.5430000000000006	3.13093177386585e+16
2.5440000000000005	2.8278281641590876e+16
2.5450000000000004	3.763791133795472e+16
2.5460000000000003	3.319550113829689e+16
2.5470000000000006	3.1989109285898796e+16
2.5480000000000005	3.5981220772815184e+16
2.5490000000000004	2.8675629336510004e+16
2.5500000000000003	3.0095904389994136e+16
2.5510000000000006	3.660872716695589e+16
2.5520000000000005	3.4165119916457696e+16
2.5530000000000004	2.7793616923767404e+16
2.5540000000000003	3.928486128381116e+16
2.5550000000000006	2.978811712382702e+16
2.5560000000000005	2.980978299457974e+16
2.5570000000000004	3.1453834010475936e+16
2.5580000000000003	3.0985117380356356e+16
2.5590000000000006	3.5897246496040396e+16
2.5600000000000005	3.2819015772927376e+16
2.5610000000000004	2.6231894753860224e+16
2.5620000000000003	3.5390794094096576e+16
2.5630000000000006	3.0368391850374532e+16
2.5640000000000005	3.157315689853032e+16
2.5650000000000004	3.1055363211718516e+16
2.5660000000000003	3.0503280923821424e+16
2.5670000000000006	2.9359305610910984e+16
2.5680000000000005	3.442285915114643e+16
2.5690000000000004	3.0410204621242004e+16
2.5700000000000003	2.8804400901528184e+16
2.5710000000000006	3.925931562356109e+16
2.5720000000000005	3.4835177033248828e+16
2.5730000000000004	3.2542520687895656e+16
2.5740000000000003	3.1174011594105204e+16
2.5750000000000006	2.9455848599980044e+16
2.5760000000000005	2.8887702538218412e+16
2.5770000000000004	2.8287106367808536e+16
2.5780000000000003	2.7406377128177492e+16
2.5790000000000006	3.242913576176946e+16
2.5800000000000005	3.4618075160277564e+16
2.5810000000000004	3.2021088106371012e+16
2.5820000000000003	3.1725333778209476e+16
2.5830000000000006	2.6865770597127656e+16
2.5840000000000005	3.3467860902397244e+16
2.5850000000000004	2.989135651715283e+16
2.5860000000000003	3.648308711059531e+16
2.5870000000000006	3.0144548531606692e+16
2.5880000000000005	3.079140109311645e+16
2.5890000000000004	3.2359512178347264e+16
2.5900000000000003	3.047321725752263e+16
2.5910000000000006	2.9562069195492484e+16
2.5920000000000005	3.439607176878534e+16
2.5930000000000004	2.7503158554682676e+16
2.5940000000000003	3.301485371947895e+16
2.5950000000000006	2.826926500466005e+16
2.5960000000000005	3.254898899916712e+16
2.5970000000000004	3.210795477891382e+16
2.5980000000000003	2.4813757237194964e+16
2.5990000000000006	3.3579259964349016e+16
