# Flux units: erg / (cm m2 s)
# Wavelength units: micron
wave	flux
0.7000000000000002	1510209895416414.0
0.7010000000000002	1543986018478381.8
0.7020000000000002	1589074205077459.8
0.7030000000000002	1643568329296441.5
0.7040000000000002	1686922612293207.0
0.7050000000000002	1729050966896403.0
0.7060000000000002	1566584262312268.2
0.7070000000000002	1610221671627600.0
0.7080000000000002	1657768364379569.0
0.7090000000000001	1624658819274575.8
0.7100000000000001	1606564642379615.5
0.7110000000000001	1663786339573403.0
0.7120000000000001	1708878932887725.5
0.7130000000000001	1642822842335461.5
0.7140000000000001	1668017399092892.0
0.7150000000000001	1725022714786049.2
0.7160000000000001	1756596516566207.5
0.7170000000000001	1774883400420533.5
0.7180000000000001	1824102120598556.5
0.7190000000000001	1866966428844829.2
0.7200000000000001	1862835437119062.0
0.7210000000000001	1881896741886738.0
0.7220000000000001	1919003019714591.5
0.7230000000000001	1957096187791536.2
0.7240000000000001	1986891730016998.0
0.7250000000000001	2030085378282216.8
0.7260000000000001	2072356854157439.0
0.7270000000000001	2095797905280549.8
0.7280000000000001	2098799720347940.2
0.7290000000000001	2150165660567888.0
0.7300000000000001	2181397869716484.2
0.7310000000000001	2217695350054344.0
0.7320000000000001	2239544629427218.8
0.7330000000000001	2270604117316240.5
0.7340000000000001	2239286925128740.5
0.7350000000000001	2181778561039714.5
0.7360000000000001	2176489456226333.5
0.7370000000000001	2163383387437279.8
0.7380000000000001	2153435579482370.8
0.7390000000000001	2160229729375340.2
0.7400000000000001	2054904139117880.2
0.7410000000000001	2034208887526835.5
0.7420000000000001	2012736502906372.5
0.7430000000000001	2038223400037761.2
0.7440000000000001	2029821684751584.0
0.7450000000000001	1963450034390370.0
0.7460000000000001	1902354490152863.0
0.7470000000000001	1950071458524453.5
0.7480000000000001	2010482156443437.0
0.7490000000000001	2006329137506043.8
0.7500000000000001	1919505322259606.0
0.7510000000000001	1939136714459312.8
0.7520000000000001	2000157214153954.8
0.7530000000000001	1901255751296519.0
0.7540000000000001	1876062999626007.5
0.7550000000000001	2033078849243023.8
0.7560000000000001	1811993389646104.0
0.7570000000000001	1868721290706343.5
0.7580000000000001	1810670542183600.2
0.7590000000000001	1622692223517157.0
0.7600000000000001	1576855090704490.0
0.7610000000000001	1485513608835444.8
0.7620000000000001	1400407139802751.5
0.7630000000000001	1053334381509671.6
0.7640000000000001	593271614266397.6
0.7650000000000001	196230096984716.88
0.7660000000000001	33996987641753.98
0.7670000000000001	13955382609323.385
0.7680000000000001	83449456189132.36
0.7690000000000001	90483122266625.02
0.7700000000000001	19817569327572.066
0.7710000000000001	113512298998837.02
0.7720000000000001	287366967384228.0
0.7730000000000001	483975237336407.2
0.7740000000000001	973168389153811.0
0.7750000000000001	1415142966552596.8
0.7760000000000001	1723587657062602.8
0.7770000000000001	1974022769484531.0
0.7780000000000001	2158036453531339.2
0.7790000000000001	2232984569594013.2
0.7800000000000001	1206168686582957.2
0.7810000000000001	2244897253743122.2
0.7820000000000001	2600797257382989.5
0.7830000000000001	2700523189725734.5
0.7840000000000001	2792906432150472.5
0.7850000000000001	2846716051071402.5
0.7860000000000001	2897968115256879.0
0.7870000000000001	2798386174332205.5
0.7880000000000001	2841649284237336.5
0.7890000000000001	2987233063496915.5
0.7900000000000001	2802722219690923.5
0.7910000000000001	2829595051993980.5
0.7920000000000001	2825925266123402.0
0.7930000000000001	2971826265906995.0
0.7940000000000002	2811858008636771.5
0.7950000000000002	1901875972920531.2
0.7960000000000002	2961757842599728.0
0.7970000000000002	3014808741745013.5
0.7980000000000002	3065391155937640.5
0.7990000000000002	2958932778956489.5
0.8000000000000002	3109185833226903.5
0.8010000000000002	3210158914425401.5
0.8020000000000002	3386143217672615.0
0.8030000000000002	3503251359972897.5
0.8040000000000002	3624154827565159.0
0.8050000000000002	3754662286148037.5
0.8060000000000002	3831974631052093.0
0.8070000000000002	3961555452644648.0
0.8080000000000002	4124127283025294.5
0.8090000000000002	4269798553194590.5
0.8100000000000002	4393981035163787.0
0.8110000000000002	4551232804800157.0
0.8120000000000002	4683588350412993.0
0.8130000000000002	4799956994832490.0
0.8140000000000002	4971201504938963.0
0.8150000000000002	5093540878560729.0
0.8160000000000002	5197156662578310.0
0.8170000000000002	5273470979640697.0
0.8180000000000002	5092933397032852.0
0.8190000000000002	4784231681542668.0
0.8200000000000002	4658262937819423.0
0.8210000000000002	5139778854488336.0
0.8220000000000002	5233402512592041.0
0.8230000000000002	5370306706068678.0
0.8240000000000002	5545050340389219.0
0.8250000000000002	5569987871675054.0
0.8260000000000002	5609476012048116.0
0.8270000000000002	5748228317908901.0
0.8280000000000002	5626524303247369.0
0.8290000000000002	5563362918131528.0
0.8300000000000002	5600798952537964.0
0.8310000000000002	5651297332940302.0
0.8320000000000002	5778942668774056.0
0.8330000000000002	5891169746564215.0
0.8340000000000002	5853326450032473.0
0.8350000000000002	5900624296337945.0
0.8360000000000002	5975376250799565.0
0.8370000000000002	6100246980637150.0
0.8380000000000002	6055864545065251.0
0.8390000000000002	6021628156896203.0
0.8400000000000002	6186348122486765.0
0.8410000000000002	6297563587225648.0
0.8420000000000002	6344608633436729.0
0.8430000000000002	6264106941825608.0
0.8440000000000002	5768835338738653.0
0.8450000000000002	5696114282988413.0
0.8460000000000002	5649302117133504.0
0.8470000000000002	5676897492356971.0
0.8480000000000002	5797716032157472.0
0.8490000000000002	5925002354614739.0
0.8500000000000002	5946003731059108.0
0.8510000000000002	5954437550957701.0
0.8520000000000002	4890715200574868.0
0.8530000000000002	5922697937784771.0
0.8540000000000002	6062600310918406.0
0.8550000000000002	6169276682372382.0
0.8560000000000002	6228439484787568.0
0.8570000000000002	6217764436378871.0
0.8580000000000002	6255234266563326.0
0.8590000000000002	6297246335466631.0
0.8600000000000002	6290521786363113.0
0.8610000000000002	6205094601979007.0
0.8620000000000002	5944198886515840.0
0.8630000000000002	5781843106697750.0
0.8640000000000002	5872150054829563.0
0.8650000000000002	6172684433982518.0
0.8660000000000002	6207172783768717.0
0.8670000000000001	6357191629773708.0
0.8680000000000001	6249453663227673.0
0.8690000000000001	6220428518300021.0
0.8700000000000001	6252499541393220.0
0.8710000000000001	6241903049575486.0
0.8720000000000001	6469112839995680.0
0.8730000000000001	6621289109292880.0
0.8740000000000001	6628479006382895.0
0.8750000000000001	6689069032371052.0
0.8760000000000001	6972338754308156.0
0.8770000000000001	7027123973604596.0
0.8780000000000001	7279736983403265.0
0.8790000000000001	7377835206787266.0
0.8800000000000001	7582194368290398.0
0.8810000000000001	7509147409887022.0
0.8820000000000001	8052921789773147.0
0.8830000000000001	7710975651445471.0
0.8840000000000001	8412436377288759.0
0.8850000000000001	8162524633745441.0
0.8860000000000001	7986954254433805.0
0.8870000000000001	7305391661418536.0
0.8880000000000001	7360258334168349.0
0.8890000000000001	7407404337309141.0
0.8900000000000001	7609119578602873.0
0.8910000000000001	7827045960460418.0
0.8920000000000001	8040009980185596.0
0.8930000000000001	8097632239782779.0
0.8940000000000001	7857347905482254.0
0.8950000000000001	6905370679530226.0
0.8960000000000001	8262943767611843.0
0.8970000000000001	8264015925207934.0
0.8980000000000001	8604659547828489.0
0.8990000000000001	9006660888133772.0
0.9000000000000001	9090388246788262.0
0.9010000000000001	9517636042822500.0
0.9020000000000001	9235004957780158.0
0.9030000000000001	9206830312102264.0
0.9040000000000001	9686069935687778.0
0.9050000000000001	9997020710013726.0
0.9060000000000001	9611517113870818.0
0.9070000000000001	1.016178711592161e+16
0.9080000000000001	1.0512572489226132e+16
0.9090000000000001	1.062585016685045e+16
0.9100000000000001	1.1194060820128374e+16
0.9110000000000001	1.1227325806858742e+16
0.9120000000000001	1.2034920469822602e+16
0.9130000000000001	1.1921589418765894e+16
0.9140000000000001	1.168859908778184e+16
0.9150000000000001	1.2501715789288632e+16
0.9160000000000001	1.3022679613396208e+16
0.9170000000000001	1.365632656029924e+16
0.9180000000000001	1.26702916423684e+16
0.9190000000000002	1.4063656007785758e+16
0.9200000000000002	1.3865122898100838e+16
0.9210000000000002	1.1888160987793788e+16
0.9220000000000002	1.139001530622108e+16
0.9230000000000002	1.0771266084078614e+16
0.9240000000000002	1.0680764617772454e+16
0.9250000000000002	1.0732776403507158e+16
0.9260000000000002	1.1063687958741338e+16
0.9270000000000002	1.1033425958124572e+16
0.9280000000000002	1.001497402506385e+16
0.9290000000000002	1.0208633610479592e+16
0.9300000000000002	9922620029063034.0
0.9310000000000002	1.047569030554316e+16
0.9320000000000002	1.0368109617753458e+16
0.9330000000000002	1.0810376905041544e+16
0.9340000000000002	1.0835070499212764e+16
0.9350000000000002	1.0752543811408014e+16
0.9360000000000002	1.114060402974231e+16
0.9370000000000002	1.0938727688780368e+16
0.9380000000000002	1.1500815572530526e+16
0.9390000000000002	1.1589365254279142e+16
0.9400000000000002	1.1634857577272742e+16
0.9410000000000002	1.1970752890534006e+16
0.9420000000000002	1.197727795449401e+16
0.9430000000000002	1.220022036507359e+16
0.9440000000000002	1.1890878986824072e+16
0.9450000000000002	1.2490861111689508e+16
0.9460000000000002	1.2407198256630214e+16
0.9470000000000002	1.2718296712970916e+16
0.9480000000000002	1.29355752684209e+16
0.9490000000000002	1.3499242091582678e+16
0.9500000000000002	1.2941990301005504e+16
0.9510000000000002	1.314203962927078e+16
0.9520000000000002	1.2887434525288184e+16
0.9530000000000002	1.357039991262675e+16
0.9540000000000002	1.3127176639584338e+16
0.9550000000000002	1.2797173963978424e+16
0.9560000000000002	1.3319610143424434e+16
0.9570000000000002	1.2876924894104688e+16
0.9580000000000002	1.3355172489088316e+16
0.9590000000000002	1.2930267195890422e+16
0.9600000000000002	1.2804655097642964e+16
0.9610000000000002	1.2887873319643952e+16
0.9620000000000002	1.2969277615938536e+16
0.9630000000000002	1.350122816799673e+16
0.9640000000000002	1.237559948190251e+16
0.9650000000000002	1.3119222083978602e+16
0.9660000000000002	1.387273727115823e+16
0.9670000000000002	1.3631909837310738e+16
0.9680000000000002	1.3558944609363624e+16
0.9690000000000002	1.4156897811097864e+16
0.9700000000000002	1.490796219970612e+16
0.9710000000000002	1.4227019829289894e+16
0.9720000000000002	1.4471469439765938e+16
0.9730000000000002	1.3303889876039328e+16
0.9740000000000002	1.3613262586795566e+16
0.9750000000000002	1.3965582219124118e+16
0.9760000000000002	1.4408660253473892e+16
0.9770000000000002	1.4760113935360544e+16
0.9780000000000002	1.521749337289681e+16
0.9790000000000002	1.452430242970038e+16
0.9800000000000002	1.6088817764544338e+16
0.9810000000000002	1.5386994302990242e+16
0.9820000000000002	1.526719936463728e+16
0.9830000000000002	1.5332743016507512e+16
0.9840000000000002	1.5526591665912102e+16
0.9850000000000002	1.6135973477089386e+16
0.9860000000000002	1.7390350868428286e+16
0.9870000000000002	1.7025649790137864e+16
0.9880000000000002	1.807944983282318e+16
0.9890000000000002	1.8666092352124696e+16
0.9900000000000002	1.4200494762437816e+16
0.9910000000000002	1.2100943480167972e+16
0.9920000000000002	1.1946369003664186e+16
0.9930000000000002	1.2744704164647316e+16
0.9940000000000002	1.3872159600321568e+16
0.9950000000000002	1.470830679240772e+16
0.9960000000000002	1.4420137466016764e+16
0.9970000000000002	1.5283826069109088e+16
0.9980000000000002	1.388555138389987e+16
0.9990000000000002	1.3014870123580798e+16
1.0000000000000002	1.4090226105612724e+16
1.0010000000000001	1.3914668687412494e+16
1.0020000000000002	1.4228159156750414e+16
1.0030000000000001	1.4580529663852984e+16
1.0040000000000002	1.3937747096717902e+16
1.0050000000000001	1.4359402034019112e+16
1.0060000000000002	1.3233471540702276e+16
1.0070000000000001	1.4436557034540364e+16
1.0080000000000002	1.5532262469847572e+16
1.0090000000000001	1.4884340553678346e+16
1.0100000000000002	1.6464049727616992e+16
1.0110000000000001	1.5198709687238982e+16
1.0120000000000002	1.5847279241937204e+16
1.0130000000000001	1.7284739587768472e+16
1.0140000000000002	1.5046658549037972e+16
1.0150000000000001	1.6348350563762338e+16
1.0160000000000002	1.5549217364366264e+16
1.0170000000000001	1.585040429327586e+16
1.0180000000000002	1.7257447418933588e+16
1.0190000000000001	1.6190571561748314e+16
1.0200000000000002	1.6312576299312706e+16
1.0210000000000001	1.8240532964343212e+16
1.0220000000000002	1.5997091811453814e+16
1.0230000000000001	1.7303368214535082e+16
1.0240000000000002	1.9735703271697836e+16
1.0250000000000001	1.7615814054270008e+16
1.0260000000000002	1.512864924582882e+16
1.0270000000000001	1.5742010937768872e+16
1.0280000000000002	1.5468456674220928e+16
1.0290000000000001	1.6059017258931418e+16
1.0300000000000002	1.6858381462740638e+16
1.0310000000000001	1.8527976464259044e+16
1.0320000000000003	1.7651548569348746e+16
1.0330000000000001	1.6982759700272882e+16
1.0340000000000003	1.7808311304326638e+16
1.0350000000000001	1.7183331062681652e+16
1.0360000000000003	1.9656603707296024e+16
1.0370000000000001	1.9425498692632212e+16
1.0380000000000003	1.9386593297558956e+16
1.0390000000000001	1.8706054642034428e+16
1.0400000000000003	1.883975013687748e+16
1.0410000000000001	2.2481769635033584e+16
1.0420000000000003	1.8815481128117988e+16
1.0430000000000001	1.752123170002182e+16
1.0440000000000003	2.077855621821697e+16
1.0450000000000002	2.1324538760237884e+16
1.0460000000000003	2.1269849278734284e+16
1.0470000000000002	1.701245055874798e+16
1.0480000000000003	1.7376498079703342e+16
1.0490000000000002	1.885503824100043e+16
1.0500000000000003	1.846427346974813e+16
1.0510000000000002	1.7535368239393668e+16
1.0520000000000003	1.6904309375724176e+16
1.0530000000000002	1.695735398300255e+16
1.0540000000000003	1.8124432340769652e+16
1.0550000000000002	1.7325220469004722e+16
1.0560000000000003	1.6393506576274492e+16
1.0570000000000002	1.6225622604701146e+16
1.0580000000000003	1.7174435306230032e+16
1.0590000000000002	1.6275553368290752e+16
1.0600000000000003	1.7482816154108156e+16
1.0610000000000002	1.6983417800265008e+16
1.0620000000000003	1.7860629335343862e+16
1.0630000000000002	1.8474304150742772e+16
1.0640000000000003	1.8694682941714252e+16
1.0650000000000002	1.8368398164667104e+16
1.0660000000000003	1.864749169991678e+16
1.0670000000000002	1.85140253018723e+16
1.0680000000000003	1.9409952109654404e+16
1.0690000000000002	2.000808672117196e+16
1.0700000000000003	2.10391931051134e+16
1.0710000000000002	1.9709469989547156e+16
1.0720000000000003	2.22994807160228e+16
1.0730000000000002	2.1726921739060764e+16
1.0740000000000003	2.133215838740176e+16
1.0750000000000002	2.334480918193189e+16
1.0760000000000003	2.208865975996778e+16
1.0770000000000002	2.3345240678984136e+16
1.0780000000000003	2.5723298386273424e+16
1.0790000000000002	2.4749593525436708e+16
1.0800000000000003	2.418003760283708e+16
1.0810000000000002	2.3216255232090824e+16
1.0820000000000003	2.3928779478097236e+16
1.0830000000000002	2.7173721107774096e+16
1.0840000000000003	3.0013696329611228e+16
1.0850000000000002	2.3681400310671844e+16
1.0860000000000003	2.468856926132143e+16
1.0870000000000002	2.6396791550138484e+16
1.0880000000000003	2.8111653575313108e+16
1.0890000000000002	2.5825711509985268e+16
1.0900000000000003	2.8674419383873896e+16
1.0910000000000002	2.523592828782454e+16
1.0920000000000003	2.6701595067730536e+16
1.0930000000000002	2.726509080182454e+16
1.0940000000000003	2.761908077623141e+16
1.0950000000000002	2.699050694880533e+16
1.0960000000000003	2.579957320204488e+16
1.0970000000000002	2.6922548865630476e+16
1.0980000000000003	2.4821713393506456e+16
1.0990000000000002	2.660092571629939e+16
1.1000000000000003	2.611433933381821e+16
1.1010000000000002	2.77909032159044e+16
1.1020000000000003	2.6024153988443572e+16
1.1030000000000002	2.446638223775951e+16
1.104	2.248876359080077e+16
1.1050000000000002	2.176429135575499e+16
1.106	2.208490522222187e+16
1.1070000000000002	2.2506719971335076e+16
1.108	2.241926111860431e+16
1.1090000000000002	2.3622149420169944e+16
1.11	2.291586325764543e+16
1.1110000000000002	2.182731027091723e+16
1.112	2.4703974119977868e+16
1.1130000000000002	2.30474191101007e+16
1.114	2.4580013447471548e+16
1.1150000000000002	2.4573159031605636e+16
1.116	2.4855071307367652e+16
1.1170000000000002	2.3244505212708216e+16
1.118	2.5054937172154176e+16
1.1190000000000002	2.462912044896395e+16
1.12	2.3737875785202616e+16
1.1210000000000002	2.4612951773896364e+16
1.122	2.4231173267935388e+16
1.1230000000000002	2.654769239753136e+16
1.124	2.6692410546071704e+16
1.1250000000000002	2.6436894893743684e+16
1.1260000000000001	2.7879378882002836e+16
1.1270000000000002	2.8716209755661344e+16
1.1280000000000001	2.6539304474673236e+16
1.1290000000000002	2.8323149070890824e+16
1.1300000000000001	2.5481093875745228e+16
1.1310000000000002	2.7006462220079308e+16
1.1320000000000001	2.724812445254509e+16
1.1330000000000002	2.7737404378549868e+16
1.1340000000000001	2.486667851427586e+16
1.1350000000000002	2.2204630077671224e+16
1.1360000000000001	2.550505209446787e+16
1.1370000000000002	2.4285569465355612e+16
1.1380000000000001	2.041233777414073e+16
1.1390000000000002	2.1191543579020636e+16
1.1400000000000001	2.148066595463665e+16
1.1410000000000002	1.847748411594741e+16
1.1420000000000001	2.487591450898172e+16
1.1430000000000002	2.6194438202990708e+16
1.1440000000000001	2.521310969266953e+16
1.1450000000000002	2.762127131081091e+16
1.1460000000000001	2.797997273627153e+16
1.1470000000000002	2.949318165053324e+16
1.1480000000000001	2.831344495846448e+16
1.1490000000000002	3.203204282623601e+16
1.1500000000000001	3.116369553110375e+16
1.1510000000000002	3.0879844883237784e+16
1.1520000000000001	3.056469966474354e+16
1.1530000000000002	2.9564801367336732e+16
1.1540000000000001	2.8505557430570452e+16
1.1550000000000002	3.0729510152476812e+16
1.1560000000000001	2.9877996519456976e+16
1.1570000000000003	2.9889759776818576e+16
1.1580000000000001	3.073283058878696e+16
1.1590000000000003	3.1428618663598536e+16
1.1600000000000001	2.8739759636173296e+16
1.1610000000000003	2.793120867086747e+16
1.1620000000000001	2.9910790471304092e+16
1.1630000000000003	3.213803018598466e+16
1.1640000000000001	2.8301738456135156e+16
1.1650000000000003	3.0796746803096908e+16
1.1660000000000001	2.7915827144815076e+16
1.1670000000000003	2.8738273117217412e+16
1.1680000000000001	2.527927554625876e+16
1.1690000000000003	1.7244760012173516e+16
1.1700000000000002	2.1036309979834404e+16
1.1710000000000003	2.649613956004871e+16
1.1720000000000002	2.7384800639011656e+16
1.1730000000000003	2.821550001605767e+16
1.1740000000000002	2.505301988296006e+16
1.1750000000000003	2.514516085194942e+16
1.1760000000000002	2.2459260749114416e+16
1.1770000000000003	1.8187157002048e+16
1.1780000000000002	1.6491252844423266e+16
1.1790000000000003	2.259689151204747e+16
1.1800000000000002	2.435745297290464e+16
1.1810000000000003	2.570700274548223e+16
1.1820000000000002	2.529187070520724e+16
1.1830000000000003	2.6021081717439884e+16
1.1840000000000002	2.581421259002999e+16
1.1850000000000003	2.6230019145105504e+16
1.1860000000000002	2.7670166693010108e+16
1.1870000000000003	2.8798542704039892e+16
1.1880000000000002	2.7523693596219324e+16
1.1890000000000003	2.577379548938107e+16
1.1900000000000002	2.8398672220799132e+16
1.1910000000000003	2.8740580587137204e+16
1.1920000000000002	2.882089500993991e+16
1.1930000000000003	3.0511851361619732e+16
1.1940000000000002	2.7573322760089828e+16
1.1950000000000003	2.832697824395589e+16
1.1960000000000002	2.861374382607844e+16
1.1970000000000003	2.803286359162611e+16
1.1980000000000002	2.6185367761544228e+16
1.1990000000000003	2.8222380440381196e+16
1.2000000000000002	2.7882445362563756e+16
1.2010000000000003	2.878714939051277e+16
1.2020000000000002	2.897839121830946e+16
1.2030000000000003	2.9528868341764972e+16
1.2040000000000002	3.0787606098098828e+16
1.2050000000000003	3.0391709453297956e+16
1.2060000000000002	3.4518155668351724e+16
1.2070000000000003	3.0761226644522364e+16
1.2080000000000002	3.2280845027333836e+16
1.2090000000000003	3.1009372924539796e+16
1.2100000000000002	3.400920218113223e+16
1.2110000000000003	3.004073009381166e+16
1.2120000000000002	3.209793423293664e+16
1.2130000000000003	3.2054146696598524e+16
1.2140000000000002	3.5719874594103572e+16
1.2150000000000003	3.5098430483805212e+16
1.2160000000000002	3.4528472191807252e+16
1.2170000000000003	3.5283086969391456e+16
1.2180000000000002	3.641292719429774e+16
1.2190000000000003	3.5591573604494324e+16
1.2200000000000002	3.4157269538986916e+16
1.2210000000000003	3.4329975779156948e+16
1.2220000000000002	3.4999428548051696e+16
1.2230000000000003	3.5624056675983852e+16
1.2240000000000002	3.5981002160060268e+16
1.2250000000000003	3.713097098393235e+16
1.2260000000000002	3.7758442752039736e+16
1.2270000000000003	3.803890667682305e+16
1.2280000000000002	3.827052540799229e+16
1.2290000000000003	3.80229188623507e+16
1.2300000000000002	3.729603296259404e+16
1.2310000000000003	3.8767746560034744e+16
1.2320000000000002	3.695737646580892e+16
1.2330000000000003	3.710905913275126e+16
1.2340000000000002	3.8365952401589576e+16
1.2350000000000003	3.71501123431507e+16
1.2360000000000002	3.791818338560017e+16
1.2370000000000003	3.8788890534543656e+16
1.2380000000000002	3.8466890038607e+16
1.2390000000000003	3.645203532031331e+16
1.2400000000000002	3.649927035067813e+16
1.2410000000000003	3.1603336722292844e+16
1.2420000000000002	3.0841772162010236e+16
1.2430000000000003	2.7494243929580684e+16
1.2440000000000002	2.5169601588716572e+16
1.2450000000000003	3.451642003526975e+16
1.2460000000000002	3.4784554006767612e+16
1.2470000000000003	3.6564318646056536e+16
1.2480000000000002	3.5393098034306616e+16
1.2490000000000003	3.6330496658048584e+16
1.2500000000000002	3.4576188745555204e+16
1.2510000000000003	3.4231118104687884e+16
1.2520000000000002	2.607873131009355e+16
1.2530000000000003	2.464574402109988e+16
1.2540000000000002	3.435422093633899e+16
1.2550000000000003	3.4214161077733996e+16
1.2560000000000002	3.679687230168058e+16
1.2570000000000003	3.678629999876082e+16
1.2580000000000002	3.692167652697987e+16
1.2590000000000003	3.7326173872878904e+16
1.2600000000000002	3.720129256447068e+16
1.2610000000000001	3.864561156711409e+16
1.2620000000000002	3.776881069472488e+16
1.2630000000000001	3.842255438722203e+16
1.2640000000000002	3.5957111838279588e+16
1.2650000000000001	3.78632371326722e+16
1.2660000000000002	3.905186339890489e+16
1.2670000000000001	4.0579008082092936e+16
1.2680000000000002	4.022211352171101e+16
1.2690000000000001	4.093775417186039e+16
1.2700000000000002	3.8487447073625816e+16
1.2710000000000001	3.8182297555697704e+16
1.2720000000000002	4.1963183085562456e+16
1.2730000000000001	4.124850424737562e+16
1.2740000000000002	3.898457419406691e+16
1.2750000000000001	3.8501818985044904e+16
1.2760000000000002	4.135564421058961e+16
1.2770000000000001	4.07614357200772e+16
1.2780000000000002	4.0672627257530024e+16
1.2790000000000001	4.16798787180795e+16
1.2800000000000002	4.070030217232436e+16
1.2810000000000001	4.121918825095746e+16
1.2820000000000003	4.225462051562141e+16
1.2830000000000001	4.009569663555912e+16
1.2840000000000003	4.087209447175199e+16
1.2850000000000001	4.129394003184995e+16
1.2860000000000003	3.801288851958441e+16
1.2870000000000001	4.09856215864281e+16
1.2880000000000003	4.0577325466411704e+16
1.2890000000000001	3.882660486105041e+16
1.2900000000000003	3.836838236701785e+16
1.2910000000000001	3.861805538020371e+16
1.2920000000000003	4.041738992280108e+16
1.2930000000000001	3.956896875577845e+16
1.2940000000000003	4.3457522093921304e+16
1.2950000000000002	3.867243890051234e+16
1.2960000000000003	4.171282968791796e+16
1.2970000000000002	4.143080136139277e+16
1.2980000000000003	4.236245484050819e+16
1.2990000000000002	4.0961672567841304e+16
1.3000000000000003	4.179943195467043e+16
1.3010000000000002	4.122410602529676e+16
1.3020000000000003	4.2988713247801864e+16
1.3030000000000002	4.3023258890352184e+16
1.3040000000000003	4.389530731276852e+16
1.3050000000000002	4.349227796196746e+16
1.3060000000000003	4.3292900491353336e+16
1.3070000000000002	4.048170936869493e+16
1.3080000000000003	4.2264858288862696e+16
1.3090000000000002	4.109085133801366e+16
1.3100000000000003	4.174121768930378e+16
1.3110000000000002	4.3996615777240456e+16
1.3120000000000003	4.139871614180983e+16
1.3130000000000002	3.930658927439236e+16
1.3140000000000003	4.118582536667947e+16
1.3150000000000002	4.0894091614303016e+16
1.3160000000000003	4.169576789848861e+16
1.3170000000000002	4.252999971461933e+16
1.3180000000000003	4.121660542220553e+16
1.3190000000000002	4.323689797306535e+16
1.3200000000000003	4.0881499514247224e+16
1.3210000000000002	4.149251972476062e+16
1.3220000000000003	3.920385966749641e+16
1.3230000000000002	4.095604206367434e+16
1.3240000000000003	3.966364386098495e+16
1.3250000000000002	3.739109690900523e+16
1.3260000000000003	3.9955120632839944e+16
1.3270000000000002	3.5775697879012256e+16
1.3280000000000003	3.8396025836026936e+16
1.3290000000000002	3.7934271651533e+16
1.3300000000000003	3.4722140537843428e+16
1.3310000000000002	3.2748925112562764e+16
1.3320000000000003	2.6430187299994344e+16
1.3330000000000002	2.845641985589557e+16
1.3340000000000003	2.8433732534852852e+16
1.3350000000000002	1.9968398184301356e+16
1.3360000000000003	2.1637546839629984e+16
1.3370000000000002	1.8518614568609384e+16
1.3380000000000003	2.0235087697512444e+16
1.3390000000000002	2.076432956028412e+16
1.3400000000000003	2.3917186584294708e+16
1.3410000000000002	2.295545870832687e+16
1.3420000000000003	1.9475496280930644e+16
1.3430000000000002	1.836857963074863e+16
1.3440000000000003	2.2395820563216956e+16
1.3450000000000002	1.836163417329428e+16
1.3460000000000003	2.2534846137284936e+16
1.3470000000000002	1.8565432019369796e+16
1.3480000000000003	1.6324216945767614e+16
1.3490000000000002	2.207479477746437e+16
1.3500000000000003	1.984723723744511e+16
1.3510000000000002	1.8320056898443548e+16
1.3520000000000003	1.852308539450365e+16
1.3530000000000002	2.097912136883571e+16
1.3540000000000003	1.631778888425133e+16
1.3550000000000002	1.6654794775082464e+16
1.3560000000000003	1.896963493356987e+16
1.3570000000000002	1.8724962038975924e+16
1.3580000000000003	1.8049952986079868e+16
1.3590000000000002	1.9368505431801376e+16
1.3600000000000003	1.930936771656781e+16
1.3610000000000002	1.943366031972789e+16
1.3620000000000003	1.5051339058673272e+16
1.3630000000000002	2.186587072078199e+16
1.3640000000000003	2.136655411166858e+16
1.3650000000000002	1.7970103225156718e+16
1.3660000000000003	2.2347644135701668e+16
1.3670000000000002	2.0491455715137348e+16
1.3680000000000003	2.050343616612112e+16
1.3690000000000002	1.9138017519369852e+16
1.3700000000000003	1.9960511955665732e+16
1.3710000000000002	1.9050591097512996e+16
1.3720000000000003	2.019968006164748e+16
1.3730000000000002	1.995334150517844e+16
1.3740000000000003	1.9167124096561184e+16
1.3750000000000002	2.1115790938813656e+16
1.3760000000000003	2.1745649704507524e+16
1.3770000000000002	2.07481936676536e+16
1.3780000000000003	2.2847915667083532e+16
1.3790000000000002	2.092993673320192e+16
1.3800000000000003	2.3526355392784844e+16
1.3810000000000002	2.064282578311574e+16
1.3820000000000003	2.3091280255836068e+16
1.3830000000000002	1.7363781812632558e+16
1.3840000000000003	2.3187201607033944e+16
1.3850000000000002	2.1515297006558708e+16
1.3860000000000003	2.0339443486921348e+16
1.3870000000000002	2.3408490703765056e+16
1.3880000000000003	1.939909319508638e+16
1.3890000000000002	2.440339071851036e+16
1.3900000000000003	2.1085984768098468e+16
1.3910000000000002	1.895864474481183e+16
1.3920000000000003	2.0261288475126144e+16
1.3930000000000002	2.0303133662536196e+16
1.3940000000000003	2.020874598470136e+16
1.3950000000000002	1.9738096124702944e+16
1.3960000000000004	1.95716987270669e+16
1.3970000000000002	2.056223950141935e+16
1.3980000000000004	1.814441552422133e+16
1.3990000000000002	2.066834069004028e+16
1.4000000000000004	1.8864395139773612e+16
1.4010000000000002	1.6897770874661896e+16
1.4020000000000004	2.223072924255252e+16
1.4030000000000002	2.0695102455282724e+16
1.4040000000000004	1.9048143525599796e+16
1.4050000000000002	1.8738938067496004e+16
1.4060000000000004	2.3713027856319764e+16
1.4070000000000003	1.84152910578357e+16
1.4080000000000004	1.89624760582704e+16
1.4090000000000003	1.8374686568125904e+16
1.4100000000000004	1.8923398450553696e+16
1.4110000000000003	1.9371747397173344e+16
1.4120000000000004	1.6517741325387502e+16
1.4130000000000003	2.1579379141192616e+16
1.4140000000000004	1.7888520220526396e+16
1.4150000000000003	1.7831305593332038e+16
1.4160000000000004	2.1273870946745644e+16
1.4170000000000003	1.8297631333643224e+16
1.4180000000000001	1.6566907603456366e+16
1.4190000000000003	1.6525654649370084e+16
1.4200000000000002	2.0093820902477276e+16
1.4210000000000003	1.9696043252739624e+16
1.4220000000000002	1.8200954310203644e+16
1.4230000000000003	1.8132772746426964e+16
1.4240000000000002	1.671134427384055e+16
1.4250000000000003	1.8646347306884828e+16
1.4260000000000002	1.7203063504139612e+16
1.4270000000000003	1.923027344489394e+16
1.4280000000000002	1.7906395337461104e+16
1.4290000000000003	1.4707998847200158e+16
1.4300000000000002	2.1987693861565096e+16
1.4310000000000003	2.1027038612489624e+16
1.4320000000000002	1.7482661503625692e+16
1.4330000000000003	1.9503743583092856e+16
1.4340000000000002	1.5158909605309956e+16
1.4350000000000003	2.1119959908768276e+16
1.4360000000000002	2.051412840495936e+16
1.4370000000000003	1.8906448048563596e+16
1.4380000000000002	2.0237788936518904e+16
1.4390000000000003	1.972712499625597e+16
1.4400000000000002	1.8904188471860464e+16
1.4410000000000003	1.825188003152282e+16
1.4420000000000002	1.9436581402346e+16
1.4430000000000003	2.19108765967269e+16
1.4440000000000002	2.0852956872523896e+16
1.4450000000000003	1.7222241256874574e+16
1.4460000000000002	2.0627940555184076e+16
1.4470000000000003	1.8466891681038136e+16
1.4480000000000002	2.1509753269102148e+16
1.4490000000000003	2.3040629706355772e+16
1.4500000000000002	1.9017867656073052e+16
1.4510000000000003	1.7722746221895406e+16
1.4520000000000002	2.488924510018724e+16
1.4530000000000003	2.3052054793224936e+16
1.4540000000000002	1.9480818302523536e+16
1.4550000000000003	2.4549371105402364e+16
1.4560000000000002	2.015641347702431e+16
1.4570000000000003	1.9616583958904656e+16
1.4580000000000002	2.3172930126655108e+16
1.4590000000000003	2.416234160111918e+16
1.4600000000000002	2.354390233786125e+16
1.4610000000000003	2.2781328059491748e+16
1.4620000000000002	2.083761989054802e+16
1.4630000000000003	1.8282981776682868e+16
1.4640000000000002	2.36291560827346e+16
1.4650000000000003	2.2746619496537576e+16
1.4660000000000002	2.4180605948785772e+16
1.4670000000000003	2.4092648223623504e+16
1.4680000000000002	2.026443268958428e+16
1.4690000000000003	1.9754358131386428e+16
1.4700000000000002	2.169766275208526e+16
1.4710000000000003	2.2760498370347212e+16
1.4720000000000002	2.3171053774108668e+16
1.4730000000000003	2.45070342204247e+16
1.4740000000000002	2.1421710058598628e+16
1.4750000000000003	2.157869299161612e+16
1.4760000000000002	2.238953709856124e+16
1.4770000000000003	2.2877994385261572e+16
1.4780000000000002	2.3434535110348296e+16
1.4790000000000003	2.5874345982811256e+16
1.4800000000000002	2.078621242951101e+16
1.4810000000000003	2.4278093332431028e+16
1.4820000000000002	2.090238105470466e+16
1.4830000000000003	2.3289597265634804e+16
1.4840000000000002	2.556446728358486e+16
1.4850000000000003	2.338341149392021e+16
1.4860000000000002	2.3388846378170188e+16
1.4870000000000003	2.49665502621149e+16
1.4880000000000002	2.3021636357254204e+16
1.4890000000000003	2.372991593209733e+16
1.4900000000000002	2.262108434858509e+16
1.4910000000000003	2.570533740281793e+16
1.4920000000000002	2.4040894187156256e+16
1.4930000000000003	2.4722157307360444e+16
1.4940000000000002	2.259479149428744e+16
1.4950000000000003	2.4094029622647944e+16
1.4960000000000002	2.4231069517484664e+16
1.4970000000000003	2.483165377371631e+16
1.4980000000000002	2.5406434826034052e+16
1.4990000000000003	2.6007094277925916e+16
1.5000000000000002	2.484880345524541e+16
1.5010000000000003	2.5235663720007044e+16
1.5020000000000002	2.18850564010173e+16
1.5030000000000003	2.75687086968254e+16
1.5040000000000002	2.4613317322858052e+16
1.5050000000000003	2.623306333689788e+16
1.5060000000000002	2.5715357392850532e+16
1.5070000000000003	2.693355912039988e+16
1.5080000000000002	2.4719184450257404e+16
1.5090000000000003	2.682821671077914e+16
1.5100000000000002	2.5760349237890536e+16
1.5110000000000003	2.556018424887343e+16
1.5120000000000002	2.767175872249924e+16
1.5130000000000003	2.514029229952068e+16
1.5140000000000002	2.6222639611393056e+16
1.5150000000000003	2.9501276796682536e+16
1.5160000000000002	2.7362756613508164e+16
1.5170000000000003	2.5093351737127692e+16
1.5180000000000002	2.6121500291185292e+16
1.5190000000000003	2.6911485888033656e+16
1.5200000000000002	2.7254867755506172e+16
1.5210000000000004	2.907920230467247e+16
1.5220000000000002	2.786624344797839e+16
1.5230000000000004	2.873363789183612e+16
1.5240000000000002	2.880504664800858e+16
1.5250000000000004	2.6659689247682996e+16
1.5260000000000002	2.7271519372049548e+16
1.5270000000000004	2.8002384625720852e+16
1.5280000000000002	2.8296843692009776e+16
1.5290000000000004	2.88666677718235e+16
1.5300000000000002	3.011022511128151e+16
1.5310000000000004	2.902069959814748e+16
1.5320000000000003	2.639119819854704e+16
1.5330000000000004	2.8113180719361204e+16
1.5340000000000003	3.1174869431392916e+16
1.5350000000000004	2.9125520071058188e+16
1.5360000000000003	3.0013936379194812e+16
1.5370000000000004	2.8866985918736756e+16
1.5380000000000003	2.921226922241117e+16
1.5390000000000004	3.1687179289061016e+16
1.5400000000000003	2.942902226573483e+16
1.5410000000000004	2.8951458248682332e+16
1.5420000000000003	3.083601230172627e+16
1.5430000000000004	3.01964520599761e+16
1.5440000000000003	2.8841594595459564e+16
1.5450000000000004	3.121731086728946e+16
1.5460000000000003	3.3051669035917388e+16
1.5470000000000004	3.0419417172524264e+16
1.5480000000000003	3.0300428676998564e+16
1.5490000000000004	3.117247814230009e+16
1.5500000000000003	3.2033116273082856e+16
1.5510000000000004	3.0381052449798344e+16
1.5520000000000003	3.2117006575966584e+16
1.5530000000000004	3.247116742979008e+16
1.5540000000000003	3.2761171600570756e+16
1.5550000000000004	3.2136941336989908e+16
1.5560000000000003	3.15765025404946e+16
1.5570000000000004	3.1684593223001148e+16
1.5580000000000003	3.020354448274535e+16
1.5590000000000004	3.176980999642024e+16
1.5600000000000003	3.216155752798819e+16
1.5610000000000004	3.2198700296718852e+16
1.5620000000000003	3.32722816893036e+16
1.5630000000000004	3.317094676249832e+16
1.5640000000000003	3.3215616343748884e+16
1.5650000000000004	3.1890203284405444e+16
1.5660000000000003	3.128406224388535e+16
1.5670000000000004	3.464640143088784e+16
1.5680000000000003	3.5581637214508584e+16
1.5690000000000004	3.338629388698907e+16
1.5700000000000003	3.33650727324471e+16
1.5710000000000004	3.411587100269812e+16
1.5720000000000003	3.410280331588068e+16
1.5730000000000004	3.422026921520323e+16
1.5740000000000003	3.5196364306123076e+16
1.5750000000000004	3.5186780464927948e+16
1.5760000000000003	3.479559382407457e+16
1.5770000000000002	3.5001138070829028e+16
1.5780000000000003	3.441756858602751e+16
1.5790000000000002	3.4585746753116124e+16
1.5800000000000003	3.488682245280723e+16
1.5810000000000002	3.510175905331462e+16
1.5820000000000003	3.502247961854605e+16
1.5830000000000002	3.636056246190145e+16
1.5840000000000003	3.5027132389724456e+16
1.5850000000000002	3.51731188692606e+16
1.5860000000000003	3.711509018571359e+16
1.5870000000000002	3.617362849637091e+16
1.5880000000000003	3.673784860066724e+16
1.5890000000000002	3.697692341455815e+16
1.5900000000000003	3.55716728519795e+16
1.5910000000000002	3.732958660464734e+16
1.5920000000000003	3.660205337030542e+16
1.5930000000000002	3.647658957483668e+16
1.5940000000000003	3.7593912383563576e+16
1.5950000000000002	3.776521168685372e+16
1.5960000000000003	3.796190961031663e+16
1.5970000000000002	3.756926455048117e+16
1.5980000000000003	3.70993078749653e+16
1.5990000000000002	3.737256100393582e+16
1.6000000000000003	3.814884119434031e+16
1.6010000000000002	3.85820277793286e+16
1.6020000000000003	3.6764456912524024e+16
1.6030000000000002	3.938816725884025e+16
1.6040000000000003	3.801208845435625e+16
1.6050000000000002	3.796414062093203e+16
1.6060000000000003	3.82823313576272e+16
1.6070000000000002	3.911490873361553e+16
1.6080000000000003	3.9434792487255896e+16
1.6090000000000002	3.909063973166887e+16
1.6100000000000003	3.902037369088697e+16
1.6110000000000002	3.8365191107255784e+16
1.6120000000000003	3.9078948113538616e+16
1.6130000000000002	3.9571600460553864e+16
1.6140000000000003	3.930326655080723e+16
1.6150000000000002	3.940722276493779e+16
1.6160000000000003	3.9391239041192216e+16
1.6170000000000002	4.080760898057191e+16
1.6180000000000003	4.100246972801215e+16
1.6190000000000002	3.8903332357321704e+16
1.6200000000000003	3.95691464587001e+16
1.6210000000000002	3.90321917735355e+16
1.6220000000000003	4.0809885533992296e+16
1.6230000000000002	4.085605545729142e+16
1.6240000000000003	4.117557465120384e+16
1.6250000000000002	4.04709063207189e+16
1.6260000000000003	4.014435856756548e+16
1.6270000000000002	4.110284605139058e+16
1.6280000000000003	4.1403555562684264e+16
1.6290000000000002	4.067686658662299e+16
1.6300000000000003	4.123736440571427e+16
1.6310000000000002	4.03746698941479e+16
1.6320000000000003	4.082871680007331e+16
1.6330000000000002	4.148380910291465e+16
1.6340000000000003	4.1754316772685736e+16
1.6350000000000002	4.0934403303455176e+16
1.6360000000000003	4.163308911462705e+16
1.6370000000000002	4.167879846285105e+16
1.6380000000000003	4.269359673844723e+16
1.6390000000000002	4.194978113382038e+16
1.6400000000000003	4.1720828720415176e+16
1.6410000000000002	4.195145740557608e+16
1.6420000000000003	4.1175403396885e+16
1.6430000000000002	4.161569797468823e+16
1.6440000000000003	4.246308232513801e+16
1.6450000000000002	4.262447983947852e+16
1.6460000000000004	4.258576735039636e+16
1.6470000000000002	4.242486232242801e+16
1.6480000000000004	4.317713117326223e+16
1.6490000000000002	4.242884246400559e+16
1.6500000000000004	4.20098552746646e+16
1.6510000000000002	4.19907089119727e+16
1.6520000000000004	4.277437128150316e+16
1.6530000000000002	4.225289618399392e+16
1.6540000000000004	4.2753711497806504e+16
1.6550000000000002	4.2431689568085864e+16
1.6560000000000004	4.333326478808814e+16
1.6570000000000003	4.3413910922664424e+16
1.6580000000000004	4.3080875336638e+16
1.6590000000000003	4.252409834963747e+16
1.6600000000000004	4.197618834558403e+16
1.6610000000000003	4.257651599799792e+16
1.6620000000000004	4.1769193911873624e+16
1.6630000000000003	4.3615681125118744e+16
1.6640000000000004	4.353722279997954e+16
1.6650000000000003	4.357990716798592e+16
1.6660000000000004	4.420270106633883e+16
1.6670000000000003	4.302568102546883e+16
1.6680000000000004	4.3058666869913576e+16
1.6690000000000003	4.281703863950304e+16
1.6700000000000004	4.338248501454891e+16
1.6710000000000003	4.391181594109812e+16
1.6720000000000004	4.277469016411284e+16
1.6730000000000003	4.3120586970998776e+16
1.6740000000000004	4.349080908735342e+16
1.6750000000000003	4.393402573073483e+16
1.6760000000000004	4.4677802754697784e+16
1.6770000000000003	4.29176951013639e+16
1.6780000000000004	4.365544024226786e+16
1.6790000000000003	4.416275094067009e+16
1.6800000000000004	4.340880952670839e+16
1.6810000000000003	4.429790926518197e+16
1.6820000000000004	4.432237708784968e+16
1.6830000000000003	4.352731689901952e+16
1.6840000000000004	4.3317041232156136e+16
1.6850000000000003	4.417518601752824e+16
1.6860000000000004	4.3822212198470856e+16
1.6870000000000003	4.244665692178644e+16
1.6880000000000004	4.291655232378323e+16
1.6890000000000003	4.223395062772273e+16
1.6900000000000004	4.3777596320657304e+16
1.6910000000000003	4.407938029775905e+16
1.6920000000000004	4.108380485362031e+16
1.6930000000000003	4.271587359397423e+16
1.6940000000000004	4.21964384105213e+16
1.6950000000000003	4.221889206451198e+16
1.6960000000000004	4.18885274118562e+16
1.6970000000000003	4.045312777222871e+16
1.6980000000000004	4.065526692904512e+16
1.6990000000000003	4.1106650719147144e+16
1.7000000000000004	4.013330494119929e+16
1.7010000000000003	4.059565087177721e+16
1.7020000000000004	4.23273203014014e+16
1.7030000000000003	4.164166168874193e+16
1.7040000000000004	3.898895704145847e+16
1.7050000000000003	3.980587423891062e+16
1.7060000000000004	4.163395954690655e+16
1.7070000000000003	3.997891920322556e+16
1.7080000000000004	3.771307518237996e+16
1.7090000000000003	3.78145460609544e+16
1.7100000000000004	4.150621894412143e+16
1.7110000000000003	3.707040449022799e+16
1.7120000000000004	3.660835061507751e+16
1.7130000000000003	3.786243240924812e+16
1.7140000000000004	3.615441011653888e+16
1.7150000000000003	3.6433958885019736e+16
1.7160000000000004	3.5846897773120404e+16
1.7170000000000003	3.558815254943542e+16
1.7180000000000004	3.427934943304505e+16
1.7190000000000003	3.23505011561928e+16
1.7200000000000004	3.529656370703862e+16
1.7210000000000003	3.536773814045914e+16
1.7220000000000004	3.736540673373347e+16
1.7230000000000003	3.3187364538602296e+16
1.7240000000000004	3.4116888084964136e+16
1.7250000000000003	3.5954204171193676e+16
1.7260000000000004	3.565678914869372e+16
1.7270000000000003	2.929993330045936e+16
1.7280000000000004	3.4443413743156096e+16
1.7290000000000003	3.3275567510432976e+16
1.7300000000000004	3.33918076195229e+16
1.7310000000000003	3.5599209167930244e+16
1.7320000000000004	2.861885725382899e+16
1.7330000000000003	3.3960950221487384e+16
1.7340000000000002	3.2575156850808372e+16
1.7350000000000003	3.0590704905173084e+16
1.7360000000000002	3.254153690150059e+16
1.7370000000000003	2.879036939382435e+16
1.7380000000000002	3.2363712582692136e+16
1.7390000000000003	3.2876443937129696e+16
1.7400000000000002	2.9757568186224636e+16
1.7410000000000003	2.8016311006370656e+16
1.7420000000000002	3.2758569143445504e+16
1.7430000000000003	3.0803937099389148e+16
1.7440000000000002	2.9546106095515388e+16
1.7450000000000003	2.8349849069224704e+16
1.7460000000000002	3.0163262167794748e+16
1.7470000000000003	2.667972966799336e+16
1.7480000000000002	2.84775928321019e+16
1.7490000000000003	3.1487344725260696e+16
1.7500000000000002	2.9321230221952456e+16
1.7510000000000003	2.5581915569681044e+16
1.7520000000000002	2.863775389153228e+16
1.7530000000000003	3.1358868738530964e+16
1.7540000000000002	2.6449734181532012e+16
1.7550000000000003	2.8630655649586004e+16
1.7560000000000002	2.383488519105827e+16
1.7570000000000003	2.6874121684570812e+16
1.7580000000000002	2.520092334261214e+16
1.7590000000000003	2.5825733806444796e+16
1.7600000000000002	3.1803407773465092e+16
1.7610000000000003	2.4199674201083332e+16
1.7620000000000002	2.6594405644022784e+16
1.7630000000000003	2.2934977484061316e+16
1.7640000000000002	2.9073490422645884e+16
1.7650000000000003	2.6745326168419876e+16
1.7660000000000002	3.023127347414399e+16
1.7670000000000003	2.461337186242105e+16
1.7680000000000002	2.0330417599621764e+16
1.7690000000000003	2.3357650663857772e+16
1.7700000000000002	2.732922588128835e+16
1.7710000000000004	2.6304850948161324e+16
1.7720000000000002	2.362330180505835e+16
1.7730000000000004	2.1590539728755416e+16
1.7740000000000002	2.7813909435158016e+16
1.7750000000000004	2.290428336506203e+16
1.7760000000000002	2.1971130559219e+16
1.7770000000000004	2.3276798551730428e+16
1.7780000000000002	2.385994203550823e+16
1.7790000000000004	2.4824169613958376e+16
1.7800000000000002	2.4196291060027268e+16
1.7810000000000004	2.0957280690633804e+16
1.7820000000000003	2.331225837198635e+16
1.7830000000000004	2.2247421919861156e+16
1.7840000000000003	2.5745240352274436e+16
1.7850000000000004	2.0514352236043024e+16
1.7860000000000003	1.9441031617157896e+16
1.7870000000000004	1.856702421210334e+16
1.7880000000000003	2.2768671277199904e+16
1.7890000000000004	2.3734919851246304e+16
1.7900000000000003	2.5582680143225176e+16
1.7910000000000004	1.936464688216743e+16
1.7920000000000003	2.0312363890750068e+16
1.7930000000000004	2.2138519644565188e+16
1.7940000000000003	2.0582742620762644e+16
1.7950000000000004	2.1941895732674784e+16
1.7960000000000003	1.9446812788953264e+16
1.7970000000000004	2.3317833991733852e+16
1.7980000000000003	2.32486342173671e+16
1.7990000000000004	2.4935122430676028e+16
1.8000000000000003	1.8359586775455148e+16
1.8010000000000004	1.6939663525435906e+16
1.8020000000000003	1.869250303964761e+16
1.8030000000000004	1.9957009526259376e+16
1.8040000000000003	2.4727398349033668e+16
1.8050000000000004	2.1505311819114816e+16
1.8060000000000003	1.5918214081519494e+16
1.8070000000000004	1.971683291680206e+16
1.8080000000000003	2.0671835051983308e+16
1.8090000000000004	1.9994989099870576e+16
1.8100000000000003	2.350919700277001e+16
1.8110000000000004	1.5174189589288348e+16
1.8120000000000003	1.9824734265163356e+16
1.8130000000000004	1.7948134030876032e+16
1.8140000000000003	2.601609707537877e+16
1.8150000000000004	2.2533832560022692e+16
1.8160000000000003	1.9074430007648424e+16
1.8170000000000004	1.983872697327701e+16
1.8180000000000003	2.047479136221893e+16
1.8190000000000004	1.9369796147998676e+16
1.8200000000000003	1.886569265681405e+16
1.8210000000000004	1.91167094431507e+16
1.8220000000000003	1.4707189234681692e+16
1.8230000000000004	2.1338105573575756e+16
1.8240000000000003	2.6363652889698484e+16
1.8250000000000004	2.121564487164714e+16
1.8260000000000003	1.7879788320770672e+16
1.8270000000000004	1.9705737050977204e+16
1.8280000000000003	1.848049352955057e+16
1.8290000000000004	2.1859790144463504e+16
1.8300000000000003	2.1746138197478464e+16
1.8310000000000004	1.8187952808271268e+16
1.8320000000000003	2.0952969934499576e+16
1.8330000000000004	1.8048355823592852e+16
1.8340000000000003	2.2468958219497476e+16
1.8350000000000004	1.8061031935887624e+16
1.8360000000000003	1.8691167233887348e+16
1.8370000000000004	2.2040268435577624e+16
1.8380000000000003	1.7983421425963242e+16
1.8390000000000004	1.9629236238114756e+16
1.8400000000000003	1.7835497711695312e+16
1.8410000000000004	2.3682851301592356e+16
1.8420000000000003	1.644263757600739e+16
1.8430000000000004	1.893204616481012e+16
1.8440000000000003	1.6934425251029696e+16
1.8450000000000004	1.955204609255263e+16
1.8460000000000003	1.7622563519495194e+16
1.8470000000000004	1.6243285541715882e+16
1.8480000000000003	1.6679669449066594e+16
1.8490000000000004	1.7723257867347642e+16
1.8500000000000003	1.5242178458088426e+16
1.8510000000000004	1.996691156378719e+16
1.8520000000000003	2.187639562741574e+16
1.8530000000000004	1.7680149648046222e+16
1.8540000000000003	1.606644140477889e+16
1.8550000000000004	1.9189862030409252e+16
1.8560000000000003	1.848471963337766e+16
1.8570000000000004	1.4738531871640946e+16
1.8580000000000003	1.3680676365269362e+16
1.8590000000000004	1.629061049970873e+16
1.8600000000000003	1.4014354218358458e+16
1.8610000000000004	1.3734455800434994e+16
1.8620000000000003	1.890914664525868e+16
1.8630000000000004	1.681320775826693e+16
1.8640000000000003	1.6649937962696068e+16
1.8650000000000004	1.3263130786328174e+16
1.8660000000000003	1.858909059411724e+16
1.8670000000000004	1.7914764205820796e+16
1.8680000000000003	1.321489284703723e+16
1.8690000000000004	2.0804913739307268e+16
1.8700000000000003	1.893404132992243e+16
1.8710000000000004	1.6196773452105878e+16
1.8720000000000003	1.958711833549367e+16
1.8730000000000004	1.3983328521775642e+16
1.8740000000000003	1.8851605090404268e+16
1.8750000000000004	1.857878706474698e+16
1.8760000000000003	1.9487252868285012e+16
1.8770000000000004	1.5844566243333186e+16
1.8780000000000003	1.849002092690062e+16
1.8790000000000004	1.6911163099868612e+16
1.8800000000000003	2.053606125049509e+16
1.8810000000000004	1.6817944962842494e+16
1.8820000000000003	1.930905864796067e+16
1.8830000000000005	2.284263155868354e+16
1.8840000000000003	2.1949176863397332e+16
1.8850000000000005	1.51804155680943e+16
1.8860000000000003	2.084128490623835e+16
1.8870000000000005	1.9478350630025892e+16
1.8880000000000003	2.263489931831622e+16
1.8890000000000005	1.7994497532527056e+16
1.8900000000000003	2.0356863904796508e+16
1.8910000000000002	2.085054141355683e+16
1.8920000000000003	1.5256535631825644e+16
1.8930000000000002	1.9178038281503964e+16
1.8940000000000003	1.9603916614018164e+16
1.8950000000000002	2.132722982875429e+16
1.8960000000000004	2.002302703388315e+16
1.8970000000000002	2.3016883296822132e+16
1.8980000000000004	1.8562390445405584e+16
1.8990000000000002	2.0318347321791932e+16
1.9000000000000004	2.287311652930765e+16
1.9010000000000002	1.887390385602558e+16
1.9020000000000004	2.3076041608341788e+16
1.9030000000000002	2.0605567926815612e+16
1.9040000000000004	2.069629694152497e+16
1.9050000000000002	2.092707147648899e+16
1.9060000000000004	1.849577321159524e+16
1.9070000000000003	1.8863274193220772e+16
1.9080000000000004	2.417455789793166e+16
1.9090000000000003	2.2810397238193384e+16
1.9100000000000004	2.1850068650127184e+16
1.9110000000000003	1.7598811654077392e+16
1.9120000000000004	1.9572331571968012e+16
1.9130000000000003	2.2600909559906216e+16
1.9140000000000004	1.9986955885995012e+16
1.9150000000000003	2.360552493941195e+16
1.9160000000000004	1.955871133504597e+16
1.9170000000000003	1.921748956720511e+16
1.9180000000000004	2.1912989804626308e+16
1.9190000000000003	2.5613425183226736e+16
1.9200000000000004	1.884504784835108e+16
1.9210000000000003	1.6536448156992108e+16
1.9220000000000004	2.1765361078635756e+16
1.9230000000000003	2.2151714176580748e+16
1.9240000000000004	1.7385492321988756e+16
1.9250000000000003	2.120443462582982e+16
1.9260000000000004	2.1458334106241644e+16
1.9270000000000003	1.7749314617887018e+16
1.9280000000000004	2.5073591446781764e+16
1.9290000000000003	1.8279121902706804e+16
1.9300000000000004	2.0640404428431252e+16
1.9310000000000003	1.7634316005183878e+16
1.9320000000000004	2.0018768360406184e+16
1.9330000000000003	2.1058108683052908e+16
1.9340000000000004	1.8116890500500976e+16
1.9350000000000003	2.1648542734371932e+16
1.9360000000000004	1.9554017568264304e+16
1.9370000000000003	1.995396052102913e+16
1.9380000000000004	2.037130048831728e+16
1.9390000000000003	1.641855560854942e+16
1.9400000000000004	1.56818696821406e+16
1.9410000000000003	1.5450372146780576e+16
1.9420000000000004	1.9423360159999824e+16
1.9430000000000003	2.036511299023204e+16
1.9440000000000004	2.0112043343299344e+16
1.9450000000000003	1.720657931936021e+16
1.9460000000000004	1.8440629704103204e+16
1.9470000000000003	2.107822289766481e+16
1.9480000000000004	1.6801718015352872e+16
1.9490000000000003	1.6983627447967762e+16
1.9500000000000004	2.0666944372945852e+16
1.9510000000000003	2.1513246696402388e+16
1.9520000000000004	2.080390714084815e+16
1.9530000000000003	1.4752091323636152e+16
1.9540000000000004	1.938911154227164e+16
1.9550000000000003	1.7633912387108174e+16
1.9560000000000004	1.594098954534177e+16
1.9570000000000003	1.9157171212643e+16
1.9580000000000004	1.8687312422433264e+16
1.9590000000000003	2.3987463225880456e+16
1.9600000000000004	1.7567846544432286e+16
1.9610000000000003	1.541405874685654e+16
1.9620000000000004	1.8594437634688164e+16
1.9630000000000003	1.971074507176239e+16
1.9640000000000004	1.865750171304619e+16
1.9650000000000003	1.672121476390199e+16
1.9660000000000004	2.007963105299012e+16
1.9670000000000003	2.0410133686180068e+16
1.9680000000000004	1.615765384711695e+16
1.9690000000000003	1.8585654231944744e+16
1.9700000000000004	2.1930755472719092e+16
1.9710000000000003	1.6607170576940584e+16
1.9720000000000004	2.0613508027602376e+16
1.9730000000000003	1.829712112449557e+16
1.9740000000000004	1.7679553282619966e+16
1.9750000000000003	1.8587254563381976e+16
1.9760000000000004	1.3711416910691638e+16
1.9770000000000003	1.9464656869581216e+16
1.9780000000000004	1.8853042528034908e+16
1.9790000000000003	2.0082692108748412e+16
1.9800000000000004	1.5606731418670264e+16
1.9810000000000003	1.990859356701026e+16
1.9820000000000004	1.6630480310785046e+16
1.9830000000000003	1.8000697678496162e+16
1.9840000000000004	1.8294684692632076e+16
1.9850000000000003	1.9259863345226932e+16
1.9860000000000004	1.846931933590374e+16
1.9870000000000003	2.1169514059683228e+16
1.9880000000000004	1.807373516174368e+16
1.9890000000000003	1.8812675410533268e+16
1.9900000000000004	1.4935983086052184e+16
1.9910000000000003	1.8020260502609644e+16
1.9920000000000004	1.6309399475554248e+16
1.9930000000000003	1.933238410932388e+16
1.9940000000000004	2.1683040480882496e+16
1.9950000000000003	1.767250142888828e+16
1.9960000000000004	1.959186746193462e+16
1.9970000000000003	1.935621993813354e+16
1.9980000000000004	1.6531699043751566e+16
1.9990000000000003	1.9704338123632724e+16
2.0000000000000004	1.590333006825885e+16
2.0010000000000003	1.8913311317911028e+16
2.0020000000000002	1.8319763609925464e+16
2.0030000000000006	2.0029443236527732e+16
2.0040000000000004	2.0389603415454304e+16
2.0050000000000003	2.046109377916146e+16
2.0060000000000002	1.847383919515122e+16
2.0070000000000006	1.7996385827424134e+16
2.0080000000000005	2.244680029007573e+16
2.0090000000000003	1.5286721400385294e+16
2.0100000000000002	1.854653909854029e+16
2.0110000000000006	1.7769495204565896e+16
2.0120000000000005	1.9992284301596096e+16
2.0130000000000003	2.008764013843263e+16
2.0140000000000002	2.0839043880023932e+16
2.0150000000000006	2.0913309013939216e+16
2.0160000000000005	1.8016194244316016e+16
2.0170000000000003	1.76824084713896e+16
2.0180000000000002	2.1326218770653124e+16
2.0190000000000006	1.9390968729437732e+16
2.0200000000000005	1.6039865333933588e+16
2.0210000000000004	2.1373425743150216e+16
2.0220000000000002	2.1529149815890596e+16
2.0230000000000006	2.0402450020601784e+16
2.0240000000000005	2.271154827190909e+16
2.0250000000000004	2.1009909305759284e+16
2.0260000000000002	1.8202921344324824e+16
2.0270000000000006	1.945067338255537e+16
2.0280000000000005	2.0703343165021188e+16
2.0290000000000004	1.7169176815782254e+16
2.0300000000000002	2.2480160529697636e+16
2.0310000000000006	1.7943435892983528e+16
2.0320000000000005	2.3247853052199324e+16
2.0330000000000004	2.1190697535664764e+16
2.0340000000000003	2.0923735621852348e+16
2.0350000000000006	2.18736981131542e+16
2.0360000000000005	1.799055561549479e+16
2.0370000000000004	2.3691974699568804e+16
2.0380000000000003	2.2000275139574964e+16
2.0390000000000006	2.122459285976579e+16
2.0400000000000005	2.0256723877515164e+16
2.0410000000000004	1.9613455662467028e+16
2.0420000000000003	2.3030782724292228e+16
2.0430000000000006	2.486693430937656e+16
2.0440000000000005	1.895969847621567e+16
2.0450000000000004	1.9636985848059464e+16
2.0460000000000003	2.1169616153998296e+16
2.0470000000000006	2.3062772039566772e+16
2.0480000000000005	2.3546939619452948e+16
2.0490000000000004	2.00782498278316e+16
2.0500000000000003	2.1139213770385064e+16
2.051	2.456185983186291e+16
2.0520000000000005	2.108583894783725e+16
2.0530000000000004	2.2449537062217652e+16
2.0540000000000003	2.0686542190908892e+16
2.055	2.1931035146556876e+16
2.0560000000000005	2.134147949331997e+16
2.0570000000000004	2.4234585816752196e+16
2.0580000000000003	2.4440290298025024e+16
2.059	2.353530776352344e+16
2.0600000000000005	2.418479892943339e+16
2.0610000000000004	2.1181701060435636e+16
2.0620000000000003	2.2452983795578304e+16
2.063	2.3168278253502652e+16
2.0640000000000005	1.9755076358267496e+16
2.0650000000000004	2.3358564185160452e+16
2.0660000000000003	2.281279072553126e+16
2.067	2.466553661046769e+16
2.0680000000000005	2.3920776833090932e+16
2.0690000000000004	2.22784031399352e+16
2.0700000000000003	2.547729681906428e+16
2.071	2.3880465252333036e+16
2.0720000000000005	2.205660248628739e+16
2.0730000000000004	2.334314680674191e+16
2.0740000000000003	2.3205563383569544e+16
2.075	2.283043734359121e+16
2.0760000000000005	2.4257508782305468e+16
2.0770000000000004	2.4001555502556544e+16
2.0780000000000003	2.46886834304414e+16
2.079	2.418905884100873e+16
2.0800000000000005	2.375998700479864e+16
2.0810000000000004	2.420600668536695e+16
2.0820000000000003	2.4393955486606508e+16
2.083	2.3201219548248292e+16
2.0840000000000005	2.3971537029147104e+16
2.0850000000000004	2.4455151112955988e+16
2.0860000000000003	2.5013596813163896e+16
2.087	2.2541016550162708e+16
2.0880000000000005	2.5233100612452744e+16
2.0890000000000004	2.4558320205030444e+16
2.0900000000000003	2.3582830435410492e+16
2.091	2.6326798848680076e+16
2.0920000000000005	2.453788323984844e+16
2.0930000000000004	2.613447493169554e+16
2.0940000000000003	2.358076492652263e+16
2.095	2.5003529738262932e+16
2.0960000000000005	2.5076915253243172e+16
2.0970000000000004	2.4489084711286492e+16
2.0980000000000003	2.510966545755262e+16
2.099	2.4834644536330076e+16
2.1000000000000005	2.507267555661803e+16
2.1010000000000004	2.5840004062344e+16
2.1020000000000003	2.5203286488547844e+16
2.103	2.515474418489382e+16
2.1040000000000005	2.5373749639416136e+16
2.1050000000000004	2.4693429244695696e+16
2.1060000000000003	2.5892569831409788e+16
2.107	2.6106652740051936e+16
2.1080000000000005	2.5182957625439596e+16
2.1090000000000004	2.4850305886998376e+16
2.1100000000000003	2.609453640872938e+16
2.111	2.665340467012986e+16
2.1120000000000005	2.4433659106886788e+16
2.1130000000000004	2.5975098508246816e+16
2.1140000000000003	2.6918182004741108e+16
2.115	2.635043290945042e+16
2.1160000000000005	2.6415276529411104e+16
2.1170000000000004	2.462981131347204e+16
2.1180000000000003	2.539551490501651e+16
2.119	2.5498565286693148e+16
2.1200000000000006	2.630489885582301e+16
2.1210000000000004	2.6553826551797764e+16
2.1220000000000003	2.6161023842612664e+16
2.123	2.6438353912346136e+16
2.1240000000000006	2.6066454377766976e+16
2.1250000000000004	2.7094753983590972e+16
2.1260000000000003	2.658641540111519e+16
2.1270000000000002	2.6591859001289028e+16
2.1280000000000006	2.5548568631433724e+16
2.1290000000000004	2.5405157824995136e+16
2.1300000000000003	2.5844923023410804e+16
2.1310000000000002	2.653174313781051e+16
2.1320000000000006	2.6472508571629852e+16
2.1330000000000005	2.6998551735161344e+16
2.1340000000000003	2.649105482593023e+16
2.1350000000000002	2.7079769791065104e+16
2.1360000000000006	2.702134776072995e+16
2.1370000000000005	2.639783744226781e+16
2.1380000000000003	2.660406779670065e+16
2.1390000000000002	2.6606190983315816e+16
2.1400000000000006	2.6008509093610492e+16
2.1410000000000005	2.6008555849647348e+16
2.1420000000000003	2.605184430909569e+16
2.1430000000000002	2.632847549973779e+16
2.1440000000000006	2.78751958584962e+16
2.1450000000000005	2.7655104716829996e+16
2.1460000000000004	2.748652208351623e+16
2.1470000000000002	2.708707851523974e+16
2.1480000000000006	2.681187855990553e+16
2.1490000000000005	2.6692517531744188e+16
2.1500000000000004	2.5659191064133476e+16
2.1510000000000002	2.692479983694332e+16
2.1520000000000006	2.6497290414763892e+16
2.1530000000000005	2.6157710630124784e+16
2.1540000000000004	2.7135480603826504e+16
2.1550000000000002	2.7062365987350228e+16
2.1560000000000006	2.6379769694005084e+16
2.1570000000000005	2.6985849765914724e+16
2.1580000000000004	2.745283152204624e+16
2.1590000000000003	2.6757547957366164e+16
2.1600000000000006	2.6746748151577972e+16
2.1610000000000005	2.7288639922486264e+16
2.1620000000000004	2.6718024214991224e+16
2.1630000000000003	2.6427643677218572e+16
2.1640000000000006	2.7279605420393944e+16
2.1650000000000005	2.7085218788482308e+16
2.1660000000000004	2.6324699595697344e+16
2.1670000000000003	2.6705567533554748e+16
2.1680000000000006	2.7515223056933264e+16
2.1690000000000005	2.7734882079892132e+16
2.1700000000000004	2.7223509135461044e+16
2.1710000000000003	2.636663345792982e+16
2.1720000000000006	2.6964988879771692e+16
2.1730000000000005	2.6407004519943956e+16
2.1740000000000004	2.6674371283071784e+16
2.1750000000000003	2.7512219948596524e+16
2.1760000000000006	2.592075207019796e+16
2.1770000000000005	2.6895407566948428e+16
2.1780000000000004	2.6143119054663548e+16
2.1790000000000003	2.620632560806088e+16
2.1800000000000006	2.672642133387674e+16
2.1810000000000005	2.7119112162960388e+16
2.1820000000000004	2.700460541672807e+16
2.1830000000000003	2.643902426521269e+16
2.1840000000000006	2.6926243279362972e+16
2.1850000000000005	2.670336437814974e+16
2.1860000000000004	2.6066101843984916e+16
2.1870000000000003	2.6495773588642028e+16
2.1880000000000006	2.6550115786158548e+16
2.1890000000000005	2.7089450563706508e+16
2.1900000000000004	2.658964814326603e+16
2.1910000000000003	2.717988439195643e+16
2.1920000000000006	2.676351306675084e+16
2.1930000000000005	2.579925089181541e+16
2.1940000000000004	2.6509136723627572e+16
2.1950000000000003	2.697976123904904e+16
2.1960000000000006	2.6163620343790836e+16
2.1970000000000005	2.6290207633865856e+16
2.1980000000000004	2.6670984474412196e+16
2.1990000000000003	2.6535995930187116e+16
2.2000000000000006	2.6637868044521748e+16
2.2010000000000005	2.6391120373564136e+16
2.2020000000000004	2.630878770018966e+16
2.2030000000000003	2.592677506360978e+16
2.2040000000000006	2.560705728828921e+16
2.2050000000000005	2.5984006163335136e+16
2.2060000000000004	2.6571675416801456e+16
2.2070000000000003	2.5985469710530292e+16
2.208	2.5878384535585484e+16
2.2090000000000005	2.639087826833778e+16
2.2100000000000004	2.6597253269039176e+16
2.2110000000000003	2.5383174239157424e+16
2.212	2.6936814768294156e+16
2.2130000000000005	2.6242302522908812e+16
2.2140000000000004	2.6581043638330508e+16
2.2150000000000003	2.6248199491639744e+16
2.216	2.634796704139889e+16
2.2170000000000005	2.5862268878308944e+16
2.2180000000000004	2.6415320265554068e+16
2.2190000000000003	2.5495409190728724e+16
2.22	2.4569868136972292e+16
2.2210000000000005	2.4981648502066384e+16
2.2220000000000004	2.5967100696670188e+16
2.2230000000000003	2.621863830759487e+16
2.224	2.6287631817317584e+16
2.2250000000000005	2.677803033311019e+16
2.2260000000000004	2.65560648336415e+16
2.2270000000000003	2.5250691666742692e+16
2.228	2.5468605088533508e+16
2.2290000000000005	2.5404190257256384e+16
2.2300000000000004	2.576907479586122e+16
2.2310000000000003	2.627449515233783e+16
2.232	2.6568406214050456e+16
2.2330000000000005	2.498551944264229e+16
2.2340000000000004	2.6207282073992988e+16
2.2350000000000003	2.4634898916659864e+16
2.236	2.454478270764234e+16
2.2370000000000005	2.6162817363092664e+16
2.2380000000000004	2.5938249885338376e+16
2.2390000000000003	2.4714446206673452e+16
2.24	2.655057631422853e+16
2.2410000000000005	2.634797942955433e+16
2.2420000000000004	2.500144698453098e+16
2.2430000000000003	2.4738830912125524e+16
2.244	2.488159223993738e+16
2.2450000000000006	2.54231324809739e+16
2.2460000000000004	2.6595328878911364e+16
2.2470000000000003	2.4652429989926896e+16
2.248	2.5220326133435004e+16
2.2490000000000006	2.619762025836784e+16
2.2500000000000004	2.3771898053526428e+16
2.2510000000000003	2.639904719903715e+16
2.2520000000000002	2.51296097053336e+16
2.2530000000000006	2.544254754422902e+16
2.2540000000000004	2.485949753531135e+16
2.2550000000000003	2.462407556792931e+16
2.2560000000000002	2.503003718712194e+16
2.2570000000000006	2.5788384084915316e+16
2.2580000000000005	2.4581155166982532e+16
2.2590000000000003	2.551058714268297e+16
2.2600000000000002	2.517064243179982e+16
2.2610000000000006	2.545963897144291e+16
2.2620000000000005	2.529008212100211e+16
2.2630000000000003	2.4706526680450984e+16
2.2640000000000002	2.450188375004064e+16
2.2650000000000006	2.3765694658180364e+16
2.2660000000000005	2.4842917829509596e+16
2.2670000000000003	2.4968307520963e+16
2.2680000000000002	2.5052402584959812e+16
2.2690000000000006	2.45541303144255e+16
2.2700000000000005	2.3903571928510972e+16
2.2710000000000004	2.4728384571837776e+16
2.2720000000000002	2.364658538396429e+16
2.2730000000000006	2.474354870971592e+16
2.2740000000000005	2.526136539091416e+16
2.2750000000000004	2.48147768059948e+16
2.2760000000000002	2.460905212676755e+16
2.2770000000000006	2.55157640671772e+16
2.2780000000000005	2.5310066832450276e+16
2.2790000000000004	2.3622398582614536e+16
2.2800000000000002	2.3089011795110036e+16
2.2810000000000006	2.3302746289303972e+16
2.2820000000000005	2.5265293381891156e+16
2.2830000000000004	2.4802494495785972e+16
2.2840000000000003	2.3675937523478636e+16
2.2850000000000006	2.450487807139636e+16
2.2860000000000005	2.4771235652548576e+16
2.2870000000000004	2.4309714462313628e+16
2.2880000000000003	2.5626334707541932e+16
2.2890000000000006	2.4368250137513344e+16
2.2900000000000005	2.462064974148853e+16
2.2910000000000004	2.4267188006506692e+16
2.2920000000000003	2.2899226010229404e+16
2.2930000000000006	2.333153639772605e+16
2.2940000000000005	1.4074443332763618e+16
2.2950000000000004	1.7092918012049936e+16
2.2960000000000003	1.811269056997856e+16
2.2970000000000006	1.862649057492034e+16
2.2980000000000005	1.8441825714861356e+16
2.2990000000000004	1.9633801644878436e+16
2.3000000000000003	2.0570025986323932e+16
2.3010000000000006	1.7272138387355676e+16
2.3020000000000005	2.059762439499895e+16
2.3030000000000004	1.9821328895081332e+16
2.3040000000000003	2.0898060503277856e+16
2.3050000000000006	1.9600163287404636e+16
2.3060000000000005	1.96898552792658e+16
2.3070000000000004	2.0064651313489828e+16
2.3080000000000003	1.940976468824055e+16
2.3090000000000006	2.0340223740764452e+16
2.3100000000000005	1.810164782796767e+16
2.3110000000000004	1.9357377879573212e+16
2.3120000000000003	1.9430314100364532e+16
2.3130000000000006	2.2281488232599284e+16
2.3140000000000005	1.9342073632738428e+16
2.3150000000000004	1.784041244135053e+16
2.3160000000000003	1.984961329646201e+16
2.3170000000000006	2.1724954506844104e+16
2.3180000000000005	1.855652025387287e+16
2.3190000000000004	2.0036721249763344e+16
2.3200000000000003	2.1864638551967584e+16
2.3210000000000006	1.9568559505806496e+16
2.3220000000000005	1.9155359924915096e+16
2.3230000000000004	1.5334667468929916e+16
2.3240000000000003	1.6067003442854914e+16
2.3250000000000006	1.7464100237770518e+16
2.3260000000000005	1.9099411298493304e+16
2.3270000000000004	1.7854147808537112e+16
2.3280000000000003	1.7898981364596132e+16
2.3290000000000006	1.8621560514896024e+16
2.3300000000000005	1.7047949976079122e+16
2.3310000000000004	1.857651411481856e+16
2.3320000000000003	1.8663748823507404e+16
2.3330000000000006	2.031525442535443e+16
2.3340000000000005	1.8057001538579124e+16
2.3350000000000004	1.9175765623713292e+16
2.3360000000000003	1.8050160283295188e+16
2.3370000000000006	1.8049562177744524e+16
2.3380000000000005	1.9818740617779144e+16
2.3390000000000004	1.7723596086644382e+16
2.3400000000000003	1.787135004818976e+16
2.3410000000000006	1.7965830783957324e+16
2.3420000000000005	2.013619086584009e+16
2.3430000000000004	1.892111664590694e+16
2.3440000000000003	1.8373433362459108e+16
2.3450000000000006	1.564198671056552e+16
2.3460000000000005	2.0970929701232484e+16
2.3470000000000004	1.9826555753481764e+16
2.3480000000000003	1.9892057461178744e+16
2.3490000000000006	2.144537801320585e+16
2.3500000000000005	1.8729168471117396e+16
2.3510000000000004	1.8009904931079402e+16
2.3520000000000003	1.767340362538264e+16
2.3530000000000006	1.6074499038177084e+16
2.3540000000000005	1.5661005867294114e+16
2.3550000000000004	1.9863951000781788e+16
2.3560000000000003	1.6378359124282414e+16
2.3570000000000007	1.9011744313056572e+16
2.3580000000000005	1.7074653458937532e+16
2.3590000000000004	1.5080687288129248e+16
2.3600000000000003	1.9336079286957796e+16
2.3610000000000007	1.6641632020715252e+16
2.3620000000000005	1.8013817548031874e+16
2.3630000000000004	1.617187632508621e+16
2.3640000000000003	1.8478544732502244e+16
2.365	1.856981993238475e+16
2.3660000000000005	1.7871899159008552e+16
2.3670000000000004	1.7593342432608758e+16
2.3680000000000003	1.6342465535811892e+16
2.369	1.7605882226263292e+16
2.3700000000000006	1.8151352217647696e+16
2.3710000000000004	1.6101579672292972e+16
2.3720000000000003	1.9789287238941348e+16
2.373	1.720393176112547e+16
2.3740000000000006	1.83762982413202e+16
2.3750000000000004	1.903624298984846e+16
2.3760000000000003	1.7120854664924682e+16
2.3770000000000002	1.7836936203963942e+16
2.3780000000000006	1.6706078716029412e+16
2.3790000000000004	1.7334659037003616e+16
2.3800000000000003	1.979417544582593e+16
2.3810000000000002	1.5294903741681046e+16
2.3820000000000006	1.92090320212107e+16
2.3830000000000005	1.5842809416640692e+16
2.3840000000000003	1.42188434976797e+16
2.3850000000000002	1.9178134390287204e+16
2.3860000000000006	1.5056949424149564e+16
2.3870000000000005	1.5363950407521836e+16
2.3880000000000003	1.503376613645602e+16
2.3890000000000002	1.6281348312716444e+16
2.3900000000000006	1.9802161599605652e+16
2.3910000000000005	1.853275612754161e+16
2.3920000000000003	1.4169303789323226e+16
2.3930000000000002	1.6622726013371612e+16
2.3940000000000006	1.9876330875247588e+16
2.3950000000000005	1.4868001887889182e+16
2.3960000000000004	1.7944263593573388e+16
2.3970000000000002	1.7037004771474464e+16
2.3980000000000006	1.511647496601369e+16
2.3990000000000005	1.831518071501504e+16
2.4000000000000004	1.7627025115899188e+16
2.4010000000000002	1.4759462656900114e+16
2.4020000000000006	1.7340882481485142e+16
2.4030000000000005	1.6139468959944034e+16
2.4040000000000004	1.531478208969583e+16
2.4050000000000002	1.7522215766296856e+16
2.4060000000000006	1.7054987805072104e+16
2.4070000000000005	1.5834387879583616e+16
2.4080000000000004	1.367472853543773e+16
2.4090000000000003	1.5831928616666692e+16
2.4100000000000006	1.5036952244179222e+16
2.4110000000000005	1.6139339975526994e+16
2.4120000000000004	1.6233422909515668e+16
2.4130000000000003	1.5453248286818418e+16
2.4140000000000006	1.2277620782231042e+16
2.4150000000000005	1.810690745608729e+16
2.4160000000000004	1.537322485329373e+16
2.4170000000000003	1.3663900653901128e+16
2.4180000000000006	1.5140660886112912e+16
2.4190000000000005	1.5101695399474026e+16
2.4200000000000004	1.3150409369716734e+16
2.4210000000000003	1.7569980058960242e+16
2.4220000000000006	1.2915642724665202e+16
2.4230000000000005	1.4646175551260638e+16
2.4240000000000004	1.6014288686062302e+16
2.4250000000000003	1.4632451325319432e+16
2.4260000000000006	1.3802599487379772e+16
2.4270000000000005	1.3323797745210398e+16
2.4280000000000004	1.3372062759079958e+16
2.4290000000000003	1.639942412353666e+16
2.4300000000000006	1.4619422290197114e+16
2.4310000000000005	1.2519050924814586e+16
2.4320000000000004	1.501310455967538e+16
2.4330000000000003	1.4771510230181746e+16
2.4340000000000006	1.2520306790612122e+16
2.4350000000000005	1.3070627636069062e+16
2.4360000000000004	1.4439508793241162e+16
2.4370000000000003	9742400308230770.0
2.4380000000000006	1.3883694626830206e+16
2.4390000000000005	1.6239143740799828e+16
2.4400000000000004	1.405002011024399e+16
2.4410000000000003	1.3743973904856006e+16
2.4420000000000006	1.3365814479286546e+16
2.4430000000000005	1.286947847306014e+16
2.4440000000000004	1.097706833855495e+16
2.4450000000000003	1.3758799992778156e+16
2.4460000000000006	1.3320220682712996e+16
2.4470000000000005	1.3537345204306286e+16
2.4480000000000004	9096291138864814.0
2.4490000000000003	1.3197589521662426e+16
2.4500000000000006	1.4677304961071104e+16
2.4510000000000005	1.407754782699589e+16
2.4520000000000004	1.0105225227858626e+16
2.4530000000000003	9906777270932272.0
2.4540000000000006	9016120805558182.0
2.4550000000000005	1.1368231089905052e+16
2.4560000000000004	1.3515876435162258e+16
2.4570000000000003	1.4895620301158514e+16
2.4580000000000006	1.4814404298952992e+16
2.4590000000000005	1.3636556720068782e+16
2.4600000000000004	1.1603841062011832e+16
2.4610000000000003	7280658322778842.0
2.4620000000000006	1.3036884339830228e+16
2.4630000000000005	1.1977899892550396e+16
2.4640000000000004	1.4902750969032648e+16
2.4650000000000003	1.3764142550226506e+16
2.4660000000000006	1.1990498344282476e+16
2.4670000000000005	1.1965859256823944e+16
2.4680000000000004	7643428362457238.0
2.4690000000000003	1.2638125872542712e+16
2.4700000000000006	1.1217547252581354e+16
2.4710000000000005	1.1040399548191572e+16
2.4720000000000004	1.1265438135441708e+16
2.4730000000000003	1.0726098704038068e+16
2.4740000000000006	8755093668568572.0
2.4750000000000005	8386983227793771.0
2.4760000000000004	9033425859219504.0
2.4770000000000003	1.40181523624095e+16
2.4780000000000006	1.2260341820887582e+16
2.4790000000000005	7814054764669571.0
2.4800000000000004	1.2211821661308946e+16
2.4810000000000003	1.071206218639578e+16
2.4820000000000007	8198390718898668.0
2.4830000000000005	9061022130776992.0
2.4840000000000004	1.295745988784605e+16
2.4850000000000003	1.4490573549910308e+16
2.4860000000000007	1.251762844206173e+16
2.4870000000000005	9083474347430294.0
2.4880000000000004	8786991185435741.0
2.4890000000000003	8341016836770537.0
2.4900000000000007	7055955743510713.0
2.4910000000000005	7630587143986373.0
2.4920000000000004	1.1443862079910122e+16
2.4930000000000003	1.0043991242305344e+16
2.4940000000000007	1.4435781726663002e+16
2.4950000000000006	1.1324259156905396e+16
2.4960000000000004	9418155289242998.0
2.4970000000000003	9516574493725520.0
2.4980000000000007	6440500329449165.0
2.4990000000000006	1.0375853087121018e+16
2.5000000000000004	1.0940292658812942e+16
2.5010000000000003	1.0220878494264246e+16
2.5020000000000007	1.2023102264604434e+16
2.5030000000000006	7697092561287212.0
2.5040000000000004	9018256661708680.0
2.5050000000000003	8126691391146200.0
2.5060000000000007	5035812840488163.0
2.5070000000000006	8849641926169479.0
2.5080000000000005	9992826331722792.0
2.5090000000000003	1.09258794936554e+16
2.5100000000000007	1.079237542142658e+16
2.5110000000000006	7759493354841445.0
2.5120000000000005	8722153851980483.0
2.5130000000000003	7694275491523356.0
2.5140000000000007	1.0426506040542228e+16
2.5150000000000006	5144446636682925.0
2.5160000000000005	7957151195990762.0
2.5170000000000003	1.0100988428555402e+16
2.5180000000000007	8463815802008852.0
2.5190000000000006	8824198363034656.0
2.5200000000000005	9311328386981120.0
2.5210000000000004	9113119688252818.0
2.5220000000000002	8023059264208776.0
2.5230000000000006	9594752908397806.0
2.5240000000000005	6003639214556536.0
2.5250000000000004	7302477704712824.0
2.5260000000000002	7453246258668110.0
2.5270000000000006	9819972017382376.0
2.5280000000000005	6464821953424984.0
2.5290000000000004	8462520861682002.0
2.5300000000000002	1.0015658430636958e+16
2.5310000000000006	1.086509688402941e+16
2.5320000000000005	8484425629812263.0
2.5330000000000004	5082314276413410.0
2.5340000000000003	1.0389648119547492e+16
2.5350000000000006	8091758051324468.0
2.5360000000000005	5909278452956327.0
2.5370000000000004	7442968976523543.0
2.5380000000000003	7634405649099742.0
2.5390000000000006	6715599232619830.0
2.5400000000000005	9850256420131242.0
2.5410000000000004	8709336965419339.0
2.5420000000000003	8733845786138412.0
2.5430000000000006	5559387753768895.0
2.5440000000000005	6457991062021484.0
2.5450000000000004	8357838350088488.0
2.5460000000000003	7802350961443270.0
2.5470000000000006	8583960905195636.0
2.5480000000000005	6172683420450227.0
2.5490000000000004	6097779983857509.0
2.5500000000000003	8377584027494335.0
2.5510000000000006	9096309856037782.0
2.5520000000000005	9356615069383322.0
2.5530000000000004	4402191812993945.5
2.5540000000000003	9030171096704756.0
2.5550000000000006	7971577958063232.0
2.5560000000000005	7446110603401346.0
2.5570000000000004	8150463453482689.0
2.5580000000000003	8830854052282920.0
2.5590000000000006	8806463089480508.0
2.5600000000000005	6991942840354319.0
2.5610000000000004	4524051412698285.0
2.5620000000000003	9069574049940510.0
2.5630000000000006	5285760126161692.0
2.5640000000000005	7000251853736586.0
2.5650000000000004	6990018112918998.0
2.5660000000000003	7798569746238400.0
2.5670000000000006	6884660216163306.0
2.5680000000000005	7554243565975185.0
2.5690000000000004	7296352561222662.0
2.5700000000000003	7280282692153241.0
2.5710000000000006	1.2763823797732164e+16
2.5720000000000005	9635571990267468.0
2.5730000000000004	7101030181079938.0
2.5740000000000003	5813556895444208.0
2.5750000000000006	6870745345738971.0
2.5760000000000005	7794837300189562.0
2.5770000000000004	4118200127661984.0
2.5780000000000003	5838383938496904.0
2.5790000000000006	7902341465019272.0
2.5800000000000005	1.2077929581940232e+16
2.5810000000000004	6904971167317013.0
2.5820000000000003	8655276203889067.0
2.5830000000000006	6335194436586950.0
2.5840000000000005	6849787408050008.0
2.5850000000000004	6995267160507863.0
2.5860000000000003	1.0338680771799962e+16
2.5870000000000006	6197429927045562.0
2.5880000000000005	6893454406129262.0
2.5890000000000004	7520271120440824.0
2.5900000000000003	8011378978382675.0
2.5910000000000006	8492342126076395.0
2.5920000000000005	9397319348431442.0
2.5930000000000004	6112460747482910.0
2.5940000000000003	7618746991165524.0
2.5950000000000006	5993046857916600.0
2.5960000000000005	7451103915721316.0
2.5970000000000004	7848523875596387.0
2.5980000000000003	5819473156587630.0
2.5990000000000006	9494593052653178.0
