# Flux units: erg / (cm m2 s)
# Wavelength units: Angstrom
wave	flux
7000.0	5076802695.999286
7010.0	5260188919.559326
7020.0	5477210724.419841
7030.0	5955660518.437649
7040.0	6324936491.401859
7050.0	7112432387.879515
7060.0	5140372755.267776
7070.0	5486184538.186965
7080.0	5884460534.928154
7090.0	4823516231.064378
7100.0	4642462681.238438
7110.0	5112124335.68802
7120.0	5366970730.421337
7130.0	3897168598.632087
7140.0	3980439750.028036
7150.0	4082970297.714671
7160.0	4568343082.858778
7170.0	4666996168.953736
7180.0	4917941610.509426
7190.0	5138389538.458372
7200.0	4897334732.348493
7210.0	4729569999.537277
7220.0	5326220017.705803
7230.0	5529802069.26871
7240.0	5747211548.970981
7250.0	5777368301.693812
7260.0	6268930350.949267
7270.0	6398507817.47656
7280.0	6427939298.176185
7290.0	6711430294.857172
7300.0	6877075316.860439
7310.0	7030668987.860676
7320.0	7111866579.312898
7330.0	6730512160.811011
7340.0	7493583242.443593
7350.0	7438838824.686906
7360.0	7295599112.715675
7370.0	7644382258.732979
7380.0	7833494370.276031
7390.0	7811027905.772296
7400.0	7741177711.539463
7410.0	7920901029.238321
7420.0	7880838755.062186
7430.0	8008655033.667815
7440.0	8017831699.34306
7450.0	7871663389.982085
7460.0	7883889867.823612
7470.0	8101817130.398478
7480.0	8143292745.611158
7490.0	8028684724.924678
7500.0	7986249759.874713
7510.0	8081329463.98167
7520.0	8192374467.106497
7530.0	8159028255.238287
7540.0	8215704144.348602
7550.0	8298166845.16735
7560.0	8243012853.298922
7570.0	8185421067.511616
7580.0	8262855768.585178
7590.0	7760995967.85289
7600.0	7729755018.71636
7610.0	7658953025.574043
7620.0	7779851905.323318
7630.0	7486340236.704621
7640.0	7353667151.86235
7650.0	7420250329.306569
7660.0	7150916956.746383
7670.0	5476110124.88152
7680.0	6665065571.743815
7690.0	6832044950.543367
7700.0	5915806087.750155
7710.0	6742979789.268059
7720.0	6785037676.164993
7730.0	6998644551.787885
7740.0	7266619416.006702
7750.0	6640893907.969577
7760.0	6737496077.275014
7770.0	6935620667.814427
7780.0	6963447064.066264
7790.0	6808376168.002769
7800.0	6992629924.67014
7810.0	7276829404.383681
7820.0	7322439683.851298
7830.0	7022654794.128845
7840.0	7015341570.03573
7850.0	7177119500.324879
7860.0	7315770241.529903
7870.0	7318594881.672763
7880.0	7481790255.3444805
7890.0	7551423267.148857
7900.0	7611375824.574143
7910.0	7426045849.921599
7920.0	7434156776.147253
7930.0	7608233120.314033
7940.0	7565010218.967769
7950.0	7496522695.807271
7960.0	7778453755.440286
7970.0	7861160827.315777
7980.0	7802038053.797383
7990.0	7843987084.56727
8000.0	7794583636.606115
8010.0	7943534288.681978
8020.0	8031354400.620467
8030.0	7902906198.820167
8040.0	8089775218.371487
8050.0	7990071943.582407
8060.0	8172392186.312928
8070.0	8047763900.960608
8080.0	8099790893.178531
8090.0	8175427855.567781
8100.0	8199679949.293877
8110.0	8281550504.197921
8120.0	8232314492.784117
8130.0	8328728850.71041
8140.0	8356980340.857041
8150.0	8360603464.751581
8160.0	8307667201.101977
8170.0	8378341795.300489
8180.0	7908663688.501679
8190.0	7106681896.087843
8200.0	6693565285.547329
8210.0	8040781105.447687
8220.0	8048309196.319625
8230.0	8210328942.468764
8240.0	8176877839.691398
8250.0	8245339323.973757
8260.0	8168593032.1953125
8270.0	8278725768.7181425
8280.0	8166927543.75348
8290.0	8078272759.169195
8300.0	8055488452.749326
8310.0	7970907535.616523
8320.0	8110792310.016437
8330.0	7703567408.306343
8340.0	7988432540.73173
8350.0	7955867766.551399
8360.0	7948370177.134662
8370.0	7825907344.865931
8380.0	7618908593.081316
8390.0	7352255812.848034
8400.0	7816747069.483069
8410.0	7858934429.771247
8420.0	7923774213.407324
8430.0	7560179333.09021
8440.0	7022028076.280081
8450.0	7596663155.018257
8460.0	7523467322.45428
8470.0	7248919458.288809
8480.0	7602619157.368662
8490.0	7666955652.970716
8500.0	6957516283.952442
8510.0	7556934027.787057
8520.0	7206935023.23393
8530.0	7583360678.664482
8540.0	6653319247.413885
8550.0	7090091804.62517
8560.0	7715340734.269528
8570.0	7750718731.879404
8580.0	7714010493.774482
8590.0	7833955771.083309
8600.0	7840141584.304428
8610.0	7761786532.282365
8620.0	7826313044.388988
8630.0	7902463420.332834
8640.0	7907677110.110052
8650.0	7871363359.773808
8660.0	6994626298.4556265
8670.0	7476331646.506601
8680.0	7635944672.666235
8690.0	7167987568.434785
8700.0	7881780484.011361
8710.0	7927539977.912782
8720.0	7899291412.884878
8730.0	7982913891.86406
8740.0	7864558964.204119
8750.0	7998646064.907629
8760.0	7938789507.157549
8770.0	7909838904.884916
8780.0	7874669015.233176
8790.0	8079423063.438959
8800.0	8008472000.738197
8810.0	7492760122.509644
8820.0	8083692104.799943
8830.0	7690259421.661749
8840.0	7993371720.248282
8850.0	8081641090.93128
8860.0	7842613370.499058
8870.0	7551094145.276683
8880.0	7550568376.175566
8890.0	7567255407.628875
8900.0	7658858957.931583
8910.0	7669299844.764704
8920.0	7720820141.02609
8930.0	7740141048.832775
8940.0	7668783511.417494
8950.0	7577888362.864741
8960.0	7707612346.392876
8970.0	7650496130.771695
8980.0	7693962069.445266
8990.0	7772078055.780992
9000.0	7576181374.956517
9010.0	7750000497.259661
9020.0	7633713434.986253
9030.0	7709886763.327227
9040.0	7826157676.98099
9050.0	7883185481.259309
9060.0	7828940144.829326
9070.0	7896672490.296691
9080.0	7917543992.406866
9090.0	7595352305.241936
9100.0	7814291139.106413
9110.0	7800734491.225848
9120.0	7946580701.135224
9130.0	7971666909.114281
9140.0	7958244485.6257105
9150.0	7986012466.910515
9160.0	8001163923.746166
9170.0	7996300076.169037
9180.0	7970481101.891689
9190.0	8044817070.899222
9200.0	8020507607.122858
9210.0	7907640980.876164
9220.0	7941056807.434382
9230.0	7910516884.738358
9240.0	7913854567.384525
9250.0	7851219489.006681
9260.0	7829149961.540295
9270.0	7883559702.179274
9280.0	7850091417.131162
9290.0	7701876096.468596
9300.0	7759801053.507583
9310.0	7839475389.429521
9320.0	7810766963.127408
9330.0	7828389560.47661
9340.0	7833240396.896812
9350.0	7763219726.47515
9360.0	7732443580.553328
9370.0	7785081764.957994
9380.0	7791359118.899325
9390.0	7798913515.730009
9400.0	7780964012.490031
9410.0	7775190973.667189
9420.0	7723060623.136427
9430.0	7804502538.827304
9440.0	7749645455.084455
9450.0	7616879085.66173
9460.0	7754746653.934775
9470.0	7772665775.495035
9480.0	7799756040.70608
9490.0	7820757131.331981
9500.0	7800223444.556622
9510.0	7767551553.838734
9520.0	7777696806.835999
9530.0	7786730703.476379
9540.0	7707723325.710186
9550.0	7517397021.797938
9560.0	7748561795.429513
9570.0	7717866962.426912
9580.0	7662444392.752537
9590.0	7781737981.013573
9600.0	7506345110.043979
9610.0	7704634581.353633
9620.0	7759215394.98354
9630.0	7756929516.23602
9640.0	7207961331.688665
9650.0	7420607761.303059
9660.0	7642870625.298078
9670.0	7536903445.620085
9680.0	7267161277.822879
9690.0	7491633853.506763
9700.0	7708061369.300681
9710.0	7315442619.188265
9720.0	7498657587.359684
9730.0	7316948692.8440895
9740.0	7480210206.817733
9750.0	7279280113.1419325
9760.0	7633806542.972375
9770.0	7403884574.877409
9780.0	7631940115.532376
9790.0	6985460344.668596
9800.0	7617055084.223743
9810.0	7596997739.754579
9820.0	7573549469.817378
9830.0	7481368912.926371
9840.0	7540358535.774146
9850.0	7587847733.506465
9860.0	7610389993.768875
9870.0	7575382145.85052
9880.0	7610528776.643527
9890.0	7611455354.481261
9900.0	7359844737.785649
9910.0	7079278809.804567
9920.0	7026028993.417139
9930.0	7149561999.321608
9940.0	7260716530.376308
9950.0	7339581523.401603
9960.0	7289866852.04898
9970.0	7372540749.567655
9980.0	7330743633.7967
9990.0	7171623858.512853
10000.0	7297882252.96178
10010.0	7208000999.30662
10020.0	7354607980.102132
10030.0	7368269651.417256
10040.0	7232382209.220505
10050.0	7216383549.684027
10060.0	7042242440.809947
10070.0	7213155803.20816
10080.0	7335558476.688548
10090.0	7275031631.721823
10100.0	7344944895.2421255
10110.0	7279333338.798964
10120.0	7273618592.471249
10130.0	7363265159.221747
10140.0	7201712852.687353
10150.0	7213093986.847931
10160.0	7193877784.798128
10170.0	7188746858.748599
10180.0	7306061387.912311
10190.0	7191201764.929256
10200.0	7222871527.274675
10210.0	7208078712.938815
10220.0	7103110388.708474
10230.0	7269238480.944382
10240.0	7332124217.7845545
10250.0	7252569495.967849
10260.0	7076462831.126229
10270.0	7090935891.181019
10280.0	7099070864.029993
10290.0	7057572713.589978
10300.0	7120827650.73306
10310.0	7248555478.967905
10320.0	7222017104.6096325
10330.0	7075150794.082355
10340.0	7093741749.749399
10350.0	6633042619.542993
10360.0	7244717335.230894
10370.0	7198220136.689444
10380.0	7124922545.739709
10390.0	7188586442.009586
10400.0	6890740031.6364355
10410.0	7253887022.22837
10420.0	7104982860.532868
10430.0	7028930080.332132
10440.0	7206446447.499706
10450.0	7194386375.953271
10460.0	7218223819.461737
10470.0	7025767659.156144
10480.0	7118702996.50574
10490.0	7146766606.772924
10500.0	7004796872.142816
10510.0	7095207647.781121
10520.0	7051628981.802877
10530.0	7138588162.863186
10540.0	7115365990.990608
10550.0	7156056523.093122
10560.0	7074899695.592351
10570.0	7034459024.428938
10580.0	7135502823.538544
10590.0	6913426235.34429
10600.0	7120501399.841674
10610.0	6964504603.403474
10620.0	7087920017.245264
10630.0	7111214460.352685
10640.0	7094644094.577846
10650.0	7056406442.290834
10660.0	6855105803.50577
10670.0	6996261882.251385
10680.0	6938928542.850916
10690.0	7021852611.416251
10700.0	7054010688.808957
10710.0	6974755980.162702
10720.0	7039810225.565523
10730.0	6879166746.936107
10740.0	6917923934.775412
10750.0	6957978123.726216
10760.0	6990415886.811196
10770.0	7005172925.014201
10780.0	6969907843.248603
10790.0	6976279539.109163
10800.0	6911497270.894299
10810.0	6757971351.722736
10820.0	6904658823.790692
10830.0	6949354094.496622
10840.0	6910569788.857842
10850.0	6904530955.237584
10860.0	6938205518.086142
10870.0	6919170680.89676
10880.0	6948131466.410387
10890.0	6885614450.623476
10900.0	6944266042.177083
10910.0	6853658300.114349
10920.0	6857955801.473138
10930.0	6930521149.398973
10940.0	6932438114.32948
10950.0	6922363999.169733
10960.0	6850291542.775681
10970.0	6848723976.896894
10980.0	6825651442.580252
10990.0	6837949940.050297
11000.0	6863776578.709371
11010.0	6886844097.520425
11020.0	6770056378.716674
11030.0	6787351279.000012
11040.0	6764358482.51488
11050.0	6722417856.194885
11060.0	6768051946.813561
11070.0	6725384770.521934
11080.0	6750944499.065424
11090.0	6746980218.885592
11100.0	6744138515.465903
11110.0	6732418753.699438
11120.0	6681974112.710292
11130.0	6702332423.523946
11140.0	6742346874.230325
11150.0	6721288938.56411
11160.0	6657805648.5490885
11170.0	6715263617.837493
11180.0	6716219417.735488
11190.0	6682740536.656487
11200.0	6635023670.524719
11210.0	6672893796.955362
11220.0	6679118285.07424
11230.0	6669228192.24185
11240.0	6711455126.421835
11250.0	6491790509.071081
11260.0	6224196955.861999
11270.0	6675447731.103657
11280.0	6642659538.527253
11290.0	6652457374.116628
11300.0	6546520086.254208
11310.0	6611296830.426149
11320.0	6649325642.423697
11330.0	6636817581.51408
11340.0	6558920376.7571535
11350.0	6619013784.79945
11360.0	6595731523.963055
11370.0	6599946332.127999
11380.0	5972843852.961372
11390.0	6296609270.130205
11400.0	6393885225.458347
11410.0	5717452896.806757
11420.0	6565621705.700919
11430.0	6457608639.70849
11440.0	6434897724.18198
11450.0	6557611263.844602
11460.0	6542236811.040814
11470.0	6554915962.643231
11480.0	6461857052.658112
11490.0	6471877098.769399
11500.0	6563405260.854011
11510.0	6535540795.753346
11520.0	6538653629.575789
11530.0	6536908765.264909
11540.0	6503690406.085254
11550.0	6503728640.509043
11560.0	6507346403.601229
11570.0	6485536522.750208
11580.0	6490749321.74142
11590.0	6494662999.979133
11600.0	6328718137.637122
11610.0	6088726108.850824
11620.0	6468453622.020251
11630.0	6472461184.360834
11640.0	6240362406.086271
11650.0	6456515636.091185
11660.0	6435948134.89858
11670.0	6437863798.200376
11680.0	6424612874.197919
11690.0	6056437141.725409
11700.0	6414633199.301664
11710.0	6412066252.556923
11720.0	6394519965.474621
11730.0	6408252941.353661
11740.0	6365434355.628376
11750.0	6371718724.238525
11760.0	6365530698.169768
11770.0	6204717978.430541
11780.0	5985967934.490618
11790.0	6168756686.806746
11800.0	6305471873.042231
11810.0	6325244393.88889
11820.0	6310594201.219018
11830.0	5804522484.617707
11840.0	6273876303.901922
11850.0	6298544288.926526
11860.0	6308592826.083649
11870.0	6302789887.544776
11880.0	6266055787.367952
11890.0	5795050311.652456
11900.0	6190745375.402036
11910.0	6271754188.136092
11920.0	6256762290.598123
11930.0	6267784056.791015
11940.0	6235350666.533903
11950.0	6121010382.741779
11960.0	6061607861.12882
11970.0	6159311953.443
11980.0	5734161419.805284
11990.0	6136457429.0294895
12000.0	6181091787.626083
12010.0	6192082755.897087
12020.0	6174399981.973762
12030.0	6125412233.895501
12040.0	6167416969.929283
12050.0	6160436579.267866
12060.0	6191665642.609475
12070.0	6134525445.498001
12080.0	6114184149.106414
12090.0	5869193807.299584
12100.0	6162703024.744681
12110.0	6108585970.8927145
12120.0	6133426502.070505
12130.0	6125080770.15543
12140.0	6139684992.742479
12150.0	6135559656.44255
12160.0	6114011480.030801
12170.0	6096194531.232905
12180.0	6122273963.6380625
12190.0	6098642979.388377
12200.0	6087396249.578406
12210.0	6084372366.522836
12220.0	6088894265.480046
12230.0	6078698869.267487
12240.0	6061041279.11332
12250.0	6067213859.441058
12260.0	6070936500.540669
12270.0	6044557960.526707
12280.0	6054320047.75264
12290.0	6045549801.2104225
12300.0	6035680611.64302
12310.0	6025255362.6287365
12320.0	5988298980.518901
12330.0	5997212620.815597
12340.0	6014476559.219614
12350.0	6005466440.468176
12360.0	5991070452.375415
12370.0	5987948312.563008
12380.0	5996747861.537196
12390.0	5959123385.907302
12400.0	5968333804.550751
12410.0	5912540907.609193
12420.0	5900840230.418779
12430.0	5886422980.307998
12440.0	5775173982.947406
12450.0	5925135557.261384
12460.0	5910965761.544579
12470.0	5905560608.8103
12480.0	5897649713.816591
12490.0	5897761256.291155
12500.0	5882424286.992365
12510.0	5900015124.547348
12520.0	5842069370.286745
12530.0	5681168101.314643
12540.0	5850633275.370557
12550.0	5854000830.0432415
12560.0	5840703170.837288
12570.0	5828073308.937815
12580.0	5844194622.216407
12590.0	5840324042.529285
12600.0	5791766451.219984
12610.0	5821468914.777024
12620.0	5817419065.655352
12630.0	5825701878.235449
12640.0	5771570730.196754
12650.0	5800162109.825348
12660.0	5806453540.324329
12670.0	5763427205.0565405
12680.0	5567323196.683265
12690.0	5789724928.72437
12700.0	5772724399.765623
12710.0	5764152386.153523
12720.0	5790710735.039783
12730.0	5779917129.117689
12740.0	5690248755.938454
12750.0	5699869933.245947
12760.0	5756281649.352918
12770.0	5740990809.896323
12780.0	5736200135.926653
12790.0	5747553932.385586
12800.0	5734811043.737775
12810.0	5691099631.88118
12820.0	5550088161.251611
12830.0	5382434969.434543
12840.0	5641002840.415617
12850.0	5570403551.12663
12860.0	5675876784.266108
12870.0	5689899986.80945
12880.0	5636961700.236921
12890.0	5648681997.617196
12900.0	5402723333.420992
12910.0	5544297006.466598
12920.0	5621226076.621723
12930.0	5629076208.041796
12940.0	5620435874.680545
12950.0	5603650203.600137
12960.0	5646062516.148969
12970.0	5637565361.326237
12980.0	5538807160.941545
12990.0	5609303535.354739
13000.0	5617918509.353917
13010.0	5589733185.805098
13020.0	5567534883.366733
13030.0	5604798637.132808
13040.0	5529803635.862961
13050.0	5590939726.042369
13060.0	5574460288.454683
13070.0	5569219535.60679
13080.0	5521677212.235035
13090.0	5543849787.768029
13100.0	5544799245.027846
13110.0	5533901013.016795
13120.0	5385710179.676904
13130.0	4810836925.642353
13140.0	5386870642.066491
13150.0	5065482999.640577
13160.0	5338174822.798298
13170.0	5504548724.1423025
13180.0	5509246278.35877
13190.0	5521218858.144293
13200.0	5455521387.945815
13210.0	5491718579.889916
13220.0	5443972657.19073
13230.0	5485178132.167555
13240.0	5475703728.8363695
13250.0	5441025344.307832
13260.0	5457730263.906674
13270.0	5408755777.594629
13280.0	5425864016.444223
13290.0	5357639144.743954
13300.0	5284187928.0055895
13310.0	5369438171.270822
13320.0	4980919764.195451
13330.0	5334316179.073273
13340.0	5305823048.359346
13350.0	5108642997.776612
13360.0	5193877566.370887
13370.0	5139522453.618308
13380.0	5206335756.214876
13390.0	5172514218.632321
13400.0	5221390968.638165
13410.0	5174913577.790979
13420.0	5116662183.583493
13430.0	5099753364.926014
13440.0	5233843038.827118
13450.0	5106133319.196202
13460.0	5238629269.205469
13470.0	5095089952.443139
13480.0	5094619858.622439
13490.0	5209049794.954302
13500.0	5093110853.59052
13510.0	5119467490.63234
13520.0	5108994237.356445
13530.0	5168052501.328881
13540.0	5090894076.594755
13550.0	5064573633.797902
13560.0	5119553948.885931
13570.0	5108668399.723854
13580.0	5107934420.040711
13590.0	5103210379.215677
13600.0	5042254330.7878275
13610.0	5081941568.17216
13620.0	4999423587.394913
13630.0	4939311438.5392
13640.0	5097622851.078623
13650.0	4979069668.201027
13660.0	5098419953.663551
13670.0	5066682309.763896
13680.0	5089007620.923839
13690.0	5031501803.150037
13700.0	5076428076.55368
13710.0	5050750441.754175
13720.0	5071860338.443567
13730.0	5053090835.010808
13740.0	5064132962.4766865
13750.0	5069890529.403265
13760.0	5059322716.54423
13770.0	5055233736.781717
13780.0	5047364762.977089
13790.0	5020988142.99047
13800.0	5078392131.8310585
13810.0	5033319477.326954
13820.0	5052221764.140575
13830.0	4981960540.736307
13840.0	5034092954.481335
13850.0	4926966987.773185
13860.0	4990128115.51568
13870.0	4897051890.352375
13880.0	4948308416.194256
13890.0	4989995508.899135
13900.0	4894749535.228001
13910.0	4634128686.876708
13920.0	4644936673.200652
13930.0	4702896991.739494
13940.0	4768785480.525069
13950.0	4808365983.334392
13960.0	4821390729.426387
13970.0	4824178734.927043
13980.0	4655512194.4738245
13990.0	4881364480.034854
14000.0	4714295844.746843
14010.0	4720245602.7266655
14020.0	4808080600.806461
14030.0	4876384759.775684
14040.0	4717551219.164495
14050.0	4835385492.525533
14060.0	4827566124.977141
14070.0	4803983510.138195
14080.0	4790644488.215655
14090.0	4688473144.534571
14100.0	4840831190.344182
14110.0	4702872710.527252
14120.0	4702313722.858793
14130.0	4683215123.505248
14140.0	4738459012.584181
14150.0	4751846459.159988
14160.0	4721893252.05026
14170.0	4708871663.587114
14180.0	4677496958.718366
14190.0	4602251269.896453
14200.0	4757808654.842301
14210.0	4744653136.908935
14220.0	4691148417.473813
14230.0	4675690309.098723
14240.0	4583808913.604003
14250.0	4683958350.91108
14260.0	4331010503.013247
14270.0	4478920745.981006
14280.0	4623733043.191954
14290.0	4538912686.201867
14300.0	4709317469.816577
14310.0	4662873580.239404
14320.0	4680785443.697112
14330.0	4710424381.877844
14340.0	4467997992.8736105
14350.0	4663140514.06828
14360.0	4611043175.725678
14370.0	4591214940.152176
14380.0	4659773071.123718
14390.0	4664156972.972425
14400.0	4516794790.175354
14410.0	4580773065.514216
14420.0	4634803047.660223
14430.0	4623408020.27158
14440.0	4636299762.55447
14450.0	4554614058.696709
14460.0	4656968181.806671
14470.0	4527129122.029987
14480.0	4623651462.189027
14490.0	4648067017.801671
14500.0	4555873635.549527
14510.0	4534552191.187996
14520.0	4550913265.470631
14530.0	4592962966.927438
14540.0	4569276950.41757
14550.0	4646755004.205638
14560.0	4448805280.841616
14570.0	4483710478.8405285
14580.0	4590398361.214127
14590.0	4600548029.012894
14600.0	4507830266.498233
14610.0	4238303959.865746
14620.0	4410381394.126008
14630.0	4269041259.614587
14640.0	4549849459.75137
14650.0	4337735132.584664
14660.0	4513160143.941471
14670.0	4416660168.052087
14680.0	4358357661.574717
14690.0	4439513414.307447
14700.0	4309191528.28878
14710.0	4408813531.058603
14720.0	4434858563.529498
14730.0	4514464861.959168
14740.0	4392502220.296137
14750.0	4454245902.416774
14760.0	4367804364.6443815
14770.0	4334390046.043248
14780.0	4309377235.915289
14790.0	4506833189.045749
14800.0	4313967942.160205
14810.0	4397165191.57151
14820.0	4398001982.788548
14830.0	4368838203.1752205
14840.0	4480485357.496434
14850.0	4389298870.891436
14860.0	4412783923.272714
14870.0	4413249833.971137
14880.0	3996487406.6911955
14890.0	4210254276.4650126
14900.0	4443742574.631477
14910.0	4325142829.161864
14920.0	4454051145.561897
14930.0	4393912605.183116
14940.0	4406044342.15871
14950.0	4438622848.973397
14960.0	4399391992.945897
14970.0	4459935893.046585
14980.0	4444005557.047941
14990.0	4441457940.982331
15000.0	4409152964.079662
15010.0	4266094085.6812215
15020.0	4249815285.701408
15030.0	3796143970.3760552
15040.0	4028756790.210456
15050.0	3979674829.48239
15060.0	4276015031.2764807
15070.0	4397072189.781481
15080.0	4333641534.372513
15090.0	4396546395.018634
15100.0	4372509587.321337
15110.0	4409314389.111467
15120.0	4358799613.006992
15130.0	4278765054.6788387
15140.0	4309976236.043455
15150.0	4278156634.2003856
15160.0	4379037118.763085
15170.0	4139654070.4204984
15180.0	4360576965.367545
15190.0	4340986269.895458
15200.0	4368707904.209387
15210.0	4380380772.162122
15220.0	4364368378.850238
15230.0	4392185192.387562
15240.0	4338194359.257129
15250.0	4348798266.510423
15260.0	4340344279.173469
15270.0	4219565291.621602
15280.0	4302140202.321426
15290.0	4228905852.986697
15300.0	4305245472.975621
15310.0	4382454881.940794
15320.0	4297714464.195692
15330.0	4247249367.3063827
15340.0	4231538290.533005
15350.0	4351062986.2427
15360.0	4381469013.673162
15370.0	4303496583.413112
15380.0	4165200793.3059916
15390.0	4191218527.9954524
15400.0	4167021761.159362
15410.0	4056915952.973024
15420.0	4270214414.8520837
15430.0	4045622350.13169
15440.0	4270476882.665231
15450.0	4344348122.470325
15460.0	4312546958.207465
15470.0	4233988893.74673
15480.0	4303797499.135579
15490.0	4323360371.541425
15500.0	4277054459.8712893
15510.0	4175875589.5648766
15520.0	4295249064.972624
15530.0	4346397110.339503
15540.0	4167652315.8000197
15550.0	4118874481.271052
15560.0	4147548949.7182035
15570.0	4188015871.60038
15580.0	4193483897.8693633
15590.0	4303057115.979714
15600.0	4234790357.7431283
15610.0	4260517492.0512447
15620.0	4275041315.2983546
15630.0	4114817378.491325
15640.0	4270438637.99691
15650.0	4253661554.784641
15660.0	4113789722.296303
15670.0	4280732684.186569
15680.0	4283768425.4375076
15690.0	4269490167.3686137
15700.0	4189060521.4832172
15710.0	4282283598.625836
15720.0	4031243965.7189727
15730.0	4092055982.99163
15740.0	4197714949.058351
15750.0	3964987533.26942
15760.0	4058086973.655472
15770.0	3844021565.1489654
15780.0	4057937390.59764
15790.0	4265474774.310221
15800.0	4264612941.622802
15810.0	4298111668.966092
15820.0	4185768303.753914
15830.0	4179042402.9923515
15840.0	4201931391.720209
15850.0	4222079892.8067064
15860.0	4278850319.279796
15870.0	4208303337.376551
15880.0	4246797985.389485
15890.0	4020854088.4547544
15900.0	3963753071.324494
15910.0	4176597464.0399804
15920.0	4154142277.3324685
15930.0	4219797436.620423
15940.0	4271961286.034709
15950.0	4268735239.630149
15960.0	4230881193.6084604
15970.0	4192384877.750264
15980.0	4218078993.608254
15990.0	4220441946.54136
16000.0	4260119275.143338
16010.0	4206287934.8079276
16020.0	4197363663.077101
16030.0	4232339995.489261
16040.0	4062222207.3402395
16050.0	4216208743.4393754
16060.0	4077613646.177477
16070.0	4014884626.966492
16080.0	4108081074.830621
16090.0	4244685400.5841985
16100.0	4213687088.9797044
16110.0	4170743601.914719
16120.0	4230371012.4269342
16130.0	4142031895.5114465
16140.0	3970086621.950702
16150.0	4023411771.467978
16160.0	3497546898.0576634
16170.0	4158499578.744211
16180.0	4208074288.7349124
16190.0	4025309867.8837447
16200.0	3605116743.556941
16210.0	3775900327.7880616
16220.0	4060854294.037807
16230.0	4019474071.9004264
16240.0	4138707532.6701217
16250.0	4008103324.274326
16260.0	3969020685.478611
16270.0	4128430094.4572463
16280.0	4164792902.0533786
16290.0	4191058613.844404
16300.0	4088792590.321367
16310.0	4160843016.907813
16320.0	4038982313.0275197
16330.0	4153899716.744451
16340.0	4111861540.8837557
16350.0	4062816642.6842217
16360.0	3990778071.0737853
16370.0	3978760399.00208
16380.0	4112280241.948235
16390.0	4052106165.869827
16400.0	4021589156.736389
16410.0	4049970599.676153
16420.0	4107627715.1364164
16430.0	4120263874.687802
16440.0	4082220313.3348403
16450.0	3784082605.9101963
16460.0	3992825173.0497723
16470.0	4114620786.2480674
16480.0	3978900207.2582016
16490.0	4004436915.4538393
16500.0	4080882594.573476
16510.0	4083516907.7255917
16520.0	4090619682.5876045
16530.0	3928127431.1001387
16540.0	3916117223.124141
16550.0	4052498590.1358185
16560.0	4085099140.596496
16570.0	4046543538.8849373
16580.0	4053515831.858308
16590.0	3937144472.5595627
16600.0	4046601507.936004
16610.0	3919612627.263816
16620.0	3991654923.205592
16630.0	3999110507.1258173
16640.0	3956963438.1863923
16650.0	3919512831.4577675
16660.0	3865736604.930935
16670.0	3911400688.267197
16680.0	3970696594.9957314
16690.0	3952128531.621873
16700.0	3969730448.194681
16710.0	3798004003.139148
16720.0	3480647686.9510126
16730.0	3714943749.9741526
16740.0	3923008156.080188
16750.0	3604335648.7999535
16760.0	3532460469.3919024
16770.0	3712032814.487507
16780.0	3935197478.20544
16790.0	3935375197.158276
16800.0	3919425133.703167
16810.0	3921745697.1375628
16820.0	3913230304.3725777
16830.0	3906639592.627341
16840.0	3865536380.562508
16850.0	3888373454.504254
16860.0	3874958064.842469
16870.0	3808308046.601186
16880.0	3703124004.7828326
16890.0	3746646265.2683
16900.0	3718455083.7373133
16910.0	3609097757.50899
16920.0	3838546158.072893
16930.0	3846121638.0580263
16940.0	3846412844.2683315
16950.0	3816845763.8084006
16960.0	3791190472.9535213
16970.0	3800190925.088973
16980.0	3782832972.997672
16990.0	3787003676.5341907
17000.0	3750332283.709044
17010.0	3722554262.5567026
17020.0	3749075111.221427
17030.0	3758944145.204955
17040.0	3743003851.056684
17050.0	3695816753.7813916
17060.0	3697464595.5683537
17070.0	3592737074.596134
17080.0	3657659066.9505396
17090.0	3676127807.966329
17100.0	3485489195.433394
17110.0	3073925038.7709427
17120.0	3438510847.4221716
17130.0	3625058434.283368
17140.0	3634743990.9301496
17150.0	3655700345.912033
17160.0	3637529264.562971
17170.0	3564415171.0897183
17180.0	3571333069.138324
17190.0	3554547535.3949823
17200.0	3585199919.376023
17210.0	3522662732.3403764
17220.0	3601336929.8738966
17230.0	3468929430.2005057
17240.0	3499407886.6018953
17250.0	3506878393.2625456
17260.0	3565864714.6648917
17270.0	3461233358.3721914
17280.0	3543501737.377551
17290.0	3527255844.1888056
17300.0	3516640624.3386755
17310.0	3490682200.033532
17320.0	3371318252.491055
17330.0	3416625634.852616
17340.0	3376202727.6430783
17350.0	3358730461.910151
17360.0	3490790235.900275
17370.0	3446818481.691061
17380.0	3419532973.745326
17390.0	3439101785.1270113
17400.0	3419748908.227796
17410.0	3395923430.539228
17420.0	3375038330.974485
17430.0	3266442522.244886
17440.0	3416524046.840278
17450.0	3392093527.7591324
17460.0	3417990261.847182
17470.0	3352402973.1166005
17480.0	3371439865.370556
17490.0	3402200474.208841
17500.0	3271477021.3618855
17510.0	3284832099.6656666
17520.0	3343663997.923319
17530.0	3333707937.8872266
17540.0	3195918166.8557234
17550.0	3272771023.9434385
17560.0	3234307789.1787677
17570.0	3300871052.6492887
17580.0	3285923333.9514327
17590.0	3190834748.092001
17600.0	3256473269.7523966
17610.0	3192086542.400812
17620.0	3170327479.4717083
17630.0	3176399943.132194
17640.0	3271765114.454339
17650.0	3228338619.2226434
17660.0	3229465400.1340528
17670.0	3170196446.611824
17680.0	3116410949.1343946
17690.0	3119595606.4264154
17700.0	3225694570.2853737
17710.0	3187965111.6247387
17720.0	3091642397.188824
17730.0	3118995841.9602823
17740.0	3206355322.1223397
17750.0	3108307287.607459
17760.0	3119398455.792226
17770.0	3068807485.8726974
17780.0	3028830573.260787
17790.0	3107155983.652322
17800.0	3076677107.420322
17810.0	3061674296.2654023
17820.0	3023598258.1338897
17830.0	2952878001.95697
17840.0	3114624151.8688917
17850.0	2992359961.461624
17860.0	2956221359.027588
17870.0	2931788187.4606743
17880.0	3041003691.4166803
17890.0	3048080420.0368547
17900.0	3082554948.885695
17910.0	2924507807.292655
17920.0	3015142288.9317117
17930.0	3024937287.380079
17940.0	2967794951.7211204
17950.0	2930798746.9747024
17960.0	2915489033.89989
17970.0	3055580374.5778074
17980.0	3008310538.1668277
17990.0	2939554472.426248
18000.0	2947077998.7947764
18010.0	2840239413.4669046
18020.0	2906563524.481686
18030.0	2753698530.7136045
18040.0	2895575152.174215
18050.0	2815328632.840983
18060.0	2867312731.692524
18070.0	2929802024.824785
18080.0	2882581879.527115
18090.0	2890123392.1681166
18100.0	2952089748.9226494
18110.0	2755424151.9313474
18120.0	2839882444.360329
18130.0	2804455080.1703706
18140.0	2925463002.7836866
18150.0	2885332641.2272367
18160.0	2876452283.891808
18170.0	2851672121.838417
18180.0	2835970157.9032874
18190.0	2787339982.219998
18200.0	2750725947.8677907
18210.0	2830464517.5957913
18220.0	2652605161.884115
18230.0	2868620845.9121113
18240.0	2963061889.7604594
18250.0	2786963034.8948073
18260.0	2709060261.295082
18270.0	2760705152.9398446
18280.0	2721771499.877578
18290.0	2752864930.832373
18300.0	2791833267.377844
18310.0	2733901685.8393717
18320.0	2780490533.9183736
18330.0	2744339190.4061203
18340.0	2825485096.9093533
18350.0	2724999383.9500246
18360.0	2693425569.2936115
18370.0	2814628332.2682366
18380.0	2699609660.958259
18390.0	2762156969.9594197
18400.0	2638993551.518797
18410.0	2783608655.630245
18420.0	2617808578.356
18430.0	2643798651.059157
18440.0	2621797435.1165333
18450.0	2651331729.057578
18460.0	2603332513.886031
18470.0	2153242407.924865
18480.0	2515684281.38937
18490.0	2592573885.782759
18500.0	2605034351.118621
18510.0	2687959248.7238913
18520.0	2644570460.0249248
18530.0	2567016173.8611956
18540.0	2637440727.0946336
18550.0	2625778589.025867
18560.0	2575689115.6563506
18570.0	2452992341.907416
18580.0	2493648186.0218062
18590.0	2441068031.596933
18600.0	2501732255.6453557
18610.0	2504514034.1038623
18620.0	2580929005.522777
18630.0	2579480224.761331
18640.0	2575038491.3246765
18650.0	2526002175.6309724
18660.0	2537735747.739846
18670.0	2592614971.829557
18680.0	2532378754.711347
18690.0	2639369148.7326207
18700.0	2604601616.7674117
18710.0	2505626104.1231627
18720.0	2544167217.9767847
18730.0	2381134825.847461
18740.0	2532489207.475582
18750.0	2500623014.480885
18760.0	2555654465.8313613
18770.0	2501689246.8697248
18780.0	2503832203.6938777
18790.0	2438488486.901104
18800.0	2549072224.545019
18810.0	2519770124.65016
18820.0	2547508486.116889
18830.0	2610351853.1338058
18840.0	2575558582.674953
18850.0	2412255684.045332
18860.0	2406999210.6067324
18870.0	2487173023.4224067
18880.0	2572618719.0540113
18890.0	2436790422.7304006
18900.0	2471174006.6029444
18910.0	2494544751.34256
18920.0	2358497577.112335
18930.0	2375304270.311135
18940.0	2491246399.7383738
18950.0	2479055643.634997
18960.0	2482735007.141429
18970.0	2528959114.7586017
18980.0	2414024665.869938
18990.0	2419726678.6069326
19000.0	2504427138.815694
19010.0	2476606675.39145
19020.0	2535390334.060966
19030.0	2433658435.2896643
19040.0	2473520509.6505237
19050.0	2352437312.9137692
19060.0	2424341303.800018
19070.0	2413658837.560091
19080.0	2491062638.6036625
19090.0	2406995542.988669
19100.0	2445320416.4744387
19110.0	2343793582.3147674
19120.0	2381817403.239855
19130.0	2476071539.5476923
19140.0	2472192257.743234
19150.0	2469480998.947172
19160.0	2385182319.930879
19170.0	2391562903.017198
19180.0	2422512488.5778275
19190.0	2464427861.988978
19200.0	2412837793.2513423
19210.0	2372864385.8330936
19220.0	2413470016.1741595
19230.0	2420471734.9771657
19240.0	2366655265.9945107
19250.0	2417187966.4487357
19260.0	2356837295.5872254
19270.0	2361638350.0668316
19280.0	2462071260.3413877
19290.0	2349894978.739539
19300.0	2296825215.2547216
19310.0	1913377013.4252849
19320.0	2061725904.7469103
19330.0	2347488103.81187
19340.0	2289939829.983385
19350.0	2353920196.877683
19360.0	2393810636.4055495
19370.0	2361500331.0818353
19380.0	2348130640.5631523
19390.0	2326664656.8765683
19400.0	2296378886.2138324
19410.0	2328127207.1682434
19420.0	2347595350.8429813
19430.0	2300497241.902697
19440.0	2266020375.477571
19450.0	2050442275.3502946
19460.0	1656751503.8747416
19470.0	2201107353.14061
19480.0	2242402781.550764
19490.0	2235868195.685401
19500.0	2284103738.5802207
19510.0	1804290514.804927
19520.0	2209832059.560483
19530.0	2227469018.678093
19540.0	2291152337.0683236
19550.0	2296266927.455191
19560.0	2245649315.6676927
19570.0	2285292806.0466294
19580.0	2314443476.4175706
19590.0	2394037051.047122
19600.0	2256613559.9402165
19610.0	2203472901.379249
19620.0	2263393436.0832057
19630.0	2269043474.557508
19640.0	2215768632.872296
19650.0	2228751453.1540365
19660.0	2294449225.409385
19670.0	2301512797.919379
19680.0	2226941775.121701
19690.0	2264882680.455226
19700.0	2305348099.6369333
19710.0	2221173665.914285
19720.0	2247468158.176381
19730.0	2187414375.782926
19740.0	2216487747.8799677
19750.0	2210076209.0053563
19760.0	2038919263.1197834
19770.0	2012038505.2897513
19780.0	1511242445.915547
19790.0	1882573529.1407447
19800.0	2042655974.6598105
19810.0	2157263428.482872
19820.0	2087192960.160495
19830.0	2154723412.158438
19840.0	2161427971.37504
19850.0	2109334688.0482342
19860.0	1819789517.1830285
19870.0	1741601287.2035537
19880.0	2129254709.4537523
19890.0	2164889952.6652455
19900.0	2095698099.6218536
19910.0	2128583245.0563638
19920.0	1941440178.3339283
19930.0	2116251200.2065563
19940.0	1938650654.1539166
19950.0	2091530756.3830292
19960.0	2147765514.2307215
19970.0	1984233088.727888
19980.0	2081589466.0360684
19990.0	2140134347.2122536
20000.0	2061458589.0886867
20010.0	2140460295.5462296
20020.0	2087492304.3731153
20030.0	2129732141.4548147
20040.0	2126130660.4320562
20050.0	2130621924.128909
20060.0	2097027743.3382986
20070.0	2097097849.6133122
20080.0	2174119174.329075
20090.0	2018315993.4830997
20100.0	2095772110.4548154
20110.0	2048563522.667635
20120.0	2086389372.8897734
20130.0	2064013700.3157208
20140.0	2083783124.207729
20150.0	2088085373.2183623
20160.0	2051522656.918336
20170.0	2037984066.124271
20180.0	2075675662.3152514
20190.0	2064853540.3345864
20200.0	1945543587.3765612
20210.0	2082170617.2925293
20220.0	2027914359.9198627
20230.0	2066222372.427974
20240.0	2096072457.90661
20250.0	2039249610.651466
20260.0	2006539779.0438454
20270.0	2005285346.556083
20280.0	2026806416.0840428
20290.0	1919136804.9232502
20300.0	2076708471.6906784
20310.0	1959717681.747641
20320.0	2083173514.3530219
20330.0	2047903050.1043818
20340.0	2044187723.0737646
20350.0	2017113128.97202
20360.0	1910678016.803498
20370.0	2060296824.319676
20380.0	2031948166.8894958
20390.0	1987390125.2716339
20400.0	1996547029.5849247
20410.0	1971485922.3288634
20420.0	2017115294.5124881
20430.0	2080338892.5181658
20440.0	1943874116.3267682
20450.0	1925189350.6258712
20460.0	1973072342.7711673
20470.0	1982264466.7215624
20480.0	2007177998.7172585
20490.0	1930907885.8192108
20500.0	1951255540.301579
20510.0	2024810501.249214
20520.0	1958084414.6490574
20530.0	2008016512.4612336
20540.0	1898682456.3418946
20550.0	1948736828.5499923
20560.0	1918997089.7133555
20570.0	1972457635.4753048
20580.0	1974440612.313729
20590.0	1963761810.8102899
20600.0	1978323436.3159378
20610.0	1900924220.5592387
20620.0	1944563457.9377174
20630.0	1933307263.8637435
20640.0	1786032565.5862896
20650.0	1919260789.3714378
20660.0	1887795968.6385305
20670.0	1972863380.1670399
20680.0	1929527359.9882326
20690.0	1892216061.2298956
20700.0	1965602040.6477158
20710.0	1960296568.6222706
20720.0	1883916573.6961865
20730.0	1915115828.300229
20740.0	1875881485.0601518
20750.0	1893320405.5011277
20760.0	1933196581.720647
20770.0	1920507474.1363134
20780.0	1911875798.3559663
20790.0	1913928848.795444
20800.0	1883129657.3003457
20810.0	1905335034.8235867
20820.0	1902984634.3469903
20830.0	1877838791.6557295
20840.0	1884912210.0611084
20850.0	1875253559.5437968
20860.0	1864218632.5694044
20870.0	1855100658.4327352
20880.0	1884100941.8048327
20890.0	1864625906.142148
20900.0	1850382938.577028
20910.0	1923573586.797562
20920.0	1871033517.0069473
20930.0	1915839648.997272
20940.0	1829678609.000154
20950.0	1873544692.9743967
20960.0	1833200709.4149504
20970.0	1803744623.9310389
20980.0	1818498535.444257
20990.0	1861894978.1407397
21000.0	1853004697.4739065
21010.0	1866615508.383025
21020.0	1846619150.3268666
21030.0	1837326836.1125822
21040.0	1874352799.7691143
21050.0	1823305641.1026692
21060.0	1865924905.5370963
21070.0	1857846396.982557
21080.0	1824373536.3516402
21090.0	1815997035.7001643
21100.0	1766249171.4921026
21110.0	1856931395.9692667
21120.0	1786783577.6759908
21130.0	1830067528.9188497
21140.0	1851370694.0319421
21150.0	1834903282.7123513
21160.0	1835996089.6628456
21170.0	1657849300.2155564
21180.0	1811757635.8466072
21190.0	1811212552.9790642
21200.0	1830067364.7400765
21210.0	1824474679.5661557
21220.0	1814882659.410966
21230.0	1814493904.8963304
21240.0	1815816614.4744825
21250.0	1842936117.4198418
21260.0	1798079420.0054164
21270.0	1799353632.3278692
21280.0	1773362973.0307314
21290.0	1784251459.6411746
21300.0	1814053464.0325644
21310.0	1805369136.2623477
21320.0	1803791772.8787704
21330.0	1819087340.0217006
21340.0	1788091098.7388823
21350.0	1803930411.1169703
21360.0	1791353042.5778756
21370.0	1790108270.0801427
21380.0	1773160006.9139793
21390.0	1796146883.7766185
21400.0	1761419041.8447397
21410.0	1782386137.9465714
21420.0	1773250877.8429768
21430.0	1783883808.917655
21440.0	1812229389.8304574
21450.0	1798845051.4182405
21460.0	1770240773.1137834
21470.0	1795115799.669939
21480.0	1775557626.007799
21490.0	1773401688.0182598
21500.0	1741072958.2722616
21510.0	1783714654.1084206
21520.0	1762127504.7954485
21530.0	1745360286.473642
21540.0	1756299993.3662283
21550.0	1777810129.300593
21560.0	1760883165.4258163
21570.0	1765344569.4594421
21580.0	1758195726.974161
21590.0	1764531253.1693864
21600.0	1747303175.4218442
21610.0	1770262593.9325976
21620.0	1753182937.5898967
21630.0	1744995269.6163726
21640.0	1758329793.4164634
21650.0	1767434952.9871309
21660.0	1738688737.9441564
21670.0	1751436944.726668
21680.0	1754101718.3759046
21690.0	1759408719.847546
21700.0	1748699719.15507
21710.0	1732129982.0784001
21720.0	1734779054.1060464
21730.0	1735951753.7993927
21740.0	1731085885.8022573
21750.0	1740136512.9443557
21760.0	1713164991.2072685
21770.0	1731853956.5749576
21780.0	1724386404.830039
21790.0	1632600318.4413836
21800.0	1720384421.8064778
21810.0	1720223052.927356
21820.0	1705024548.5296185
21830.0	1716905482.9668164
21840.0	1703907351.4248197
21850.0	1720589607.5658197
21860.0	1714281939.5721807
21870.0	1713809605.8347392
21880.0	1702690390.1660151
21890.0	1701639219.7282615
21900.0	1636760458.078366
21910.0	1711669505.4157355
21920.0	1706865512.5939343
21930.0	1694470707.4050012
21940.0	1703866334.9801953
21950.0	1704791492.8456604
21960.0	1701989227.3346035
21970.0	1691631656.977288
21980.0	1702340081.650143
21990.0	1680696394.1324282
22000.0	1687091396.1392868
22010.0	1666301502.525551
22020.0	1682061669.994359
22030.0	1667995781.0646503
22040.0	1677186154.467353
22050.0	1648433306.6258209
22060.0	1393185519.234848
22070.0	1577633823.0910738
22080.0	1646330844.1401684
22090.0	1455766161.6867566
22100.0	1646802897.7747366
22110.0	1659530867.486823
22120.0	1668367191.5219069
22130.0	1665790766.0736792
22140.0	1673745547.0447786
22150.0	1668854048.4540236
22160.0	1660564045.7532337
22170.0	1659704352.774404
22180.0	1667431156.7400873
22190.0	1656140176.1368756
22200.0	1650940737.5338836
22210.0	1641115992.0176075
22220.0	1614050732.3244846
22230.0	1655878243.0033648
22240.0	1611165545.0844808
22250.0	1658250658.7689545
22260.0	1642957108.547491
22270.0	1611893889.7746644
22280.0	1568071901.4656029
22290.0	1606913490.8747492
22300.0	1613639214.3822045
22310.0	1625644593.2490742
22320.0	1610422960.476797
22330.0	1628336869.4521904
22340.0	1625412336.1164463
22350.0	1618595480.8396935
22360.0	1621847157.8270264
22370.0	1634123460.5724962
22380.0	1626349979.799838
22390.0	1609782428.0265412
22400.0	1603451673.9145677
22410.0	1628724001.8899665
22420.0	1615967392.8991685
22430.0	1610340889.8999376
22440.0	1612265374.2454822
22450.0	1599780126.0174942
22460.0	1612999608.9704053
22470.0	1609224820.7000337
22480.0	1593543639.0279074
22490.0	1610767354.7026846
22500.0	1599192596.1711793
22510.0	1610318632.3923655
22520.0	1599562072.9601061
22530.0	1602677278.6407874
22540.0	1595968501.1805515
22550.0	1572479356.4773793
22560.0	1596164285.5672765
22570.0	1597999214.218991
22580.0	1581754829.4512312
22590.0	1583835137.271453
22600.0	1584282639.4124157
22610.0	1548497045.1090474
22620.0	1562040260.5785406
22630.0	1484413215.7541413
22640.0	1564609734.3308234
22650.0	1561817530.0855682
22660.0	1496724004.2559273
22670.0	1568042142.2236238
22680.0	1567887826.8446915
22690.0	1566072940.31821
22700.0	1553184925.621367
22710.0	1561089705.0104015
22720.0	1554756898.0218854
22730.0	1564788796.8536515
22740.0	1554999914.4621084
22750.0	1555672634.4087927
22760.0	1553980913.7906606
22770.0	1556607794.2087412
22780.0	1553723884.5314763
22790.0	1535824230.9638543
22800.0	1544051087.34856
22810.0	1517536430.3147533
22820.0	1528050546.3035884
22830.0	1483526562.9313507
22840.0	1532341311.2555895
22850.0	1532704120.245742
22860.0	1538816681.0184476
22870.0	1540035552.237615
22880.0	1536312515.0441172
22890.0	1526771621.3930552
22900.0	1534933912.9527254
22910.0	1532081700.932236
22920.0	1516565525.3446326
22930.0	1508612741.6221445
22940.0	1197020228.6481175
22950.0	1337833462.0815907
22960.0	1392314503.4545991
22970.0	1362662266.5715718
22980.0	1399212631.9984884
22990.0	1427126035.682344
23000.0	1448262577.9843762
23010.0	1404656211.332387
23020.0	1461939901.2340627
23030.0	1446693985.5853102
23040.0	1449301849.7676034
23050.0	1428278680.1438956
23060.0	1443276842.227176
23070.0	1439742025.697507
23080.0	1434602386.9958694
23090.0	1438634652.3782065
23100.0	1424067385.5052924
23110.0	1429434184.8805678
23120.0	1431666451.9604897
23130.0	1462489961.868793
23140.0	1424372040.6055427
23150.0	1409372499.1472497
23160.0	1421251813.6087787
23170.0	1459404861.087324
23180.0	1408778714.8933704
23190.0	1436569480.6916544
23200.0	1450099176.0302408
23210.0	1399666975.7991893
23220.0	1415374214.252477
23230.0	1134223913.7836967
23240.0	1257675493.8881664
23250.0	1293287146.804284
23260.0	1304407144.0011973
23270.0	1324648886.747881
23280.0	1358978426.092211
23290.0	1339813174.868047
23300.0	1328187263.2178237
23310.0	1352488879.9201746
23320.0	1356506488.6239936
23330.0	1377902791.0793204
23340.0	1342937057.4180777
23350.0	1290907545.8868024
23360.0	1305423515.7419014
23370.0	1328643285.5769608
23380.0	1287296126.4790616
23390.0	1219448265.519833
23400.0	1344231264.4189448
23410.0	1354247509.2961335
23420.0	1379648940.8670301
23430.0	1359967061.9894407
23440.0	1330880313.1070468
23450.0	1296207113.2252805
23460.0	1388746048.3522766
23470.0	1348659166.2472546
23480.0	1345836991.4243095
23490.0	1376927209.0139337
23500.0	1339239115.9515066
23510.0	1328824897.1073477
23520.0	1304240831.008528
23530.0	1089544315.4555786
23540.0	1162154809.8474815
23550.0	1261324014.5524743
23560.0	1219573410.7523537
23570.0	1305745304.809051
23580.0	1254636572.8621998
23590.0	1254067730.2934182
23600.0	1319342698.9737995
23610.0	1253144454.9097886
23620.0	1275261465.3586874
23630.0	1257238155.862192
23640.0	1309371916.5810401
23650.0	1294847380.8084085
23660.0	1305168252.006995
23670.0	1304091758.6535892
23680.0	1266866341.3769357
23690.0	1282190085.6158156
23700.0	1300629058.0033913
23710.0	1272047198.7518451
23720.0	1316549411.8140817
23730.0	1279140837.2478414
23740.0	1277045119.0731885
23750.0	1289302588.0033185
23760.0	1295041286.5968323
23770.0	1271968957.940762
23780.0	1270633029.9175863
23790.0	1282760687.446173
23800.0	1296817821.6538901
23810.0	1240236541.939459
23820.0	1276815260.7806442
23830.0	1096764667.3294158
23840.0	1100668508.8224475
23850.0	1197655006.6960585
23860.0	1164848113.92078
23870.0	1167916179.9299986
23880.0	1173371587.1998978
23890.0	1173115510.50843
23900.0	1235562783.1085918
23910.0	1228185813.3454535
23920.0	1182585486.352564
23930.0	1186722443.7153225
23940.0	1265333192.268096
23950.0	1174417203.2737489
23960.0	1225378952.2156053
23970.0	1215448428.6350172
23980.0	1176861065.3194418
23990.0	1208773380.4640596
24000.0	1191400039.568952
24010.0	1203018222.81676
24020.0	1213900731.3427632
24030.0	1178799573.1673625
24040.0	1180292988.2522852
24050.0	1204602187.9230652
24060.0	1169860510.776034
24070.0	1172662823.1095674
24080.0	1161254020.7448184
24090.0	1182085429.1952212
24100.0	1147874917.5328941
24110.0	1189771599.6589901
24120.0	1185565558.7246761
24130.0	1168462608.7083359
24140.0	1037619461.4099808
24150.0	1101130543.470147
24160.0	1104456797.605328
24170.0	1083963948.0385618
24180.0	1097220501.9057782
24190.0	1197377397.7097323
24200.0	1076928157.3033528
24210.0	1155964559.49696
24220.0	1073072014.7708522
24230.0	1120795363.1185853
24240.0	1163175301.4136002
24250.0	1125148301.7138226
24260.0	1096277527.5423803
24270.0	1108527332.24663
24280.0	1082520694.0948799
24290.0	1123830198.5159786
24300.0	1120071929.478454
24310.0	1102169543.0433972
24320.0	1125737932.7309546
24330.0	1130839660.4783356
24340.0	1071571270.2541479
24350.0	1089213232.6139019
24360.0	1133423074.7599618
24370.0	1031680411.6888006
24380.0	1079360972.2385879
24390.0	1153282163.7033768
24400.0	1089508852.675844
24410.0	1088280849.6237311
24420.0	1078788464.4555452
24430.0	1071505555.3875498
24440.0	1044703747.6215693
24450.0	1079154689.8446329
24460.0	1052636182.7731732
24470.0	1065488363.9875247
24480.0	979592250.56913
24490.0	1039115763.3993158
24500.0	1043080322.5064583
24510.0	1064213733.824461
24520.0	1000515606.8854622
24530.0	1011722569.3868026
24540.0	996020514.8250617
24550.0	1001600290.7842296
24560.0	1044972917.0628523
24570.0	1055150353.9205159
24580.0	1064841213.6656575
24590.0	1058367611.6549951
24600.0	1025798843.8829027
24610.0	885421257.8919784
24620.0	1047482764.5644423
24630.0	1026627364.3602566
24640.0	1084983105.2420454
24650.0	1020181335.363133
24660.0	1025669080.8999277
24670.0	1050110211.8979946
24680.0	931678080.9203526
24690.0	1041073995.4010478
24700.0	1021505526.0795414
24710.0	1023774063.849513
24720.0	992078717.4112808
24730.0	1026043347.9211601
24740.0	952801888.7393044
24750.0	954048298.8502431
24760.0	938046346.0645639
24770.0	1049935318.2995033
24780.0	1059093675.1002215
24790.0	896898381.5841265
24800.0	962561725.5179522
24810.0	946286606.7164203
24820.0	917379143.7605896
24830.0	935405783.0052077
24840.0	1034350596.9495199
24850.0	1020473912.5401455
24860.0	992753562.4841657
24870.0	889055215.5327647
24880.0	933307765.133281
24890.0	951323432.2386212
24900.0	943063850.861097
24910.0	921089399.6101375
24920.0	942405076.0638232
24930.0	967630363.0775009
24940.0	1019083813.449554
24950.0	960235872.0613528
24960.0	955164363.3607631
24970.0	991329343.0022265
24980.0	894128729.5742782
24990.0	955496174.0495931
25000.0	941981956.9164766
25010.0	928670011.2622628
25020.0	994767068.5826693
25030.0	933261549.6588708
25040.0	909085058.0791141
25050.0	912839858.4103801
25060.0	855218916.3115746
25070.0	907545094.9703426
25080.0	933243628.7638532
25090.0	973351330.6850568
25100.0	993372314.7780356
25110.0	910681687.6813842
25120.0	919144586.2138947
25130.0	894456045.6170942
25140.0	899164236.7867755
25150.0	842703081.6135682
25160.0	912605493.9608129
25170.0	968978375.0654094
25180.0	915954706.0271679
25190.0	925547436.9656032
25200.0	882973334.3877901
25210.0	909431503.991051
25220.0	912757553.1819268
25230.0	942438574.4335729
25240.0	844801840.1411916
25250.0	855844834.5712786
25260.0	833264612.0015051
25270.0	909198061.4263059
25280.0	810628869.6104834
25290.0	867968654.5222195
25300.0	914923196.0318198
25310.0	938135181.0094174
25320.0	911505373.5901679
25330.0	855234393.4982734
25340.0	912779085.7094034
25350.0	872608139.5403858
25360.0	811462379.4695512
25370.0	859799285.3032697
25380.0	901055043.5953978
25390.0	849032058.5860399
25400.0	872827238.9918264
25410.0	870182051.3390718
25420.0	889624951.9031442
25430.0	843910763.3224609
25440.0	809539690.7249582
25450.0	934440560.9232808
25460.0	887007541.1239524
25470.0	842416609.4787934
25480.0	870882305.9331281
25490.0	848643009.5950094
25500.0	863030367.8432049
25510.0	865478514.9449422
25520.0	861092236.4987937
25530.0	825371075.755259
25540.0	928987355.4210075
25550.0	835777362.9693738
25560.0	847756593.7661049
25570.0	866463818.8160561
25580.0	861183714.7311378
25590.0	900797377.417679
25600.0	855665401.2280809
25610.0	782740296.6661031
25620.0	890745987.3293817
25630.0	828312615.066364
25640.0	843086491.812943
25650.0	827895542.9990108
25660.0	850063699.7891988
25670.0	824775461.5176731
25680.0	895312453.9727163
25690.0	833479426.0838563
25700.0	812255419.7483956
25710.0	927775894.6535982
25720.0	891017403.8941307
25730.0	865848242.3113459
25740.0	831544956.322722
25750.0	825959704.0384164
25760.0	820737151.1404078
25770.0	797242950.9572974
25780.0	785801342.0571468
25790.0	857073045.3025609
25800.0	879965379.7967345
25810.0	848870002.4786322
25820.0	831039701.4956489
25830.0	805429447.0619218
25840.0	872189395.054544
25850.0	815351334.4980614
25860.0	894022156.4930303
25870.0	834916613.925154
25880.0	809898648.5154579
25890.0	820606073.3087112
25900.0	837547276.5340384
25910.0	819700254.0107242
25920.0	879699614.8879158
25930.0	795010587.0438032
25940.0	850347500.7293237
25950.0	805388678.8952893
25960.0	839004042.362781
25970.0	830854430.810428
25980.0	773542029.4989054
25990.0	832047536.4566114
