# Flux units: erg / (cm m2 s)
# Wavelength units: micron
wave	flux
0.7000000000000002	3.75376751818069e+16
0.7010000000000002	3.889845010963493e+16
0.7020000000000002	4.618677798878538e+16
0.7030000000000002	5.012675530070963e+16
0.7040000000000002	5.1622363686647336e+16
0.7050000000000002	5.824222946913151e+16
0.7060000000000002	1.836117159391488e+16
0.7070000000000002	2.1164683170333544e+16
0.7080000000000002	2.708538308533251e+16
0.7090000000000001	1.6927492844615568e+16
0.7100000000000001	1.1659291704539048e+16
0.7110000000000001	1.6836706975574142e+16
0.7120000000000001	2.218747432591523e+16
0.7130000000000001	9092443442654366.0
0.7140000000000001	8590996737324307.0
0.7150000000000001	1.292418414459774e+16
0.7160000000000001	1.337451710074855e+16
0.7170000000000001	1.3833346110375454e+16
0.7180000000000001	1.7012964334289502e+16
0.7190000000000001	2.0402383781243176e+16
0.7200000000000001	1.7884084275321194e+16
0.7210000000000001	1.4536116726555994e+16
0.7220000000000001	1.94739967901568e+16
0.7230000000000001	2.2704698958334228e+16
0.7240000000000001	2.542833145093554e+16
0.7250000000000001	3.102681948523338e+16
0.7260000000000001	3.760420928666223e+16
0.7270000000000001	3.811374300913907e+16
0.7280000000000001	3.825975905182507e+16
0.7290000000000001	4.777904301427804e+16
0.7300000000000001	5.210841786070999e+16
0.7310000000000001	6.299575733229957e+16
0.7320000000000001	6.920884772854918e+16
0.7330000000000001	8.077272658425898e+16
0.7340000000000001	9.096558043778699e+16
0.7350000000000001	8.84884472825956e+16
0.7360000000000001	9.767308321327048e+16
0.7370000000000001	1.0642192848702886e+17
0.7380000000000001	1.1871954509099518e+17
0.7390000000000001	1.3218281692407053e+17
0.7400000000000001	1.2591069212816614e+17
0.7410000000000001	1.3327808066105234e+17
0.7420000000000001	1.2842363932584968e+17
0.7430000000000001	1.3997713405559715e+17
0.7440000000000001	1.4614619890765766e+17
0.7450000000000001	1.4033979268837763e+17
0.7460000000000001	1.3836485382365091e+17
0.7470000000000001	1.46196093560087e+17
0.7480000000000001	1.571164556363998e+17
0.7490000000000001	1.5635333293596822e+17
0.7500000000000001	1.5347818584034557e+17
0.7510000000000001	1.587231722828588e+17
0.7520000000000001	1.6514731565205034e+17
0.7530000000000001	1.6897864136206067e+17
0.7540000000000001	1.7215544034891184e+17
0.7550000000000001	1.8284696319187283e+17
0.7560000000000001	1.8774914068596973e+17
0.7570000000000001	1.7718762421631306e+17
0.7580000000000001	1.7767012303999776e+17
0.7590000000000001	1.2518525522475598e+17
0.7600000000000001	9.73307555834441e+16
0.7610000000000001	1.08578945592142e+17
0.7620000000000001	1.243729918202113e+17
0.7630000000000001	8.39429881781606e+16
0.7640000000000001	7.637433077143598e+16
0.7650000000000001	8.631810881303984e+16
0.7660000000000001	9.328828627113682e+16
0.7670000000000001	4.6269611977498184e+16
0.7680000000000001	3.715610224464478e+16
0.7690000000000001	5.253420625444531e+16
0.7700000000000001	5.676426531836894e+16
0.7710000000000001	4.9619392138742056e+16
0.7720000000000001	4.95921465855641e+16
0.7730000000000001	6.536419469091858e+16
0.7740000000000001	7.607199064913674e+16
0.7750000000000001	5.0339449745909896e+16
0.7760000000000001	4.8136010398498696e+16
0.7770000000000001	6.239795272750172e+16
0.7780000000000001	5.834135028148102e+16
0.7790000000000001	5.2546842895577144e+16
0.7800000000000001	6.110661889313996e+16
0.7810000000000001	7.98286753077874e+16
0.7820000000000001	8.107340362973955e+16
0.7830000000000001	6.114470345173369e+16
0.7840000000000001	6.043196176382146e+16
0.7850000000000001	6.846207131776713e+16
0.7860000000000001	7.154297158279872e+16
0.7870000000000001	6.862340640793366e+16
0.7880000000000001	7.635192075402571e+16
0.7890000000000001	9.33963410765102e+16
0.7900000000000001	7.832961254638144e+16
0.7910000000000001	7.1159974964159944e+16
0.7920000000000001	6.491051490415412e+16
0.7930000000000001	7.913072517701555e+16
0.7940000000000002	7.651568753315742e+16
0.7950000000000002	8.060446281876083e+16
0.7960000000000002	8.531485430367126e+16
0.7970000000000002	9.126312008274328e+16
0.7980000000000002	9.23384187808696e+16
0.7990000000000002	8.201284271289818e+16
0.8000000000000002	8.741790554813906e+16
0.8010000000000002	1.0403458094645235e+17
0.8020000000000002	1.0597900618554146e+17
0.8030000000000002	1.1337433409321357e+17
0.8040000000000002	1.267866335054873e+17
0.8050000000000002	1.4052939951741474e+17
0.8060000000000002	1.456157675787695e+17
0.8070000000000002	1.4860936322566883e+17
0.8080000000000002	1.6008456259311936e+17
0.8090000000000002	1.725987586716167e+17
0.8100000000000002	1.823404458258918e+17
0.8110000000000002	1.9681403231185997e+17
0.8120000000000002	2.09907180175349e+17
0.8130000000000002	2.218990296346977e+17
0.8140000000000002	2.3365439289856352e+17
0.8150000000000002	2.412597985951729e+17
0.8160000000000002	2.464218643803786e+17
0.8170000000000002	2.5679598374064246e+17
0.8180000000000002	2.6414420329209165e+17
0.8190000000000002	2.559570366708944e+17
0.8200000000000002	2.4655821711516608e+17
0.8210000000000002	1.6980164641277555e+17
0.8220000000000002	1.7363213910385366e+17
0.8230000000000002	1.9366419140626944e+17
0.8240000000000002	2.0677383424891046e+17
0.8250000000000002	2.049854325587158e+17
0.8260000000000002	2.002431957307061e+17
0.8270000000000002	2.1446019620401366e+17
0.8280000000000002	1.7446300749252803e+17
0.8290000000000002	1.587103316261858e+17
0.8300000000000002	1.5638604805542032e+17
0.8310000000000002	1.5750877479235808e+17
0.8320000000000002	1.7566620125105008e+17
0.8330000000000002	1.8195089679426198e+17
0.8340000000000002	1.6229112602255613e+17
0.8350000000000002	1.541614446542026e+17
0.8360000000000002	1.5849454568885194e+17
0.8370000000000002	1.684379153634636e+17
0.8380000000000002	1.5462364936288752e+17
0.8390000000000002	1.4521184305135622e+17
0.8400000000000002	1.5780991196980755e+17
0.8410000000000002	1.7127249114866835e+17
0.8420000000000002	1.661508275160777e+17
0.8430000000000002	1.4915673145103862e+17
0.8440000000000002	9.631200624943888e+16
0.8450000000000002	8.330464862230117e+16
0.8460000000000002	7.598958777010875e+16
0.8470000000000002	7.214694237530214e+16
0.8480000000000002	8.523244304162827e+16
0.8490000000000002	9.782593802681557e+16
0.8500000000000002	8.810858720185968e+16
0.8510000000000002	8.378914951286808e+16
0.8520000000000002	8.360046835480942e+16
0.8530000000000002	9.042695159992459e+16
0.8540000000000002	9.986482168899651e+16
0.8550000000000002	1.1053914630624538e+17
0.8560000000000002	1.1150148559997493e+17
0.8570000000000002	1.1119538209627845e+17
0.8580000000000002	1.097270778749725e+17
0.8590000000000002	1.1701579400988168e+17
0.8600000000000002	1.1837694135340413e+17
0.8610000000000002	1.2871438397529947e+17
0.8620000000000002	1.4155055195056416e+17
0.8630000000000002	1.4279724328465914e+17
0.8640000000000002	1.4736834510457603e+17
0.8650000000000002	1.472512164051729e+17
0.8660000000000002	1.4068293418177858e+17
0.8670000000000001	1.600042835956193e+17
0.8680000000000001	1.576656909978096e+17
0.8690000000000001	1.5667674096946547e+17
0.8700000000000001	1.7603484028057718e+17
0.8710000000000001	1.80196579063657e+17
0.8720000000000001	1.8874108631573546e+17
0.8730000000000001	1.9905373672945414e+17
0.8740000000000001	1.92888308724485e+17
0.8750000000000001	1.996846303155234e+17
0.8760000000000001	2.0880950839721504e+17
0.8770000000000001	2.142353481403415e+17
0.8780000000000001	2.2392540806010826e+17
0.8790000000000001	2.3592205851744278e+17
0.8800000000000001	2.4166227223525344e+17
0.8810000000000001	2.4092434113835856e+17
0.8820000000000001	2.5204337326606163e+17
0.8830000000000001	2.4716210097786125e+17
0.8840000000000001	2.6214021030760394e+17
0.8850000000000001	2.713280419777364e+17
0.8860000000000001	2.1203252928424774e+17
0.8870000000000001	1.459500591211714e+17
0.8880000000000001	1.461310842758493e+17
0.8890000000000001	1.5244867209451354e+17
0.8900000000000001	1.6915266760342992e+17
0.8910000000000001	1.856367002647887e+17
0.8920000000000001	1.9112619832607594e+17
0.8930000000000001	1.9950200735704426e+17
0.8940000000000001	1.6944036896800042e+17
0.8950000000000001	1.6343582600060685e+17
0.8960000000000001	1.7268338355338048e+17
0.8970000000000001	1.809291115050539e+17
0.8980000000000001	1.9180060739562208e+17
0.8990000000000001	2.0946915459886518e+17
0.9000000000000001	2.1173433311504928e+17
0.9010000000000001	2.312832687944529e+17
0.9020000000000001	2.0856086185120582e+17
0.9030000000000001	2.1465265106869757e+17
0.9040000000000001	2.259280892959197e+17
0.9050000000000001	2.3740350842584144e+17
0.9060000000000001	2.4684713079240755e+17
0.9070000000000001	2.5643095508189056e+17
0.9080000000000001	2.691978372024486e+17
0.9090000000000001	2.6338587706342902e+17
0.9100000000000001	2.7447930651346883e+17
0.9110000000000001	2.7714076842671072e+17
0.9120000000000001	2.889652749510771e+17
0.9130000000000001	2.9391142199384934e+17
0.9140000000000001	3.034691884052511e+17
0.9150000000000001	3.11527852551088e+17
0.9160000000000001	3.176218349564308e+17
0.9170000000000001	3.218381483714021e+17
0.9180000000000001	3.23860334970138e+17
0.9190000000000002	3.360809961583577e+17
0.9200000000000002	3.335006751166324e+17
0.9210000000000002	2.8062274947492982e+17
0.9220000000000002	2.649200758412762e+17
0.9230000000000002	2.3985584142569843e+17
0.9240000000000002	2.3559735643759706e+17
0.9250000000000002	2.4270718584579248e+17
0.9260000000000002	2.5046347009942285e+17
0.9270000000000002	2.555947121398964e+17
0.9280000000000002	2.2812678198647418e+17
0.9290000000000002	2.196906614865287e+17
0.9300000000000002	2.100521089219065e+17
0.9310000000000002	2.1955993959306922e+17
0.9320000000000002	2.1603967991981968e+17
0.9330000000000002	2.3559125513014874e+17
0.9340000000000002	2.325180864865201e+17
0.9350000000000002	2.264006507994535e+17
0.9360000000000002	2.3157019762580013e+17
0.9370000000000002	2.1702636828461702e+17
0.9380000000000002	2.3851892687405533e+17
0.9390000000000002	2.39748843939879e+17
0.9400000000000002	2.5295968219931594e+17
0.9410000000000002	2.488991296179755e+17
0.9420000000000002	2.4189076480243994e+17
0.9430000000000002	2.503872230777206e+17
0.9440000000000002	2.3848202026919914e+17
0.9450000000000002	2.4790785794963923e+17
0.9460000000000002	2.5615486607674797e+17
0.9470000000000002	2.681919737858684e+17
0.9480000000000002	2.714312748384152e+17
0.9490000000000002	2.7503715037306112e+17
0.9500000000000002	2.7280850238055434e+17
0.9510000000000002	2.6494838978322928e+17
0.9520000000000002	2.704776948555766e+17
0.9530000000000002	2.7631227626600262e+17
0.9540000000000002	2.7612838463612534e+17
0.9550000000000002	2.7596977778787206e+17
0.9560000000000002	2.8501801758599974e+17
0.9570000000000002	2.829305666331276e+17
0.9580000000000002	2.8182009012754768e+17
0.9590000000000002	2.8265819490083965e+17
0.9600000000000002	2.8546267094879254e+17
0.9610000000000002	2.8351553771217824e+17
0.9620000000000002	2.898005509398183e+17
0.9630000000000002	2.959996271690249e+17
0.9640000000000002	2.7988058348458998e+17
0.9650000000000002	2.87337141551587e+17
0.9660000000000002	2.8189031862326995e+17
0.9670000000000002	2.862080047427225e+17
0.9680000000000002	2.913354618993655e+17
0.9690000000000002	2.9976078415909184e+17
0.9700000000000002	3.121462298166559e+17
0.9710000000000002	3.0448240249141434e+17
0.9720000000000002	2.862347417229429e+17
0.9730000000000002	2.6215407145190726e+17
0.9740000000000002	2.576126085932726e+17
0.9750000000000002	2.6201539848045626e+17
0.9760000000000002	2.8001577336824714e+17
0.9770000000000002	2.7956837658970243e+17
0.9780000000000002	2.949373841353434e+17
0.9790000000000002	2.790756705472626e+17
0.9800000000000002	3.0316735299497114e+17
0.9810000000000002	2.715998691156791e+17
0.9820000000000002	2.7316809791354317e+17
0.9830000000000002	2.659283432031242e+17
0.9840000000000002	2.7863771494364662e+17
0.9850000000000002	2.87563733246714e+17
0.9860000000000002	3.031204328210411e+17
0.9870000000000002	3.025211765356967e+17
0.9880000000000002	3.1158724370913274e+17
0.9890000000000002	3.2178059202195994e+17
0.9900000000000002	2.7721432945999216e+17
0.9910000000000002	2.7281837969085126e+17
0.9920000000000002	2.678827541655978e+17
0.9930000000000002	2.836640644834705e+17
0.9940000000000002	2.959752755222373e+17
0.9950000000000002	3.098804317211786e+17
0.9960000000000002	3.058201575316964e+17
0.9970000000000002	3.17575860436251e+17
0.9980000000000002	3.1832943041123686e+17
0.9990000000000002	2.997743667846896e+17
1.0000000000000002	3.059109648668734e+17
1.0010000000000001	3.045945456201309e+17
1.0020000000000002	3.1657402039471776e+17
1.0030000000000001	3.173365533462036e+17
1.0040000000000002	2.915658475782953e+17
1.0050000000000001	2.960090872498863e+17
1.0060000000000002	2.9101509285343386e+17
1.0070000000000001	3.006829220653976e+17
1.0080000000000002	3.1428114939529875e+17
1.0090000000000001	3.0801403235481114e+17
1.0100000000000002	3.196489837920272e+17
1.0110000000000001	3.208397276069969e+17
1.0120000000000002	3.244979010444933e+17
1.0130000000000001	3.289541782365195e+17
1.0140000000000002	3.285066750013653e+17
1.0150000000000001	2.970904625669676e+17
1.0160000000000002	3.0327740013727245e+17
1.0170000000000001	3.058555086059677e+17
1.0180000000000002	3.193346885623022e+17
1.0190000000000001	3.1221783936229946e+17
1.0200000000000002	3.1682768405618054e+17
1.0210000000000001	3.2285187249415936e+17
1.0220000000000002	3.222786640582454e+17
1.0230000000000001	3.302194010823826e+17
1.0240000000000002	3.375993278705979e+17
1.0250000000000001	3.362801940656268e+17
1.0260000000000002	3.181144584237524e+17
1.0270000000000001	3.086598471477162e+17
1.0280000000000002	3.202306777308016e+17
1.0290000000000001	3.198013033994341e+17
1.0300000000000002	3.2683527103078605e+17
1.0310000000000001	3.354617078135716e+17
1.0320000000000003	3.4162584852872474e+17
1.0330000000000001	3.305814795587566e+17
1.0340000000000003	3.397982402398682e+17
1.0350000000000001	3.2001371643866464e+17
1.0360000000000003	3.486205556058303e+17
1.0370000000000001	3.479319310013594e+17
1.0380000000000003	3.36624202861733e+17
1.0390000000000001	3.4383869153419744e+17
1.0400000000000003	3.3676688312324794e+17
1.0410000000000001	3.5585702059144256e+17
1.0420000000000003	3.466324991871304e+17
1.0430000000000001	3.343403756744869e+17
1.0440000000000003	3.572907863862571e+17
1.0450000000000002	3.5427157205138234e+17
1.0460000000000003	3.5170933654802797e+17
1.0470000000000002	3.4071930894408576e+17
1.0480000000000003	3.3302592637603526e+17
1.0490000000000002	3.3943871098294995e+17
1.0500000000000003	3.357522791672472e+17
1.0510000000000002	3.333493329712928e+17
1.0520000000000003	3.3024217136632934e+17
1.0530000000000002	3.211522835979366e+17
1.0540000000000003	3.325328052281591e+17
1.0550000000000002	3.254735727664245e+17
1.0560000000000003	3.2316818526073946e+17
1.0570000000000002	3.1788175090433286e+17
1.0580000000000003	3.213426962171119e+17
1.0590000000000002	3.1049064850936634e+17
1.0600000000000003	3.263720438211972e+17
1.0610000000000002	3.155969331100115e+17
1.0620000000000003	3.297857336863166e+17
1.0630000000000002	3.3639726433407706e+17
1.0640000000000003	3.3728187310357523e+17
1.0650000000000002	3.365283417483805e+17
1.0660000000000003	3.3095432297093843e+17
1.0670000000000002	3.420165260561884e+17
1.0680000000000003	3.395548598086653e+17
1.0690000000000002	3.42256387248186e+17
1.0700000000000003	3.5185169765645005e+17
1.0710000000000002	3.461299207455358e+17
1.0720000000000003	3.5410775365385114e+17
1.0730000000000002	3.4991201953598854e+17
1.0740000000000003	3.556052906118322e+17
1.0750000000000002	3.585920859551688e+17
1.0760000000000003	3.596054457460754e+17
1.0770000000000002	3.640252587371071e+17
1.0780000000000003	3.6233790334356186e+17
1.0790000000000002	3.6422356223196e+17
1.0800000000000003	3.572291275967721e+17
1.0810000000000002	3.534723667301867e+17
1.0820000000000003	3.64477833648866e+17
1.0830000000000002	3.7091065393629165e+17
1.0840000000000003	3.728395768463817e+17
1.0850000000000002	3.688683633136677e+17
1.0860000000000003	3.6483094587697114e+17
1.0870000000000002	3.696797847286094e+17
1.0880000000000003	3.649524239322378e+17
1.0890000000000002	3.597918842936904e+17
1.0900000000000003	3.6608752591374214e+17
1.0910000000000002	3.643962221612518e+17
1.0920000000000003	3.6166264104766266e+17
1.0930000000000002	3.643615825875433e+17
1.0940000000000003	3.6787672828304326e+17
1.0950000000000002	3.6418838931581715e+17
1.0960000000000003	3.529696988866042e+17
1.0970000000000002	3.5754268795285766e+17
1.0980000000000003	3.51818066422583e+17
1.0990000000000002	3.541494492897623e+17
1.1000000000000003	3.5701251021298784e+17
1.1010000000000002	3.589906305176793e+17
1.1020000000000003	3.578451384870218e+17
1.1030000000000002	3.380738334456313e+17
1.104	2.976610926131481e+17
1.1050000000000002	2.971031773912459e+17
1.106	3.011269305443725e+17
1.1070000000000002	3.0535205649902605e+17
1.108	3.089383801991419e+17
1.1090000000000002	3.1918943427345325e+17
1.11	3.150917697963901e+17
1.1110000000000002	3.0455847224492826e+17
1.112	3.254136321803318e+17
1.1130000000000002	3.207355071129747e+17
1.114	3.2916892796002266e+17
1.1150000000000002	3.261669013447115e+17
1.116	3.170270288730372e+17
1.1170000000000002	3.1003954316932634e+17
1.118	3.231874125519064e+17
1.1190000000000002	3.1779248186549056e+17
1.12	3.1473801239890765e+17
1.1210000000000002	3.236777632759168e+17
1.122	3.2525188828999136e+17
1.1230000000000002	3.3068152463962157e+17
1.124	3.341544011119627e+17
1.1250000000000002	3.2691660947872083e+17
1.1260000000000001	3.2432655848829005e+17
1.1270000000000002	3.380934484423824e+17
1.1280000000000001	3.3474698430718054e+17
1.1290000000000002	3.372255952451034e+17
1.1300000000000001	3.2489494480522323e+17
1.1310000000000002	3.309189693947612e+17
1.1320000000000001	3.356229402191952e+17
1.1330000000000002	3.3778750503130285e+17
1.1340000000000001	3.241601889576909e+17
1.1350000000000002	3.215549482052886e+17
1.1360000000000001	3.3412114337115014e+17
1.1370000000000002	3.361689969460864e+17
1.1380000000000001	3.150329964362669e+17
1.1390000000000002	3.280741105334034e+17
1.1400000000000001	3.3922828220602464e+17
1.1410000000000002	3.157770155384285e+17
1.1420000000000001	3.43180731088775e+17
1.1430000000000002	3.326697599159497e+17
1.1440000000000001	3.239890627507579e+17
1.1450000000000002	3.3994244672416646e+17
1.1460000000000001	3.4024986460376557e+17
1.1470000000000002	3.442290256335691e+17
1.1480000000000001	3.3650072593328634e+17
1.1490000000000002	3.472748125993276e+17
1.1500000000000001	3.477031425097248e+17
1.1510000000000002	3.4233830327730515e+17
1.1520000000000001	3.427383848087227e+17
1.1530000000000002	3.41311906802614e+17
1.1540000000000001	3.39884617969925e+17
1.1550000000000002	3.469330677120828e+17
1.1560000000000001	3.446693440039718e+17
1.1570000000000003	3.417565927153756e+17
1.1580000000000001	3.4082606788684205e+17
1.1590000000000003	3.483165660048042e+17
1.1600000000000001	3.3384532594762464e+17
1.1610000000000003	3.293075744774514e+17
1.1620000000000001	3.4221349386606234e+17
1.1630000000000003	3.521081069066937e+17
1.1640000000000001	3.322430960737877e+17
1.1650000000000003	3.508080691663982e+17
1.1660000000000001	3.4051531145105715e+17
1.1670000000000003	3.448738980580609e+17
1.1680000000000001	3.431913350035262e+17
1.1690000000000003	3.2158561085597094e+17
1.1700000000000002	3.416242473928301e+17
1.1710000000000003	3.449308243547286e+17
1.1720000000000002	3.4018818494723366e+17
1.1730000000000003	3.4410511090773555e+17
1.1740000000000002	3.3164432888196166e+17
1.1750000000000003	3.3479966754985536e+17
1.1760000000000002	3.309243103076129e+17
1.1770000000000003	3.252492238384437e+17
1.1780000000000002	3.116268055008205e+17
1.1790000000000003	3.248215900516528e+17
1.1800000000000002	3.265891730584566e+17
1.1810000000000003	3.326351836495571e+17
1.1820000000000002	3.268609990952006e+17
1.1830000000000003	3.171547079453338e+17
1.1840000000000002	3.261118584140379e+17
1.1850000000000003	3.243388347837291e+17
1.1860000000000002	3.297190862693747e+17
1.1870000000000003	3.3006839900763904e+17
1.1880000000000002	3.257342200787954e+17
1.1890000000000003	3.051186796870342e+17
1.1900000000000002	3.216068262831223e+17
1.1910000000000003	3.245616845870363e+17
1.1920000000000002	3.2511322241431526e+17
1.1930000000000003	3.321532937283644e+17
1.1940000000000002	3.227823979896641e+17
1.1950000000000003	3.2127006943426963e+17
1.1960000000000002	3.2615542187511046e+17
1.1970000000000003	3.2786503156656064e+17
1.1980000000000002	3.107282727753227e+17
1.1990000000000003	3.259577703622203e+17
1.2000000000000002	3.295922315073097e+17
1.2010000000000003	3.335631147310944e+17
1.2020000000000002	3.331006769292134e+17
1.2030000000000003	3.258995905517811e+17
1.2040000000000002	3.354941734972161e+17
1.2050000000000003	3.356510077809247e+17
1.2060000000000002	3.4167137612682086e+17
1.2070000000000003	3.324075188051006e+17
1.2080000000000002	3.351088986531517e+17
1.2090000000000003	3.2888457148163475e+17
1.2100000000000002	3.4551437010623014e+17
1.2110000000000003	3.381610714564673e+17
1.2120000000000002	3.389214276427739e+17
1.2130000000000003	3.358425336329234e+17
1.2140000000000002	3.449177694867775e+17
1.2150000000000003	3.4748293481000544e+17
1.2160000000000002	3.421851848322959e+17
1.2170000000000003	3.406717534059349e+17
1.2180000000000002	3.478631105391677e+17
1.2190000000000003	3.4633411040359994e+17
1.2200000000000002	3.483229558173772e+17
1.2210000000000003	3.4594317470176115e+17
1.2220000000000002	3.4491018125054074e+17
1.2230000000000003	3.4585426467594406e+17
1.2240000000000002	3.453069948510638e+17
1.2250000000000003	3.483418477764602e+17
1.2260000000000002	3.4774737598666086e+17
1.2270000000000003	3.482054679246167e+17
1.2280000000000002	3.4828082977922797e+17
1.2290000000000003	3.5143896634571603e+17
1.2300000000000002	3.463057415459184e+17
1.2310000000000003	3.491457137331195e+17
1.2320000000000002	3.4509489331307565e+17
1.2330000000000003	3.478366183569851e+17
1.2340000000000002	3.484121934887381e+17
1.2350000000000003	3.4851449374716006e+17
1.2360000000000002	3.4872040217044243e+17
1.2370000000000003	3.482633004799492e+17
1.2380000000000002	3.515729831560505e+17
1.2390000000000003	3.4705845492053523e+17
1.2400000000000002	3.4921849058483885e+17
1.2410000000000003	3.2676185808793926e+17
1.2420000000000002	3.255781487167985e+17
1.2430000000000003	3.250498716567857e+17
1.2440000000000002	3.189032140291208e+17
1.2450000000000003	3.332907702799868e+17
1.2460000000000002	3.3000709300432314e+17
1.2470000000000003	3.341792164913735e+17
1.2480000000000002	3.296275481457005e+17
1.2490000000000003	3.333058866273979e+17
1.2500000000000002	3.3610303789712723e+17
1.2510000000000003	3.3715186422322496e+17
1.2520000000000002	3.3669431158124096e+17
1.2530000000000003	3.269612404422249e+17
1.2540000000000002	3.377569150709128e+17
1.2550000000000003	3.2907715426748346e+17
1.2560000000000002	3.2664043658596755e+17
1.2570000000000003	3.19783850106816e+17
1.2580000000000002	3.2560343617809e+17
1.2590000000000003	3.2584325648756934e+17
1.2600000000000002	3.2498808944515635e+17
1.2610000000000001	3.274470053011408e+17
1.2620000000000002	3.2877552445138285e+17
1.2630000000000001	3.3228910695059686e+17
1.2640000000000002	3.258445629032408e+17
1.2650000000000001	3.3137353595350554e+17
1.2660000000000002	3.3341948398093235e+17
1.2670000000000001	3.316688837947747e+17
1.2680000000000002	3.275787978938116e+17
1.2690000000000001	3.367093191867632e+17
1.2700000000000002	3.262708481694995e+17
1.2710000000000001	3.2809030185250054e+17
1.2720000000000002	3.3364591899663514e+17
1.2730000000000001	3.3267698517867744e+17
1.2740000000000002	3.2771197628482176e+17
1.2750000000000001	3.2360155980936723e+17
1.2760000000000002	3.340002098715689e+17
1.2770000000000001	3.350259707134617e+17
1.2780000000000002	3.34376978879171e+17
1.2790000000000001	3.357173396733747e+17
1.2800000000000002	3.3598906474044755e+17
1.2810000000000001	3.3376044325191206e+17
1.2820000000000003	3.3460296024591744e+17
1.2830000000000001	3.174874923737402e+17
1.2840000000000003	3.302229687868692e+17
1.2850000000000001	3.30786249884935e+17
1.2860000000000003	3.3196119937436474e+17
1.2870000000000001	3.3697014705996006e+17
1.2880000000000003	3.311277229544388e+17
1.2890000000000001	3.3444234287212634e+17
1.2900000000000003	3.237049888532829e+17
1.2910000000000001	3.311342072968562e+17
1.2920000000000003	3.341158944494311e+17
1.2930000000000001	3.367823798143135e+17
1.2940000000000003	3.394426666098223e+17
1.2950000000000002	3.351130820232055e+17
1.2960000000000003	3.3984141598361734e+17
1.2970000000000002	3.393938411079455e+17
1.2980000000000003	3.3410609163478317e+17
1.2990000000000002	3.3612313583026355e+17
1.3000000000000003	3.3943851715810394e+17
1.3010000000000002	3.356146986638481e+17
1.3020000000000003	3.366393786542798e+17
1.3030000000000002	3.4005389035578355e+17
1.3040000000000003	3.386758575632477e+17
1.3050000000000002	3.388904693273724e+17
1.3060000000000003	3.398749796003666e+17
1.3070000000000002	3.349324138921404e+17
1.3080000000000003	3.33342746193126e+17
1.3090000000000002	3.325794865317759e+17
1.3100000000000003	3.3202761792819834e+17
1.3110000000000002	3.371469454052728e+17
1.3120000000000003	3.321869545728234e+17
1.3130000000000002	3.099687317762877e+17
1.3140000000000003	3.291807432553325e+17
1.3150000000000002	3.186533716434088e+17
1.3160000000000003	3.2971717689001286e+17
1.3170000000000002	3.3367351607376403e+17
1.3180000000000003	3.293460076999832e+17
1.3190000000000002	3.3298156177779994e+17
1.3200000000000003	3.284923916163386e+17
1.3210000000000002	3.332676610101318e+17
1.3220000000000003	3.213981192905503e+17
1.3230000000000002	3.3109410743289235e+17
1.3240000000000003	3.2751337624483046e+17
1.3250000000000002	3.1337813832221414e+17
1.3260000000000003	3.2635460428454496e+17
1.3270000000000002	3.134351445164011e+17
1.3280000000000003	3.165780406139517e+17
1.3290000000000002	3.1256436378412883e+17
1.3300000000000003	3.0738147346549626e+17
1.3310000000000002	2.982630270535942e+17
1.3320000000000003	2.6287513090923155e+17
1.3330000000000002	2.795435441016742e+17
1.3340000000000003	2.7231766121293952e+17
1.3350000000000002	2.0629014104489866e+17
1.3360000000000003	2.4196349269135578e+17
1.3370000000000002	2.1984065625259056e+17
1.3380000000000003	2.4762925258658006e+17
1.3390000000000002	2.3562293710490435e+17
1.3400000000000003	2.6605836452382627e+17
1.3410000000000002	2.4412816701097584e+17
1.3420000000000003	2.203318539452158e+17
1.3430000000000002	2.089361098419706e+17
1.3440000000000003	2.51084617421368e+17
1.3450000000000002	2.2365583151237866e+17
1.3460000000000003	2.5134334018520685e+17
1.3470000000000002	2.210643775104571e+17
1.3480000000000003	2.1929983037710128e+17
1.3490000000000002	2.5778674704437434e+17
1.3500000000000003	2.267057640469244e+17
1.3510000000000002	2.2034616813129235e+17
1.3520000000000003	2.282330465530727e+17
1.3530000000000002	2.3571821351218515e+17
1.3540000000000003	2.1539971107426662e+17
1.3550000000000002	2.1597127267394506e+17
1.3560000000000003	2.316927580247959e+17
1.3570000000000002	2.2733565271914083e+17
1.3580000000000003	2.1486649620916746e+17
1.3590000000000002	2.2539121885425085e+17
1.3600000000000003	2.196287175867325e+17
1.3610000000000002	2.2377363963397245e+17
1.3620000000000003	1.9472461184734432e+17
1.3630000000000002	2.1839721830266723e+17
1.3640000000000003	2.2529077180779984e+17
1.3650000000000002	2.1095405228784163e+17
1.3660000000000003	2.2828842083505258e+17
1.3670000000000002	2.195620913744868e+17
1.3680000000000003	2.19684250879705e+17
1.3690000000000002	2.1356453198036202e+17
1.3700000000000003	2.1863982243141482e+17
1.3710000000000002	2.0662585881588182e+17
1.3720000000000003	2.177546405682283e+17
1.3730000000000002	2.1598962800253363e+17
1.3740000000000003	2.1084458667950285e+17
1.3750000000000002	2.226773813716359e+17
1.3760000000000003	2.2542847543446774e+17
1.3770000000000002	2.209216539956498e+17
1.3780000000000003	2.2781975185041264e+17
1.3790000000000002	2.1818617252066288e+17
1.3800000000000003	2.3430732970988973e+17
1.3810000000000002	2.225252404029073e+17
1.3820000000000003	2.336564273952894e+17
1.3830000000000002	2.132556648883986e+17
1.3840000000000003	2.2888690958070848e+17
1.3850000000000002	2.300177382736796e+17
1.3860000000000003	2.204421039131638e+17
1.3870000000000002	2.254042840670261e+17
1.3880000000000003	2.1433058639492973e+17
1.3890000000000002	2.362297381791964e+17
1.3900000000000003	2.0239712803154346e+17
1.3910000000000002	1.7955854425497117e+17
1.3920000000000003	1.899940361820078e+17
1.3930000000000002	1.86510757295887e+17
1.3940000000000003	1.968449494928851e+17
1.3950000000000002	2.0449566582552342e+17
1.3960000000000004	2.091876817206655e+17
1.3970000000000002	2.024116625959385e+17
1.3980000000000004	1.8186743211964614e+17
1.3990000000000002	2.045718746781657e+17
1.4000000000000004	1.9352415406192515e+17
1.4010000000000002	1.827577137954619e+17
1.4020000000000004	2.0675829694648902e+17
1.4030000000000002	2.0571888152760285e+17
1.4040000000000004	1.9092087686802464e+17
1.4050000000000002	2.0324962290506323e+17
1.4060000000000004	2.1308856768983334e+17
1.4070000000000003	1.8894146539798102e+17
1.4080000000000004	1.923035734438836e+17
1.4090000000000003	1.809622435170354e+17
1.4100000000000004	1.9639399614814608e+17
1.4110000000000003	1.8221837776360253e+17
1.4120000000000004	1.8190242953139747e+17
1.4130000000000003	1.930323608563471e+17
1.4140000000000004	1.891280953585815e+17
1.4150000000000003	1.7583039775823094e+17
1.4160000000000004	1.8916597439413117e+17
1.4170000000000003	1.7232974607939318e+17
1.4180000000000001	1.6737414994021398e+17
1.4190000000000003	1.6773236872658973e+17
1.4200000000000002	1.9369202514248947e+17
1.4210000000000003	1.891214265334298e+17
1.4220000000000002	1.7309144128944573e+17
1.4230000000000003	1.8424825032332093e+17
1.4240000000000002	1.7319939501938717e+17
1.4250000000000003	1.7607260487074848e+17
1.4260000000000002	1.663659502764838e+17
1.4270000000000003	1.7734693022286134e+17
1.4280000000000002	1.7860577425207357e+17
1.4290000000000003	1.532256224081806e+17
1.4300000000000002	1.9814733437748042e+17
1.4310000000000003	1.8920073828719616e+17
1.4320000000000002	1.7344691144682678e+17
1.4330000000000003	1.8374109068781347e+17
1.4340000000000002	1.5459466774525334e+17
1.4350000000000003	1.867129786856506e+17
1.4360000000000002	1.7778633118055296e+17
1.4370000000000003	1.6962503129529194e+17
1.4380000000000002	1.8399227671869107e+17
1.4390000000000003	1.8315039612031645e+17
1.4400000000000002	1.7925779596434653e+17
1.4410000000000003	1.7086633052464934e+17
1.4420000000000002	1.8020059475657984e+17
1.4430000000000003	1.896008686588922e+17
1.4440000000000002	1.883307649640553e+17
1.4450000000000003	1.7944219534338157e+17
1.4460000000000002	1.8990853244355277e+17
1.4470000000000003	1.6898695132056006e+17
1.4480000000000002	1.8215960370557174e+17
1.4490000000000003	2.0282494034670493e+17
1.4500000000000002	1.7634226543038064e+17
1.4510000000000003	1.732721138854946e+17
1.4520000000000002	2.0166930466124243e+17
1.4530000000000003	1.8654545948974218e+17
1.4540000000000002	1.76626290434661e+17
1.4550000000000003	2.071816077302582e+17
1.4560000000000002	1.751141772674703e+17
1.4570000000000003	1.797882882228661e+17
1.4580000000000002	1.9194836491493654e+17
1.4590000000000003	1.9282700123120957e+17
1.4600000000000002	1.8459342058068877e+17
1.4610000000000003	1.6106021446032262e+17
1.4620000000000002	1.7629732646001933e+17
1.4630000000000003	1.5802611486642976e+17
1.4640000000000002	1.90325274625526e+17
1.4650000000000003	1.706200149582059e+17
1.4660000000000002	1.9106235778261094e+17
1.4670000000000003	1.7988161953494195e+17
1.4680000000000002	1.6328756002336474e+17
1.4690000000000003	1.6897723835088384e+17
1.4700000000000002	1.6383420708972362e+17
1.4710000000000003	1.77537810421516e+17
1.4720000000000002	1.7438590442415142e+17
1.4730000000000003	1.864383078053584e+17
1.4740000000000002	1.681667016552549e+17
1.4750000000000003	1.768380873906647e+17
1.4760000000000002	1.69533598293502e+17
1.4770000000000003	1.7551491271299507e+17
1.4780000000000002	1.686872651331628e+17
1.4790000000000003	1.9894070969901002e+17
1.4800000000000002	1.653634316042929e+17
1.4810000000000003	1.770515070873078e+17
1.4820000000000002	1.6816593841080397e+17
1.4830000000000003	1.7974716501317232e+17
1.4840000000000002	1.9538628591270733e+17
1.4850000000000003	1.7695002346832608e+17
1.4860000000000002	1.8063146701122992e+17
1.4870000000000003	1.8494483688296163e+17
1.4880000000000002	1.714379410067856e+17
1.4890000000000003	1.7221599720143114e+17
1.4900000000000002	1.833837207774141e+17
1.4910000000000003	1.864482357409574e+17
1.4920000000000002	1.8666314534051354e+17
1.4930000000000003	1.7866904369802214e+17
1.4940000000000002	1.7425587661654224e+17
1.4950000000000003	1.917215908798547e+17
1.4960000000000002	1.8719263618527552e+17
1.4970000000000003	1.971954151494469e+17
1.4980000000000002	1.9360265894896803e+17
1.4990000000000003	1.9768890305615034e+17
1.5000000000000002	1.8446968402981293e+17
1.5010000000000003	1.794707673041858e+17
1.5020000000000002	1.711245180563899e+17
1.5030000000000003	1.9005885299537568e+17
1.5040000000000002	1.8112380844545408e+17
1.5050000000000003	1.8379910324446518e+17
1.5060000000000002	1.8387858349388378e+17
1.5070000000000003	2.0195951892328544e+17
1.5080000000000002	1.8306080561532765e+17
1.5090000000000003	1.9772221025864502e+17
1.5100000000000002	1.905903506326558e+17
1.5110000000000003	1.9569773317247894e+17
1.5120000000000002	1.9767147344854762e+17
1.5130000000000003	1.8386170524476314e+17
1.5140000000000002	1.9063995433292496e+17
1.5150000000000003	2.0155043333111392e+17
1.5160000000000002	2.02537365174921e+17
1.5170000000000003	1.9017981665441046e+17
1.5180000000000002	1.9493816990402624e+17
1.5190000000000003	1.9563269735683248e+17
1.5200000000000002	1.966474699224974e+17
1.5210000000000004	2.1336826723784202e+17
1.5220000000000002	2.073129837130704e+17
1.5230000000000004	2.089854053154256e+17
1.5240000000000002	1.993336659945876e+17
1.5250000000000004	1.9289391122770912e+17
1.5260000000000002	1.92093917986379e+17
1.5270000000000004	1.9217042680862128e+17
1.5280000000000002	2.006966996536782e+17
1.5290000000000004	1.9608162430607568e+17
1.5300000000000002	2.204413658805344e+17
1.5310000000000004	2.085141555823085e+17
1.5320000000000003	1.851201993569103e+17
1.5330000000000004	1.9379387271600672e+17
1.5340000000000003	2.1602898063913347e+17
1.5350000000000004	2.0687178166162368e+17
1.5360000000000003	2.149094901477051e+17
1.5370000000000004	1.9992978580772858e+17
1.5380000000000003	1.8719576550466915e+17
1.5390000000000004	1.9786723330170675e+17
1.5400000000000003	1.916589414541174e+17
1.5410000000000004	1.8163607600454314e+17
1.5420000000000003	2.123419953780499e+17
1.5430000000000004	1.8677717976228995e+17
1.5440000000000003	1.9965327807233302e+17
1.5450000000000004	2.1690240303361184e+17
1.5460000000000003	2.2285171437859808e+17
1.5470000000000004	2.0098775213222026e+17
1.5480000000000003	2.0602418835006714e+17
1.5490000000000004	2.170545361800084e+17
1.5500000000000003	2.1865055512771283e+17
1.5510000000000004	1.9718944005401875e+17
1.5520000000000003	2.1964492406966634e+17
1.5530000000000004	2.2795125413356662e+17
1.5540000000000003	2.0830456307735053e+17
1.5550000000000004	2.0766926701271603e+17
1.5560000000000003	2.0723011882643667e+17
1.5570000000000004	2.0962389433505814e+17
1.5580000000000003	1.9562523130659606e+17
1.5590000000000004	2.1425092955330243e+17
1.5600000000000003	2.0797176400388944e+17
1.5610000000000004	2.202519153966017e+17
1.5620000000000003	2.2243611325456016e+17
1.5630000000000004	2.2112105613691347e+17
1.5640000000000003	2.304083473226808e+17
1.5650000000000004	2.157735294533956e+17
1.5660000000000003	1.9553537659331283e+17
1.5670000000000004	2.3520114996447958e+17
1.5680000000000003	2.408208584122809e+17
1.5690000000000004	2.281906614391647e+17
1.5700000000000003	2.138849097622349e+17
1.5710000000000004	2.3377659178598947e+17
1.5720000000000003	2.2214202387943075e+17
1.5730000000000004	2.234448925824224e+17
1.5740000000000003	2.3858831793917734e+17
1.5750000000000004	2.2439297772169e+17
1.5760000000000003	2.211205218504397e+17
1.5770000000000002	2.2095306204999443e+17
1.5780000000000003	2.1406256136807626e+17
1.5790000000000002	2.334786868486592e+17
1.5800000000000003	2.3142718369553728e+17
1.5810000000000002	2.435566750619388e+17
1.5820000000000003	2.3404446116323008e+17
1.5830000000000002	2.349494135520521e+17
1.5840000000000003	2.31237051379736e+17
1.5850000000000002	2.2908359718775994e+17
1.5860000000000003	2.5556423504169216e+17
1.5870000000000002	2.4294142359373853e+17
1.5880000000000003	2.498773720205715e+17
1.5890000000000002	2.326024198287604e+17
1.5900000000000003	2.1217021656512285e+17
1.5910000000000002	2.472453308940831e+17
1.5920000000000003	2.3891987630545398e+17
1.5930000000000002	2.4248583005444314e+17
1.5940000000000003	2.6067936079045248e+17
1.5950000000000002	2.6281344623821654e+17
1.5960000000000003	2.570260805121868e+17
1.5970000000000002	2.4965606223666838e+17
1.5980000000000003	2.435065006536654e+17
1.5990000000000002	2.4401211752606368e+17
1.6000000000000003	2.5787767627343824e+17
1.6010000000000002	2.5304281917074e+17
1.6020000000000003	2.4177343027813446e+17
1.6030000000000002	2.6377898556278144e+17
1.6040000000000003	2.409075102954521e+17
1.6050000000000002	2.5963636813415814e+17
1.6060000000000003	2.501778667921282e+17
1.6070000000000002	2.471818626045695e+17
1.6080000000000003	2.5431909606665552e+17
1.6090000000000002	2.7026658333160698e+17
1.6100000000000003	2.6705085057032915e+17
1.6110000000000002	2.6082616321605606e+17
1.6120000000000003	2.7287389979740976e+17
1.6130000000000002	2.6123661782859626e+17
1.6140000000000003	2.6049988455131555e+17
1.6150000000000002	2.703198165741824e+17
1.6160000000000003	2.448685848350258e+17
1.6170000000000002	2.8424462793268534e+17
1.6180000000000003	2.8448351752006902e+17
1.6190000000000002	2.3731466401704566e+17
1.6200000000000003	2.3908036014092e+17
1.6210000000000002	2.3362567588990963e+17
1.6220000000000003	2.5363347821138547e+17
1.6230000000000002	2.471139327825839e+17
1.6240000000000003	2.746959754352982e+17
1.6250000000000002	2.4876829768700365e+17
1.6260000000000003	2.5370685429707955e+17
1.6270000000000002	2.7371334491396637e+17
1.6280000000000003	2.8080824555965872e+17
1.6290000000000002	2.828923744177686e+17
1.6300000000000003	2.661208109327023e+17
1.6310000000000002	2.8012046683492464e+17
1.6320000000000003	2.6351233053193696e+17
1.6330000000000002	2.897250814845954e+17
1.6340000000000003	2.7921533230990573e+17
1.6350000000000002	2.737814977514146e+17
1.6360000000000003	2.69739744969671e+17
1.6370000000000002	2.720968405485398e+17
1.6380000000000003	2.935858187461465e+17
1.6390000000000002	2.7568354886873626e+17
1.6400000000000003	2.610436903114959e+17
1.6410000000000002	2.6965366332112474e+17
1.6420000000000003	2.810600327512385e+17
1.6430000000000002	2.8444093118242093e+17
1.6440000000000003	2.8018558676847728e+17
1.6450000000000002	2.586828662717134e+17
1.6460000000000004	2.771837034811207e+17
1.6470000000000002	2.9302001166251354e+17
1.6480000000000004	2.7693463019440083e+17
1.6490000000000002	2.891017877261949e+17
1.6500000000000004	2.8921314430633146e+17
1.6510000000000002	2.943475278966102e+17
1.6520000000000004	2.957876314144945e+17
1.6530000000000002	2.792082074132369e+17
1.6540000000000004	2.7631189344960694e+17
1.6550000000000002	2.90264159316729e+17
1.6560000000000004	3.082869840702361e+17
1.6570000000000003	3.0213478540840435e+17
1.6580000000000004	2.9837148798323386e+17
1.6590000000000003	2.8013724604858403e+17
1.6600000000000004	2.954015925099531e+17
1.6610000000000003	2.7949193733459885e+17
1.6620000000000004	2.7262641577718186e+17
1.6630000000000003	2.890118894919574e+17
1.6640000000000004	2.8788376945272534e+17
1.6650000000000003	2.812660582372651e+17
1.6660000000000004	2.8084964273592934e+17
1.6670000000000003	2.8200582115981558e+17
1.6680000000000004	2.896333566269125e+17
1.6690000000000003	2.8728392809362032e+17
1.6700000000000004	2.9303522997843334e+17
1.6710000000000003	2.8171365025588275e+17
1.6720000000000004	2.630889831528201e+17
1.6730000000000003	2.7571375907151965e+17
1.6740000000000004	3.042546020120525e+17
1.6750000000000003	2.8432174420800346e+17
1.6760000000000004	2.7717453497187677e+17
1.6770000000000003	2.83161261777964e+17
1.6780000000000004	3.0623289486253766e+17
1.6790000000000003	3.0363994235604794e+17
1.6800000000000004	2.961114838338853e+17
1.6810000000000003	3.029812532425172e+17
1.6820000000000004	2.984266394092552e+17
1.6830000000000003	3.009460033909227e+17
1.6840000000000004	2.7744503222475408e+17
1.6850000000000003	2.8994446742226445e+17
1.6860000000000004	2.89794728936205e+17
1.6870000000000003	2.7558722048516925e+17
1.6880000000000004	2.684445307905472e+17
1.6890000000000003	2.6784330816723818e+17
1.6900000000000004	2.747567257435106e+17
1.6910000000000003	2.6565403020751098e+17
1.6920000000000004	2.8375213221980608e+17
1.6930000000000003	2.918919022539374e+17
1.6940000000000004	2.935995305730252e+17
1.6950000000000003	2.8505888059769117e+17
1.6960000000000004	2.7819968856736422e+17
1.6970000000000003	2.8264549600361498e+17
1.6980000000000004	2.752089203764804e+17
1.6990000000000003	2.791694693539851e+17
1.7000000000000004	2.707581717757809e+17
1.7010000000000003	2.678079824604721e+17
1.7020000000000004	2.796657179824609e+17
1.7030000000000003	2.7808893933790077e+17
1.7040000000000004	2.6691123318782826e+17
1.7050000000000003	2.6727654919870618e+17
1.7060000000000004	2.736414923321959e+17
1.7070000000000003	2.4329103792088458e+17
1.7080000000000004	2.5091813684235654e+17
1.7090000000000003	2.5230437188697283e+17
1.7100000000000004	2.5059354744965427e+17
1.7110000000000003	2.017834878583637e+17
1.7120000000000004	2.349633937807198e+17
1.7130000000000003	2.6258059646077914e+17
1.7140000000000004	2.438519584825175e+17
1.7150000000000003	2.5679755372872394e+17
1.7160000000000004	2.4732918747987088e+17
1.7170000000000003	2.3402132888164608e+17
1.7180000000000004	2.258182027654274e+17
1.7190000000000003	2.219280316209265e+17
1.7200000000000004	2.3437888753308205e+17
1.7210000000000003	2.2911200173020794e+17
1.7220000000000004	2.518104649408532e+17
1.7230000000000003	2.2432197945786307e+17
1.7240000000000004	2.1869185575905046e+17
1.7250000000000003	2.3960027241974627e+17
1.7260000000000004	2.4291310862886666e+17
1.7270000000000003	1.999228371763319e+17
1.7280000000000004	2.4559551706823846e+17
1.7290000000000003	2.3384789102146304e+17
1.7300000000000004	2.245964636400585e+17
1.7310000000000003	2.405041698824719e+17
1.7320000000000004	2.0247937601946074e+17
1.7330000000000003	2.2399468006584234e+17
1.7340000000000002	2.059047531883061e+17
1.7350000000000003	1.9627491616404448e+17
1.7360000000000002	2.2902701051910765e+17
1.7370000000000003	2.1282219815261795e+17
1.7380000000000002	2.1933892150858538e+17
1.7390000000000003	2.1963940859645885e+17
1.7400000000000002	2.1294011764483622e+17
1.7410000000000003	2.109003923053072e+17
1.7420000000000002	2.2693926269003725e+17
1.7430000000000003	1.9139001431757866e+17
1.7440000000000002	2.1093600125631514e+17
1.7450000000000003	2.1071431285995814e+17
1.7460000000000002	2.201453996864723e+17
1.7470000000000003	2.0375622229020186e+17
1.7480000000000002	2.0225577641589808e+17
1.7490000000000003	2.253373913934359e+17
1.7500000000000002	1.911021242090054e+17
1.7510000000000003	1.9381452008054966e+17
1.7520000000000002	2.0228942255985853e+17
1.7530000000000003	2.1497259061003024e+17
1.7540000000000002	1.8926812789514534e+17
1.7550000000000003	1.996831407981572e+17
1.7560000000000002	1.7336360577646666e+17
1.7570000000000003	1.928820504504756e+17
1.7580000000000002	1.919953631601917e+17
1.7590000000000003	1.7870535351748538e+17
1.7600000000000002	1.9992186035738106e+17
1.7610000000000003	1.774406192910301e+17
1.7620000000000002	1.827839794539664e+17
1.7630000000000003	1.7187247022764208e+17
1.7640000000000002	2.007279872284662e+17
1.7650000000000003	1.919374819183635e+17
1.7660000000000002	1.990046094115436e+17
1.7670000000000003	1.7933378401038074e+17
1.7680000000000002	1.6258041883462957e+17
1.7690000000000003	1.690660358037055e+17
1.7700000000000002	1.9808178357823376e+17
1.7710000000000004	1.845253762067312e+17
1.7720000000000002	1.6383098943170746e+17
1.7730000000000004	1.5916205831783293e+17
1.7740000000000002	1.8691005309951146e+17
1.7750000000000004	1.6032723713449456e+17
1.7760000000000002	1.7113131532781226e+17
1.7770000000000004	1.5871030398905898e+17
1.7780000000000002	1.617919306554956e+17
1.7790000000000004	1.6820899565570902e+17
1.7800000000000002	1.5741039814023053e+17
1.7810000000000004	1.660365330491313e+17
1.7820000000000003	1.5676639302413757e+17
1.7830000000000004	1.50482144277142e+17
1.7840000000000003	1.8224759407914518e+17
1.7850000000000004	1.5835875374117635e+17
1.7860000000000003	1.4696769977216016e+17
1.7870000000000004	1.3661916687251648e+17
1.7880000000000003	1.6662163682563357e+17
1.7890000000000004	1.5560793017129213e+17
1.7900000000000003	1.7005384617911933e+17
1.7910000000000004	1.530686887451234e+17
1.7920000000000003	1.476504272562113e+17
1.7930000000000004	1.538946601677511e+17
1.7940000000000003	1.559924260305838e+17
1.7950000000000004	1.3742080527797632e+17
1.7960000000000003	1.467087673719916e+17
1.7970000000000004	1.7029635466430192e+17
1.7980000000000003	1.5824659912962077e+17
1.7990000000000004	1.49613664941288e+17
1.8000000000000003	1.3483572026633882e+17
1.8010000000000004	1.3319866866324522e+17
1.8020000000000003	1.4289911845036997e+17
1.8030000000000004	1.2304485131649395e+17
1.8040000000000003	1.4693346192877312e+17
1.8050000000000004	1.4425087783136368e+17
1.8060000000000003	1.3379571176367838e+17
1.8070000000000004	1.4239747247582578e+17
1.8080000000000003	1.4144270157462376e+17
1.8090000000000004	1.3104632554343552e+17
1.8100000000000003	1.4752367594327334e+17
1.8110000000000004	1.1728620275187365e+17
1.8120000000000003	1.4499236700422422e+17
1.8130000000000004	1.2236026276197262e+17
1.8140000000000003	1.5552370098219616e+17
1.8150000000000004	1.5361916181354784e+17
1.8160000000000003	1.495677094056849e+17
1.8170000000000004	1.3886917711155666e+17
1.8180000000000003	1.3370710216219738e+17
1.8190000000000004	1.3435506839736845e+17
1.8200000000000003	1.2133337650446378e+17
1.8210000000000004	1.3674580036849973e+17
1.8220000000000003	1.1254755906761645e+17
1.8230000000000004	1.4571121429978298e+17
1.8240000000000003	1.6518169483359536e+17
1.8250000000000004	1.2816131569564933e+17
1.8260000000000003	1.1723458436739822e+17
1.8270000000000004	1.3716039973598451e+17
1.8280000000000003	1.2665855830852021e+17
1.8290000000000004	1.2712147001328802e+17
1.8300000000000003	1.3412515971510699e+17
1.8310000000000004	1.276135828368595e+17
1.8320000000000003	1.3199469235221853e+17
1.8330000000000004	1.1640046901558504e+17
1.8340000000000003	1.3896411161022504e+17
1.8350000000000004	1.247485185870346e+17
1.8360000000000003	1.3074066194317774e+17
1.8370000000000004	1.4241008826848422e+17
1.8380000000000003	1.1978516204071558e+17
1.8390000000000004	1.3177003769341312e+17
1.8400000000000003	1.1178428743094002e+17
1.8410000000000004	1.4107656346607685e+17
1.8420000000000003	1.1131703712063603e+17
1.8430000000000004	1.1548201097414845e+17
1.8440000000000003	1.1808899118056611e+17
1.8450000000000004	1.1442930204429746e+17
1.8460000000000003	1.1931105510710069e+17
1.8470000000000004	1.0096988687023195e+17
1.8480000000000003	1.082906957318188e+17
1.8490000000000004	1.1084761321370328e+17
1.8500000000000003	1.0520184967648035e+17
1.8510000000000004	1.2742211179692182e+17
1.8520000000000003	1.2908527939924413e+17
1.8530000000000004	1.1001552578683e+17
1.8540000000000003	1.170393765735118e+17
1.8550000000000004	1.1815163949768664e+17
1.8560000000000003	1.1409342993959227e+17
1.8570000000000004	9.731572459685384e+16
1.8580000000000003	9.050464592113235e+16
1.8590000000000004	9.119728644978998e+16
1.8600000000000003	9.795138591844557e+16
1.8610000000000004	9.62450132470442e+16
1.8620000000000003	1.0878727615816334e+17
1.8630000000000004	1.0762092602768952e+17
1.8640000000000003	1.1414828491491262e+17
1.8650000000000004	9.648799214245904e+16
1.8660000000000003	1.1294613894584682e+17
1.8670000000000004	1.1052154697098328e+17
1.8680000000000003	1.0418332332469784e+17
1.8690000000000004	1.14531704755183e+17
1.8700000000000003	1.1881787915083712e+17
1.8710000000000004	1.0591861256549058e+17
1.8720000000000003	1.1646579872242707e+17
1.8730000000000004	9.18278942336387e+16
1.8740000000000003	1.1276721385190816e+17
1.8750000000000004	1.037670660978488e+17
1.8760000000000003	1.1327349302034302e+17
1.8770000000000004	1.0599785731099722e+17
1.8780000000000003	1.0187967349103461e+17
1.8790000000000004	9.102027948527155e+16
1.8800000000000003	1.0742983582426042e+17
1.8810000000000004	1.1691730806287282e+17
1.8820000000000003	1.1642865400577715e+17
1.8830000000000005	1.291051024904499e+17
1.8840000000000003	1.2691276477851864e+17
1.8850000000000005	1.0119726275982571e+17
1.8860000000000003	1.1155040930248654e+17
1.8870000000000005	1.0684498980988632e+17
1.8880000000000003	1.247479719752848e+17
1.8890000000000005	1.0343480068516792e+17
1.8900000000000003	1.1926265466390003e+17
1.8910000000000002	1.134148024264886e+17
1.8920000000000003	8.702894994595182e+16
1.8930000000000002	9.27765934524737e+16
1.8940000000000003	1.0818012022310446e+17
1.8950000000000002	1.1224795736365608e+17
1.8960000000000004	1.0699710666654085e+17
1.8970000000000002	1.2728056072176846e+17
1.8980000000000004	1.028051373890787e+17
1.8990000000000002	1.0841064571893282e+17
1.9000000000000004	1.2703660519031568e+17
1.9010000000000002	1.1106145748746904e+17
1.9020000000000004	1.2524797991846414e+17
1.9030000000000002	1.0668358866598882e+17
1.9040000000000004	1.1104347931007651e+17
1.9050000000000002	1.0494729778748536e+17
1.9060000000000004	1.134802137182653e+17
1.9070000000000003	1.1032235901214987e+17
1.9080000000000004	1.2194594075539568e+17
1.9090000000000003	1.0706759393846637e+17
1.9100000000000004	1.125864222461166e+17
1.9110000000000003	9.353856106245949e+16
1.9120000000000004	1.0789735430660534e+17
1.9130000000000003	1.178807531416476e+17
1.9140000000000004	1.2568999650683526e+17
1.9150000000000003	1.2279125595238024e+17
1.9160000000000004	1.0072833308095482e+17
1.9170000000000003	1.0170389066828987e+17
1.9180000000000004	1.0413368243978526e+17
1.9190000000000003	1.1726336005217533e+17
1.9200000000000004	1.1588889953205056e+17
1.9210000000000003	1.0680492206312845e+17
1.9220000000000004	1.1112243718169525e+17
1.9230000000000003	1.1682013816293357e+17
1.9240000000000004	1.0372611246822872e+17
1.9250000000000003	1.1744405267253638e+17
1.9260000000000004	1.0556029536761234e+17
1.9270000000000003	9.898113199450747e+16
1.9280000000000004	1.2663335272754427e+17
1.9290000000000003	1.0844511852801496e+17
1.9300000000000004	1.0029310500259682e+17
1.9310000000000003	8.835533695362858e+16
1.9320000000000004	1.0447640822110163e+17
1.9330000000000003	1.1380174543910792e+17
1.9340000000000004	1.0403286488477642e+17
1.9350000000000003	1.1155096330810086e+17
1.9360000000000004	1.192445879849639e+17
1.9370000000000003	1.1557663505925005e+17
1.9380000000000004	1.1082532518987402e+17
1.9390000000000003	9.912784557880506e+16
1.9400000000000004	1.0443383221828738e+17
1.9410000000000003	1.1112162860638394e+17
1.9420000000000004	1.154179504508322e+17
1.9430000000000003	1.05515076664978e+17
1.9440000000000004	1.0846869943393962e+17
1.9450000000000003	1.0505045440856826e+17
1.9460000000000004	9.229113596064709e+16
1.9470000000000003	1.1538462640848366e+17
1.9480000000000004	1.0491240296794742e+17
1.9490000000000003	1.0422950534551678e+17
1.9500000000000004	1.184593993067958e+17
1.9510000000000003	9.929485751436698e+16
1.9520000000000004	1.0862497134435178e+17
1.9530000000000003	9.765522671710251e+16
1.9540000000000004	1.1360075508010539e+17
1.9550000000000003	1.1420649850957205e+17
1.9560000000000004	9.393034557150888e+16
1.9570000000000003	1.054689115490284e+17
1.9580000000000004	1.212226203287534e+17
1.9590000000000003	1.340941773092956e+17
1.9600000000000004	1.057371787830835e+17
1.9610000000000003	1.0013319603622045e+17
1.9620000000000004	1.1093538219562216e+17
1.9630000000000003	1.1154194971062918e+17
1.9640000000000004	1.040180799988418e+17
1.9650000000000003	1.0071800211859186e+17
1.9660000000000004	1.119440383034134e+17
1.9670000000000003	1.1691488239734939e+17
1.9680000000000004	9.88417162923466e+16
1.9690000000000003	1.1498396568333526e+17
1.9700000000000004	1.2174439187623478e+17
1.9710000000000003	1.046291339412466e+17
1.9720000000000004	1.1312904365202208e+17
1.9730000000000003	1.0390063242104958e+17
1.9740000000000004	1.0506199024863147e+17
1.9750000000000003	1.1775840531172624e+17
1.9760000000000004	8.402250428409008e+16
1.9770000000000003	1.0558603238468037e+17
1.9780000000000004	8.80294137069559e+16
1.9790000000000003	1.0985539023835714e+17
1.9800000000000004	9.828881538682562e+16
1.9810000000000003	1.0475633764913403e+17
1.9820000000000004	9.7467884253705e+16
1.9830000000000003	1.0403901123406614e+17
1.9840000000000004	1.0548328090132256e+17
1.9850000000000003	1.004199769885892e+17
1.9860000000000004	9.082636362038618e+16
1.9870000000000003	9.562823439755454e+16
1.9880000000000004	1.0017489278582669e+17
1.9890000000000003	1.1083892980061262e+17
1.9900000000000004	9.416026178134032e+16
1.9910000000000003	9.478857315313578e+16
1.9920000000000004	9.046120687323032e+16
1.9930000000000003	1.0702379903977034e+17
1.9940000000000004	1.0497242236032139e+17
1.9950000000000003	9.888167463347979e+16
1.9960000000000004	1.0681022984300083e+17
1.9970000000000003	9.667463979713093e+16
1.9980000000000004	9.403194055768542e+16
1.9990000000000003	1.0320504439647667e+17
2.0000000000000004	8.99418149175416e+16
2.0010000000000003	9.504357019346678e+16
2.0020000000000002	9.562995707839366e+16
2.0030000000000006	1.0127274119973563e+17
2.0040000000000004	9.701382000172726e+16
2.0050000000000003	9.965422392815443e+16
2.0060000000000002	9.6666526025893e+16
2.0070000000000006	9.594809513629851e+16
2.0080000000000005	1.1614866451535491e+17
2.0090000000000003	8.909936165094024e+16
2.0100000000000002	9.820365789386104e+16
2.0110000000000006	8.839788548614966e+16
2.0120000000000005	1.0152593939196872e+17
2.0130000000000003	9.427443731865906e+16
2.0140000000000002	1.0227008371235165e+17
2.0150000000000006	9.833468415795406e+16
2.0160000000000005	9.270691099413078e+16
2.0170000000000003	8.938677807733955e+16
2.0180000000000002	9.848745522389067e+16
2.0190000000000006	9.478954106621555e+16
2.0200000000000005	7.98130536541616e+16
2.0210000000000004	1.0404557771078331e+17
2.0220000000000002	9.197984397080245e+16
2.0230000000000006	9.868580704794307e+16
2.0240000000000005	1.0750659157291026e+17
2.0250000000000004	9.748430698033645e+16
2.0260000000000002	9.238159815201147e+16
2.0270000000000006	8.955693185193562e+16
2.0280000000000005	9.81693213075655e+16
2.0290000000000004	7.874770992637317e+16
2.0300000000000002	1.0645991089296851e+17
2.0310000000000006	8.705460957222934e+16
2.0320000000000005	1.0786806349454981e+17
2.0330000000000004	9.735612653529869e+16
2.0340000000000003	9.621219340471731e+16
2.0350000000000006	9.811793547301392e+16
2.0360000000000005	7.801494218550413e+16
2.0370000000000004	1.0082298631096699e+17
2.0380000000000003	1.0096367879017082e+17
2.0390000000000006	9.14129813409014e+16
2.0400000000000005	8.911214161781997e+16
2.0410000000000004	8.448676541396878e+16
2.0420000000000003	9.59234783744085e+16
2.0430000000000006	1.1134492696583771e+17
2.0440000000000005	8.410101048750738e+16
2.0450000000000004	8.321802075989155e+16
2.0460000000000003	9.435550560084234e+16
2.0470000000000006	9.951985412920669e+16
2.0480000000000005	9.864657531155253e+16
2.0490000000000004	8.390118242052251e+16
2.0500000000000003	8.819617897419614e+16
2.051	1.0102638123539736e+17
2.0520000000000005	9.11985200399476e+16
2.0530000000000004	1.022338909424482e+17
2.0540000000000003	8.343216424585397e+16
2.055	9.20543141968397e+16
2.0560000000000005	8.816963682190067e+16
2.0570000000000004	9.552980215593509e+16
2.0580000000000003	9.889998710984555e+16
2.059	9.587420632307616e+16
2.0600000000000005	1.0033506377729354e+17
2.0610000000000004	8.341304429776293e+16
2.0620000000000003	9.548983832440024e+16
2.063	9.265452552361485e+16
2.0640000000000005	7.810802744974278e+16
2.0650000000000004	8.78047680301325e+16
2.0660000000000003	8.56140453679221e+16
2.067	1.0442485703236059e+17
2.0680000000000005	9.076688562344382e+16
2.0690000000000004	8.55318408842264e+16
2.0700000000000003	1.0140985821961597e+17
2.071	9.80644980977609e+16
2.0720000000000005	8.522495071420312e+16
2.0730000000000004	9.173220699053293e+16
2.0740000000000003	8.557872356848914e+16
2.075	8.937954171035595e+16
2.0760000000000005	9.645203053813736e+16
2.0770000000000004	9.283335110514018e+16
2.0780000000000003	9.575948066041982e+16
2.079	9.167936269140914e+16
2.0800000000000005	8.98147702146443e+16
2.0810000000000004	9.446387651818717e+16
2.0820000000000003	9.221043421569504e+16
2.083	9.312060245742981e+16
2.0840000000000005	9.05714407014516e+16
2.0850000000000004	9.240950763794754e+16
2.0860000000000003	9.232083865248362e+16
2.087	8.749671950034414e+16
2.0880000000000005	9.478516373530637e+16
2.0890000000000004	9.099794734905957e+16
2.0900000000000003	8.678178087120824e+16
2.091	1.0412440323509171e+17
2.0920000000000005	9.056286964781758e+16
2.0930000000000004	1.0205647373609712e+17
2.0940000000000003	8.58506652751604e+16
2.095	9.666148023334269e+16
2.0960000000000005	8.948888863969736e+16
2.0970000000000004	8.847324943618406e+16
2.0980000000000003	9.940812449896213e+16
2.099	9.304675951878267e+16
2.1000000000000005	9.407137031653763e+16
2.1010000000000004	9.857466067927757e+16
2.1020000000000003	9.224235361745293e+16
2.103	9.235427604646171e+16
2.1040000000000005	9.84668835000813e+16
2.1050000000000004	9.005573159554013e+16
2.1060000000000003	9.799641611300642e+16
2.107	9.531812536987579e+16
2.1080000000000005	9.19949934065642e+16
2.1090000000000004	8.917895977934342e+16
2.1100000000000003	9.836218052731168e+16
2.111	9.995869115042688e+16
2.1120000000000005	8.859709089417056e+16
2.1130000000000004	9.410461950004362e+16
2.1140000000000003	1.0003898378130533e+17
2.115	9.74740938643106e+16
2.1160000000000005	1.0105631089212678e+17
2.1170000000000004	8.869130667364509e+16
2.1180000000000003	9.3309667073499e+16
2.119	9.281039181019589e+16
2.1200000000000006	9.805598266905907e+16
2.1210000000000004	9.69042270306408e+16
2.1220000000000003	9.815792331150486e+16
2.123	9.637182613112962e+16
2.1240000000000006	9.595100911445499e+16
2.1250000000000004	1.0571333717411885e+17
2.1260000000000003	9.61132494386944e+16
2.1270000000000002	9.668062114062267e+16
2.1280000000000006	9.150213446676453e+16
2.1290000000000004	9.107577862516632e+16
2.1300000000000003	9.775119691124547e+16
2.1310000000000002	9.919419852520512e+16
2.1320000000000006	9.976145331180675e+16
2.1330000000000005	1.0164327604643382e+17
2.1340000000000003	9.563175490058342e+16
2.1350000000000002	1.0011086652201291e+17
2.1360000000000006	9.974878546061528e+16
2.1370000000000005	9.968013296526502e+16
2.1380000000000003	9.552813137123902e+16
2.1390000000000002	1.0046826346086234e+17
2.1400000000000006	9.38223121481043e+16
2.1410000000000005	9.766710079080426e+16
2.1420000000000003	9.832925988899614e+16
2.1430000000000002	9.889226776643987e+16
2.1440000000000006	1.0913228288548352e+17
2.1450000000000005	1.0669749089388765e+17
2.1460000000000004	1.0189794386182562e+17
2.1470000000000002	1.0517414087033288e+17
2.1480000000000006	9.954879943853955e+16
2.1490000000000005	1.0013840451232779e+17
2.1500000000000004	9.189211736186413e+16
2.1510000000000002	1.0382524552529616e+17
2.1520000000000006	1.0102861752801622e+17
2.1530000000000005	9.490251866824235e+16
2.1540000000000004	1.0084295070930006e+17
2.1550000000000002	1.0568878304114779e+17
2.1560000000000006	9.959233870685904e+16
2.1570000000000005	1.0316368982405914e+17
2.1580000000000004	1.0476237270356224e+17
2.1590000000000003	1.0297264067052686e+17
2.1600000000000006	1.0109027279111877e+17
2.1610000000000005	1.0873606628174266e+17
2.1620000000000004	1.0016854165209574e+17
2.1630000000000003	1.0075797091858374e+17
2.1640000000000006	1.0639261855569158e+17
2.1650000000000005	1.0775436999017016e+17
2.1660000000000004	1.0012093130908678e+17
2.1670000000000003	1.0424185549721894e+17
2.1680000000000006	1.0792571298905258e+17
2.1690000000000005	1.1034699147559714e+17
2.1700000000000004	1.0659113806536566e+17
2.1710000000000003	1.0053714302843099e+17
2.1720000000000006	1.0319908182498392e+17
2.1730000000000005	1.0334118020919142e+17
2.1740000000000004	1.0581800247690354e+17
2.1750000000000003	1.0773895969185598e+17
2.1760000000000006	9.865464605557474e+16
2.1770000000000005	1.05255517971573e+17
2.1780000000000004	1.0216286191203086e+17
2.1790000000000003	9.720676626689819e+16
2.1800000000000006	1.046351871949238e+17
2.1810000000000005	1.0524277792282374e+17
2.1820000000000004	1.0383642472106365e+17
2.1830000000000003	1.0327441342655435e+17
2.1840000000000006	1.0365901648202531e+17
2.1850000000000005	1.0632108009311958e+17
2.1860000000000004	1.0530848158492611e+17
2.1870000000000003	1.0808921000361226e+17
2.1880000000000006	1.04691804064798e+17
2.1890000000000005	1.0601296952983742e+17
2.1900000000000004	9.952256620021819e+16
2.1910000000000003	1.1087520632198427e+17
2.1920000000000006	1.073540557453892e+17
2.1930000000000005	1.0149402788975008e+17
2.1940000000000004	1.0678702649432368e+17
2.1950000000000003	1.1057362095969461e+17
2.1960000000000006	1.0811568627425416e+17
2.1970000000000005	1.0619449250962318e+17
2.1980000000000004	1.1102028763629011e+17
2.1990000000000003	1.0467884992016558e+17
2.2000000000000006	1.0869010247727838e+17
2.2010000000000005	1.1037636817985118e+17
2.2020000000000004	1.0804961246043797e+17
2.2030000000000003	1.0358470766118216e+17
2.2040000000000006	1.0660438053526136e+17
2.2050000000000005	1.0421372158566123e+17
2.2060000000000004	9.973371836907542e+16
2.2070000000000003	1.0401945877392486e+17
2.208	1.0751785995481296e+17
2.2090000000000005	1.0240568865542314e+17
2.2100000000000004	1.0811681709665666e+17
2.2110000000000003	1.045242830338696e+17
2.212	1.1248999468122626e+17
2.2130000000000005	1.083691553705096e+17
2.2140000000000004	1.1356587604856986e+17
2.2150000000000003	1.1050723730798346e+17
2.216	1.0892144611472387e+17
2.2170000000000005	1.0716256426505046e+17
2.2180000000000004	1.1230443996595584e+17
2.2190000000000003	1.0730689029202547e+17
2.22	1.0470272204403674e+17
2.2210000000000005	1.0524342228811659e+17
2.2220000000000004	1.0865446044691891e+17
2.2230000000000003	1.1172427139091474e+17
2.224	1.1045333767752384e+17
2.2250000000000005	1.1537965215934842e+17
2.2260000000000004	1.1331239588794318e+17
2.2270000000000003	1.0495960671688213e+17
2.228	1.042723539661648e+17
2.2290000000000005	1.0205054825447448e+17
2.2300000000000004	1.0732854359158096e+17
2.2310000000000003	1.1359043255226218e+17
2.232	1.1065938214332389e+17
2.2330000000000005	1.076127849212187e+17
2.2340000000000004	1.0964179532067789e+17
2.2350000000000003	1.0549172498301493e+17
2.236	1.0573767382598256e+17
2.2370000000000005	1.1404421990482157e+17
2.2380000000000004	1.1122511679054134e+17
2.2390000000000003	1.081624428513331e+17
2.24	1.1208776415911725e+17
2.2410000000000005	1.1536804575640952e+17
2.2420000000000004	1.0981700733265104e+17
2.2430000000000003	1.0719665573212482e+17
2.244	1.0919384326650914e+17
2.2450000000000006	1.1122693373011458e+17
2.2460000000000004	1.1401465882475224e+17
2.2470000000000003	1.108767248501494e+17
2.248	1.0919530427126534e+17
2.2490000000000006	1.150827964674897e+17
2.2500000000000004	1.0704475097797611e+17
2.2510000000000003	1.161213648172903e+17
2.2520000000000002	1.0981538772931696e+17
2.2530000000000006	1.1316128238060011e+17
2.2540000000000004	1.1022926980374126e+17
2.2550000000000003	1.0587641177563114e+17
2.2560000000000002	1.1138654889464134e+17
2.2570000000000006	1.1456698756140402e+17
2.2580000000000005	1.064856912192865e+17
2.2590000000000003	1.102679873313574e+17
2.2600000000000002	1.0977458843391576e+17
2.2610000000000006	1.0941310440054347e+17
2.2620000000000005	1.0883274421211882e+17
2.2630000000000003	1.0303927859951464e+17
2.2640000000000002	1.0794298918833366e+17
2.2650000000000006	1.0972527293188568e+17
2.2660000000000005	1.0773150563718949e+17
2.2670000000000003	1.1030924707152549e+17
2.2680000000000002	1.1214391038166398e+17
2.2690000000000006	1.1025051516690843e+17
2.2700000000000005	1.0476577149266493e+17
2.2710000000000004	1.1111497088113405e+17
2.2720000000000002	1.0642623555930976e+17
2.2730000000000006	1.121691726089238e+17
2.2740000000000005	1.086366344955635e+17
2.2750000000000004	1.116967971369232e+17
2.2760000000000002	1.0913686118821584e+17
2.2770000000000006	1.1279841478788618e+17
2.2780000000000005	1.1143263736296317e+17
2.2790000000000004	1.036717999260785e+17
2.2800000000000002	1.0797153602739099e+17
2.2810000000000006	1.0357766852802653e+17
2.2820000000000005	1.1127829752264826e+17
2.2830000000000004	1.0697270258825728e+17
2.2840000000000003	1.0679343239602832e+17
2.2850000000000006	1.0903066349323245e+17
2.2860000000000005	1.1062802276623051e+17
2.2870000000000004	1.112132335398558e+17
2.2880000000000003	1.1277304351051037e+17
2.2890000000000006	1.0551227336424757e+17
2.2900000000000005	1.1346568043445402e+17
2.2910000000000004	1.1246017593727142e+17
2.2920000000000003	1.0669182556979003e+17
2.2930000000000006	1.0601866646269754e+17
2.2940000000000005	6.446478268669375e+16
2.2950000000000004	8.078020914426957e+16
2.2960000000000003	8.714525781760709e+16
2.2970000000000006	8.891689123693251e+16
2.2980000000000005	8.914097826553533e+16
2.2990000000000004	9.62904417486947e+16
2.3000000000000003	1.0218415052133861e+17
2.3010000000000006	8.759329644999907e+16
2.3020000000000005	1.045251703267502e+17
2.3030000000000004	9.63639479090451e+16
2.3040000000000003	1.016417748405899e+17
2.3050000000000006	9.251201137182197e+16
2.3060000000000005	9.875746971865762e+16
2.3070000000000004	9.858667238886408e+16
2.3080000000000003	9.833113072941309e+16
2.3090000000000006	1.0074318375334667e+17
2.3100000000000005	9.100200830894458e+16
2.3110000000000004	9.320949383661874e+16
2.3120000000000003	9.520137595215966e+16
2.3130000000000006	9.994196520392696e+16
2.3140000000000005	9.744379271731232e+16
2.3150000000000004	8.850028092543712e+16
2.3160000000000003	9.24711704186056e+16
2.3170000000000006	1.0017643714439848e+17
2.3180000000000005	9.183713756159726e+16
2.3190000000000004	1.02867697542257e+17
2.3200000000000003	9.96664075136697e+16
2.3210000000000006	8.85371944875659e+16
2.3220000000000005	9.479223841463034e+16
2.3230000000000004	6.170492093827165e+16
2.3240000000000003	7.952634124358594e+16
2.3250000000000006	8.102624388146973e+16
2.3260000000000005	7.769554578428536e+16
2.3270000000000004	8.633211017183485e+16
2.3280000000000003	9.023555440662098e+16
2.3290000000000006	8.59864595729345e+16
2.3300000000000005	8.404321767054139e+16
2.3310000000000004	8.100737412877445e+16
2.3320000000000003	8.65615020158304e+16
2.3330000000000006	9.21025431641629e+16
2.3340000000000005	8.437243236017011e+16
2.3350000000000004	8.528052770006712e+16
2.3360000000000003	8.59908699308577e+16
2.3370000000000006	8.341902550616098e+16
2.3380000000000005	8.79048838042237e+16
2.3390000000000004	7.878253301461554e+16
2.3400000000000003	8.110339344851842e+16
2.3410000000000006	8.973563178699435e+16
2.3420000000000005	8.973215820314235e+16
2.3430000000000004	9.181464045742893e+16
2.3440000000000003	8.032491762555275e+16
2.3450000000000006	7.298418088785709e+16
2.3460000000000005	9.341006605252328e+16
2.3470000000000004	8.868764302543216e+16
2.3480000000000003	8.775949284457696e+16
2.3490000000000006	8.787923807712214e+16
2.3500000000000005	8.294853650979142e+16
2.3510000000000004	8.030607884908923e+16
2.3520000000000003	7.372641916669085e+16
2.3530000000000006	5.77617373713436e+16
2.3540000000000005	6.163450384102956e+16
2.3550000000000004	7.746562415540442e+16
2.3560000000000003	6.979384855922313e+16
2.3570000000000007	8.361538176259133e+16
2.3580000000000005	7.7127515234898e+16
2.3590000000000004	6.865267940434777e+16
2.3600000000000003	8.65103614317867e+16
2.3610000000000007	7.298604029624022e+16
2.3620000000000005	7.69270349853719e+16
2.3630000000000004	7.45472064908488e+16
2.3640000000000003	8.158993229758294e+16
2.365	8.303265476120509e+16
2.3660000000000005	8.37102647619302e+16
2.3670000000000004	7.981411770949304e+16
2.3680000000000003	7.502880224895882e+16
2.369	7.807750016819451e+16
2.3700000000000006	8.629914413242312e+16
2.3710000000000004	7.756538841301251e+16
2.3720000000000003	8.534625884279312e+16
2.373	8.043563990874456e+16
2.3740000000000006	7.425598749017867e+16
2.3750000000000004	7.898939702449621e+16
2.3760000000000003	7.933688516782091e+16
2.3770000000000002	7.473457064438106e+16
2.3780000000000006	7.788078777986618e+16
2.3790000000000004	7.407464730115022e+16
2.3800000000000003	8.068489983669019e+16
2.3810000000000002	7.300014577206952e+16
2.3820000000000006	7.449109495604598e+16
2.3830000000000005	5.6860533058564936e+16
2.3840000000000003	5.635094562670719e+16
2.3850000000000002	7.132194452139492e+16
2.3860000000000006	6.657727099801153e+16
2.3870000000000005	5.9253531698833016e+16
2.3880000000000003	6.499640864175869e+16
2.3890000000000002	6.6026297203686264e+16
2.3900000000000006	7.475389039725637e+16
2.3910000000000005	7.083501431624892e+16
2.3920000000000003	6.15393102758073e+16
2.3930000000000002	6.071988926276662e+16
2.3940000000000006	8.202847211652154e+16
2.3950000000000005	6.692555258419026e+16
2.3960000000000004	7.090605068500877e+16
2.3970000000000002	6.987681657712978e+16
2.3980000000000006	6.5805807328393816e+16
2.3990000000000005	6.8287773191154056e+16
2.4000000000000004	6.8737600501093064e+16
2.4010000000000002	6.549992915661798e+16
2.4020000000000006	6.844452853030672e+16
2.4030000000000005	6.861637729352351e+16
2.4040000000000004	6.194725463562092e+16
2.4050000000000002	6.489741742871578e+16
2.4060000000000006	6.523204318472743e+16
2.4070000000000005	6.00137263645891e+16
2.4080000000000004	5.9257713817658216e+16
2.4090000000000003	6.0035004458705416e+16
2.4100000000000006	6.0548058406216776e+16
2.4110000000000005	6.360603541605557e+16
2.4120000000000004	6.241917087560671e+16
2.4130000000000003	6.380715283006353e+16
2.4140000000000006	4.955663919477406e+16
2.4150000000000005	5.908635523421203e+16
2.4160000000000004	5.487119823545753e+16
2.4170000000000003	5.4160392651473624e+16
2.4180000000000006	5.592243278752057e+16
2.4190000000000005	6.8067191817868424e+16
2.4200000000000004	5.7474331912750056e+16
2.4210000000000003	6.348806254832951e+16
2.4220000000000006	5.273590832888083e+16
2.4230000000000005	6.119983899854048e+16
2.4240000000000004	6.582077764593607e+16
2.4250000000000003	5.81280244931927e+16
2.4260000000000006	5.374436350718699e+16
2.4270000000000005	5.995366620441899e+16
2.4280000000000004	5.144134470813802e+16
2.4290000000000003	5.834943174410905e+16
2.4300000000000006	5.818976694897021e+16
2.4310000000000005	5.374498667432305e+16
2.4320000000000004	5.979694095698778e+16
2.4330000000000003	6.030506729723527e+16
2.4340000000000006	5.239084465718088e+16
2.4350000000000005	5.282933405467096e+16
2.4360000000000004	6.065745145678203e+16
2.4370000000000003	4.52311744392654e+16
2.4380000000000006	5.460970078762785e+16
2.4390000000000005	6.174448598411957e+16
2.4400000000000004	5.5140302378490984e+16
2.4410000000000003	5.924217225747457e+16
2.4420000000000006	5.163123615846305e+16
2.4430000000000005	4.900129376943744e+16
2.4440000000000004	5.006191018694276e+16
2.4450000000000003	5.425570350480688e+16
2.4460000000000006	5.402134332497007e+16
2.4470000000000005	5.630846825424515e+16
2.4480000000000004	4.4203501064980424e+16
2.4490000000000003	5.051277047061353e+16
2.4500000000000006	4.950015106446898e+16
2.4510000000000005	5.694196017903734e+16
2.4520000000000004	4.233013049491544e+16
2.4530000000000003	4.794190181058493e+16
2.4540000000000006	4.593797718867278e+16
2.4550000000000005	4.471189146650038e+16
2.4560000000000004	5.3977070894505e+16
2.4570000000000003	5.027933018604093e+16
2.4580000000000006	5.0672587865182024e+16
2.4590000000000005	5.2022594007679976e+16
2.4600000000000004	5.1740856698343096e+16
2.4610000000000003	3.3379845842457936e+16
2.4620000000000006	5.459686591755759e+16
2.4630000000000005	4.863032141535167e+16
2.4640000000000004	5.467420977040428e+16
2.4650000000000003	4.93450785102472e+16
2.4660000000000006	4.734900617021347e+16
2.4670000000000005	5.513191046235578e+16
2.4680000000000004	4.116841836089269e+16
2.4690000000000003	5.117533007974783e+16
2.4700000000000006	4.728430230618065e+16
2.4710000000000005	4.61059574158165e+16
2.4720000000000004	4.412769513214368e+16
2.4730000000000003	4.5356962250663816e+16
2.4740000000000006	4.3158973826532616e+16
2.4750000000000005	4.4054560006151016e+16
2.4760000000000004	3.884836366147281e+16
2.4770000000000003	5.305357873294363e+16
2.4780000000000006	5.130040117919673e+16
2.4790000000000005	3.688813096358554e+16
2.4800000000000004	4.197793540249727e+16
2.4810000000000003	4.254814099335432e+16
2.4820000000000007	4.0068797547521e+16
2.4830000000000005	4.231854211551315e+16
2.4840000000000004	4.951411773958422e+16
2.4850000000000003	5.147422034906134e+16
2.4860000000000007	4.843438766237652e+16
2.4870000000000005	3.880502145832474e+16
2.4880000000000004	3.895493025764078e+16
2.4890000000000003	4.344919356570281e+16
2.4900000000000007	4.11989572023769e+16
2.4910000000000005	4.0758584472808536e+16
2.4920000000000004	3.956730945024827e+16
2.4930000000000003	4.464489478795689e+16
2.4940000000000007	5.104246136831174e+16
2.4950000000000006	4.473334202063152e+16
2.4960000000000004	4.408616423758313e+16
2.4970000000000003	5.018358382615319e+16
2.4980000000000007	3.715640337853506e+16
2.4990000000000006	4.2013238061586344e+16
2.5000000000000004	4.369146211712552e+16
2.5010000000000003	4.1083909466473896e+16
2.5020000000000007	4.4961465566974776e+16
2.5030000000000006	4.3717329172284856e+16
2.5040000000000004	3.8804060747056264e+16
2.5050000000000003	3.857293550966585e+16
2.5060000000000007	3.3849061942395812e+16
2.5070000000000006	3.819624854260288e+16
2.5080000000000005	4.129380864423836e+16
2.5090000000000003	4.696909945495962e+16
2.5100000000000007	4.532143019551223e+16
2.5110000000000006	3.823650284873436e+16
2.5120000000000005	4.119763052777017e+16
2.5130000000000003	3.6342442283684776e+16
2.5140000000000007	3.728200389027848e+16
2.5150000000000006	3.466344491454241e+16
2.5160000000000005	3.7918210341593416e+16
2.5170000000000003	4.7457623678030184e+16
2.5180000000000007	4.175803252819208e+16
2.5190000000000006	4.198409724739515e+16
2.5200000000000005	3.750520222269003e+16
2.5210000000000004	3.786604427843831e+16
2.5220000000000002	4.192137478294163e+16
2.5230000000000006	4.322846455189535e+16
2.5240000000000005	3.5093975959711844e+16
2.5250000000000004	3.792185459962609e+16
2.5260000000000002	3.4018333680018656e+16
2.5270000000000006	4.310507490922952e+16
2.5280000000000005	3.172321657150844e+16
2.5290000000000004	3.6622657553326376e+16
2.5300000000000002	3.956939785749514e+16
2.5310000000000006	4.341076722354863e+16
2.5320000000000005	4.185232310298834e+16
2.5330000000000004	3.4469614087690824e+16
2.5340000000000003	4.357973115865032e+16
2.5350000000000006	3.653777283105576e+16
2.5360000000000005	3.0611933673471868e+16
2.5370000000000004	3.718632686796913e+16
2.5380000000000003	4.090667158507486e+16
2.5390000000000006	3.5130990686965212e+16
2.5400000000000005	3.60344801970451e+16
2.5410000000000004	3.4159965956149068e+16
2.5420000000000003	3.902862898173712e+16
2.5430000000000006	3.517979418461104e+16
2.5440000000000005	3.1772787029872824e+16
2.5450000000000004	4.248533262923753e+16
2.5460000000000003	3.759063237285976e+16
2.5470000000000006	3.5746649707632896e+16
2.5480000000000005	4.049327269665117e+16
2.5490000000000004	3.260297232538621e+16
2.5500000000000003	3.3890747636137988e+16
2.5510000000000006	4.086159920843075e+16
2.5520000000000005	3.831978220724614e+16
2.5530000000000004	3.1601241028409948e+16
2.5540000000000003	4.42829019583415e+16
2.5550000000000006	3.3377646099766868e+16
2.5560000000000005	3.3543082641113724e+16
2.5570000000000004	3.549808176459228e+16
2.5580000000000003	3.513021044893968e+16
2.5590000000000006	4.058634107962729e+16
2.5600000000000005	3.702955275571709e+16
2.5610000000000004	2.9789765190272404e+16
2.5620000000000003	3.9665621506907544e+16
2.5630000000000006	3.4355895706137016e+16
2.5640000000000005	3.576324966351453e+16
2.5650000000000004	3.4750956310067028e+16
2.5660000000000003	3.451719223169523e+16
2.5670000000000006	3.3323790278760068e+16
2.5680000000000005	3.909950444535003e+16
2.5690000000000004	3.448809498077227e+16
2.5700000000000003	3.2381237721171104e+16
2.5710000000000006	4.422990135568889e+16
2.5720000000000005	3.929003478577024e+16
2.5730000000000004	3.670915098541854e+16
2.5740000000000003	3.5300672990002944e+16
2.5750000000000006	3.322413928252078e+16
2.5760000000000005	3.248776997692673e+16
2.5770000000000004	3.2294644433545564e+16
2.5780000000000003	3.1192203944131588e+16
2.5790000000000006	3.6674670678056904e+16
2.5800000000000005	3.86229621188989e+16
2.5810000000000004	3.6204344396336856e+16
2.5820000000000003	3.5388658873081164e+16
2.5830000000000006	3.0476054473431416e+16
2.5840000000000005	3.771913142063531e+16
2.5850000000000004	3.370152862716429e+16
2.5860000000000003	4.116689819376736e+16
2.5870000000000006	3.4145296623711364e+16
2.5880000000000005	3.4761336319442668e+16
2.5890000000000004	3.644614951219227e+16
2.5900000000000003	3.4209363677595764e+16
2.5910000000000006	3.311335148686602e+16
2.5920000000000005	3.879650431951544e+16
2.5930000000000004	3.1168223677552756e+16
2.5940000000000003	3.7428455651396456e+16
2.5950000000000006	3.185817247212272e+16
2.5960000000000005	3.644094882607919e+16
2.5970000000000004	3.633376277239985e+16
2.5980000000000003	2.8312145059622156e+16
2.5990000000000006	3.772910401359977e+16
