# Flux units: erg / (cm m2 s)
# Wavelength units: Angstrom
wave	flux
7000.0	1252843714391733.8
7010.0	1277657867684450.2
7020.0	1302580751567972.8
7030.0	1329902318680827.2
7040.0	1350955181060790.2
7050.0	1370218711856261.2
7060.0	1328520288337399.8
7070.0	1356063380157966.2
7080.0	1381691776202329.8
7090.0	1374041232853923.8
7100.0	1370322063972197.8
7110.0	1405693940863749.2
7120.0	1433191868102895.8
7130.0	1408385914334122.5
7140.0	1430175562773257.8
7150.0	1463694767794909.8
7160.0	1483209539159534.0
7170.0	1493179929018711.0
7180.0	1521752327953869.0
7190.0	1542966955251134.8
7200.0	1543043070501660.8
7210.0	1561945535796186.0
7220.0	1575471749202503.2
7230.0	1597701686999575.2
7240.0	1609457038701384.8
7250.0	1628977727074719.0
7260.0	1644468617511891.8
7270.0	1657095005616701.0
7280.0	1659297785954113.0
7290.0	1681109265451593.0
7300.0	1690704556681556.8
7310.0	1702166454216815.5
7320.0	1707931532182716.5
7330.0	1717556774039778.5
7340.0	1700852255156259.0
7350.0	1678574193211588.0
7360.0	1676595734251802.2
7370.0	1667885168509183.5
7380.0	1668288513761071.0
7390.0	1669975416686883.2
7400.0	1611128108587737.2
7410.0	1597992153339722.8
7420.0	1587763272703363.8
7430.0	1602747036640900.2
7440.0	1603450249772866.5
7450.0	1563749633815800.5
7460.0	1522634686599518.5
7470.0	1550905062896106.5
7480.0	1588164935748274.0
7490.0	1562785228373529.2
7500.0	1484409768148294.2
7510.0	1501598738105657.5
7520.0	1546603370646156.2
7530.0	1441498861931883.8
7540.0	1413728384891806.0
7550.0	1526412174640243.0
7560.0	1327190859477256.8
7570.0	1380766017270223.8
7580.0	1316123569838256.8
7590.0	1174219315011795.2
7600.0	1126724319274805.8
7610.0	1051710963410191.6
7620.0	968874403129595.6
7630.0	686424714231520.9
7640.0	343535828079106.56
7650.0	101746486851694.11
7660.0	16879927289360.53
7670.0	6804891194941.714
7680.0	42249158841417.63
7690.0	46198838048270.7
7700.0	9769422391379.324
7710.0	58520676120981.63
7720.0	154752402605867.97
7730.0	276854030178696.78
7740.0	618702465952067.4
7750.0	965510112971727.9
7760.0	1221012986324619.5
7770.0	1430693630861428.0
7780.0	1587348531265610.0
7790.0	1648426814003106.2
7800.0	848135047951895.2
7810.0	1649527782807482.0
7820.0	1940646945292623.2
7830.0	2042284751426383.0
7840.0	2120619630625117.2
7850.0	2176936958812844.8
7860.0	2235263344923621.8
7870.0	2208764430146756.2
7880.0	2258376367718835.5
7890.0	2349309227825309.0
7900.0	2282861613432445.5
7910.0	2306315960277316.5
7920.0	2343763707710915.5
7930.0	2437578264579164.5
7940.0	2343784762429571.5
7950.0	1499690542685475.5
7960.0	2466300310770989.5
7970.0	2531518027622549.0
7980.0	2576572931092114.5
7990.0	2546787247739031.0
8000.0	2635949541384452.5
8010.0	2707477456641671.5
8020.0	2811396360942752.0
8030.0	2888447380929874.5
8040.0	2958102623781077.0
8050.0	3034847995454609.5
8060.0	3090240007686483.5
8070.0	3161882202132472.5
8080.0	3240020990166728.0
8090.0	3310806884991617.0
8100.0	3368509633615720.0
8110.0	3439209597895375.0
8120.0	3498104679897225.5
8130.0	3558753881994259.5
8140.0	3626824361741322.5
8150.0	3684890774027466.5
8160.0	3735006353254850.0
8170.0	3776527669394778.0
8180.0	3751551494006608.5
8190.0	3647747692723207.5
8200.0	3586037478829243.0
8210.0	3848974843297650.5
8220.0	3897077871236498.0
8230.0	3940444336160821.5
8240.0	4013920895364902.0
8250.0	4044907783869825.5
8260.0	4077289841672021.5
8270.0	4134716088453922.5
8280.0	4129487801861264.5
8290.0	4136039061537503.5
8300.0	4165477651480405.0
8310.0	4200617008516297.5
8320.0	4253689720350476.0
8330.0	4303103455548067.0
8340.0	4317122365249032.5
8350.0	4352868358333071.0
8360.0	4387306398128506.5
8370.0	4442567831148780.0
8380.0	4452802104225854.0
8390.0	4465689873064164.0
8400.0	4529134101511444.0
8410.0	4574933936660179.0
8420.0	4608802580603895.0
8430.0	4614861532302522.0
8440.0	4508310362075485.0
8450.0	4511352798803728.0
8460.0	4517723867171709.0
8470.0	4544209492970546.0
8480.0	4598789483219731.0
8490.0	4651555886229052.0
8500.0	4673786783886648.0
8510.0	4693143936737784.0
8520.0	3842402394131699.5
8530.0	4655396498544866.0
8540.0	4773857578489405.0
8550.0	4832173217857887.0
8560.0	4868283562347097.0
8570.0	4873938326201582.0
8580.0	4914297189560156.0
8590.0	4944670795968619.0
8600.0	4955830947874220.0
8610.0	4898867019590970.0
8620.0	4721237484039179.0
8630.0	4629084040164821.0
8640.0	4702635664691092.0
8650.0	4866989837812582.0
8660.0	4949616562504714.0
8670.0	5008977220514729.0
8680.0	4992509301059814.0
8690.0	5009016339339788.0
8700.0	5009855315208081.0
8710.0	5013048510114744.0
8720.0	5137929866547786.0
8730.0	5205292246921103.0
8740.0	5229717519134090.0
8750.0	5260514582100429.0
8760.0	5381906178371014.0
8770.0	5410911710149548.0
8780.0	5515692873471708.0
8790.0	5539596628026361.0
8800.0	5649336212077688.0
8810.0	5628953795961821.0
8820.0	5814165854083551.0
8830.0	5730542585110169.0
8840.0	5949175096441263.0
8850.0	5882563613290305.0
8860.0	5883314013355075.0
8870.0	5746433405908986.0
8880.0	5812842704054152.0
8890.0	5818208157756250.0
8900.0	5881460400311906.0
8910.0	5966643411364170.0
8920.0	6053770503350140.0
8930.0	6053405910856535.0
8940.0	5943441030763801.0
8950.0	5272240092021966.0
8960.0	6201510041939622.0
8970.0	6190524007696069.0
8980.0	6321057202641786.0
8990.0	6440545130213224.0
9000.0	6469560778629400.0
9010.0	6609265407589859.0
9020.0	6581125272771730.0
9030.0	6573445769728029.0
9040.0	6740387320892214.0
9050.0	6819997402993643.0
9060.0	6751876652295250.0
9070.0	6907111847293611.0
9080.0	6991974834371657.0
9090.0	7051860547344223.0
9100.0	7198232466675881.0
9110.0	7219217239197361.0
9120.0	7437808486562750.0
9130.0	7415141287893919.0
9140.0	7393672123612607.0
9150.0	7603938905240716.0
9160.0	7724776235856527.0
9170.0	7902747916395888.0
9180.0	7696327650187957.0
9190.0	8031665625711692.0
9200.0	8016568393986651.0
9210.0	7626941391103734.0
9220.0	7526308235260461.0
9230.0	7429479236709522.0
9240.0	7413703785178157.0
9250.0	7446400586628513.0
9260.0	7518220229338981.0
9270.0	7491515496005875.0
9280.0	7050682196820122.0
9290.0	7194514889450032.0
9300.0	7129993619045654.0
9310.0	7352248629028140.0
9320.0	7310243079611957.0
9330.0	7490971122514641.0
9340.0	7479489295879639.0
9350.0	7498213038894087.0
9360.0	7641767046169599.0
9370.0	7650139564710411.0
9380.0	7820411510259355.0
9390.0	7877145459212283.0
9400.0	7940416245632012.0
9410.0	8024193034891079.0
9420.0	8049353334776839.0
9430.0	8086768167430315.0
9440.0	8026424622254697.0
9450.0	8226357887135105.0
9460.0	8138876117585778.0
9470.0	8314944527481491.0
9480.0	8291342755947009.0
9490.0	8550368956379934.0
9500.0	8296980608046178.0
9510.0	8489743721310084.0
9520.0	8380806743290306.0
9530.0	8652155525262898.0
9540.0	8551618997477309.0
9550.0	8439103229312555.0
9560.0	8553769687601538.0
9570.0	8460723458494294.0
9580.0	8676899947041858.0
9590.0	8547869697320075.0
9600.0	8570314293756359.0
9610.0	8603389387550425.0
9620.0	8602290320651273.0
9630.0	8823918070385018.0
9640.0	8473890777652488.0
9650.0	8788015189127187.0
9660.0	9003836510155921.0
9670.0	8858753458714371.0
9680.0	8961710549882476.0
9690.0	9107373359764202.0
9700.0	9283511295380604.0
9710.0	9195265654046600.0
9720.0	9262098223029718.0
9730.0	8993324078744513.0
9740.0	9153094348925218.0
9750.0	9252491990432450.0
9760.0	9319112593532182.0
9770.0	9493959105630354.0
9780.0	9590292529571186.0
9790.0	9433688313796018.0
9800.0	9849161810363644.0
9810.0	9740599286578828.0
9820.0	9697817888892778.0
9830.0	9766474134252084.0
9840.0	9838074809788390.0
9850.0	9972240157748978.0
9860.0	1.0319117883087116e+16
9870.0	1.0237537343078948e+16
9880.0	1.0510385779468624e+16
9890.0	1.0682692281034112e+16
9900.0	9682894188744274.0
9910.0	9216668625964020.0
9920.0	9177461206084886.0
9930.0	9413456337059094.0
9940.0	9695044688399522.0
9950.0	9931945429882888.0
9960.0	9873661936823092.0
9970.0	1.0073093741380326e+16
9980.0	9745680300548588.0
9990.0	9540677367129524.0
10000.0	9839905331208058.0
10010.0	9825234951933824.0
10020.0	9898377904792870.0
10030.0	1.0011021851225088e+16
10040.0	9922366977476690.0
10050.0	1.0058356243915732e+16
10060.0	9792478288277232.0
10070.0	1.0120133746606766e+16
10080.0	1.038078822025673e+16
10090.0	1.0274196581398148e+16
10100.0	1.0687571438816278e+16
10110.0	1.0398046956543916e+16
10120.0	1.0576659222059204e+16
10130.0	1.0941643493822694e+16
10140.0	1.0448346727876302e+16
10150.0	1.0773367899835168e+16
10160.0	1.0626595845929144e+16
10170.0	1.0708902185707022e+16
10180.0	1.1075423175044256e+16
10190.0	1.0848365736772222e+16
10200.0	1.0894995563700294e+16
10210.0	1.1378671472490166e+16
10220.0	1.0868440777298948e+16
10230.0	1.120205169004904e+16
10240.0	1.1815032811402976e+16
10250.0	1.1321108143511754e+16
10260.0	1.0762069324048748e+16
10270.0	1.0936447621593794e+16
10280.0	1.0908550124410402e+16
10290.0	1.1057335036813282e+16
10300.0	1.127217621743943e+16
10310.0	1.1695958752087416e+16
10320.0	1.1508004004393688e+16
10330.0	1.1369050758251618e+16
10340.0	1.1586645722442628e+16
10350.0	1.1462656083888812e+16
10360.0	1.2080517329493034e+16
10370.0	1.2050399182927176e+16
10380.0	1.2077623809716826e+16
10390.0	1.1913997702713398e+16
10400.0	1.1974313579436142e+16
10410.0	1.2898756172112356e+16
10420.0	1.2010528602406958e+16
10430.0	1.1731761805260968e+16
10440.0	1.2520098033637486e+16
10450.0	1.2675451160960638e+16
10460.0	1.2683853965796036e+16
10470.0	1.1697583041953092e+16
10480.0	1.1796086353777886e+16
10490.0	1.2170261700083658e+16
10500.0	1.2090993616340252e+16
10510.0	1.1903704129065472e+16
10520.0	1.1777953334128866e+16
10530.0	1.1807361729064628e+16
10540.0	1.211426939752356e+16
10550.0	1.1938948146036068e+16
10560.0	1.175312235059168e+16
10570.0	1.171509809637234e+16
10580.0	1.197997044242594e+16
10590.0	1.1787911595002622e+16
10600.0	1.2092997920088186e+16
10610.0	1.1999234653382578e+16
10620.0	1.2236410983472802e+16
10630.0	1.240512949959637e+16
10640.0	1.2483990804976456e+16
10650.0	1.2424086269986978e+16
10660.0	1.2515251108478334e+16
10670.0	1.2509813524785264e+16
10680.0	1.2740098108627244e+16
10690.0	1.28960431237639e+16
10700.0	1.316984886763621e+16
10710.0	1.2875718117106934e+16
10720.0	1.3506808786012554e+16
10730.0	1.3395055931026532e+16
10740.0	1.3324097253080926e+16
10750.0	1.3825384575703978e+16
10760.0	1.3552432186051432e+16
10770.0	1.387018364048099e+16
10780.0	1.448231713707185e+16
10790.0	1.4252220816085024e+16
10800.0	1.4146680566515138e+16
10810.0	1.3937086522992712e+16
10820.0	1.4121952554872944e+16
10830.0	1.494299854113167e+16
10840.0	1.5687778418178844e+16
10850.0	1.4135679860302874e+16
10860.0	1.4402273738145778e+16
10870.0	1.4823320620233416e+16
10880.0	1.5303428720085424e+16
10890.0	1.4733504413518672e+16
10900.0	1.5423463537530824e+16
10910.0	1.4613240908405692e+16
10920.0	1.4974126145082382e+16
10930.0	1.509481810353544e+16
10940.0	1.5196812031245676e+16
10950.0	1.5029417397426054e+16
10960.0	1.470940391601289e+16
10970.0	1.507438479723503e+16
10980.0	1.4550225185134014e+16
10990.0	1.49877077109713e+16
11000.0	1.4843567372782284e+16
11010.0	1.5219824380023494e+16
11020.0	1.4871919219439598e+16
11030.0	1.4418406722294304e+16
11040.0	1.3999415251228784e+16
11050.0	1.3909312158494292e+16
11060.0	1.374989597332749e+16
11070.0	1.4075386715181028e+16
11080.0	1.3892745325631168e+16
11090.0	1.4354196491101692e+16
11100.0	1.4117245232129396e+16
11110.0	1.3452781908037772e+16
11120.0	1.4611895707157972e+16
11130.0	1.4050743674884144e+16
11140.0	1.4422915733729122e+16
11150.0	1.43904323661097e+16
11160.0	1.4733251051628512e+16
11170.0	1.3942842125586138e+16
11180.0	1.4792961709502556e+16
11190.0	1.4578916121484062e+16
11200.0	1.4198311944147738e+16
11210.0	1.476083022534066e+16
11220.0	1.4484440567785268e+16
11230.0	1.5273051324501e+16
11240.0	1.5156313751731076e+16
11250.0	1.5258309906247428e+16
11260.0	1.5661383473774118e+16
11270.0	1.6022517933429034e+16
11280.0	1.5385840517883494e+16
11290.0	1.5934162159271102e+16
11300.0	1.5035408680065508e+16
11310.0	1.5564522532110466e+16
11320.0	1.554575971731308e+16
11330.0	1.569621441450644e+16
11340.0	1.444201838167904e+16
11350.0	1.3400075849116992e+16
11360.0	1.5031528224057002e+16
11370.0	1.4858409541312096e+16
11380.0	1.409194957500641e+16
11390.0	1.4289332572107764e+16
11400.0	1.4444033335879402e+16
11410.0	1.3565278217744984e+16
11420.0	1.5259372033185268e+16
11430.0	1.548593765365584e+16
11440.0	1.4957111852149874e+16
11450.0	1.595238870437759e+16
11460.0	1.6143012182832032e+16
11470.0	1.6425658391826072e+16
11480.0	1.6201111533676048e+16
11490.0	1.731472327991353e+16
11500.0	1.6907264048348352e+16
11510.0	1.6956290805648484e+16
11520.0	1.6900776825589044e+16
11530.0	1.6444387092062374e+16
11540.0	1.6136104419113956e+16
11550.0	1.70178132348643e+16
11560.0	1.6623867423775008e+16
11570.0	1.6704586523754634e+16
11580.0	1.6909827821892962e+16
11590.0	1.719190325078968e+16
11600.0	1.6294461016495102e+16
11610.0	1.6321387050774672e+16
11620.0	1.6684926627145658e+16
11630.0	1.7590937165750754e+16
11640.0	1.638407550212587e+16
11650.0	1.7127815172833376e+16
11660.0	1.6202684645207468e+16
11670.0	1.6637078795281334e+16
11680.0	1.5732279317713422e+16
11690.0	1.3081593783388542e+16
11700.0	1.479881119661864e+16
11710.0	1.6229786742066292e+16
11720.0	1.6428106574736292e+16
11730.0	1.6604995856831366e+16
11740.0	1.5841062385517208e+16
11750.0	1.588922113511064e+16
11760.0	1.5219874116631122e+16
11770.0	1.4013321326788768e+16
11780.0	1.2909631573419762e+16
11790.0	1.5489698915344968e+16
11800.0	1.5930818961684058e+16
11810.0	1.631619647321306e+16
11820.0	1.6160190672093384e+16
11830.0	1.6466063249165258e+16
11840.0	1.6364556880187082e+16
11850.0	1.6525364209416748e+16
11860.0	1.6945433054893648e+16
11870.0	1.7292923991893396e+16
11880.0	1.7006227058564258e+16
11890.0	1.6517596068369872e+16
11900.0	1.72271711605052e+16
11910.0	1.7387460481438548e+16
11920.0	1.7418643900823194e+16
11930.0	1.7929329207779432e+16
11940.0	1.7084383049185304e+16
11950.0	1.7358396910642452e+16
11960.0	1.7496591451469798e+16
11970.0	1.7372153138370368e+16
11980.0	1.692936179197951e+16
11990.0	1.7374882282823138e+16
12000.0	1.7426224627492596e+16
12010.0	1.7671800821779954e+16
12020.0	1.7713114239841568e+16
12030.0	1.784314090014425e+16
12040.0	1.821815227094744e+16
12050.0	1.815298030260993e+16
12060.0	1.9279067047203284e+16
12070.0	1.8242447399177588e+16
12080.0	1.8661049604743156e+16
12090.0	1.838984468264998e+16
12100.0	1.921395970391279e+16
12110.0	1.8174473228760548e+16
12120.0	1.8727470638603064e+16
12130.0	1.871523736781105e+16
12140.0	1.9734649725003116e+16
12150.0	1.9569490348031204e+16
12160.0	1.946835229485364e+16
12170.0	1.9670410043994e+16
12180.0	1.999584773880953e+16
12190.0	1.979947361724537e+16
12200.0	1.9442096431312916e+16
12210.0	1.950902537977511e+16
12220.0	1.970036385027126e+16
12230.0	1.9887528141867864e+16
12240.0	2.0005315803240596e+16
12250.0	2.031922525072778e+16
12260.0	2.053297063519288e+16
12270.0	2.062774549385323e+16
12280.0	2.0730075042326524e+16
12290.0	2.066060215140671e+16
12300.0	2.048147831660933e+16
12310.0	2.091290316468815e+16
12320.0	2.0434543945623956e+16
12330.0	2.049158875653463e+16
12340.0	2.0847888363489256e+16
12350.0	2.056270239959692e+16
12360.0	2.078680108094024e+16
12370.0	2.103211764138323e+16
12380.0	2.09849745692899e+16
12390.0	2.0474350430212668e+16
12400.0	2.0481074785781116e+16
12410.0	1.9202446694056644e+16
12420.0	1.902310243514332e+16
12430.0	1.8175460546998108e+16
12440.0	1.735006852720262e+16
12450.0	2.00631232851455e+16
12460.0	2.01433970958468e+16
12470.0	2.0654237315571252e+16
12480.0	2.03406892279412e+16
12490.0	2.062069154460565e+16
12500.0	2.016092780862219e+16
12510.0	2.0066502473926876e+16
12520.0	1.7935386988517336e+16
12530.0	1.7206773292518614e+16
12540.0	2.0121847703008984e+16
12550.0	2.0129939331625388e+16
12560.0	2.0894156224175344e+16
12570.0	2.088628946197374e+16
12580.0	2.092945073281776e+16
12590.0	2.1062683092660708e+16
12600.0	2.1040636292072436e+16
12610.0	2.145451285276978e+16
12620.0	2.123097509763088e+16
12630.0	2.1421363069883816e+16
12640.0	2.0726016675049892e+16
12650.0	2.131038627305378e+16
12660.0	2.1610121768690868e+16
12670.0	2.208130225026303e+16
12680.0	2.1992487036904548e+16
12690.0	2.2206995847540692e+16
12700.0	2.1553098983975452e+16
12710.0	2.147127237449712e+16
12720.0	2.2553117908970068e+16
12730.0	2.2351387834281184e+16
12740.0	2.172134523414644e+16
12750.0	2.1636654037470944e+16
12760.0	2.242819276730463e+16
12770.0	2.2281639193096696e+16
12780.0	2.2284339418935724e+16
12790.0	2.2557687841121012e+16
12800.0	2.223683670459103e+16
12810.0	2.2472404413652056e+16
12820.0	2.281750166967555e+16
12830.0	2.210000873511096e+16
12840.0	2.24071917131103e+16
12850.0	2.2504573741958948e+16
12860.0	2.1597078252369496e+16
12870.0	2.2432174008142664e+16
12880.0	2.2324130499504892e+16
12890.0	2.1839966980000084e+16
12900.0	2.1768676024334308e+16
12910.0	2.183057453825878e+16
12920.0	2.2251301239247556e+16
12930.0	2.2114022323663236e+16
12940.0	2.3288790817765536e+16
12950.0	2.1890395116213016e+16
12960.0	2.2706694400309252e+16
12970.0	2.2614907648598588e+16
12980.0	2.302679257567377e+16
12990.0	2.258210979401595e+16
13000.0	2.2796957605533812e+16
13010.0	2.2601450933153892e+16
13020.0	2.321138000523682e+16
13030.0	2.31875106212845e+16
13040.0	2.3457795237640456e+16
13050.0	2.3421654519428e+16
13060.0	2.33729471037482e+16
13070.0	2.2413060476997496e+16
13080.0	2.3104230464762868e+16
13090.0	2.276354072489743e+16
13100.0	2.2911885668717516e+16
13110.0	2.359884912608224e+16
13120.0	2.2827428752578004e+16
13130.0	2.227316936258393e+16
13140.0	2.2811360829950336e+16
13150.0	2.263577996634469e+16
13160.0	2.2986374184964084e+16
13170.0	2.3223285765002252e+16
13180.0	2.284972491986929e+16
13190.0	2.339129193149931e+16
13200.0	2.2781340605147668e+16
13210.0	2.2991295857000972e+16
13220.0	2.23353452150003e+16
13230.0	2.276775160781932e+16
13240.0	2.2340171203665132e+16
13250.0	2.1640497704073264e+16
13260.0	2.2562042484560332e+16
13270.0	2.1236723240499676e+16
13280.0	2.204428254899985e+16
13290.0	2.191389780776638e+16
13300.0	2.0814846566097644e+16
13310.0	2.0086621098885412e+16
13320.0	1.7635489886240284e+16
13330.0	1.8738990425244876e+16
13340.0	1.8695957282112576e+16
13350.0	1.5078524855886044e+16
13360.0	1.5558771147886014e+16
13370.0	1.3524854183105992e+16
13380.0	1.47598717784236e+16
13390.0	1.483648534612575e+16
13400.0	1.6396992614118048e+16
13410.0	1.6131016159777618e+16
13420.0	1.448636848152316e+16
13430.0	1.3844022784105004e+16
13440.0	1.6044130076641936e+16
13450.0	1.3287942497636178e+16
13460.0	1.6094505114752292e+16
13470.0	1.3529429801729254e+16
13480.0	1.2094019245224696e+16
13490.0	1.5616247210885668e+16
13500.0	1.4387017279771206e+16
13510.0	1.3238399851420582e+16
13520.0	1.382628175148856e+16
13530.0	1.5053915519770254e+16
13540.0	1.2349665263073818e+16
13550.0	1.2443967706037032e+16
13560.0	1.358886636288428e+16
13570.0	1.3613144751430346e+16
13580.0	1.3329684592343888e+16
13590.0	1.4205601599461818e+16
13600.0	1.3855436371842e+16
13610.0	1.4312053407350236e+16
13620.0	1.1356964524132034e+16
13630.0	1.5915186273728178e+16
13640.0	1.549039834623241e+16
13650.0	1.323954563086605e+16
13660.0	1.6051793438636402e+16
13670.0	1.499967151731259e+16
13680.0	1.4977052669889178e+16
13690.0	1.410554785503509e+16
13700.0	1.4724664819674116e+16
13710.0	1.4201226623716542e+16
13720.0	1.480963902215704e+16
13730.0	1.4618187570718714e+16
13740.0	1.4166250147978404e+16
13750.0	1.5392611225757966e+16
13760.0	1.5847945896912984e+16
13770.0	1.520269865802969e+16
13780.0	1.6475809218482546e+16
13790.0	1.5225491266013664e+16
13800.0	1.6702946290514658e+16
13810.0	1.4948925318168054e+16
13820.0	1.6225853617301212e+16
13830.0	1.2706602988674928e+16
13840.0	1.6648548064017344e+16
13850.0	1.5426349995579398e+16
13860.0	1.4842928773916886e+16
13870.0	1.6682244421833918e+16
13880.0	1.4173018856791374e+16
13890.0	1.7330535633369316e+16
13900.0	1.5515211808438602e+16
13910.0	1.4150426006166726e+16
13920.0	1.4979554860788492e+16
13930.0	1.4947306128606934e+16
13940.0	1.4938158301605164e+16
13950.0	1.4631717953937944e+16
13960.0	1.429711309293226e+16
13970.0	1.5367388540673566e+16
13980.0	1.3744782505618084e+16
13990.0	1.5566636406664534e+16
14000.0	1.3963257289373148e+16
14010.0	1.2721553881057054e+16
14020.0	1.6299682173602536e+16
14030.0	1.5260467393857704e+16
14040.0	1.4299603348850744e+16
14050.0	1.3914787147024392e+16
14060.0	1.719073112168983e+16
14070.0	1.4100795434199934e+16
14080.0	1.4465514435078606e+16
14090.0	1.3863438251337604e+16
14100.0	1.429390521417406e+16
14110.0	1.4781351090984628e+16
14120.0	1.2626468036101454e+16
14130.0	1.6167317722039954e+16
14140.0	1.3451725457894288e+16
14150.0	1.3570405487887548e+16
14160.0	1.6072933576962656e+16
14170.0	1.4070944493555032e+16
14180.0	1.2877730015789086e+16
14190.0	1.255357681090092e+16
14200.0	1.5217039386464436e+16
14210.0	1.4934196773002294e+16
14220.0	1.410636130287953e+16
14230.0	1.3657616735742454e+16
14240.0	1.2960545022636596e+16
14250.0	1.4413232504226118e+16
14260.0	1.3403988227267796e+16
14270.0	1.4783790188761012e+16
14280.0	1.3789213712981822e+16
14290.0	1.1562228408083942e+16
14300.0	1.665875192496498e+16
14310.0	1.5841807113935124e+16
14320.0	1.356359420560516e+16
14330.0	1.4980577518098794e+16
14340.0	1.1835432501685494e+16
14350.0	1.5945688085290692e+16
14360.0	1.5809067005834974e+16
14370.0	1.4705477856489052e+16
14380.0	1.5300855490178366e+16
14390.0	1.493761168290623e+16
14400.0	1.4447762464023996e+16
14410.0	1.4181883123356918e+16
14420.0	1.50183598449095e+16
14430.0	1.6718305401765904e+16
14440.0	1.5629680282682176e+16
14450.0	1.3368280977007178e+16
14460.0	1.5653384006508438e+16
14470.0	1.4419620700734184e+16
14480.0	1.6547674956795938e+16
14490.0	1.7236449452106334e+16
14500.0	1.4639364433981358e+16
14510.0	1.365204745263693e+16
14520.0	1.8352208828038116e+16
14530.0	1.7410281831534844e+16
14540.0	1.516113639770048e+16
14550.0	1.813633371699722e+16
14560.0	1.5513915894314274e+16
14570.0	1.5014188055211488e+16
14580.0	1.7440291262025948e+16
14590.0	1.8174693717850256e+16
14600.0	1.773990394290123e+16
14610.0	1.7340411844864986e+16
14620.0	1.590870255187151e+16
14630.0	1.4266704477939978e+16
14640.0	1.784760074073997e+16
14650.0	1.7258547796106532e+16
14660.0	1.7989986834549476e+16
14670.0	1.817272944286823e+16
14680.0	1.5795931499011676e+16
14690.0	1.5424293811436512e+16
14700.0	1.664186166140297e+16
14710.0	1.7228741325516034e+16
14720.0	1.7715577020893142e+16
14730.0	1.852799706281176e+16
14740.0	1.6552507220167498e+16
14750.0	1.6716472169484382e+16
14760.0	1.7221804868817536e+16
14770.0	1.7361498977827846e+16
14780.0	1.7856680317640944e+16
14790.0	1.9105559349313716e+16
14800.0	1.6187125126767556e+16
14810.0	1.8360805750887016e+16
14820.0	1.6218409641420098e+16
14830.0	1.7745550245107068e+16
14840.0	1.896474272583942e+16
14850.0	1.7882778946083112e+16
14860.0	1.775312422106137e+16
14870.0	1.8409716848015024e+16
14880.0	1.7572031276034966e+16
14890.0	1.8183380720019736e+16
14900.0	1.7248481389314048e+16
14910.0	1.9088778515756264e+16
14920.0	1.8194084869585856e+16
14930.0	1.880133920886696e+16
14940.0	1.7479502662697868e+16
14950.0	1.83153660804606e+16
14960.0	1.8358049297376772e+16
14970.0	1.860966200187294e+16
14980.0	1.8902067424993548e+16
14990.0	1.9376490007423164e+16
15000.0	1.8986744215691116e+16
15010.0	1.8999603388057556e+16
15020.0	1.7126419521068014e+16
15030.0	2.0101977616826604e+16
15040.0	1.8535598162164588e+16
15050.0	1.948351317045432e+16
15060.0	1.9416666519443524e+16
15070.0	1.974143414193539e+16
15080.0	1.890842359560145e+16
15090.0	1.9670687467498452e+16
15100.0	1.9372524986839028e+16
15110.0	1.90585696645209e+16
15120.0	2.01912983920406e+16
15130.0	1.905413307295632e+16
15140.0	1.948887247575852e+16
15150.0	2.1150412427650956e+16
15160.0	2.004886322450316e+16
15170.0	1.9338924201556296e+16
15180.0	1.9497051792277096e+16
15190.0	1.9970044836787116e+16
15200.0	2.0272219805287504e+16
15210.0	2.0908044249702684e+16
15220.0	2.0271143054156292e+16
15230.0	2.0827738643435496e+16
15240.0	2.095296911512728e+16
15250.0	1.9989169617837436e+16
15260.0	2.0347581566990244e+16
15270.0	2.0537900559151732e+16
15280.0	2.0693761956029424e+16
15290.0	2.1061191494389868e+16
15300.0	2.143406310078991e+16
15310.0	2.1015746963545836e+16
15320.0	1.991488212040784e+16
15330.0	2.0776282388004664e+16
15340.0	2.2059012764071452e+16
15350.0	2.1164229573131696e+16
15360.0	2.1541822655009508e+16
15370.0	2.10145490822029e+16
15380.0	2.122760473191313e+16
15390.0	2.2248984548808412e+16
15400.0	2.1449270719992584e+16
15410.0	2.127089143648038e+16
15420.0	2.186752201408807e+16
15430.0	2.171001403294932e+16
15440.0	2.102031820827756e+16
15450.0	2.2159521082652844e+16
15460.0	2.2814086199131836e+16
15470.0	2.1923709084083256e+16
15480.0	2.185188484009878e+16
15490.0	2.2156715497765104e+16
15500.0	2.2445286635469356e+16
15510.0	2.1800244273127296e+16
15520.0	2.24136385460077e+16
15530.0	2.266513361338696e+16
15540.0	2.28297566673512e+16
15550.0	2.2573773033906924e+16
15560.0	2.2314885368620784e+16
15570.0	2.235120037504796e+16
15580.0	2.178950584480106e+16
15590.0	2.2326257661654532e+16
15600.0	2.2529649256526148e+16
15610.0	2.256878595573482e+16
15620.0	2.2983229218550496e+16
15630.0	2.288669069233224e+16
15640.0	2.2887679295198316e+16
15650.0	2.247819559731742e+16
15660.0	2.233579409506319e+16
15670.0	2.346914884996249e+16
15680.0	2.3822778959322736e+16
15690.0	2.3058143221553084e+16
15700.0	2.3128919060929616e+16
15710.0	2.3377943569113824e+16
15720.0	2.3323405147330892e+16
15730.0	2.3381335922751492e+16
15740.0	2.3783947898042584e+16
15750.0	2.3746661188809936e+16
15760.0	2.364867253686652e+16
15770.0	2.369993199312441e+16
15780.0	2.3460512249818264e+16
15790.0	2.3497808932821344e+16
15800.0	2.3650908153303624e+16
15810.0	2.3654088291874852e+16
15820.0	2.372391800910433e+16
15830.0	2.414245622234786e+16
15840.0	2.375421071221351e+16
15850.0	2.381320728025917e+16
15860.0	2.441707701255866e+16
15870.0	2.4104446409207516e+16
15880.0	2.4322393840997524e+16
15890.0	2.4366847821012256e+16
15900.0	2.3983026578160692e+16
15910.0	2.4540183791768624e+16
15920.0	2.4286519660310484e+16
15930.0	2.4274707901124828e+16
15940.0	2.4655330303574884e+16
15950.0	2.4688091789225148e+16
15960.0	2.474108600989352e+16
15970.0	2.4654896249474276e+16
15980.0	2.449203005072009e+16
15990.0	2.460427080450056e+16
16000.0	2.4875138037333336e+16
16010.0	2.499858040682895e+16
16020.0	2.4390321367501044e+16
16030.0	2.5246944858504396e+16
16040.0	2.48112155683071e+16
16050.0	2.4817559573852428e+16
16060.0	2.4934021705493936e+16
16070.0	2.5168877611508788e+16
16080.0	2.53076144709549e+16
16090.0	2.5184964039617656e+16
16100.0	2.5169634897668724e+16
16110.0	2.4990808982616124e+16
16120.0	2.521192785250873e+16
16130.0	2.5347838878270456e+16
16140.0	2.5285749966502264e+16
16150.0	2.531434604971939e+16
16160.0	2.533171183868527e+16
16170.0	2.580218915512945e+16
16180.0	2.5846732139915156e+16
16190.0	2.5218192579772704e+16
16200.0	2.5422788426558704e+16
16210.0	2.5260036757755496e+16
16220.0	2.5849712201057936e+16
16230.0	2.5864961577518988e+16
16240.0	2.594212350650223e+16
16250.0	2.573221128943394e+16
16260.0	2.5628669547901988e+16
16270.0	2.5958117798386176e+16
16280.0	2.605877144692494e+16
16290.0	2.5810987720042216e+16
16300.0	2.5994837747297364e+16
16310.0	2.5702315138001416e+16
16320.0	2.5879079342182584e+16
16330.0	2.611169827783767e+16
16340.0	2.618180065269505e+16
16350.0	2.5936183363898252e+16
16360.0	2.616009462066437e+16
16370.0	2.6145251327354892e+16
16380.0	2.6505855408015004e+16
16390.0	2.6288856580119252e+16
16400.0	2.6205835521039644e+16
16410.0	2.6313897304200164e+16
16420.0	2.6027615885356704e+16
16430.0	2.619052860353887e+16
16440.0	2.6486526407904416e+16
16450.0	2.650110608564775e+16
16460.0	2.65392112497333e+16
16470.0	2.6442004782648656e+16
16480.0	2.6728076080690704e+16
16490.0	2.64908577068734e+16
16500.0	2.6337157597393364e+16
16510.0	2.634955376408109e+16
16520.0	2.664168420902898e+16
16530.0	2.641197268516587e+16
16540.0	2.66391380116819e+16
16550.0	2.6518493099563844e+16
16560.0	2.6759363177190924e+16
16570.0	2.6853663082950644e+16
16580.0	2.671712030684717e+16
16590.0	2.656703307209943e+16
16600.0	2.637778032944149e+16
16610.0	2.6610741357191024e+16
16620.0	2.624928221069281e+16
16630.0	2.692370546118331e+16
16640.0	2.6916341936993308e+16
16650.0	2.691920082638254e+16
16660.0	2.7141553349793464e+16
16670.0	2.676035601512257e+16
16680.0	2.6806557059696132e+16
16690.0	2.660807763772636e+16
16700.0	2.6918593761516824e+16
16710.0	2.7047150629200956e+16
16720.0	2.6663205259558348e+16
16730.0	2.6780501306291452e+16
16740.0	2.692704629090454e+16
16750.0	2.70829994988231e+16
16760.0	2.7372249085909668e+16
16770.0	2.6773260573485464e+16
16780.0	2.698630743548805e+16
16790.0	2.7221180001197356e+16
16800.0	2.6968825616096364e+16
16810.0	2.730256857828023e+16
16820.0	2.730944861738646e+16
16830.0	2.6980818622567604e+16
16840.0	2.692981451781815e+16
16850.0	2.7277460385458304e+16
16860.0	2.714978856351854e+16
16870.0	2.664201072160093e+16
16880.0	2.6804098805769376e+16
16890.0	2.6598268219374996e+16
16900.0	2.7153663886780748e+16
16910.0	2.7211904812156956e+16
16920.0	2.6228265983400384e+16
16930.0	2.6837434696458076e+16
16940.0	2.655068755131461e+16
16950.0	2.6701712034801376e+16
16960.0	2.6618097501560904e+16
16970.0	2.58983302364117e+16
16980.0	2.616325630683283e+16
16990.0	2.632642999205779e+16
17000.0	2.5918043448636804e+16
17010.0	2.6093118356436636e+16
17020.0	2.6757338683007628e+16
17030.0	2.654975309417432e+16
17040.0	2.5631713897136856e+16
17050.0	2.5899647592887176e+16
17060.0	2.6550006749434496e+16
17070.0	2.595448541557578e+16
17080.0	2.5188829378835904e+16
17090.0	2.5186156753881836e+16
17100.0	2.6543641803632344e+16
17110.0	2.4963821582949212e+16
17120.0	2.4813958392924436e+16
17130.0	2.5200998547990892e+16
17140.0	2.4694876165935384e+16
17150.0	2.4776438523590376e+16
17160.0	2.450710088512691e+16
17170.0	2.43731676476589e+16
17180.0	2.3969611792919804e+16
17190.0	2.324682838007748e+16
17200.0	2.42655264795008e+16
17210.0	2.4357246995416744e+16
17220.0	2.510211068148985e+16
17230.0	2.3497224064788188e+16
17240.0	2.3757775212540732e+16
17250.0	2.440263844589429e+16
17260.0	2.4541964842969656e+16
17270.0	2.180911199766847e+16
17280.0	2.3838885258299776e+16
17290.0	2.354064231617726e+16
17300.0	2.359905345110999e+16
17310.0	2.4310832942301536e+16
17320.0	2.1343402584411892e+16
17330.0	2.3739524713846664e+16
17340.0	2.330869849824748e+16
17350.0	2.248203017576523e+16
17360.0	2.3106023500612984e+16
17370.0	2.138160941461039e+16
17380.0	2.3088074723688576e+16
17390.0	2.340866806701193e+16
17400.0	2.1739682872253252e+16
17410.0	2.084994778522483e+16
17420.0	2.3300058304205116e+16
17430.0	2.229067083871221e+16
17440.0	2.1919953130421696e+16
17450.0	2.133595310641252e+16
17460.0	2.2032583013906024e+16
17470.0	2.0245768602454876e+16
17480.0	2.1327543529626316e+16
17490.0	2.2645026480763108e+16
17500.0	2.172897166440076e+16
17510.0	1.9549639379075936e+16
17520.0	2.1373207737462156e+16
17530.0	2.267156327172859e+16
17540.0	2.015349683471832e+16
17550.0	2.136434121733939e+16
17560.0	1.877136880971348e+16
17570.0	2.0514058000068244e+16
17580.0	1.9396896375021764e+16
17590.0	2.0043982960755756e+16
17600.0	2.3191330877635076e+16
17610.0	1.885435520646767e+16
17620.0	2.0107891349331132e+16
17630.0	1.8174546311398184e+16
17640.0	2.1544617945465292e+16
17650.0	2.0476443735318376e+16
17660.0	2.223124196761138e+16
17670.0	1.890279096418391e+16
17680.0	1.6358960772968024e+16
17690.0	1.8562148788499844e+16
17700.0	2.064227037945993e+16
17710.0	2.012314479000378e+16
17720.0	1.8600358370232068e+16
17730.0	1.7328914735188788e+16
17740.0	2.1060912214526652e+16
17750.0	1.8132665074968744e+16
17760.0	1.7441364067033034e+16
17770.0	1.8250131333479284e+16
17780.0	1.8939591496174708e+16
17790.0	1.922021690912553e+16
17800.0	1.8689618821600652e+16
17810.0	1.6461296135852808e+16
17820.0	1.833429709691492e+16
17830.0	1.769686607569416e+16
17840.0	1.9784290667989096e+16
17850.0	1.6429892822991736e+16
17860.0	1.562623350946178e+16
17870.0	1.5119390996159924e+16
17880.0	1.8188260657150092e+16
17890.0	1.8750193011438012e+16
17900.0	2.001520431105377e+16
17910.0	1.5751795411908424e+16
17920.0	1.6256869440452342e+16
17930.0	1.7696526388911508e+16
17940.0	1.6516034683531408e+16
17950.0	1.7826385790736792e+16
17960.0	1.5360249773000526e+16
17970.0	1.8350813354515924e+16
17980.0	1.8316067736360892e+16
17990.0	1.985863844990352e+16
18000.0	1.4843222660809144e+16
18010.0	1.3729258041610424e+16
18020.0	1.51958126806558e+16
18030.0	1.6016918138328202e+16
18040.0	1.9650417770274064e+16
18050.0	1.734853121425371e+16
18060.0	1.286232963460876e+16
18070.0	1.5829053740501972e+16
18080.0	1.674739642880881e+16
18090.0	1.6132543107944314e+16
18100.0	1.868596901267044e+16
18110.0	1.2447473059849626e+16
18120.0	1.5944579164507714e+16
18130.0	1.4397902344938034e+16
18140.0	2.0544746169741044e+16
18150.0	1.788001961494682e+16
18160.0	1.52706356676677e+16
18170.0	1.5820467061936502e+16
18180.0	1.6727777892890852e+16
18190.0	1.5801361064153592e+16
18200.0	1.5298560920573086e+16
18210.0	1.5543423051275814e+16
18220.0	1.2100452122450304e+16
18230.0	1.6896135697967576e+16
18240.0	2.0551258406332276e+16
18250.0	1.7440946863337044e+16
18260.0	1.4297170986580316e+16
18270.0	1.5976260044244162e+16
18280.0	1.5057083327182458e+16
18290.0	1.7458444487907214e+16
18300.0	1.7275617306267896e+16
18310.0	1.4769532959677852e+16
18320.0	1.6973373916771262e+16
18330.0	1.4834159271907606e+16
18340.0	1.815629867145188e+16
18350.0	1.4649788894896804e+16
18360.0	1.5231804418908542e+16
18370.0	1.7611228580377002e+16
18380.0	1.4598903879207008e+16
18390.0	1.5888459747616888e+16
18400.0	1.4518611109308234e+16
18410.0	1.888317118364558e+16
18420.0	1.3495246298141968e+16
18430.0	1.5659975096925474e+16
18440.0	1.4074816686626756e+16
18450.0	1.6098882382764152e+16
18460.0	1.4427926636521196e+16
18470.0	1.3400827829395118e+16
18480.0	1.3855027682456004e+16
18490.0	1.4490172470344454e+16
18500.0	1.2544466848740284e+16
18510.0	1.6346925132809956e+16
18520.0	1.7701521718779204e+16
18530.0	1.453698324402688e+16
18540.0	1.3233628997476952e+16
18550.0	1.556766282826128e+16
18560.0	1.5322294180889948e+16
18570.0	1.2242629379095422e+16
18580.0	1.1416686405322978e+16
18590.0	1.3817761462582238e+16
18600.0	1.1593012081246156e+16
18610.0	1.1336093845303512e+16
18620.0	1.5722753447151278e+16
18630.0	1.389531331067761e+16
18640.0	1.3711575010077748e+16
18650.0	1.0875663393033152e+16
18660.0	1.5295003589685358e+16
18670.0	1.470801523104039e+16
18680.0	1.0622893369277532e+16
18690.0	1.7075460400109164e+16
18700.0	1.5458146448329472e+16
18710.0	1.3266594254726294e+16
18720.0	1.6000506464950368e+16
18730.0	1.1494151533406788e+16
18740.0	1.53934335830908e+16
18750.0	1.537069042301549e+16
18760.0	1.6045875809272456e+16
18770.0	1.3045940964074816e+16
18780.0	1.542651918427329e+16
18790.0	1.4212497494280558e+16
18800.0	1.718266433858764e+16
18810.0	1.3835333272655636e+16
18820.0	1.5915167398838096e+16
18830.0	1.8594153658352692e+16
18840.0	1.775100841350053e+16
18850.0	1.2536046901508614e+16
18860.0	1.708042364462918e+16
18870.0	1.610462073824679e+16
18880.0	1.8369085255871572e+16
18890.0	1.4932315518820288e+16
18900.0	1.662473674277736e+16
18910.0	1.7236491674605334e+16
18920.0	1.2915191656769646e+16
18930.0	1.6158476327605756e+16
18940.0	1.6248456488726346e+16
18950.0	1.7661093782612504e+16
18960.0	1.6635297924770788e+16
18970.0	1.878195250771274e+16
18980.0	1.5582476854490584e+16
18990.0	1.6664549155827066e+16
19000.0	1.844088492731067e+16
19010.0	1.550384087655854e+16
19020.0	1.8750251963811816e+16
19030.0	1.6856498816575346e+16
19040.0	1.7051767606718818e+16
19050.0	1.7046838184839904e+16
19060.0	1.5173993494900784e+16
19070.0	1.5520194686281724e+16
19080.0	1.972364305775247e+16
19090.0	1.880684003113167e+16
19100.0	1.7986239229190178e+16
19110.0	1.471420790778812e+16
19120.0	1.5958208819574754e+16
19130.0	1.8318983068047388e+16
19140.0	1.605073447278568e+16
19150.0	1.9163452160866132e+16
19160.0	1.6098956870627266e+16
19170.0	1.5982294314075044e+16
19180.0	1.8249059993671644e+16
19190.0	2.0787182962886496e+16
19200.0	1.5324604978222926e+16
19210.0	1.3385182745823118e+16
19220.0	1.7961141440769468e+16
19230.0	1.8147639491217868e+16
19240.0	1.429573239146178e+16
19250.0	1.7362001355050982e+16
19260.0	1.7614854033465864e+16
19270.0	1.4564314871250842e+16
19280.0	2.00495508663549e+16
19290.0	1.4868494975601324e+16
19300.0	1.6967982420294508e+16
19310.0	1.4829262452901842e+16
19320.0	1.6517897512657386e+16
19330.0	1.719603244968779e+16
19340.0	1.4807561991200016e+16
19350.0	1.7631551173767722e+16
19360.0	1.6023026482433636e+16
19370.0	1.6265495064461896e+16
19380.0	1.671513140635239e+16
19390.0	1.3594958901938066e+16
19400.0	1.284440897668961e+16
19410.0	1.2655435500476438e+16
19420.0	1.5913141667484574e+16
19430.0	1.6934105082296162e+16
19440.0	1.648362419190399e+16
19450.0	1.4238290364779248e+16
19460.0	1.5534971544411296e+16
19470.0	1.7240813451005008e+16
19480.0	1.3759063839645218e+16
19490.0	1.3974303075872702e+16
19500.0	1.6759930054351392e+16
19510.0	1.808829101565073e+16
19520.0	1.7213897972604336e+16
19530.0	1.233559521266181e+16
19540.0	1.589901496355937e+16
19550.0	1.4505458427671732e+16
19560.0	1.3215419740927408e+16
19570.0	1.5812179957655924e+16
19580.0	1.5091819291324822e+16
19590.0	1.9371716048119052e+16
19600.0	1.470045753724244e+16
19610.0	1.2850278299243492e+16
19620.0	1.5343371554353586e+16
19630.0	1.6272897172253738e+16
19640.0	1.5275846487138916e+16
19650.0	1.3995256101753506e+16
19660.0	1.6623066426233628e+16
19670.0	1.6937354391978432e+16
19680.0	1.34641635933092e+16
19690.0	1.5475637737828546e+16
19700.0	1.793418005915976e+16
19710.0	1.383489748288285e+16
19720.0	1.6917733034108078e+16
19730.0	1.5163678171241618e+16
19740.0	1.4746125082170962e+16
19750.0	1.5387836371985948e+16
19760.0	1.156162454225492e+16
19770.0	1.630473981073804e+16
19780.0	1.623918585979225e+16
19790.0	1.6833502254315844e+16
19800.0	1.312042078564995e+16
19810.0	1.6795719649841342e+16
19820.0	1.3957558826066772e+16
19830.0	1.5075312754574902e+16
19840.0	1.5355276880715394e+16
19850.0	1.619759549298024e+16
19860.0	1.5685852110591644e+16
19870.0	1.7983402460844536e+16
19880.0	1.5220595426800768e+16
19890.0	1.5758690159982434e+16
19900.0	1.2666442098545406e+16
19910.0	1.526677099831665e+16
19920.0	1.3792780692394784e+16
19930.0	1.6216384353797308e+16
19940.0	1.7975075001453638e+16
19950.0	1.4964700784412744e+16
19960.0	1.6441143030239706e+16
19970.0	1.6337984345747012e+16
19980.0	1.4006010465503686e+16
19990.0	1.6579746375800856e+16
20000.0	1.344750335733032e+16
20010.0	1.5976687984624116e+16
20020.0	1.5585398990417022e+16
20030.0	1.6766733990274372e+16
20040.0	1.7276645627502774e+16
20050.0	1.7371283528368764e+16
20060.0	1.5689585858017926e+16
20070.0	1.530010494949773e+16
20080.0	1.868522853317978e+16
20090.0	1.3009739031876666e+16
20100.0	1.5702858854563972e+16
20110.0	1.5225789347247296e+16
20120.0	1.698063322173411e+16
20130.0	1.7084129439387298e+16
20140.0	1.7613453986428098e+16
20150.0	1.7546238031577104e+16
20160.0	1.5422069332973668e+16
20170.0	1.5038254446750922e+16
20180.0	1.7976756775911828e+16
20190.0	1.655293747546702e+16
20200.0	1.3873685345962914e+16
20210.0	1.7773165787328576e+16
20220.0	1.8280632469135136e+16
20230.0	1.7347525875156636e+16
20240.0	1.9002138713478972e+16
20250.0	1.7715667966777392e+16
20260.0	1.5622679699398536e+16
20270.0	1.6727846647530772e+16
20280.0	1.7521906588141504e+16
20290.0	1.4777738077535456e+16
20300.0	1.8883056574840764e+16
20310.0	1.5391703577906588e+16
20320.0	1.935793699281308e+16
20330.0	1.8006318331365556e+16
20340.0	1.7773002736446528e+16
20350.0	1.8545497033015804e+16
20360.0	1.5554458546210554e+16
20370.0	1.975932644147838e+16
20380.0	1.8539271575646004e+16
20390.0	1.80869574382682e+16
20400.0	1.7194385216346058e+16
20410.0	1.6825261526747392e+16
20420.0	1.939315097568276e+16
20430.0	2.0467332395929176e+16
20440.0	1.6426906270852338e+16
20450.0	1.6983392043388018e+16
20460.0	1.7988807770578368e+16
20470.0	1.937376688413012e+16
20480.0	1.9715327051488964e+16
20490.0	1.7270734834214792e+16
20500.0	1.8100145067017976e+16
20510.0	2.0435784867334108e+16
20520.0	1.7937324485521606e+16
20530.0	1.881970835947636e+16
20540.0	1.7710432522743346e+16
20550.0	1.8578527273257616e+16
20560.0	1.8224307456535212e+16
20570.0	2.0225566988259476e+16
20580.0	2.0306906767131976e+16
20590.0	1.9701276491399348e+16
20600.0	2.0214140570418044e+16
20610.0	1.816443389560121e+16
20620.0	1.8970155727517028e+16
20630.0	1.9508577542226244e+16
20640.0	1.7053758153568928e+16
20650.0	1.976130809631633e+16
20660.0	1.9334669182373156e+16
20670.0	2.035867938793188e+16
20680.0	1.9984337602309012e+16
20690.0	1.8988568124510236e+16
20700.0	2.0928170422924364e+16
20710.0	1.9935483925788024e+16
20720.0	1.8840578134762364e+16
20730.0	1.9690503001493196e+16
20740.0	1.962812947666965e+16
20750.0	1.924627102532181e+16
20760.0	2.0161458175730384e+16
20770.0	1.9993370205183668e+16
20780.0	2.053563703826766e+16
20790.0	2.0237633235205348e+16
20800.0	1.9903369938650828e+16
20810.0	2.018529107685675e+16
20820.0	2.032613195921226e+16
20830.0	1.952148304092576e+16
20840.0	2.0085628609368116e+16
20850.0	2.042092468495269e+16
20860.0	2.0793581199106604e+16
20870.0	1.909514702415626e+16
20880.0	2.086831831885486e+16
20890.0	2.0473163665854508e+16
20900.0	1.9862121932938652e+16
20910.0	2.1461490343366164e+16
20920.0	2.045128125368552e+16
20930.0	2.130442001145357e+16
20940.0	1.9807738993447916e+16
20950.0	2.0693867648680576e+16
20960.0	2.0847765911634428e+16
20970.0	2.0423351950750916e+16
20980.0	2.073620947554336e+16
20990.0	2.0535785662888876e+16
21000.0	2.0839793580376976e+16
21010.0	2.112859583870261e+16
21020.0	2.085295362800915e+16
21030.0	2.0854277282313404e+16
21040.0	2.084406372615635e+16
21050.0	2.0489545515702976e+16
21060.0	2.12401002278182e+16
21070.0	2.132839375241073e+16
21080.0	2.0845718354231976e+16
21090.0	2.0644722840281036e+16
21100.0	2.1255994121510332e+16
21110.0	2.1610123552519908e+16
21120.0	2.0341644165412864e+16
21130.0	2.1288331725632492e+16
21140.0	2.1793259485492876e+16
21150.0	2.1470922719387404e+16
21160.0	2.142787449551627e+16
21170.0	2.053022872442439e+16
21180.0	2.0869398660514676e+16
21190.0	2.1042607539198176e+16
21200.0	2.1386510652494948e+16
21210.0	2.157811653266987e+16
21220.0	2.1368139175367748e+16
21230.0	2.1529317447585776e+16
21240.0	2.1290384663286676e+16
21250.0	2.181348723390191e+16
21260.0	2.1625824496479524e+16
21270.0	2.159257131890987e+16
21280.0	2.1024120238401084e+16
21290.0	2.102666644127136e+16
21300.0	2.1072376844034796e+16
21310.0	2.151899510459415e+16
21320.0	2.154580229909606e+16
21330.0	2.179657459309962e+16
21340.0	2.157491866301698e+16
21350.0	2.1854141384689364e+16
21360.0	2.1757719347260176e+16
21370.0	2.1436275582417772e+16
21380.0	2.1580414266034224e+16
21390.0	2.1573293030221216e+16
21400.0	2.1274514073554308e+16
21410.0	2.124545960185456e+16
21420.0	2.118898725923439e+16
21430.0	2.14031228604605e+16
21440.0	2.222635195741842e+16
21450.0	2.2149308188338504e+16
21460.0	2.2032787839383424e+16
21470.0	2.178432938927582e+16
21480.0	2.1702656566606028e+16
21490.0	2.1605960842592908e+16
21500.0	2.111952893202208e+16
21510.0	2.169312471187943e+16
21520.0	2.1496303141936624e+16
21530.0	2.1378585998310844e+16
21540.0	2.1859156896640496e+16
21550.0	2.1792306875722924e+16
21560.0	2.14072550858436e+16
21570.0	2.177205457118575e+16
21580.0	2.2015380786810256e+16
21590.0	2.1594195625454868e+16
21600.0	2.164133601788354e+16
21610.0	2.187743210022209e+16
21620.0	2.167272933876822e+16
21630.0	2.1471434894376004e+16
21640.0	2.1905840571574388e+16
21650.0	2.1813131961168764e+16
21660.0	2.138742180311398e+16
21670.0	2.1561030201501496e+16
21680.0	2.2040180513635424e+16
21690.0	2.2101451562432692e+16
21700.0	2.186996580029103e+16
21710.0	2.14267488061889e+16
21720.0	2.1758544555307796e+16
21730.0	2.1393478604302828e+16
21740.0	2.156502830824751e+16
21750.0	2.2027166578368584e+16
21760.0	2.1143385876420176e+16
21770.0	2.1721204041871532e+16
21780.0	2.1265301055397816e+16
21790.0	2.1283818806315308e+16
21800.0	2.157910504156398e+16
21810.0	2.1833194560862588e+16
21820.0	2.1757143240869332e+16
21830.0	2.1458642800055176e+16
21840.0	2.171374158641784e+16
21850.0	2.1565804179655628e+16
21860.0	2.1188930631869284e+16
21870.0	2.1432771334969736e+16
21880.0	2.1469405373799588e+16
21890.0	2.178100220006265e+16
21900.0	2.1536702436598176e+16
21910.0	2.182086124333533e+16
21920.0	2.16085884731726e+16
21930.0	2.1088161306707364e+16
21940.0	2.1494243507949856e+16
21950.0	2.1686736722511308e+16
21960.0	2.1205116665450444e+16
21970.0	2.1264262829031572e+16
21980.0	2.1510034342497156e+16
21990.0	2.1460887626570976e+16
22000.0	2.1489530591166116e+16
22010.0	2.1330729648110268e+16
22020.0	2.1285333594941644e+16
22030.0	2.110571406044339e+16
22040.0	2.0913143100065536e+16
22050.0	2.114580638515336e+16
22060.0	2.148938808616622e+16
22070.0	2.112118123862372e+16
22080.0	2.1082097805336076e+16
22090.0	2.1375264352068948e+16
22100.0	2.150492851957037e+16
22110.0	2.0786538646006284e+16
22120.0	2.168907583362497e+16
22130.0	2.1299499201289908e+16
22140.0	2.1466031081024736e+16
22150.0	2.1291665508219436e+16
22160.0	2.1358603184051496e+16
22170.0	2.108803711257505e+16
22180.0	2.1382639734932504e+16
22190.0	2.0820503674798532e+16
22200.0	2.021432031771187e+16
22210.0	2.04812218875054e+16
22220.0	2.1096023953011188e+16
22230.0	2.1257271630047468e+16
22240.0	2.1279689074172436e+16
22250.0	2.1579711911662816e+16
22260.0	2.1480446729199804e+16
22270.0	2.0651873830428224e+16
22280.0	2.0800919629078536e+16
22290.0	2.086858909559755e+16
22300.0	2.1018316468516556e+16
22310.0	2.124365487842023e+16
22320.0	2.1490487867597988e+16
22330.0	2.05453902359689e+16
22340.0	2.1291789384009304e+16
22350.0	2.0345628995008468e+16
22360.0	2.0258920732015108e+16
22370.0	2.1252217782100228e+16
22380.0	2.1124242993544804e+16
22390.0	2.033258461086244e+16
22400.0	2.146664360710765e+16
22410.0	2.135180980498474e+16
22420.0	2.0470111217622724e+16
22430.0	2.0286368597107216e+16
22440.0	2.039173216554122e+16
22450.0	2.0765524651459984e+16
22460.0	2.1512536612674096e+16
22470.0	2.0186820208448416e+16
22480.0	2.0691489224384236e+16
22490.0	2.123538279934001e+16
22500.0	1.9706905592209132e+16
22510.0	2.1408299279097364e+16
22520.0	2.059262489881972e+16
22530.0	2.0809617683606624e+16
22540.0	2.0438434378430496e+16
22550.0	2.0278108615497536e+16
22560.0	2.0517123776388396e+16
22570.0	2.099887095025365e+16
22580.0	2.0301920078035124e+16
22590.0	2.085374344802226e+16
22600.0	2.064733352294505e+16
22610.0	2.0833884841854056e+16
22620.0	2.0749279447890696e+16
22630.0	2.0375056643553744e+16
22640.0	2.0246124294967544e+16
22650.0	1.96593805612564e+16
22660.0	2.0369326473297976e+16
22670.0	2.0477952572805604e+16
22680.0	2.048506048700311e+16
22690.0	2.015987444363023e+16
22700.0	1.977946900662948e+16
22710.0	2.0347232135452296e+16
22720.0	1.9546103446700428e+16
22730.0	2.037687872086729e+16
22740.0	2.077652434489213e+16
22750.0	2.035667214009357e+16
22760.0	2.025575722966499e+16
22770.0	2.085514697147401e+16
22780.0	2.0773282689379572e+16
22790.0	1.97015270513018e+16
22800.0	1.9189322134150228e+16
22810.0	1.928021521474246e+16
22820.0	2.072323507320127e+16
22830.0	2.045527738113627e+16
22840.0	1.961458271501081e+16
22850.0	2.0167097764581956e+16
22860.0	2.0421676239301584e+16
22870.0	2.0017261267578024e+16
22880.0	2.095789615517926e+16
22890.0	2.0156650569365744e+16
22900.0	2.023557726982536e+16
22910.0	1.9978025282694868e+16
22920.0	1.9108881023777404e+16
22930.0	1.955722223034127e+16
22940.0	1.2336472620805842e+16
22950.0	1.473086009756079e+16
22960.0	1.5531723769952428e+16
22970.0	1.5858788052464774e+16
22980.0	1.5671653150226194e+16
22990.0	1.6608497278758598e+16
23000.0	1.7314640398327294e+16
23010.0	1.466233207694629e+16
23020.0	1.7282527867382442e+16
23030.0	1.6744332354165318e+16
23040.0	1.74879275712025e+16
23050.0	1.6559841800227736e+16
23060.0	1.6524977289100722e+16
23070.0	1.684327447008426e+16
23080.0	1.6288903649120928e+16
23090.0	1.7019425312038412e+16
23100.0	1.5319679859716564e+16
23110.0	1.6289034393937254e+16
23120.0	1.6359230393665746e+16
23130.0	1.871636543375669e+16
23140.0	1.6275719213045542e+16
23150.0	1.508156082121087e+16
23160.0	1.6651276869408754e+16
23170.0	1.8278586092668484e+16
23180.0	1.5583620938292008e+16
23190.0	1.6719366107573544e+16
23200.0	1.8374808085896896e+16
23210.0	1.6502184972998894e+16
23220.0	1.6107608074677038e+16
23230.0	1.3505934945328996e+16
23240.0	1.3828849537709598e+16
23250.0	1.4914033676366998e+16
23260.0	1.65235148570419e+16
23270.0	1.5202754909564836e+16
23280.0	1.530022092784691e+16
23290.0	1.5900993083327486e+16
23300.0	1.451484120311238e+16
23310.0	1.592549093225922e+16
23320.0	1.5845984419503996e+16
23330.0	1.7311454244310826e+16
23340.0	1.5422683637860314e+16
23350.0	1.6393160670072164e+16
23360.0	1.5303988362026252e+16
23370.0	1.539243708383345e+16
23380.0	1.6993662055054316e+16
23390.0	1.5155437581602092e+16
23400.0	1.5410109633163772e+16
23410.0	1.5254412436977354e+16
23420.0	1.7131385973195578e+16
23430.0	1.6055694407420776e+16
23440.0	1.5929546082586744e+16
23450.0	1.3440926546096912e+16
23460.0	1.7783950526140834e+16
23470.0	1.690938060422261e+16
23480.0	1.6965829704237694e+16
23490.0	1.814439006869923e+16
23500.0	1.600653504696161e+16
23510.0	1.5595998908533094e+16
23520.0	1.5172360124120602e+16
23530.0	1.412072653786357e+16
23540.0	1.3687048249920808e+16
23550.0	1.729437207091974e+16
23560.0	1.420007635145162e+16
23570.0	1.6452800318556564e+16
23580.0	1.468522422232751e+16
23590.0	1.3232288799395548e+16
23600.0	1.6725806122600406e+16
23610.0	1.4383806100307884e+16
23620.0	1.5697250225619114e+16
23630.0	1.3920824554361726e+16
23640.0	1.5889070440021286e+16
23650.0	1.5962060230769878e+16
23660.0	1.5387082103990412e+16
23670.0	1.5252037545965394e+16
23680.0	1.4137871364093292e+16
23690.0	1.5274421245088656e+16
23700.0	1.5637718078742444e+16
23710.0	1.377054956816572e+16
23720.0	1.6992607154426016e+16
23730.0	1.4715439768127958e+16
23740.0	1.595235231436418e+16
23750.0	1.6479499689701868e+16
23760.0	1.4706633639049288e+16
23770.0	1.553363712080215e+16
23780.0	1.4277309408708274e+16
23790.0	1.5096212656901538e+16
23800.0	1.7053848126988846e+16
23810.0	1.3111808635980656e+16
23820.0	1.6791596959247032e+16
23830.0	1.386622393682948e+16
23840.0	1.2270309616780672e+16
23850.0	1.6698439849301928e+16
23860.0	1.3079692220086828e+16
23870.0	1.3525464168983174e+16
23880.0	1.3131281237615112e+16
23890.0	1.4110224309511556e+16
23900.0	1.7116956137839028e+16
23910.0	1.6072069479988692e+16
23920.0	1.2363928370302114e+16
23930.0	1.4611274248551672e+16
23940.0	1.7108883699925002e+16
23950.0	1.2868219469005312e+16
23960.0	1.563476959567487e+16
23970.0	1.4827265509392702e+16
23980.0	1.3130212031931996e+16
23990.0	1.6129833119123216e+16
24000.0	1.537882710726971e+16
24010.0	1.2913755375336242e+16
24020.0	1.5264090866138504e+16
24030.0	1.411627329678825e+16
24040.0	1.3253755334130218e+16
24050.0	1.5464041548304698e+16
24060.0	1.5032806016179798e+16
24070.0	1.3860722103112718e+16
24080.0	1.1932681573541052e+16
24090.0	1.4019553234838382e+16
24100.0	1.3258744959411336e+16
24110.0	1.4193714695986322e+16
24120.0	1.4333540655289034e+16
24130.0	1.3656981183075614e+16
24140.0	1.075183192302072e+16
24150.0	1.5912215684741214e+16
24160.0	1.351812339525346e+16
24170.0	1.2087309757503164e+16
24180.0	1.3482555564866602e+16
24190.0	1.300532266784647e+16
24200.0	1.1469428418183952e+16
24210.0	1.5525555736455848e+16
24220.0	1.1496033617371764e+16
24230.0	1.2871603984602088e+16
24240.0	1.4051437890348108e+16
24250.0	1.2995777357823202e+16
24260.0	1.2305706141305346e+16
24270.0	1.1768986810497612e+16
24280.0	1.184248321720362e+16
24290.0	1.4475404216424766e+16
24300.0	1.2922407367014128e+16
24310.0	1.1010527584765506e+16
24320.0	1.3334467107585506e+16
24330.0	1.3052893213840844e+16
24340.0	1.105565058009179e+16
24350.0	1.1495343712329486e+16
24360.0	1.2723040273036202e+16
24370.0	8532541193522311.0
24380.0	1.2377290763204096e+16
24390.0	1.4403345172665628e+16
24400.0	1.2539860405479664e+16
24410.0	1.2125291190516024e+16
24420.0	1.1861754032997498e+16
24430.0	1.1452933209537856e+16
24440.0	9650764827118150.0
24450.0	1.2196268449268026e+16
24460.0	1.168781327027537e+16
24470.0	1.1874378717183164e+16
24480.0	7931528865389876.0
24490.0	1.1757131742912214e+16
24500.0	1.3113515597758512e+16
24510.0	1.2396587824901566e+16
24520.0	8908282126550066.0
24530.0	8641128011483939.0
24540.0	7787853233846524.0
24550.0	1.009640259622752e+16
24560.0	1.2002523689544154e+16
24570.0	1.3243865135334074e+16
24580.0	1.322901329031985e+16
24590.0	1.2099305256343004e+16
24600.0	1.0223526367603046e+16
24610.0	6329495365745040.0
24620.0	1.1529313414556878e+16
24630.0	1.052583526078018e+16
24640.0	1.328640502287758e+16
24650.0	1.231701215162838e+16
24660.0	1.0634784012411044e+16
24670.0	1.0543840976693604e+16
24680.0	6600857063914155.0
24690.0	1.1069820962963502e+16
24700.0	9929190799598978.0
24710.0	9752904729017226.0
24720.0	9944535895729260.0
24730.0	9383080987883056.0
24740.0	7635453110822040.0
24750.0	7253904829577020.0
24760.0	7906499649092429.0
24770.0	1.2399498060100166e+16
24780.0	1.0766229443963804e+16
24790.0	6736735023918285.0
24800.0	1.0982656638477806e+16
24810.0	9509060195631752.0
24820.0	7074077403883070.0
24830.0	7845514889618877.0
24840.0	1.1466045818140652e+16
24850.0	1.2903149123519076e+16
24860.0	1.1187093857386918e+16
24870.0	8004097016372983.0
24880.0	7626892372896837.0
24890.0	7106422813657424.0
24900.0	5935928520254656.0
24910.0	6504081387063824.0
24920.0	1.0266252208920568e+16
24930.0	8824125231345551.0
24940.0	1.2959561573366312e+16
24950.0	9969085491893006.0
24960.0	8262371137190996.0
24970.0	8190389180003858.0
24980.0	5385552052562833.0
24990.0	9173129609670790.0
25000.0	9654865999369802.0
25010.0	9011255761075208.0
25020.0	1.0744930459821294e+16
25030.0	6572211536368223.0
25040.0	7886675532279100.0
25050.0	7062369621607799.0
25060.0	4108208668135437.5
25070.0	7725107307973211.0
25080.0	8850559938009182.0
25090.0	9586066949220788.0
25100.0	9518865570960888.0
25110.0	6653502013799851.0
25120.0	7562302787411029.0
25130.0	6676916735985055.0
25140.0	9274527539545954.0
25150.0	4225026352697195.5
25160.0	6815214888934155.0
25170.0	8703808907184235.0
25180.0	7293333513970716.0
25190.0	7613214222281587.0
25200.0	8211137450861481.0
25210.0	7958907141146740.0
25220.0	6896241532013177.0
25230.0	8352026315262754.0
25240.0	4989392619319807.0
25250.0	6200314090723717.0
25260.0	6348081557159560.0
25270.0	8514043672148947.0
25280.0	5538886324631902.0
25290.0	7331235453946917.0
25300.0	8818401659570810.0
25310.0	9477305685034748.0
25320.0	7225347163646042.0
25330.0	4121921885039822.0
25340.0	9040136323005450.0
25350.0	6989569388709740.0
25360.0	4992078049646193.0
25370.0	6327433445604262.0
25380.0	6501112237791728.0
25390.0	5689556627481395.0
25400.0	8815031370436572.0
25410.0	7658096668654765.0
25420.0	7505833848861515.0
25430.0	4553686271880812.0
25440.0	5446225375900769.0
25450.0	7126201266939367.0
25460.0	6694124402031013.0
25470.0	7454318288576633.0
25480.0	5054122142117005.0
25490.0	5102171989214017.0
25500.0	7295856937522188.0
25510.0	7791583195924201.0
25520.0	8147526072230965.0
25530.0	3500772003668317.0
25540.0	7737241553166195.0
25550.0	6883103656212570.0
25560.0	6368768077874407.0
25570.0	7059992993114692.0
25580.0	7840207706948924.0
25590.0	7616488127938164.0
25600.0	5914718833006366.0
25610.0	3693487497407890.0
25620.0	7731108718170021.0
25630.0	4358223305302141.5
25640.0	5917291046089904.0
25650.0	5810870432983627.0
25660.0	6689227537395131.0
25670.0	5923558193425608.0
25680.0	6430634538644729.0
25690.0	6284618636205936.0
25700.0	6209079758765115.0
25710.0	1.1379206235482754e+16
25720.0	8433585922153916.0
25730.0	6002224006382075.0
25740.0	4834371789015918.0
25750.0	5792363945756073.0
25760.0	6769278613493929.0
25770.0	3286236444239985.5
25780.0	4955054991157884.0
25790.0	6860075965628467.0
25800.0	1.0809005450838216e+16
25810.0	5862639622156960.0
25820.0	7511840530904689.0
25830.0	5371361310523855.0
25840.0	5664063208650693.0
25850.0	5948453881527565.0
25860.0	9027235584159022.0
25870.0	5126988103601995.0
25880.0	5838787699737298.0
25890.0	6455108547839815.0
25900.0	6921801127733695.0
25910.0	7449784023338937.0
25920.0	8198608077744806.0
25930.0	5113505450799202.0
25940.0	6464664377258325.0
25950.0	4994792737618477.0
25960.0	6248065983695811.0
25970.0	6769003938676616.0
25980.0	4920329439106583.0
25990.0	8482936722068387.0
