# Flux units: erg / (cm m2 s)
# Wavelength units: Angstrom
wave	flux
7000.0	21484.802519009467
7010.0	23300.097990800383
7020.0	24402.009900336943
7030.0	24968.380696671058
7040.0	26362.571061082126
7050.0	26048.25288104875
7060.0	27073.947248169054
7070.0	26911.970563536117
7080.0	26818.402124017302
7090.0	26183.020712144586
7100.0	24639.865675296256
7110.0	26913.562588867262
7120.0	28265.910559368076
7130.0	27285.187824160126
7140.0	27432.64738733625
7150.0	27883.830397817535
7160.0	27082.78089806378
7170.0	23601.83722457795
7180.0	24974.019615538524
7190.0	24409.029576380173
7200.0	22903.322331505024
7210.0	23761.488825330987
7220.0	22648.941313376843
7230.0	22974.905628711236
7240.0	21896.62142481501
7250.0	21330.155976537317
7260.0	20165.432688196153
7270.0	19459.578332161127
7280.0	18261.66442400531
7290.0	17828.773929119092
7300.0	17172.840735382546
7310.0	16447.494340148744
7320.0	15730.678137731815
7330.0	15033.011991978508
7340.0	13785.028642345822
7350.0	13394.34438816801
7360.0	12807.713928158144
7370.0	12044.313980964997
7380.0	11956.081478197522
7390.0	11400.413569177077
7400.0	9587.482586736272
7410.0	9389.289005280096
7420.0	9137.6147661655
7430.0	9428.876988370326
7440.0	8510.365861304235
7450.0	7240.333412698733
7460.0	7097.69353359382
7470.0	7993.616744356229
7480.0	7156.3966464511805
7490.0	5408.033529512998
7500.0	5480.168487301988
7510.0	6094.0962186635015
7520.0	4742.455605994579
7530.0	4285.604287447799
7540.0	4616.808797855982
7550.0	3766.6159046792345
7560.0	3461.466467952966
7570.0	3172.934977453108
7580.0	2910.385303623855
7590.0	2751.4706919172627
7600.0	2713.089457588656
7610.0	2344.057102094773
7620.0	2097.1395464231846
7630.0	1793.1404346565746
7640.0	1196.278729719398
7650.0	594.1225687174519
7660.0	158.60429108094033
7670.0	67.62493458917716
7680.0	348.7268983149463
7690.0	377.69174514448724
7700.0	96.15545869379335
7710.0	426.31523734200977
7720.0	749.3588581465455
7730.0	1107.2885288706111
7740.0	1820.8771375712706
7750.0	2624.112089088482
7760.0	3470.329411892885
7770.0	4213.49637724491
7780.0	4831.55559257932
7790.0	5451.0346193053365
7800.0	3518.181310946087
7810.0	6506.174105053787
7820.0	8180.7669646222175
7830.0	9625.412839655466
7840.0	10978.379248307006
7850.0	12549.339949994135
7860.0	14017.323205884002
7870.0	15831.428537838807
7880.0	18005.47628535299
7890.0	20314.87043514853
7900.0	23024.347468997654
7910.0	26162.05995167662
7920.0	29297.698088460056
7930.0	31891.417585402738
7940.0	32035.29365486038
7950.0	14575.092365398208
7960.0	40384.88174336018
7970.0	48831.488163543574
7980.0	55357.190724868255
7990.0	61247.8645194538
8000.0	67777.31116759502
8010.0	75084.84124169101
8020.0	82454.42477056608
8030.0	89617.83799231875
8040.0	96511.85393155899
8050.0	104251.7534341403
8060.0	112805.94534934581
8070.0	121528.49039296537
8080.0	132208.99276422567
8090.0	140519.93035583664
8100.0	148565.1304406986
8110.0	158021.56293752848
8120.0	165258.65970757778
8130.0	178625.50452588557
8140.0	186235.40814806815
8150.0	205176.06062897673
8160.0	219309.27089848506
8170.0	234820.67811853118
8180.0	255558.71678688095
8190.0	277098.5512010238
8200.0	285185.0878127963
8210.0	311771.79239601735
8220.0	331536.01392411184
8230.0	314290.93542857515
8240.0	358622.07560232334
8250.0	391897.4974919897
8260.0	415228.3343772894
8270.0	443017.40375586867
8280.0	459028.77953456435
8290.0	484415.3638998007
8300.0	494859.1606925543
8310.0	528449.2648904646
8320.0	554906.5647338149
8330.0	588902.3669782118
8340.0	610729.225668187
8350.0	662565.3988320606
8360.0	666182.6176731894
8370.0	728600.2073451299
8380.0	756429.6878315227
8390.0	799840.4918343168
8400.0	836298.815899701
8410.0	856811.239744488
8420.0	905120.5071603548
8430.0	971181.1802996251
8440.0	1002732.4432971769
8450.0	1059127.264222416
8460.0	1096290.2907859273
8470.0	1137268.702703064
8480.0	1207778.086530043
8490.0	1248196.2055548253
8500.0	1277936.653750583
8510.0	1310801.5505498492
8520.0	710504.9538068724
8530.0	1136167.0374505885
8540.0	1514997.9381008635
8550.0	1623024.9267735307
8560.0	1695784.482513374
8570.0	1736139.8818019645
8580.0	1851158.7465999578
8590.0	1931833.880770063
8600.0	1999881.2792204071
8610.0	2038677.4402178458
8620.0	2042156.7065227565
8630.0	2093799.5332332416
8640.0	2170023.623617938
8650.0	2270226.8912843815
8660.0	2410705.5572377387
8670.0	2476995.7642762153
8680.0	2558500.200753178
8690.0	2676113.4832830066
8700.0	2727089.9772527255
8710.0	2799649.5309868045
8720.0	2926667.6763997637
8730.0	3031357.7638323894
8740.0	3130318.448172459
8750.0	3237664.495566517
8760.0	3385585.602606177
8770.0	3446242.2702296367
8780.0	3606400.4681799593
8790.0	3679126.879449213
8800.0	3892621.618718666
8810.0	3861178.310118624
8820.0	4139128.5120071014
8830.0	4209505.781933286
8840.0	4430321.84679158
8850.0	4455627.698375249
8860.0	4654877.803954155
8870.0	4761470.771101877
8880.0	4970901.650127997
8890.0	4972643.716523326
8900.0	4994438.094040985
8910.0	4986647.138301929
8920.0	4538400.815006105
8930.0	4321280.429612748
8940.0	3437250.789371428
8950.0	2523241.452281426
8960.0	5150347.863944165
8970.0	5030215.25056444
8980.0	5660846.733509245
8990.0	5342609.838758827
9000.0	6098500.636717859
9010.0	6190745.86108911
9020.0	6658827.197456222
9030.0	6653164.638424461
9040.0	7417992.758915478
9050.0	7403991.863751213
9060.0	7437353.670081843
9070.0	7596643.15072331
9080.0	7524658.585816479
9090.0	7859595.833797022
9100.0	7947685.776406626
9110.0	7775475.461282409
9120.0	8498885.82708128
9130.0	7643822.653654678
9140.0	8341022.612550319
9150.0	8290266.1663375
9160.0	7962058.228066226
9170.0	8412417.543686291
9180.0	8476514.009752968
9190.0	8748924.430629244
9200.0	9065440.40955535
9210.0	9767121.565087857
9220.0	9570408.904800642
9230.0	10177676.14306575
9240.0	9195534.57364546
9250.0	9517824.66537626
9260.0	8525287.680898905
9270.0	7119661.67986062
9280.0	3184129.9831806226
9290.0	4430490.782780364
9300.0	4543787.024433777
9310.0	6084982.392478344
9320.0	5492544.579367324
9330.0	5314953.192724986
9340.0	5155662.515540453
9350.0	5737500.698103484
9360.0	5557462.286241409
9370.0	6381488.244251561
9380.0	6485909.010679893
9390.0	6860290.845323908
9400.0	8652923.794776583
9410.0	7659634.759535653
9420.0	7942020.305501226
9430.0	8218240.540592937
9440.0	8872921.359450446
9450.0	9397155.691761505
9460.0	7766315.353769152
9470.0	9977498.30153572
9480.0	7742693.774141197
9490.0	10598228.675768118
9500.0	6918902.231786738
9510.0	9402043.395978786
9520.0	7936666.8021661695
9530.0	10685013.266636739
9540.0	10373902.518147115
9550.0	9818777.010548418
9560.0	8184534.23950285
9570.0	7875472.095387982
9580.0	9598563.052885119
9590.0	8943105.305608913
9600.0	9095590.86328936
9610.0	9371825.15480188
9620.0	9622860.978668474
9630.0	11396343.036645265
9640.0	8210292.741901089
9650.0	11418015.022558413
9660.0	11758555.03490163
9670.0	9081774.756966557
9680.0	12771669.073056277
9690.0	11842832.679421397
9700.0	12260103.637443341
9710.0	12283272.577635292
9720.0	12300349.000092804
9730.0	11625811.81978193
9740.0	12155855.879354056
9750.0	13902436.64327121
9760.0	11538545.75363033
9770.0	14432851.788513742
9780.0	13632489.0122383
9790.0	13512443.946632205
9800.0	14540866.680250665
9810.0	15241784.06862802
9820.0	13477183.805607058
9830.0	14561140.092835706
9840.0	15700508.979115147
9850.0	14266470.904723281
9860.0	16296229.045360807
9870.0	16583497.80810816
9880.0	16886193.246158414
9890.0	18392382.097728223
9900.0	16972544.623888444
9910.0	18756057.11914765
9920.0	17690653.49619337
9930.0	18535453.309995797
9940.0	18325914.083945896
9950.0	20639354.79565527
9960.0	19095959.28692362
9970.0	19093563.66786145
9980.0	19043460.57850902
9990.0	17706944.311246876
10000.0	18606290.600930344
10010.0	18240816.417168166
10020.0	17863439.72776393
10030.0	18580360.281486716
10040.0	19444317.3853478
10050.0	21327958.73874485
10060.0	19716573.506547764
10070.0	21453314.699378993
10080.0	20451637.85611877
10090.0	21454858.958115168
10100.0	23724049.501804847
10110.0	22164547.803801153
10120.0	23110476.839986518
10130.0	24412299.731844764
10140.0	24401087.26744719
10150.0	24810114.591543216
10160.0	26075398.994049948
10170.0	25296139.979163256
10180.0	26498378.622441497
10190.0	26775509.899332304
10200.0	26689498.040159613
10210.0	27919282.130806427
10220.0	27708762.870957386
10230.0	27838296.30815033
10240.0	29691013.294817805
10250.0	28597653.13675704
10260.0	28573659.53953067
10270.0	29153036.896207016
10280.0	30391493.11760637
10290.0	30032263.87806074
10300.0	30670740.173922878
10310.0	31010114.393493365
10320.0	31465973.598694466
10330.0	31320426.697721317
10340.0	31902869.042799897
10350.0	32201759.536661685
10360.0	32412429.554600123
10370.0	32891522.776810337
10380.0	33456362.976379003
10390.0	32537850.498994675
10400.0	33377753.57507269
10410.0	34287823.301543534
10420.0	33954139.179980814
10430.0	34123021.598004706
10440.0	34302017.11325449
10450.0	34427147.849682696
10460.0	34701782.28538642
10470.0	34892707.75044819
10480.0	34764585.086887
10490.0	35571735.44837106
10500.0	35664589.82679118
10510.0	35588500.88198031
10520.0	35732597.369102314
10530.0	35579958.92326718
10540.0	36310830.30904427
10550.0	36472698.607054085
10560.0	36531532.98779288
10570.0	36594826.75602309
10580.0	36198163.0520378
10590.0	36936597.64137518
10600.0	36271997.87491914
10610.0	37215291.519335315
10620.0	37697845.05209788
10630.0	36891517.207007766
10640.0	38272689.95853435
10650.0	36855015.133293554
10660.0	38333476.95310482
10670.0	38105343.3583207
10680.0	37504949.276064016
10690.0	37646101.94297418
10700.0	38355359.69012851
10710.0	38063177.07888969
10720.0	37933034.78478285
10730.0	38712551.38112212
10740.0	39354335.09727611
10750.0	37520541.846399784
10760.0	39334979.64748269
10770.0	38036092.47560075
10780.0	38337019.758350074
10790.0	39493099.807906315
10800.0	38701690.056462765
10810.0	38744697.07122899
10820.0	38824506.32978645
10830.0	39882456.81169916
10840.0	38439171.56122104
10850.0	39318382.85625687
10860.0	37768282.543617964
10870.0	35713559.081336215
10880.0	37527869.85383596
10890.0	36080413.92688219
10900.0	31623240.325865865
10910.0	33144357.040276643
10920.0	30709062.34972621
10930.0	25762403.543944098
10940.0	26762752.214663904
10950.0	23105615.771858666
10960.0	20850823.443617705
10970.0	26095231.79456431
10980.0	23625965.09657732
10990.0	22481690.497682825
11000.0	20799612.28419556
11010.0	19503471.07032415
11020.0	22481020.39276368
11030.0	16946415.966005273
11040.0	19524451.519126352
11050.0	21510487.421624865
11060.0	15088321.46615702
11070.0	20077064.05604427
11080.0	16184755.982395897
11090.0	19520042.03947162
11100.0	14327937.203638978
11110.0	12332305.231995808
11120.0	15679644.205284664
11130.0	12552194.381724305
11140.0	11778969.608283004
11150.0	13698537.179180432
11160.0	14600180.806013929
11170.0	6263536.980133318
11180.0	14330611.038114183
11190.0	12334394.438232394
11200.0	7498402.706245913
11210.0	14057060.771034434
11220.0	9515177.606123896
11230.0	7569751.231840853
11240.0	8745300.91458024
11250.0	11058788.714106325
11260.0	9714151.102495497
11270.0	12807942.822640553
11280.0	9975589.854973763
11290.0	11036155.066393383
11300.0	8393879.06882403
11310.0	11187522.961993955
11320.0	11634770.71507192
11330.0	9468247.121883236
11340.0	4928374.0164117655
11350.0	1703098.085448253
11360.0	6088702.567303295
11370.0	6381783.889044171
11380.0	10679305.197585657
11390.0	12777062.677758098
11400.0	12160175.902978484
11410.0	13734835.191357043
11420.0	13351527.82800957
11430.0	10350096.673717095
11440.0	5711755.035871803
11450.0	11749380.18583541
11460.0	11716110.67340031
11470.0	11222381.176509375
11480.0	10279062.55835367
11490.0	11375002.753563488
11500.0	7788287.893828847
11510.0	8440793.95262802
11520.0	7435747.293437137
11530.0	5802676.631504927
11540.0	4454262.80123356
11550.0	6856388.823871926
11560.0	5739016.537474164
11570.0	4089828.3491923646
11580.0	6734765.206615407
11590.0	11555349.567960532
11600.0	7276453.44636668
11610.0	8025804.089634023
11620.0	4196620.325689421
11630.0	5188510.524157399
11640.0	4819730.890530428
11650.0	4940375.114464975
11660.0	6022429.639244884
11670.0	6222950.2977240775
11680.0	7813552.515770548
11690.0	5929043.327704666
11700.0	6498833.771930958
11710.0	10480777.304613024
11720.0	10231520.965546586
11730.0	10287856.722996831
11740.0	8805620.029872319
11750.0	10555782.303451726
11760.0	9394055.212299455
11770.0	9690902.855335103
11780.0	7242944.91207869
11790.0	14488208.907487255
11800.0	13397333.567651233
11810.0	15224508.57103351
11820.0	14101527.581066934
11830.0	16934165.367413428
11840.0	14956194.783762181
11850.0	18602426.057296038
11860.0	16681227.301618332
11870.0	17972950.92785297
11880.0	15514863.761159688
11890.0	16050742.70460153
11900.0	20066952.00373131
11910.0	20612697.527474083
11920.0	20469075.38824319
11930.0	26730223.355266493
11940.0	23823373.52246534
11950.0	25360135.09535402
11960.0	26214791.491670944
11970.0	28200321.126854308
11980.0	29116479.456823986
11990.0	25849080.703675102
12000.0	29943894.503900208
12010.0	31301824.226356428
12020.0	30394405.808060817
12030.0	28750066.288725674
12040.0	31112290.05072508
12050.0	33909882.45428766
12060.0	38885095.56557345
12070.0	30739075.64346642
12080.0	33150033.466661584
12090.0	35751431.54729129
12100.0	39773051.759234205
12110.0	35244762.50941537
12120.0	36451245.67680182
12130.0	36357420.543082766
12140.0	40074748.06487076
12150.0	37839415.82518057
12160.0	41091179.867609166
12170.0	40130301.32585197
12180.0	41031773.76217052
12190.0	42238888.892131574
12200.0	42604201.78918468
12210.0	41482302.6457771
12220.0	42467462.247656174
12230.0	42824267.703356795
12240.0	43123786.707689025
12250.0	41928805.96551272
12260.0	45547623.72953812
12270.0	46218287.77959603
12280.0	45740369.75943978
12290.0	44937446.095881455
12300.0	45714987.2393086
12310.0	47152603.2086831
12320.0	47595954.67686558
12330.0	45707388.87156155
12340.0	47271019.38566204
12350.0	49133459.82139687
12360.0	49466985.19834529
12370.0	46563263.57938365
12380.0	50569215.46741812
12390.0	51238621.71984427
12400.0	51382842.42729134
12410.0	49171393.09807485
12420.0	50822517.04601288
12430.0	48982899.72810052
12440.0	44389478.18642799
12450.0	54181131.24238568
12460.0	52245285.05179116
12470.0	54484025.742683776
12480.0	52144140.88212436
12490.0	52965884.502541274
12500.0	54539983.31725145
12510.0	53571002.63634738
12520.0	48914500.353767306
12530.0	45418444.164744236
12540.0	51675976.49864837
12550.0	53209786.90348707
12560.0	57431448.558311164
12570.0	55708507.98417006
12580.0	52959242.0163902
12590.0	54074878.21497518
12600.0	54435398.21284555
12610.0	55034227.51050774
12620.0	55097748.83846255
12630.0	55153341.12986372
12640.0	51415259.54279912
12650.0	56160375.293713585
12660.0	52346827.2269035
12670.0	53325809.51275116
12680.0	54206957.59402171
12690.0	53609824.4884645
12700.0	55062844.42489538
12710.0	53657524.4221752
12720.0	52066388.50738324
12730.0	50726905.00348157
12740.0	49024559.81224738
12750.0	56036424.13632846
12760.0	51385833.55738836
12770.0	52636555.06449404
12780.0	54482065.03500197
12790.0	50719338.1474205
12800.0	45742275.753339425
12810.0	52389135.59215954
12820.0	56289724.29374453
12830.0	44705559.54415694
12840.0	51725537.79946237
12850.0	49195637.202672526
12860.0	48503945.93487925
12870.0	46629460.64395987
12880.0	46595278.19768283
12890.0	45036383.03392583
12900.0	51707143.97705207
12910.0	49526294.49025284
12920.0	37092515.58420095
12930.0	47571296.169098616
12940.0	52602727.73752059
12950.0	44535745.01210167
12960.0	42334373.48194858
12970.0	40778914.742437705
12980.0	54185621.35308039
12990.0	49633324.84937422
13000.0	44774640.039178975
13010.0	39111955.941245124
13020.0	45760692.23228062
13030.0	44453517.176182
13040.0	42982260.085103475
13050.0	48054773.104096234
13060.0	46876424.709468655
13070.0	36436857.410859734
13080.0	45700976.21583315
13090.0	42335569.720912926
13100.0	36278423.03684362
13110.0	39451995.6159871
13120.0	40073111.584838025
13130.0	36627208.85187895
13140.0	37629279.60816142
13150.0	35448879.96736594
13160.0	37396244.74470887
13170.0	37179463.278929174
13180.0	37046057.05297385
13190.0	31664786.487025242
13200.0	38341718.062179826
13210.0	41379012.03950462
13220.0	35241781.19324721
13230.0	36265943.95144938
13240.0	32298463.444337364
13250.0	25803383.529570784
13260.0	36064776.09979318
13270.0	30070310.261577584
13280.0	31944251.78180989
13290.0	22718946.48803494
13300.0	14054893.815721491
13310.0	5730105.63737802
13320.0	4133028.726094977
13330.0	8934153.649623359
13340.0	9854840.991985692
13350.0	4515263.779393245
13360.0	5729923.439047313
13370.0	3320630.405037155
13380.0	2665104.628542803
13390.0	3289249.825366522
13400.0	6033416.794750437
13410.0	4442393.079893798
13420.0	2000409.4715659732
13430.0	1791443.6475636784
13440.0	2555757.674692128
13450.0	1607549.819804672
13460.0	2190090.562347
13470.0	1237222.1883710043
13480.0	652488.6885261654
13490.0	1959644.9130793829
13500.0	1799810.4409495026
13510.0	1103671.7207852434
13520.0	1044785.6848415568
13530.0	1785789.7032923752
13540.0	622638.5966200796
13550.0	648931.1252843853
13560.0	1402509.90726405
13570.0	729155.1549864056
13580.0	782757.0596881327
13590.0	746644.0334755494
13600.0	1317077.978500732
13610.0	939684.9355316153
13620.0	383393.12727099267
13630.0	1728689.8288263697
13640.0	1335432.4558563523
13650.0	743001.5677047594
13660.0	2229574.783953738
13670.0	1821094.5208273532
13680.0	1414413.7584581543
13690.0	1432996.0202446776
13700.0	1360231.1764247844
13710.0	961076.2777796232
13720.0	873872.8479289028
13730.0	1081937.5696490277
13740.0	1035418.8033217511
13750.0	1424262.6310343852
13760.0	2073812.6166228415
13770.0	1254618.7887843
13780.0	2124335.2069061953
13790.0	1237644.3728654212
13800.0	1684612.1992389413
13810.0	991437.3001925612
13820.0	2231395.7550769025
13830.0	822597.1385266901
13840.0	1848793.1377441376
13850.0	1024324.8980607812
13860.0	1125456.7976097895
13870.0	2274547.059750639
13880.0	904735.4297051363
13890.0	3049515.4441211736
13900.0	1748575.5438847712
13910.0	1315495.7982344085
13920.0	1030013.3550285973
13930.0	2288078.4123418904
13940.0	1702235.5507102828
13950.0	1133065.4730617427
13960.0	1996311.5571291577
13970.0	1616148.7495199824
13980.0	1211553.137585154
13990.0	1610170.0625822246
14000.0	1249290.8224104682
14010.0	481448.3973040553
14020.0	2347920.771377934
14030.0	1530378.2864081436
14040.0	1235894.0581632876
14050.0	1063710.5137717437
14060.0	2369154.1601851163
14070.0	895786.9835823769
14080.0	1214518.9829318987
14090.0	687724.5850079183
14100.0	924908.7927511077
14110.0	1839590.2296219391
14120.0	846566.5502505501
14130.0	2440229.917924293
14140.0	1287074.2595639587
14150.0	1231992.2025083958
14160.0	2227059.4233398973
14170.0	1605815.762017392
14180.0	982458.616661657
14190.0	936139.6634548528
14200.0	1489083.0369947825
14210.0	1929671.2712796465
14220.0	1324844.4366116836
14230.0	1078453.212527172
14240.0	1148787.6722969208
14250.0	1612041.8523998845
14260.0	979044.4615627866
14270.0	1795899.0050832564
14280.0	1422926.7893468959
14290.0	861626.7923498497
14300.0	3688005.9538214155
14310.0	3583115.125105811
14320.0	1260988.1142982147
14330.0	1815308.6314795006
14340.0	726275.5079182975
14350.0	3031560.836774998
14360.0	2689268.23974784
14370.0	2013412.4820831723
14380.0	2586238.7957245135
14390.0	2594061.742083675
14400.0	2255636.080445113
14410.0	2388941.414390819
14420.0	2141964.62005222
14430.0	4021891.5301857363
14440.0	3673215.095922307
14450.0	1175186.5690087953
14460.0	2039851.3418717154
14470.0	2048269.3738203426
14480.0	4357543.156054055
14490.0	5963006.961077507
14500.0	2579286.8468218097
14510.0	2274309.7868505633
14520.0	6494876.254646584
14530.0	6418315.170771388
14540.0	2991081.1285073264
14550.0	7468998.889078964
14560.0	2903258.0550515265
14570.0	3953441.578864154
14580.0	6069611.601925453
14590.0	7507864.153865352
14600.0	7069279.248648813
14610.0	4464037.967879082
14620.0	3911989.5397186726
14630.0	2702458.0234144814
14640.0	7404582.534589867
14650.0	6449988.031737273
14660.0	7829120.153328293
14670.0	6239438.96173029
14680.0	4597204.936638146
14690.0	3625048.4512226107
14700.0	4652907.481245474
14710.0	5054219.581671543
14720.0	5212390.582449385
14730.0	7674474.748138493
14740.0	5136034.18463727
14750.0	5115695.179683673
14760.0	5201020.555323971
14770.0	5607221.626180144
14780.0	7967915.079286873
14790.0	8681584.800750062
14800.0	4133000.6367196143
14810.0	9021111.456936501
14820.0	5191343.9296739455
14830.0	5678345.657995013
14840.0	10279532.943607483
14850.0	6324593.119086098
14860.0	6117839.635891052
14870.0	10230102.609007148
14880.0	7166813.768055674
14890.0	8256986.72601608
14900.0	5335504.553259601
14910.0	12708117.898201978
14920.0	6266262.2017773
14930.0	9196935.091965055
14940.0	5138386.536951045
14950.0	9434284.473088538
14960.0	9485979.99038512
14970.0	9118665.066398026
14980.0	9313371.172869021
14990.0	11549404.607197978
15000.0	9687278.86259569
15010.0	10606645.515851017
15020.0	5655939.61492617
15030.0	14354813.041526405
15040.0	7456253.815467227
15050.0	10701429.356644461
15060.0	11269877.211216412
15070.0	13024348.513900658
15080.0	9915271.611584568
15090.0	14270745.628803661
15100.0	12239220.94438878
15110.0	9964756.58155213
15120.0	15499635.796902033
15130.0	9907462.638375424
15140.0	11586092.46041536
15150.0	19938338.95984692
15160.0	16439059.825468833
15170.0	12899179.865738852
15180.0	12171735.453226695
15190.0	11835297.748991497
15200.0	14045623.700401457
15210.0	17579538.696643356
15220.0	13349302.124446824
15230.0	20847286.874795888
15240.0	18927020.021287657
15250.0	12617329.511688905
15260.0	16232557.976173606
15270.0	15346002.1995194
15280.0	19463235.0991161
15290.0	23095337.423936807
15300.0	19741737.98851218
15310.0	18005985.06762602
15320.0	14275095.215743897
15330.0	17637923.387878563
15340.0	27997149.79349069
15350.0	21483864.769368384
15360.0	21021300.68322726
15370.0	18106567.71856766
15380.0	20057859.925099578
15390.0	26350803.753865033
15400.0	24405041.31231978
15410.0	23055009.602691565
15420.0	25534305.252526816
15430.0	24664959.016492404
15440.0	19318913.16037792
15450.0	28880148.987948854
15460.0	32152603.713160645
15470.0	27827635.400975503
15480.0	29559120.03941848
15490.0	27689788.71228021
15500.0	30189404.09900902
15510.0	25222109.45339885
15520.0	27415686.64063374
15530.0	34330710.89315376
15540.0	36426409.51314005
15550.0	32281729.13471934
15560.0	28705328.590393182
15570.0	29247072.0866079
15580.0	23266108.576628666
15590.0	24883049.5428772
15600.0	30262016.762924653
15610.0	29399226.23675801
15620.0	36049446.73440132
15630.0	32114661.827956937
15640.0	30624647.89584475
15650.0	28225591.652142745
15660.0	31659485.46781549
15670.0	39779866.563856274
15680.0	42350385.42322399
15690.0	33726384.60947354
15700.0	37596014.95950279
15710.0	39015087.97959619
15720.0	34810027.330811486
15730.0	36112097.79233757
15740.0	44128865.44012626
15750.0	41856450.77078694
15760.0	41721286.75667823
15770.0	40591001.751262255
15780.0	35567235.6752148
15790.0	33235600.099397715
15800.0	37324419.965894304
15810.0	33951285.935520574
15820.0	39257198.16707864
15830.0	37156151.35703608
15840.0	38994931.16202414
15850.0	38260746.12971642
15860.0	42437601.88918147
15870.0	37396689.84940405
15880.0	41326570.00417141
15890.0	41189114.98627571
15900.0	40195477.26168721
15910.0	42660388.75644217
15920.0	36333157.61311983
15930.0	40383791.398672685
15940.0	43146317.43932978
15950.0	40939942.93771711
15960.0	43323299.596916154
15970.0	36002401.83263934
15980.0	42273238.52133763
15990.0	40033580.0691591
16000.0	42248394.80051178
16010.0	43327960.81729322
16020.0	36646459.35449215
16030.0	40609463.50255916
16040.0	36298312.92578481
16050.0	41693786.38220546
16060.0	36952800.79459491
16070.0	37704814.21084058
16080.0	41320179.16306825
16090.0	31324506.91842889
16100.0	40673755.90411628
16110.0	34296209.045464806
16120.0	40567001.5703203
16130.0	32210556.579846423
16140.0	39924769.34703263
16150.0	34010576.762846746
16160.0	36546918.43992848
16170.0	33177925.145071007
16180.0	30549885.467494767
16190.0	28659723.596886292
16200.0	32100015.31086307
16210.0	29760492.608429175
16220.0	39969384.709857136
16230.0	41608049.13750334
16240.0	41741583.11604194
16250.0	41580552.95386215
16260.0	37980888.27932973
16270.0	42448249.56665647
16280.0	42837446.8398575
16290.0	37902845.454452865
16300.0	38284335.83447796
16310.0	31952657.456602376
16320.0	36265359.99251816
16330.0	32746715.17067398
16340.0	35690285.55408135
16350.0	33518269.933919612
16360.0	33285344.91480857
16370.0	35613916.78631662
16380.0	29294368.551898513
16390.0	37645414.5097619
16400.0	32596093.97990962
16410.0	38839296.26436293
16420.0	31830730.276425734
16430.0	28659181.87880599
16440.0	37038952.43052696
16450.0	32217909.150444344
16460.0	29949434.430916898
16470.0	29125375.90844975
16480.0	32395438.76111234
16490.0	31886934.901584316
16500.0	35275597.91373544
16510.0	34076038.965072125
16520.0	40388287.91893568
16530.0	36530102.4750629
16540.0	36001502.25751084
16550.0	34944579.47287721
16560.0	25280344.385769904
16570.0	30421970.309806827
16580.0	26423444.958613295
16590.0	26541973.041055903
16600.0	32133218.52808579
16610.0	32418419.098480593
16620.0	27988792.02682537
16630.0	30901110.115262013
16640.0	34211012.27549626
16650.0	30742923.648066867
16660.0	21228336.42035143
16670.0	22506291.250964448
16680.0	16821614.264861792
16690.0	18263070.962454386
16700.0	24698810.749575935
16710.0	16982717.183654543
16720.0	16660059.362723231
16730.0	21753682.608791593
16740.0	25649780.763741005
16750.0	28739404.891281545
16760.0	32405511.60167048
16770.0	32254611.001569238
16780.0	27251747.669058166
16790.0	33443418.998594478
16800.0	31940082.536600012
16810.0	30321618.8155433
16820.0	31777047.939877905
16830.0	26495587.444876492
16840.0	18550214.114888545
16850.0	24478886.29284607
16860.0	21555238.59083892
16870.0	16199306.97169313
16880.0	17914663.87476373
16890.0	16191170.364445517
16900.0	18352758.045714457
16910.0	15431070.697973525
16920.0	18331261.886691157
16930.0	21811084.353735078
16940.0	14871149.048281547
16950.0	18538609.22946908
16960.0	15336631.898384703
16970.0	11302797.464167105
16980.0	17487895.403886188
16990.0	17909134.319722846
17000.0	18499530.09079241
17010.0	16174046.655280741
17020.0	23358443.112547126
17030.0	18944756.861127283
17040.0	15178720.847230086
17050.0	18943314.17425691
17060.0	23237823.5651815
17070.0	19055562.242891278
17080.0	15464854.196620539
17090.0	20011925.83692181
17100.0	24369777.69434576
17110.0	13689144.3465409
17120.0	16612374.900805527
17130.0	20608558.68010967
17140.0	18453559.728784557
17150.0	19493198.745550442
17160.0	21326505.726304717
17170.0	24287430.072234306
17180.0	15721302.803069524
17190.0	16558223.383173108
17200.0	17804352.184467096
17210.0	14710886.506556042
17220.0	19480256.553438
17230.0	14906336.691723602
17240.0	14124118.104928972
17250.0	13466798.273732347
17260.0	16489812.250017084
17270.0	12131245.351161212
17280.0	14129692.172204098
17290.0	15264521.55127927
17300.0	17548623.61066373
17310.0	18472478.768029064
17320.0	11457277.131875036
17330.0	18826480.4556033
17340.0	17486009.36410122
17350.0	15388303.858205898
17360.0	15432660.29830603
17370.0	10553591.492606558
17380.0	14513280.553932175
17390.0	16695676.038785515
17400.0	13784244.827647792
17410.0	11175821.661232885
17420.0	14946040.054977242
17430.0	13278404.338108096
17440.0	11891599.415263884
17450.0	11640893.808595216
17460.0	11404263.112247508
17470.0	8543525.766229397
17480.0	11968779.63965219
17490.0	13059638.064017557
17500.0	12630705.168707807
17510.0	8840068.700366404
17520.0	11882034.93560629
17530.0	15244440.401621649
17540.0	9567851.779456856
17550.0	11653980.272027738
17560.0	8417128.185547763
17570.0	12115426.190965293
17580.0	8340326.194714276
17590.0	12068153.195668835
17600.0	19802401.219878748
17610.0	8767548.498077715
17620.0	12393924.001589887
17630.0	6536852.8683246765
17640.0	15545626.94985665
17650.0	12977378.786999283
17660.0	12896773.922782334
17670.0	9013685.556491155
17680.0	4756919.950205273
17690.0	8377769.844192249
17700.0	8288600.668183781
17710.0	8529924.849957688
17720.0	8957373.105181089
17730.0	5778432.011209819
17740.0	9648298.757999297
17750.0	5631339.820922223
17760.0	5056263.08980313
17770.0	7464746.455214587
17780.0	7696719.771589398
17790.0	7919388.464271047
17800.0	9149450.073562667
17810.0	5631424.865681639
17820.0	7555391.311205295
17830.0	6776788.790680832
17840.0	7638743.4835015675
17850.0	4667010.238977298
17860.0	3541366.547601618
17870.0	3934904.5359828654
17880.0	6938034.929315359
17890.0	7950512.963725312
17900.0	8904674.068778984
17910.0	3620494.487369735
17920.0	3805186.8583587147
17930.0	5555387.834517106
17940.0	4201020.294789178
17950.0	6834111.203258127
17960.0	4470622.197388195
17970.0	5812186.843495867
17980.0	7388923.52824827
17990.0	11841078.429918744
18000.0	2712617.8848243034
18010.0	2243960.039233477
18020.0	3136274.407857657
18030.0	4381092.223925652
18040.0	7185259.456413502
18050.0	5134449.483841802
18060.0	1463284.0163498034
18070.0	3163988.895370888
18080.0	4967131.357809003
18090.0	3651620.294631086
18100.0	6543185.02295925
18110.0	1742852.8191732052
18120.0	4394330.656085536
18130.0	4397613.677112502
18140.0	10943997.752550425
18150.0	5974766.411741412
18160.0	3321148.0187608916
18170.0	4215065.529999884
18180.0	5271699.619149177
18190.0	4702662.138207962
18200.0	3033455.3439439475
18210.0	2607347.596431287
18220.0	1660117.8935412148
18230.0	5948449.441235642
18240.0	11589775.435036382
18250.0	6502046.377757505
18260.0	3650652.674950732
18270.0	4101134.921508322
18280.0	4131063.820930862
18290.0	5744888.715660298
18300.0	5606775.722530801
18310.0	3014915.0157197807
18320.0	5241581.803890964
18330.0	3081704.2906608153
18340.0	6118765.710728364
18350.0	2451702.8342753984
18360.0	3560920.4416659162
18370.0	4542614.068749231
18380.0	3332365.8000669447
18390.0	4279051.309811491
18400.0	2618608.5273674033
18410.0	7005038.900731098
18420.0	1564563.8194444352
18430.0	5003601.881397773
18440.0	3575402.751066872
18450.0	6618863.901476373
18460.0	2651099.7944119917
18470.0	2165835.302149563
18480.0	2857369.0760327396
18490.0	3967092.403257637
18500.0	2279269.053975718
18510.0	4385496.726407412
18520.0	7238329.161929515
18530.0	3547629.6551372916
18540.0	2296055.902698075
18550.0	5605700.720086258
18560.0	4194426.822386388
18570.0	2051703.2890601782
18580.0	1950039.613494845
18590.0	3868603.906660997
18600.0	1500722.5324634742
18610.0	1356875.1998062325
18620.0	4933563.834179127
18630.0	2899413.728306236
18640.0	1942818.4238882207
18650.0	1216612.1957327065
18660.0	4841991.064137587
18670.0	2765943.443393123
18680.0	941704.7440683134
18690.0	3770372.943201104
18700.0	2610834.4031630424
18710.0	1883858.359357861
18720.0	4361772.934116658
18730.0	1727430.0292276288
18740.0	3575841.0147784166
18750.0	3937706.2074226136
18760.0	4786593.583263859
18770.0	2148867.148025862
18780.0	4197256.907117329
18790.0	4384571.137958506
18800.0	7569508.6471494
18810.0	2971286.3661908414
18820.0	5669429.089578472
18830.0	7846317.758447891
18840.0	5779719.559401937
18850.0	2646930.4629448387
18860.0	6591073.729092367
18870.0	6135426.690172976
18880.0	8033388.862847381
18890.0	5431878.910695995
18900.0	4630590.038249825
18910.0	6761847.690123375
18920.0	3128512.3909717863
18930.0	5891000.594501631
18940.0	5834680.864123308
18950.0	9135291.3531537
18960.0	7436472.0452225
18970.0	9719295.23286932
18980.0	4435746.891021295
18990.0	5766848.793344008
19000.0	6260757.473587966
19010.0	4474471.5094315605
19020.0	9080611.7138121
19030.0	4933870.817700282
19040.0	6570978.965541884
19050.0	5532455.990109164
19060.0	3501862.9788683667
19070.0	4091559.721440416
19080.0	11408751.75386391
19090.0	8771806.286807094
19100.0	7924919.63220663
19110.0	3842858.3792091524
19120.0	4869537.84423497
19130.0	6684450.742988935
19140.0	3491118.8734437022
19150.0	7848722.525732183
19160.0	5783350.306164458
19170.0	5125393.679526641
19180.0	8840662.045640342
19190.0	12333027.71710215
19200.0	2753793.3647070252
19210.0	2551241.2679811097
19220.0	7316301.304044942
19230.0	7947367.6979181385
19240.0	2244634.333938326
19250.0	6818870.922469637
19260.0	6681802.415230874
19270.0	3060219.3228284027
19280.0	6855236.647585408
19290.0	3899385.1195819853
19300.0	6067905.886069972
19310.0	2990256.117947683
19320.0	4910307.691690892
19330.0	4939444.022686288
19340.0	3166091.2738234345
19350.0	4906871.577851191
19360.0	3259961.056439069
19370.0	4936050.496129565
19380.0	4577325.856365441
19390.0	2780569.0749379955
19400.0	2409687.1145680714
19410.0	1562254.6996157304
19420.0	4513589.383145802
19430.0	5955673.497990987
19440.0	4505576.32041506
19450.0	2891140.9826199035
19460.0	4585515.63192368
19470.0	5798434.631078358
19480.0	2411672.7333524795
19490.0	2759915.7175393514
19500.0	4781535.125408446
19510.0	8240696.051166482
19520.0	5866085.578404845
19530.0	2500509.6271571796
19540.0	4324094.792353222
19550.0	3270270.1941391937
19560.0	2747514.2024949617
19570.0	4799167.826394228
19580.0	4286736.333631109
19590.0	6763227.814059921
19600.0	4864291.314237078
19610.0	3612649.0339208217
19620.0	4015901.262824828
19630.0	4516829.169476036
19640.0	6143495.404998786
19650.0	4147101.0899635595
19660.0	5014880.797433409
19670.0	6469091.289429208
19680.0	3452559.573391035
19690.0	5504931.230786795
19700.0	6850126.736488193
19710.0	3696142.48044087
19720.0	6989614.701235048
19730.0	6296626.670524293
19740.0	4277461.738012132
19750.0	5335952.643281608
19760.0	3171530.7629573406
19770.0	8441644.233069077
19780.0	6135350.125018817
19790.0	7683796.7122959355
19800.0	3449710.056339246
19810.0	7063806.359614901
19820.0	4605491.028932815
19830.0	5640308.464269548
19840.0	5764686.68895346
19850.0	7318453.015580728
19860.0	7070026.302259315
19870.0	9247802.64781994
19880.0	5224522.430465219
19890.0	6248447.275975227
19900.0	3352750.933624892
19910.0	6751636.165415535
19920.0	5688394.337499759
19930.0	7983051.461044817
19940.0	9216514.6588936
19950.0	6549407.712874378
19960.0	7814382.2948364
19970.0	7577581.354099295
19980.0	4632693.709948535
19990.0	9413097.873581847
20000.0	5302566.329047832
20010.0	6906147.696171282
20020.0	7434001.283091789
20030.0	7572797.009748393
20040.0	9471478.5480683
20050.0	7630403.153039517
20060.0	6413334.683613833
20070.0	6070324.839340885
20080.0	11923986.188312415
20090.0	4846072.867253697
20100.0	7565367.774683951
20110.0	7725256.716091826
20120.0	9851963.562511764
20130.0	8261762.018877044
20140.0	10607274.351222089
20150.0	9746259.181766983
20160.0	7308838.024471083
20170.0	6065112.768164624
20180.0	9485309.650624538
20190.0	7994328.949244205
20200.0	6572546.22563281
20210.0	8553420.294472236
20220.0	11090634.397097878
20230.0	10092810.627940206
20240.0	12960181.701066017
20250.0	9930416.570170842
20260.0	7677177.045041764
20270.0	10634654.816881888
20280.0	10001034.183242286
20290.0	6882750.97917259
20300.0	12015877.859793227
20310.0	7926674.627875002
20320.0	13421174.681250788
20330.0	9924907.060621617
20340.0	10125829.981772542
20350.0	13187868.845156182
20360.0	9681444.616035033
20370.0	15257809.446896212
20380.0	12487674.534360647
20390.0	12291402.618966198
20400.0	8550340.205019066
20410.0	9455003.444414016
20420.0	14184282.670417262
20430.0	15536753.059674587
20440.0	10492798.832451047
20450.0	10980347.438458797
20460.0	12557553.275189152
20470.0	15526174.103442792
20480.0	16671075.311219258
20490.0	11417610.102437008
20500.0	13180011.644866701
20510.0	16912420.862562012
20520.0	10412523.061633017
20530.0	12932845.81239953
20540.0	11677672.556315055
20550.0	13696382.357758906
20560.0	13105966.698468762
20570.0	16339990.44919625
20580.0	16722967.811434802
20590.0	16322768.269076701
20600.0	17015224.597172167
20610.0	13406127.59550334
20620.0	14195329.480430644
20630.0	14936037.490255227
20640.0	11567090.286984779
20650.0	16510240.53082849
20660.0	15643204.645211687
20670.0	17138796.620112997
20680.0	15074871.842421649
20690.0	14538709.776592404
20700.0	16360089.762814457
20710.0	15551392.218362687
20720.0	14387710.241092829
20730.0	16029403.222470384
20740.0	16920838.826310456
20750.0	15277974.722883938
20760.0	15439572.138231989
20770.0	15198695.476162279
20780.0	16756097.993138948
20790.0	17044026.126802932
20800.0	16138865.879781744
20810.0	15886203.317962766
20820.0	16466894.96616405
20830.0	15676233.471758148
20840.0	15954063.987422569
20850.0	16265866.185626023
20860.0	17154040.87131722
20870.0	14732685.400379393
20880.0	17599030.960485134
20890.0	16301097.001310349
20900.0	16144169.33257818
20910.0	18575267.617644913
20920.0	15584302.057975758
20930.0	17418478.768581238
20940.0	15560286.382846246
20950.0	16214976.44757374
20960.0	17793424.79078118
20970.0	15860581.415993549
20980.0	17658693.170564022
20990.0	16182406.06140974
21000.0	17495917.9015781
21010.0	16997928.23574143
21020.0	16095984.973094856
21030.0	17241632.827214334
21040.0	15258957.027924705
21050.0	16527312.541023774
21060.0	17154141.073673088
21070.0	17172209.917153303
21080.0	17136330.820341483
21090.0	16552873.094578154
21100.0	15548241.602087237
21110.0	17875043.353682287
21120.0	15944179.708527636
21130.0	16398430.968371486
21140.0	17873612.059774134
21150.0	16968417.644586015
21160.0	16660100.03260747
21170.0	16553769.04724513
21180.0	14165651.611672774
21190.0	16124727.70417255
21200.0	15528108.41615621
21210.0	17207500.991461027
21220.0	17025966.462698396
21230.0	16764362.582075901
21240.0	15769542.608192306
21250.0	16673408.046844972
21260.0	17583398.888918944
21270.0	16913571.425938956
21280.0	15597860.420871077
21290.0	16305758.670301858
21300.0	14655004.937653147
21310.0	16005868.07525249
21320.0	16476332.460135626
21330.0	16490851.68652917
21340.0	16593972.518162886
21350.0	17322131.6589038
21360.0	16213325.738212371
21370.0	14627580.522867935
21380.0	16109389.034214841
21390.0	16021424.180301208
21400.0	15807039.473031428
21410.0	15191589.803997276
21420.0	13965077.329559928
21430.0	14540691.023331357
21440.0	16292619.142243749
21450.0	15594456.355092326
21460.0	15508101.390027208
21470.0	13621144.431201873
21480.0	15653553.883500647
21490.0	14990341.69397003
21500.0	15577810.589340206
21510.0	13862666.590998635
21520.0	13615758.86766486
21530.0	15067851.50090727
21540.0	15409325.35047753
21550.0	14390518.72616814
21560.0	13869285.26128946
21570.0	15121014.788346797
21580.0	14949234.011817839
21590.0	14286365.545157446
21600.0	14436781.331552954
21610.0	12803588.613047887
21620.0	14658218.468410159
21630.0	13906587.543479769
21640.0	15053553.545745298
21650.0	14252295.92099354
21660.0	13705021.359511131
21670.0	11896655.251162395
21680.0	14158020.368609138
21690.0	13915319.58043152
21700.0	13637421.162206817
21710.0	14393845.53377108
21720.0	13994415.83141741
21730.0	11406200.166667063
21740.0	13204949.201295821
21750.0	13362664.522943716
21760.0	12698608.33372204
21770.0	13694933.42473877
21780.0	11664002.979344966
21790.0	12234252.84039399
21800.0	12482587.367146168
21810.0	13201378.51928673
21820.0	13182626.104741877
21830.0	12514631.452676514
21840.0	11373816.943897055
21850.0	11363956.807216221
21860.0	12385842.93070574
21870.0	11088509.86659909
21880.0	11703804.646385672
21890.0	11833940.496260295
21900.0	9946833.15809014
21910.0	11114788.481046494
21920.0	11231670.699864663
21930.0	10163527.829205161
21940.0	10256219.542409483
21950.0	9195493.367714858
21960.0	8066580.4693256095
21970.0	8841676.862483133
21980.0	7574123.814186388
21990.0	6873636.0669041835
22000.0	6287902.546120099
22010.0	6887306.8296297435
22020.0	5045414.161117839
22030.0	6449935.277286466
22040.0	7293307.269068447
22050.0	4075182.226172355
22060.0	5470040.606009642
22070.0	5599366.474315926
22080.0	5683721.133262378
22090.0	6419000.368775506
22100.0	6526020.912279105
22110.0	6683799.645764498
22120.0	7349952.873406949
22130.0	7158563.378038154
22140.0	7070980.727088626
22150.0	8352312.991148648
22160.0	8127988.676941761
22170.0	8478798.761149202
22180.0	7320667.313197647
22190.0	7952877.756908107
22200.0	7993397.522644359
22210.0	7042547.088583949
22220.0	7204807.678183885
22230.0	7733769.394381268
22240.0	7786768.838338431
22250.0	7829523.334927204
22260.0	8511508.22848425
22270.0	6205919.030802509
22280.0	5603630.008573111
22290.0	8329326.759658171
22300.0	8030985.638963685
22310.0	6130733.955565024
22320.0	6557793.006722303
22330.0	7413801.6959923385
22340.0	6841487.40874977
22350.0	7507034.971610477
22360.0	6224089.982920143
22370.0	6891090.329634216
22380.0	5943936.644450065
22390.0	6918000.2158331955
22400.0	6505565.229895384
22410.0	5926029.624128072
22420.0	6003108.0463865725
22430.0	5775986.438117502
22440.0	5243477.534266878
22450.0	6737436.4426499875
22460.0	4964219.876257034
22470.0	4013768.6993647795
22480.0	6773361.735820267
22490.0	5075794.017693614
22500.0	5903980.525931476
22510.0	5334294.69545811
22520.0	5342939.557416333
22530.0	5750154.473777119
22540.0	5938983.825892219
22550.0	5621305.005063586
22560.0	4946106.013263243
22570.0	5138191.274275726
22580.0	5213407.660818786
22590.0	6951742.104529049
22600.0	4496947.483048168
22610.0	5206664.909765499
22620.0	5187225.537909168
22630.0	7329156.937396882
22640.0	4776909.719923095
22650.0	4460006.196653697
22660.0	6033013.755970124
22670.0	6120031.903055871
22680.0	4758501.868637583
22690.0	4434793.019886761
22700.0	5186983.3271476505
22710.0	6480282.193847194
22720.0	3787078.136868911
22730.0	5742723.264603034
22740.0	5797361.77763187
22750.0	5373988.644606411
22760.0	4407075.374632076
22770.0	6003619.110860812
22780.0	4917194.394846834
22790.0	5522736.518396079
22800.0	4894975.287176164
22810.0	5104949.893763802
22820.0	5315054.564629873
22830.0	4179243.3322156128
22840.0	4377464.188140027
22850.0	4712645.640771968
22860.0	4925933.383260331
22870.0	3774723.8342400375
22880.0	5182922.178902921
22890.0	4326880.2636874905
22900.0	4033014.2556894594
22910.0	4103683.335663931
22920.0	3402634.003192534
22930.0	4256847.428930997
22940.0	2980872.962434003
22950.0	3208075.324764613
22960.0	2928238.0194920334
22970.0	3557281.08367877
22980.0	2872073.6950010792
22990.0	3316155.8461028454
23000.0	4004635.820242975
23010.0	3129551.3104115394
23020.0	4756073.214784597
23030.0	3180815.769596569
23040.0	3713979.4699913277
23050.0	4035692.5859864797
23060.0	4009605.099214894
23070.0	4529278.610071968
23080.0	4381453.452195242
23090.0	4633527.722893411
23100.0	4092471.92784362
23110.0	4757886.153425288
23120.0	4534974.1985891005
23130.0	5692104.451109673
23140.0	4829523.842117651
23150.0	4283190.804424758
23160.0	3400890.2893297276
23170.0	2678442.595928109
23180.0	2312931.932180924
23190.0	2223857.76385118
23200.0	2513048.4641579497
23210.0	2943775.593703561
23220.0	2605922.498189232
23230.0	2683665.986739445
23240.0	2374106.04600198
23250.0	1973328.0909454154
23260.0	3071034.94027118
23270.0	2586517.3303280175
23280.0	2774845.4711959204
23290.0	2680705.2082840377
23300.0	2632920.0315009225
23310.0	2895923.6468356973
23320.0	2482157.965228666
23330.0	3862470.537669155
23340.0	2307973.1393976784
23350.0	2618206.5942675597
23360.0	2654717.276550481
23370.0	2892438.4346805695
23380.0	3361213.7131864512
23390.0	2886446.0081839836
23400.0	2858503.338634245
23410.0	2576038.8254587464
23420.0	4234948.126621505
23430.0	3041261.6975837527
23440.0	3671926.730319331
23450.0	1964585.1340361263
23460.0	3642274.343597378
23470.0	3985289.0773584
23480.0	2809397.414818896
23490.0	3237131.4470292106
23500.0	3848439.298294853
23510.0	2798849.729109996
23520.0	2007503.1827480404
23530.0	3723301.915160023
23540.0	3031580.592779439
23550.0	4261007.068317204
23560.0	2635152.7434700346
23570.0	4336502.853006722
23580.0	3210492.293802679
23590.0	2771859.501912909
23600.0	4563286.733720679
23610.0	3532970.394089762
23620.0	3942949.3009594856
23630.0	3200187.0978248473
23640.0	3983555.7818816258
23650.0	4008977.64175711
23660.0	4131599.6919068815
23670.0	3805582.2292127106
23680.0	3674919.688512692
23690.0	4107015.265834566
23700.0	2894458.4618906695
23710.0	1532715.3802363097
23720.0	2839525.3713565585
23730.0	2411064.272394134
23740.0	3301627.4059115266
23750.0	3356334.5755684674
23760.0	2980592.5327259754
23770.0	3145499.940263747
23780.0	2525347.7076999163
23790.0	3015022.585867773
23800.0	3274428.3667933927
23810.0	2395173.630763476
23820.0	3239671.758569396
23830.0	2716900.808726143
23840.0	1865738.282006519
23850.0	3737402.348980242
23860.0	2946037.495741987
23870.0	2979773.5899263355
23880.0	4059407.5025985413
23890.0	3445606.081390437
23900.0	4290646.81406085
23910.0	3734148.4350483324
23920.0	2644121.1066808887
23930.0	4044122.890532926
23940.0	4262808.171699453
23950.0	3376478.457907231
23960.0	3996452.527293124
23970.0	3777981.482605199
23980.0	3161983.5232592197
23990.0	5407857.398692603
24000.0	4965065.582087676
24010.0	3443984.9565649643
24020.0	4490780.077236399
24030.0	4925840.477766886
24040.0	3447718.8636619193
24050.0	5869660.698092164
24060.0	5201330.816081491
24070.0	4347449.351249016
24080.0	3196325.000389605
24090.0	4425399.075766043
24100.0	3633281.116467652
24110.0	5138293.816593767
24120.0	4510493.829248585
24130.0	5124447.651872662
24140.0	2889730.5030170307
24150.0	5881160.858021605
24160.0	3685240.1916449717
24170.0	4208771.521682866
24180.0	4486055.251441806
24190.0	2716334.981377681
24200.0	3781721.6273241024
24210.0	6311694.776855381
24220.0	4723947.28639902
24230.0	3460364.211716978
24240.0	3901389.709735304
24250.0	4733621.490534359
24260.0	4308545.230755719
24270.0	4153171.760687067
24280.0	3418923.962653238
24290.0	4829560.921727669
24300.0	4802860.425858771
24310.0	3967114.5711916373
24320.0	5757541.325339276
24330.0	4584988.097227995
24340.0	3876463.280234474
24350.0	3636866.6606129664
24360.0	3478458.7296574665
24370.0	2905743.5805890583
24380.0	4840847.175537879
24390.0	6100386.834940678
24400.0	5425806.321290273
24410.0	4656148.04733732
24420.0	4794499.119448452
24430.0	4332139.47400995
24440.0	3909200.326629134
24450.0	4859667.276705036
24460.0	3392746.8209054144
24470.0	3896852.365245887
24480.0	2902673.2664709175
24490.0	5110867.0885846075
24500.0	4750867.732537173
24510.0	4389091.6378554385
24520.0	3694162.7575220745
24530.0	3268125.159550966
24540.0	2681551.5925403237
24550.0	4534331.234444926
24560.0	4975673.3703271
24570.0	4975103.777228685
24580.0	5604897.864742988
24590.0	4542554.291314326
24600.0	4722014.444565491
24610.0	2589286.4681643117
24620.0	5338190.192027392
24630.0	3193605.4379344853
24640.0	6133105.506713981
24650.0	6661107.802891171
24660.0	4610747.814190714
24670.0	4658114.933065415
24680.0	2456404.940050901
24690.0	3444931.870150013
24700.0	4487517.895417402
24710.0	4270785.772611205
24720.0	3446994.1554964236
24730.0	3388448.718331937
24740.0	3395053.05347624
24750.0	2520580.915526622
24760.0	2868211.6652790303
24770.0	5645799.892709918
24780.0	3744160.792644287
24790.0	1979967.7937108814
24800.0	4552057.276475797
24810.0	4221941.765128184
24820.0	2531143.96765621
24830.0	2574217.9746781844
24840.0	4053719.785282655
24850.0	6124924.855091814
24860.0	5218472.544471502
24870.0	3570136.8828335106
24880.0	2538278.818839788
24890.0	2039730.2547223552
24900.0	1615516.8282735187
24910.0	1859428.066344894
24920.0	4651017.961083645
24930.0	3273143.3052435573
24940.0	6066055.753646985
24950.0	3726621.2026718976
24960.0	3754191.716598538
24970.0	2449950.3026759312
24980.0	1377558.084605491
24990.0	3446100.000095469
25000.0	3661615.898263319
25010.0	3468478.8687590077
25020.0	4845953.167719051
25030.0	1930794.8755677454
25040.0	2845844.264018279
25050.0	2573156.861164648
25060.0	821816.2201595642
25070.0	2293482.1740622907
25080.0	3303057.559796846
25090.0	3506241.985831965
25100.0	3714583.167127544
25110.0	2016575.949836284
25120.0	2213223.761128212
25130.0	2282937.374284844
25140.0	3467364.1205668706
25150.0	807514.1874544179
25160.0	1686622.9504146224
25170.0	2090027.0406989355
25180.0	2095226.7856411054
25190.0	2257024.2632718463
25200.0	2824861.9357570964
25210.0	2638382.386700685
25220.0	1852143.2182726108
25230.0	2502590.6449667956
25240.0	1075361.881501607
25250.0	1464783.4020223687
25260.0	1406530.762750763
25270.0	2004024.5265240155
25280.0	1841006.402666159
25290.0	2734439.0951026524
25300.0	2648298.0659663226
25310.0	2656054.921938935
25320.0	1452795.0848777224
25330.0	708739.7785382912
25340.0	2432966.149152669
25350.0	1737340.5354226106
25360.0	1073264.2582628329
25370.0	1695579.5455817
25380.0	1734028.7433172003
25390.0	1415837.8546991865
25400.0	3530402.565745396
25410.0	2582924.5499040973
25420.0	1533744.2192649967
25430.0	736477.8660337452
25440.0	1158233.0331601286
25450.0	1505986.5077486252
25460.0	1645835.1458724756
25470.0	2179556.5761547675
25480.0	713269.0842729011
25490.0	1195799.37780008
25500.0	1994515.161886612
25510.0	1501577.6391373377
25520.0	2010742.6643541332
25530.0	443939.69573835545
25540.0	1828345.5660781441
25550.0	1992967.444267664
25560.0	1758896.8339766876
25570.0	1853443.1343031307
25580.0	2605901.8842942393
25590.0	1953256.5667470386
25600.0	1138821.6404445854
25610.0	620079.0286343087
25620.0	1279343.1871193033
25630.0	682411.845919067
25640.0	1233952.929151627
25650.0	740790.4483226634
25660.0	1492688.9104890623
25670.0	1741433.6839064807
25680.0	1416170.2297634978
25690.0	1609686.7349711608
25700.0	1046381.533077554
25710.0	3045314.7305602003
25720.0	2363476.5332172466
25730.0	993897.675282886
25740.0	954119.3099530361
25750.0	1055484.6758295186
25760.0	1689777.3385905216
25770.0	427013.46367303154
25780.0	1390458.7640928414
25790.0	1794690.6280658362
25800.0	3545464.562058354
25810.0	1025494.0042820864
25820.0	1728286.4070851998
25830.0	1088087.0763167583
25840.0	788116.2963624145
25850.0	1146511.2620282588
25860.0	1770970.6809127023
25870.0	794309.1951582853
25880.0	1032639.6867020638
25890.0	1437768.0831668728
25900.0	1391289.4854683597
25910.0	1598086.8242022137
25920.0	1782587.8574945515
25930.0	1019239.3045249617
25940.0	983565.1967253792
25950.0	757350.1694482781
25960.0	879142.9785441972
25970.0	1539451.9532139092
25980.0	1043004.679098131
25990.0	4210395.486498976
