# Flux units: erg / (cm m2 s)
# Wavelength units: Angstrom
wave	flux
9000.0	8.978597596364798e+16
9010.0	1.0951027326975998e+17
9020.0	9.678404452351998e+16
9030.0	1.0035541259059197e+17
9040.0	8.243590096486398e+16
9050.0	1.0495702912204798e+17
9060.0	1.1019928233574398e+17
9070.0	1.0316362153983998e+17
9080.0	1.4777491180748797e+17
9090.0	1.2464352526335998e+17
9100.0	1.1413198287667197e+17
9110.0	1.3061038329036798e+17
9120.0	1.4123096132812798e+17
9130.0	1.4260345084313597e+17
9140.0	1.4327621405900798e+17
9150.0	1.4674886918143997e+17
9160.0	1.5315569895014397e+17
9170.0	1.5165109357772797e+17
9180.0	1.5161101228441597e+17
9190.0	1.6033048795545597e+17
9200.0	1.5480134723174397e+17
9210.0	1.2504119325491197e+17
9220.0	1.1427152448716798e+17
9230.0	9.837287754956798e+16
9240.0	8.707877634047998e+16
9250.0	9.934999414374398e+16
9260.0	9.662949595545598e+16
9270.0	9.640602894335998e+16
9280.0	8.010100034764798e+16
9290.0	8.436400940646398e+16
9300.0	8.173529255116798e+16
9310.0	7.781162680319998e+16
9320.0	8.791239819263998e+16
9330.0	7.973378378956798e+16
9340.0	1.0229764089446398e+17
9350.0	9.538352866918398e+16
9360.0	8.991810545254398e+16
9370.0	8.645285589811198e+16
9380.0	9.494045156966398e+16
9390.0	9.391213169868798e+16
9400.0	1.0505114563379197e+17
9410.0	1.0003080753971197e+17
9420.0	1.1869246350950398e+17
9430.0	1.1356735065292798e+17
9440.0	1.0572190030233598e+17
9450.0	1.0127931604991998e+17
9460.0	1.1838781443276798e+17
9470.0	1.0368454125158398e+17
9480.0	1.2032592628940798e+17
9490.0	1.3705580118015997e+17
9500.0	1.1810783782502398e+17
9510.0	1.1895676862463998e+17
9520.0	1.3071099310899197e+17
9530.0	1.2865598652415998e+17
9540.0	1.3920200137113597e+17
9550.0	1.2930284152422398e+17
9560.0	1.3365515019878398e+17
9570.0	1.3904539969126398e+17
9580.0	1.5168025971916797e+17
9590.0	1.5169539748659197e+17
9600.0	1.4382496690995197e+17
9610.0	1.5234928371302397e+17
9620.0	1.4292256607436798e+17
9630.0	1.6071504271769597e+17
9640.0	1.3546394275020798e+17
9650.0	1.4783533075660797e+17
9660.0	1.5281156154982397e+17
9670.0	1.6311680604569597e+17
9680.0	1.5717502183014397e+17
9690.0	1.6634763752243197e+17
9700.0	1.6592159060787197e+17
9710.0	1.6194440423014397e+17
9720.0	1.7002330377420797e+17
9730.0	1.3465066956390398e+17
9740.0	1.3726976573439997e+17
9750.0	1.3947806312038398e+17
9760.0	1.4459636652441597e+17
9770.0	1.3030093514342398e+17
9780.0	1.4468595947929597e+17
9790.0	1.4838077115596797e+17
9800.0	1.5124876178227197e+17
9810.0	1.4314588812083197e+17
9820.0	1.2818624544767998e+17
9830.0	1.3125232676044798e+17
9840.0	1.4278675975372798e+17
9850.0	1.3963417039667197e+17
9860.0	1.4637661211852797e+17
9870.0	1.5024073631334397e+17
9880.0	1.4398856049459197e+17
9890.0	1.5864802574335997e+17
9900.0	1.2563332779212798e+17
9910.0	1.0519324865331197e+17
9920.0	1.2175318135603197e+17
9930.0	1.2125330158387197e+17
9940.0	1.3463888697753597e+17
9950.0	1.3916761436979197e+17
9960.0	1.4331792483942398e+17
9970.0	1.5617368732467197e+17
9980.0	1.5556283990015997e+17
9990.0	1.2726087136051197e+17
10000.0	1.4055338724556798e+17
10010.0	1.3682363701657597e+17
10020.0	1.4119160669798398e+17
10030.0	1.4627355020492797e+17
10040.0	1.3516174393343997e+17
10050.0	1.4721417609215997e+17
10060.0	1.3527735835033597e+17
10070.0	1.4375105069055997e+17
10080.0	1.4850395157299197e+17
10090.0	1.4419327870566397e+17
10100.0	1.5549321497804797e+17
10110.0	1.4515979419647997e+17
10120.0	1.5750018262630397e+17
10130.0	1.6442200109875197e+17
10140.0	1.4372097045299197e+17
10150.0	1.4515737853951997e+17
10160.0	1.4572482671411197e+17
10170.0	1.4404659157401597e+17
10180.0	1.5864603895398397e+17
10190.0	1.4474194478694397e+17
10200.0	1.5742374877593597e+17
10210.0	1.6201657221119997e+17
10220.0	1.4588726345727997e+17
10230.0	1.6467321054822397e+17
10240.0	1.6323112127692797e+17
10250.0	1.5310210413363197e+17
10260.0	1.3640897606451197e+17
10270.0	1.3921070376550398e+17
10280.0	1.4115253754265597e+17
10290.0	1.4423967452364797e+17
10300.0	1.4173122461695997e+17
10310.0	1.6187771453439997e+17
10320.0	1.4706832310271997e+17
10330.0	1.4541895211417597e+17
10340.0	1.5939253672345597e+17
10350.0	1.4910929816780797e+17
10360.0	1.6717788217343997e+17
10370.0	1.6455915379097597e+17
10380.0	1.5515884794675197e+17
10390.0	1.6360945641062397e+17
10400.0	1.5650141818060797e+17
10410.0	1.6861241330892797e+17
10420.0	1.6044408386355197e+17
10430.0	1.5249930557849597e+17
10440.0	1.7540500658585597e+17
10450.0	1.7694787292364797e+17
10460.0	1.7470014042931197e+17
10470.0	1.4952226226175997e+17
10480.0	1.6747825122508797e+17
10490.0	1.7539331732275197e+17
10500.0	1.6643815020953597e+17
10510.0	1.6759452205055997e+17
10520.0	1.5823993910067197e+17
10530.0	1.7404452247961597e+17
10540.0	1.8104548668211197e+17
10550.0	1.7744469871820797e+17
10560.0	1.7590962356223997e+17
10570.0	1.6784504887705597e+17
10580.0	1.8120712467251197e+17
10590.0	1.7667865391923197e+17
10600.0	1.8429919834931197e+17
10610.0	1.7154263429939197e+17
10620.0	1.7784464264396797e+17
10630.0	1.8188437238579197e+17
10640.0	1.8755244313804797e+17
10650.0	1.8495951863807997e+17
10660.0	1.7378401583103997e+17
10670.0	1.7454259817676797e+17
10680.0	1.7491881833267197e+17
10690.0	1.8129659337113597e+17
10700.0	1.8052333856358394e+17
10710.0	1.7477753582387197e+17
10720.0	1.8982064829235197e+17
10730.0	1.8030291609190394e+17
10740.0	1.8706645673574394e+17
10750.0	1.8839966685593597e+17
10760.0	1.8662281602662394e+17
10770.0	1.9165075472383997e+17
10780.0	1.9690463376179197e+17
10790.0	1.9028622730854394e+17
10800.0	1.8973999942860797e+17
10810.0	1.9020492151193597e+17
10820.0	1.8464394864230394e+17
10830.0	1.9678177892761597e+17
10840.0	2.0377195564236797e+17
10850.0	1.9414147819110394e+17
10860.0	1.9216151714201597e+17
10870.0	1.8909990695731197e+17
10880.0	1.9417689174835197e+17
10890.0	1.8056241636966394e+17
10900.0	1.9098197871820797e+17
10910.0	1.8900309350809597e+17
10920.0	1.9091582982553597e+17
10930.0	1.8756346786611197e+17
10940.0	1.8803784784281597e+17
10950.0	1.8967215446425597e+17
10960.0	1.7685750349823997e+17
10970.0	1.8798691955507197e+17
10980.0	1.7770123991449597e+17
10990.0	1.7852663228006394e+17
11000.0	1.7869152976895997e+17
11010.0	1.8194835596902394e+17
11020.0	1.8435545759743997e+17
11030.0	1.6040473447628797e+17
11040.0	1.6652638538956797e+17
11050.0	1.6537818575667197e+17
11060.0	1.6540168277196797e+17
11070.0	1.6000325438668797e+17
11080.0	1.6195772429107197e+17
11090.0	1.6545914028031997e+17
11100.0	1.5661942728294397e+17
11110.0	1.6024241858150397e+17
11120.0	1.6196374102015997e+17
11130.0	1.7298317980467197e+17
11140.0	1.6181921710079997e+17
11150.0	1.6333595187609597e+17
11160.0	1.6810108728115197e+17
11170.0	1.6209363940147197e+17
11180.0	1.7639824005529597e+17
11190.0	1.6498779645542397e+17
11200.0	1.6553239379967997e+17
11210.0	1.6603994967244797e+17
11220.0	1.7173727753011197e+17
11230.0	1.7033701962547197e+17
11240.0	1.8045812447641597e+17
11250.0	1.7372459932057597e+17
11260.0	1.7763337030860797e+17
11270.0	1.7402950057983997e+17
11280.0	1.8133082020249597e+17
11290.0	1.7301220412620797e+17
11300.0	1.6582771998719997e+17
11310.0	1.7646303785779197e+17
11320.0	1.7209137404313597e+17
11330.0	1.7696165933875197e+17
11340.0	1.7382938876313597e+17
11350.0	1.5777873972428797e+17
11360.0	1.7585263162163197e+17
11370.0	1.7379589436211197e+17
11380.0	1.5761658399948797e+17
11390.0	1.6972342440755197e+17
11400.0	1.7716746020454397e+17
11410.0	1.6417268668825597e+17
11420.0	1.7517236138803197e+17
11430.0	1.7140380362342397e+17
11440.0	1.6307446821683197e+17
11450.0	1.7504853557247997e+17
11460.0	1.7960450890137597e+17
11470.0	1.7274072701337597e+17
11480.0	1.7228894673305597e+17
11490.0	1.7965615677439997e+17
11500.0	1.7973630572953597e+17
11510.0	1.7670201881395197e+17
11520.0	1.7820625954406394e+17
11530.0	1.7978403874406394e+17
11540.0	1.6954039153459197e+17
11550.0	1.8234857907814394e+17
11560.0	1.8381792975257597e+17
11570.0	1.7825919664127997e+17
11580.0	1.8135063121100797e+17
11590.0	1.8404474067353597e+17
11600.0	1.7141968928767997e+17
11610.0	1.7516571498905597e+17
11620.0	1.8089303972249597e+17
11630.0	1.8010931567001597e+17
11640.0	1.6465597195878397e+17
11650.0	1.8745486003404797e+17
11660.0	1.7044092092415997e+17
11670.0	1.8100950322380797e+17
11680.0	1.7797484589875197e+17
11690.0	1.6368422839910397e+17
11700.0	1.7925750521855997e+17
11710.0	1.7664811047321597e+17
11720.0	1.8160454520012797e+17
11730.0	1.7416565345484797e+17
11740.0	1.7692855631871997e+17
11750.0	1.8096304842342394e+17
11760.0	1.7314569335603197e+17
11770.0	1.7266243167846397e+17
11780.0	1.6108542944870397e+17
11790.0	1.6731324914073597e+17
11800.0	1.7285489020108797e+17
11810.0	1.7473798327500797e+17
11820.0	1.7160726275686397e+17
11830.0	1.7790592194969597e+17
11840.0	1.7947744586956797e+17
11850.0	1.7658037456076797e+17
11860.0	1.7480689437900797e+17
11870.0	1.8157460678246394e+17
11880.0	1.7643706541670397e+17
11890.0	1.6868790291660797e+17
11900.0	1.7822766700953597e+17
11910.0	1.7520112146841597e+17
11920.0	1.7902976447283197e+17
11930.0	1.8324632554700797e+17
11940.0	1.7440094106419197e+17
11950.0	1.7296809787391997e+17
11960.0	1.7485099014553597e+17
11970.0	1.6995906433843197e+17
11980.0	1.6200276587315197e+17
11990.0	1.7343021449215997e+17
12000.0	1.6914205664870397e+17
12010.0	1.7599291929395197e+17
12020.0	1.7433814997401597e+17
12030.0	1.7071912412774397e+17
12040.0	1.7803344451993597e+17
12050.0	1.7788414669619197e+17
12060.0	1.8595867525119997e+17
12070.0	1.7164981030092797e+17
12080.0	1.8080768825753597e+17
12090.0	1.7381280605798397e+17
12100.0	1.8233227476991997e+17
12110.0	1.7749139469107197e+17
12120.0	1.7639197691084797e+17
12130.0	1.7339427323903997e+17
12140.0	1.7924450261401597e+17
12150.0	1.8532703089459197e+17
12160.0	1.8241741494681597e+17
12170.0	1.7804115522355197e+17
12180.0	1.8204079056486394e+17
12190.0	1.8573296533503997e+17
12200.0	1.8289530057523197e+17
12210.0	1.8208841977036797e+17
12220.0	1.8206692579737597e+17
12230.0	1.7815263091097597e+17
12240.0	1.8179115057151997e+17
12250.0	1.8458404768972797e+17
12260.0	1.8546159832268797e+17
12270.0	1.8208452614553597e+17
12280.0	1.8503161977241597e+17
12290.0	1.8792108942950394e+17
12300.0	1.8363244609535997e+17
12310.0	1.8721224366489597e+17
12320.0	1.8150853758156797e+17
12330.0	1.8399899104051197e+17
12340.0	1.8728697777356797e+17
12350.0	1.8403879183974394e+17
12360.0	1.8750810777190394e+17
12370.0	1.8484505241190394e+17
12380.0	1.8337625381273597e+17
12390.0	1.8019120578559997e+17
12400.0	1.8728270508851197e+17
12410.0	1.7588599599923197e+17
12420.0	1.6876525453311997e+17
12430.0	1.7743739800780797e+17
12440.0	1.7102221108838397e+17
12450.0	1.7915787293491197e+17
12460.0	1.7596521119743997e+17
12470.0	1.7846583374643197e+17
12480.0	1.7344298273996797e+17
12490.0	1.8093492220723197e+17
12500.0	1.7797818272972797e+17
12510.0	1.8277946517094394e+17
12520.0	1.7787025568563197e+17
12530.0	1.7508303949004797e+17
12540.0	1.8447048454963197e+17
12550.0	1.7567449481215997e+17
12560.0	1.7594866257100797e+17
12570.0	1.8045565874995197e+17
12580.0	1.7331599074918397e+17
12590.0	1.8008676918886394e+17
12600.0	1.8016813606502394e+17
12610.0	1.8322192282419197e+17
12620.0	1.7339307314380797e+17
12630.0	1.8190433307852797e+17
12640.0	1.7930248676966394e+17
12650.0	1.7945645783449597e+17
12660.0	1.8072987421900797e+17
12670.0	1.7904245669887997e+17
12680.0	1.7941677814579197e+17
12690.0	1.8370367297945597e+17
12700.0	1.8190112967884797e+17
12710.0	1.8388645629132797e+17
12720.0	1.8546508483788797e+17
12730.0	1.8633370841907197e+17
12740.0	1.7925264900095997e+17
12750.0	1.7774572942131197e+17
12760.0	1.8363774769561597e+17
12770.0	1.8388808918630394e+17
12780.0	1.8148942649753597e+17
12790.0	1.8385072291839997e+17
12800.0	1.8141244843622394e+17
12810.0	1.8154906766540797e+17
12820.0	1.8068424831795197e+17
12830.0	1.7613044855603197e+17
12840.0	1.8155878259097597e+17
12850.0	1.7915984818995197e+17
12860.0	1.7792437531443197e+17
12870.0	1.8224848935321597e+17
12880.0	1.8205785246924797e+17
12890.0	1.8134712713215997e+17
12900.0	1.8489061408767997e+17
12910.0	1.8108078673100797e+17
12920.0	1.7977351208959997e+17
12930.0	1.8016590862745597e+17
12940.0	1.8477718490316797e+17
12950.0	1.7742849979187197e+17
12960.0	1.8517493520793597e+17
12970.0	1.8649620833894394e+17
12980.0	1.8593367982079997e+17
12990.0	1.8190964201881597e+17
13000.0	1.8516820413644797e+17
13010.0	1.8227406045183997e+17
13020.0	1.8253063546470394e+17
13030.0	1.8355860039270394e+17
13040.0	1.8669730267135997e+17
13050.0	1.8441444078387197e+17
13060.0	1.8554221861273597e+17
13070.0	1.8102617374719997e+17
13080.0	1.7928866077081597e+17
13090.0	1.7754241682636797e+17
13100.0	1.7786410369023997e+17
13110.0	1.8053026702950394e+17
13120.0	1.8531231832473597e+17
13130.0	1.8198040254873597e+17
13140.0	1.7693531176959997e+17
13150.0	1.8310867661619197e+17
13160.0	1.7989478855475197e+17
13170.0	1.8000330804428797e+17
13180.0	1.7247521079295997e+17
13190.0	1.8214097413734394e+17
13200.0	1.7728497935974397e+17
13210.0	1.7757089090764797e+17
13220.0	1.7652399787212797e+17
13230.0	1.7720078159052797e+17
13240.0	1.7566799993241597e+17
13250.0	1.6274716072345597e+17
13260.0	1.7300437257420797e+17
13270.0	1.6625657865830397e+17
13280.0	1.6339994306150397e+17
13290.0	1.6588555000217597e+17
13300.0	1.5953484893388797e+17
13310.0	1.5435436235161597e+17
13320.0	1.4093012946124798e+17
13330.0	1.2987864147558398e+17
13340.0	1.4133481439231997e+17
13350.0	9.641344342425598e+16
13360.0	1.2586233547980798e+17
13370.0	1.1510081178828798e+17
13380.0	1.2025058662809597e+17
13390.0	1.2093117340057597e+17
13400.0	1.2580485267455998e+17
13410.0	1.3547150508031997e+17
13420.0	1.1076911379251197e+17
13430.0	1.0132694525542398e+17
13440.0	1.2497821276569597e+17
13450.0	1.1367044743167998e+17
13460.0	1.1717904655974398e+17
13470.0	1.1256145326899197e+17
13480.0	1.0651792913203197e+17
13490.0	1.2784799016550398e+17
13500.0	1.2017540635033597e+17
13510.0	1.1289634340863998e+17
13520.0	1.0700412328345598e+17
13530.0	1.1570155552767998e+17
13540.0	9.524910856601598e+16
13550.0	1.0568647783219197e+17
13560.0	1.1584679955660798e+17
13570.0	1.1614524591308798e+17
13580.0	1.1021100947865598e+17
13590.0	1.0904742854655998e+17
13600.0	1.0910164031897598e+17
13610.0	1.1574204432383998e+17
13620.0	9.676298164633598e+16
13630.0	1.1574331310079998e+17
13640.0	1.1174261922201597e+17
13650.0	1.1494581495398398e+17
13660.0	1.1111692894207998e+17
13670.0	1.0565474503884798e+17
13680.0	1.0483772882943998e+17
13690.0	1.0540514069708798e+17
13700.0	1.0645093167923197e+17
13710.0	9.895710267801598e+16
13720.0	1.0597894442188798e+17
13730.0	1.0815175563673598e+17
13740.0	1.0178504032255998e+17
13750.0	1.0395508015103998e+17
13760.0	1.0775979517542398e+17
13770.0	1.0333325413580798e+17
13780.0	1.1633526321971197e+17
13790.0	1.0547184887398398e+17
13800.0	1.1762566299647998e+17
13810.0	1.1229429484748798e+17
13820.0	1.1660149483110398e+17
13830.0	1.0236325095014398e+17
13840.0	1.1405782981017597e+17
13850.0	1.0853961026764798e+17
13860.0	1.1188292524441597e+17
13870.0	1.0861212270591998e+17
13880.0	1.0404625317887998e+17
13890.0	1.1315712465305597e+17
13900.0	1.0315478846668798e+17
13910.0	9.175838870732798e+16
13920.0	9.649044730675197e+16
13930.0	1.0271469718732798e+17
13940.0	9.735687136870398e+16
13950.0	9.894035193855998e+16
13960.0	1.0288373471641598e+17
13970.0	1.0235015987199998e+17
13980.0	9.331008811827197e+16
13990.0	1.0621654086451197e+17
14000.0	9.469684390297598e+16
14010.0	9.657511523123197e+16
14020.0	1.0429120171212798e+17
14030.0	1.0014172931686398e+17
14040.0	9.170659010150398e+16
14050.0	9.792876183551998e+16
14060.0	1.0958952647884798e+17
14070.0	9.655053451263998e+16
14080.0	9.811601234329598e+16
14090.0	9.229657663078398e+16
14100.0	9.574013009919998e+16
14110.0	9.479999324159998e+16
14120.0	9.253085682073598e+16
14130.0	1.0010943160319998e+17
14140.0	9.750881684684798e+16
14150.0	9.018501916262398e+16
14160.0	9.599439772057598e+16
14170.0	8.955518032281598e+16
14180.0	8.485711065907198e+16
14190.0	9.147513359564798e+16
14200.0	9.119453177446398e+16
14210.0	9.291573336473598e+16
14220.0	9.218223046655998e+16
14230.0	9.059962716159998e+16
14240.0	9.165803631411197e+16
14250.0	9.127547790950398e+16
14260.0	8.670043176959998e+16
14270.0	9.416142094335998e+16
14280.0	8.750681332121598e+16
14290.0	7.829589275443198e+16
14300.0	1.0176618797465598e+17
14310.0	9.711343658598398e+16
14320.0	9.039553848934398e+16
14330.0	8.900036395007998e+16
14340.0	8.157232653926398e+16
14350.0	9.623666805964798e+16
14360.0	9.455192676761598e+16
14370.0	9.243685499699197e+16
14380.0	9.382434924134398e+16
14390.0	9.386724950015998e+16
14400.0	8.811718049791998e+16
14410.0	8.508947077529598e+16
14420.0	8.735095875174398e+16
14430.0	9.960460478054398e+16
14440.0	9.228352081100798e+16
14450.0	8.857339861401598e+16
14460.0	9.575952613375998e+16
14470.0	8.577358521958398e+16
14480.0	9.370913026867197e+16
14490.0	1.0036745312665598e+17
14500.0	9.774225712742398e+16
14510.0	8.630887225753598e+16
14520.0	1.0462624743423998e+17
14530.0	9.256997565235197e+16
14540.0	8.680355253452798e+16
14550.0	1.0121004541542398e+17
14560.0	8.966629923225598e+16
14570.0	8.642788628889598e+16
14580.0	9.518750354636798e+16
14590.0	9.842889379020798e+16
14600.0	9.507230161305598e+16
14610.0	9.227846248038398e+16
14620.0	8.739124255129598e+16
14630.0	8.761947560345598e+16
14640.0	9.352380691251197e+16
14650.0	9.254091567923197e+16
14660.0	1.0069844072857598e+17
14670.0	9.388740417945598e+16
14680.0	8.859029445017598e+16
14690.0	8.753591746559998e+16
14700.0	8.613304834457598e+16
14710.0	8.947300827135998e+16
14720.0	9.240491956633598e+16
14730.0	9.658670723891197e+16
14740.0	9.033410491187197e+16
14750.0	8.983418712883197e+16
14760.0	8.947884661145598e+16
14770.0	9.082596098047998e+16
14780.0	9.000480433766398e+16
14790.0	1.0056824730419197e+17
14800.0	8.566285847756798e+16
14810.0	9.384210805555197e+16
14820.0	9.026044900147197e+16
14830.0	9.056086681190398e+16
14840.0	9.813918403788798e+16
14850.0	9.064119009279998e+16
14860.0	9.134567954841598e+16
14870.0	9.534160935321598e+16
14880.0	9.254270625382398e+16
14890.0	9.249430359244798e+16
14900.0	9.250994035097598e+16
14910.0	9.681655811276798e+16
14920.0	9.829300620492798e+16
14930.0	9.060956464742398e+16
14940.0	8.731543640473598e+16
14950.0	9.367635388006398e+16
14960.0	9.544715875123197e+16
14970.0	9.518705108582398e+16
14980.0	9.555264589004798e+16
14990.0	9.602446485094398e+16
15000.0	9.437979069644798e+16
15010.0	9.240640723353598e+16
15020.0	8.304133052825598e+16
15030.0	9.990437352243197e+16
15040.0	9.403474378751998e+16
15050.0	1.0063136161791998e+17
15060.0	9.517839574630398e+16
15070.0	9.905052699852798e+16
15080.0	9.310122318233598e+16
15090.0	1.0058355127091197e+17
15100.0	9.405473986969598e+16
15110.0	9.885615993651197e+16
15120.0	9.930440179711998e+16
15130.0	9.452155830271998e+16
15140.0	9.419728748543998e+16
15150.0	9.608053260287998e+16
15160.0	9.843992874188798e+16
15170.0	9.735427614310398e+16
15180.0	9.619316251033598e+16
15190.0	9.573990072319998e+16
15200.0	9.624009244671998e+16
15210.0	1.0178588678553598e+17
15220.0	9.740198687539197e+16
15230.0	1.0292352358809598e+17
15240.0	9.806854147276798e+16
15250.0	9.475935148441598e+16
15260.0	9.360054367027197e+16
15270.0	9.913662006886398e+16
15280.0	9.876262826803197e+16
15290.0	9.563304112947197e+16
15300.0	1.0660200579071998e+17
15310.0	9.744983628185598e+16
15320.0	9.051719126220798e+16
15330.0	9.552977330175998e+16
15340.0	1.0308787660390398e+17
15350.0	1.0132227725721598e+17
15360.0	1.0183096742707197e+17
15370.0	9.611869487103998e+16
15380.0	9.726780309503998e+16
15390.0	1.0323970437939197e+17
15400.0	9.837416520089598e+16
15410.0	9.289169449779197e+16
15420.0	1.0213930762239998e+17
15430.0	9.560730802585598e+16
15440.0	1.0062641207705598e+17
15450.0	1.0233886172774398e+17
15460.0	1.0755943563263998e+17
15470.0	9.585360712499197e+16
15480.0	1.0115853372620798e+17
15490.0	1.0094747713535998e+17
15500.0	1.0366598512639998e+17
15510.0	9.609645732659197e+16
15520.0	1.0384127243059197e+17
15530.0	1.0394208488652798e+17
15540.0	1.0265056745881598e+17
15550.0	1.0055568510156798e+17
15560.0	9.789232434380798e+16
15570.0	9.942101026406398e+16
15580.0	9.547876060364798e+16
15590.0	1.0248086670540798e+17
15600.0	1.0416845802700798e+17
15610.0	1.0416380680601598e+17
15620.0	1.0480952410111998e+17
15630.0	1.0360799100927998e+17
15640.0	1.0979981787135998e+17
15650.0	1.0091591421132798e+17
15660.0	9.693869113343998e+16
15670.0	1.0698197277081598e+17
15680.0	1.1094324281343998e+17
15690.0	1.0271998109286398e+17
15700.0	1.0308772770611197e+17
15710.0	1.0598140556083197e+17
15720.0	1.0265360256204798e+17
15730.0	1.0399124737228798e+17
15740.0	1.0710767081881598e+17
15750.0	1.0503663806054398e+17
15760.0	1.0497410125004798e+17
15770.0	1.0884469594521598e+17
15780.0	1.0359885502873598e+17
15790.0	1.0703223730995197e+17
15800.0	1.0772583468236798e+17
15810.0	1.0897143077273598e+17
15820.0	1.0781270553395197e+17
15830.0	1.0926616818483197e+17
15840.0	1.0431049000550398e+17
15850.0	1.0284202406707197e+17
15860.0	1.1146516706099197e+17
15870.0	1.1147171410739197e+17
15880.0	1.1084221225369597e+17
15890.0	1.0841616233267197e+17
15900.0	1.0132178023219197e+17
15910.0	1.1016506599014398e+17
15920.0	1.0872844373196798e+17
15930.0	1.0900916718796798e+17
15940.0	1.1439125272985597e+17
15950.0	1.1434706888294398e+17
15960.0	1.1439296584089597e+17
15970.0	1.1224308174028798e+17
15980.0	1.1027569862246398e+17
15990.0	1.1213619986431998e+17
16000.0	1.1352686224998398e+17
16010.0	1.1510605571686398e+17
16020.0	1.0935749469798398e+17
16030.0	1.1590777018777597e+17
16040.0	1.1016037885542398e+17
16050.0	1.1375933233561597e+17
16060.0	1.0832001577779197e+17
16070.0	1.0792480197836798e+17
16080.0	1.1191059034931197e+17
16090.0	1.1336736938393597e+17
16100.0	1.1380301548748798e+17
16110.0	1.1441207010918398e+17
16120.0	1.1471419395276798e+17
16130.0	1.1407002776371197e+17
16140.0	1.1238597459967998e+17
16150.0	1.1266765383270398e+17
16160.0	1.1654269580083197e+17
16170.0	1.2057942687743998e+17
16180.0	1.1932525789183998e+17
16190.0	1.1079394577612798e+17
16200.0	1.1124765700915197e+17
16210.0	1.0911986509414398e+17
16220.0	1.1607085390233597e+17
16230.0	1.1310453175091197e+17
16240.0	1.1612536229068798e+17
16250.0	1.1304831156223998e+17
16260.0	1.1321198614937597e+17
16270.0	1.1876904127692798e+17
16280.0	1.1707576877055998e+17
16290.0	1.1674817711308798e+17
16300.0	1.1752906922393597e+17
16310.0	1.1688846032895998e+17
16320.0	1.1441669328076798e+17
16330.0	1.2055929605324798e+17
16340.0	1.2055004132147197e+17
16350.0	1.1820407062527998e+17
16360.0	1.1602050259353597e+17
16370.0	1.1642218191257597e+17
16380.0	1.2106355546521597e+17
16390.0	1.1988470648012798e+17
16400.0	1.1932972508774398e+17
16410.0	1.2011060618854398e+17
16420.0	1.1849269064499197e+17
16430.0	1.1879622246399998e+17
16440.0	1.1947394387148798e+17
16450.0	1.1627527038566398e+17
16460.0	1.1702131464601597e+17
16470.0	1.2069767007436798e+17
16480.0	1.1788387745791998e+17
16490.0	1.2400653579059197e+17
16500.0	1.2273874422988798e+17
16510.0	1.2174568010547197e+17
16520.0	1.2281382934937597e+17
16530.0	1.1790128329523197e+17
16540.0	1.1929629124198398e+17
16550.0	1.2272236232703998e+17
16560.0	1.2425896001535998e+17
16570.0	1.2572187348172798e+17
16580.0	1.2451675766783998e+17
16590.0	1.1781786199654398e+17
16600.0	1.2097556158873597e+17
16610.0	1.1783410260377597e+17
16620.0	1.2084061667327998e+17
16630.0	1.2595164295987197e+17
16640.0	1.2641394098175998e+17
16650.0	1.2355961277644798e+17
16660.0	1.2204252148531197e+17
16670.0	1.2052383662079998e+17
16680.0	1.2429832984985597e+17
16690.0	1.2461142206054398e+17
16700.0	1.2411778498559998e+17
16710.0	1.2241451011276798e+17
16720.0	1.1880904943206398e+17
16730.0	1.1999233730150398e+17
16740.0	1.2564568342527998e+17
16750.0	1.2724289614643197e+17
16760.0	1.2676981561753597e+17
16770.0	1.2315869393715197e+17
16780.0	1.2748474495795197e+17
16790.0	1.2637636132863998e+17
16800.0	1.2548166490521597e+17
16810.0	1.2559720120319998e+17
16820.0	1.2778294791372798e+17
16830.0	1.2853181729996798e+17
16840.0	1.2470580962918398e+17
16850.0	1.2701532055142398e+17
16860.0	1.2497634040217597e+17
16870.0	1.2035480145100798e+17
16880.0	1.2012505477939197e+17
16890.0	1.1649787415756798e+17
16900.0	1.1947836152217597e+17
16910.0	1.1818378015539197e+17
16920.0	1.2245434839859197e+17
16930.0	1.2353030900940798e+17
16940.0	1.2469638974668798e+17
16950.0	1.2103066478182398e+17
16960.0	1.2008647006617597e+17
16970.0	1.2095690244095998e+17
16980.0	1.1727296554598398e+17
16990.0	1.1843004320972798e+17
17000.0	1.1772621409484798e+17
17010.0	1.1636122661683197e+17
17020.0	1.2006658985164798e+17
17030.0	1.1864970258022398e+17
17040.0	1.1132447044403197e+17
17050.0	1.1586063433727998e+17
17060.0	1.1839429935103998e+17
17070.0	1.1323449409535998e+17
17080.0	1.0936575328255998e+17
17090.0	1.0916645385011197e+17
17100.0	1.1269692994355197e+17
17110.0	1.0501416943615998e+17
17120.0	1.0853310621286398e+17
17130.0	1.1141034619699197e+17
17140.0	1.0606990301593598e+17
17150.0	1.0825863423590398e+17
17160.0	1.0585498216038398e+17
17170.0	1.0521300094156798e+17
17180.0	9.981145802342398e+16
17190.0	9.797391849881598e+16
17200.0	1.0304572882943998e+17
17210.0	1.0402567448166398e+17
17220.0	1.0781512774451197e+17
17230.0	1.0043546455244798e+17
17240.0	9.803468242943998e+16
17250.0	1.0390713768345598e+17
17260.0	1.0593924808703998e+17
17270.0	8.849055626035198e+16
17280.0	1.0768865375027197e+17
17290.0	1.0255625276620798e+17
17300.0	9.857215627263998e+16
17310.0	1.0502102607462398e+17
17320.0	9.242284798771197e+16
17330.0	9.842879587942398e+16
17340.0	9.543432234598398e+16
17350.0	9.194165266022398e+16
17360.0	9.897352678604798e+16
17370.0	9.252422103859197e+16
17380.0	1.0166829082214398e+17
17390.0	9.870260659814398e+16
17400.0	9.462392854937598e+16
17410.0	9.560776166604798e+16
17420.0	9.985384683929598e+16
17430.0	9.399868496281598e+16
17440.0	9.200021078015998e+16
17450.0	9.657855626444798e+16
17460.0	9.576207286271998e+16
17470.0	8.946552825446398e+16
17480.0	9.128787745177598e+16
17490.0	9.778644136755197e+16
17500.0	9.360376332287998e+16
17510.0	9.004813149798398e+16
17520.0	8.914417994956798e+16
17530.0	9.596942915993598e+16
17540.0	9.004147317145598e+16
17550.0	8.799042391244798e+16
17560.0	8.046421580185598e+16
17570.0	8.611191966924798e+16
17580.0	8.552360325939198e+16
17590.0	8.564177960959998e+16
17600.0	9.174752493567998e+16
17610.0	8.248525599539198e+16
17620.0	8.652629239398398e+16
17630.0	7.667790603878398e+16
17640.0	9.328311297638398e+16
17650.0	9.009496299929598e+16
17660.0	9.335161566003197e+16
17670.0	8.358275055615998e+16
17680.0	7.412488077311998e+16
17690.0	7.833325915340798e+16
17700.0	9.137571430399998e+16
17710.0	8.727001300991998e+16
17720.0	7.786091603558398e+16
17730.0	7.523877689753598e+16
17740.0	8.599237964595198e+16
17750.0	7.679318150348798e+16
17760.0	7.763869669785598e+16
17770.0	7.663062954803198e+16
17780.0	7.867472451993598e+16
17790.0	8.006752586956798e+16
17800.0	7.581696655359998e+16
17810.0	7.564978723225598e+16
17820.0	7.566337690828798e+16
17830.0	7.339282123980798e+16
17840.0	8.461215465471998e+16
17850.0	7.491760868556798e+16
17860.0	7.163122050662399e+16
17870.0	6.497607299891199e+16
17880.0	7.689772164710398e+16
17890.0	7.666134417407998e+16
17900.0	7.938779473510398e+16
17910.0	7.108715839487998e+16
17920.0	7.134483788595199e+16
17930.0	7.454478211481598e+16
17940.0	7.293302656204798e+16
17950.0	6.962972105113598e+16
17960.0	6.897169871667199e+16
17970.0	7.960807079935998e+16
17980.0	7.590423992729598e+16
17990.0	7.689989390335998e+16
18000.0	6.621260021759998e+16
18010.0	6.871893304934399e+16
18020.0	6.787637510143998e+16
18030.0	6.858666305126399e+16
18040.0	7.508120174591998e+16
18050.0	7.341291274239998e+16
18060.0	6.405763747020798e+16
18070.0	6.928693061222399e+16
18080.0	6.854382000537598e+16
18090.0	6.669766230015998e+16
18100.0	7.091742480793598e+16
18110.0	5.826396055142399e+16
18120.0	7.036061378150399e+16
18130.0	6.496203800575999e+16
18140.0	7.531876489625598e+16
18150.0	7.437442495283198e+16
18160.0	7.092385605222399e+16
18170.0	6.852069556223998e+16
18180.0	6.641003908300798e+16
18190.0	6.355482011238399e+16
18200.0	6.394145144831999e+16
18210.0	6.474295699046399e+16
18220.0	5.656698899660798e+16
18230.0	7.206908408627198e+16
18240.0	7.786520654643198e+16
18250.0	6.704626073599998e+16
18260.0	6.011760862822399e+16
18270.0	7.006275534847998e+16
18280.0	6.429343337676798e+16
18290.0	6.789604835327998e+16
18300.0	6.951266077900798e+16
18310.0	6.602489410355199e+16
18320.0	6.662607260876798e+16
18330.0	6.118951026687999e+16
18340.0	6.962935142809598e+16
18350.0	6.532787208191999e+16
18360.0	6.731357460889598e+16
18370.0	7.288423946649598e+16
18380.0	6.312812019711999e+16
18390.0	6.404455111065598e+16
18400.0	6.411107427942399e+16
18410.0	7.225363320012798e+16
18420.0	5.907332595711999e+16
18430.0	6.480107313561598e+16
18440.0	6.172611497164798e+16
18450.0	6.342398024089598e+16
18460.0	6.176415442534399e+16
18470.0	5.754814608179199e+16
18480.0	5.792863466291199e+16
18490.0	5.994960735436798e+16
18500.0	5.774336996147199e+16
18510.0	6.597300728627199e+16
18520.0	6.662413798604798e+16
18530.0	6.066704482303999e+16
18540.0	5.965964614041598e+16
18550.0	6.406651772927999e+16
18560.0	6.144345971097598e+16
18570.0	5.509925437439999e+16
18580.0	4.961476843929598e+16
18590.0	5.314279610777598e+16
18600.0	5.277082176716799e+16
18610.0	5.477422609203199e+16
18620.0	5.796399284223999e+16
18630.0	5.810096531046399e+16
18640.0	5.782799378022399e+16
18650.0	5.397030404095999e+16
18660.0	6.043643976089598e+16
18670.0	6.047353405439999e+16
18680.0	5.471206087065598e+16
18690.0	6.293010828492798e+16
18700.0	6.286921236479999e+16
18710.0	5.841459668582399e+16
18720.0	5.998873319833598e+16
18730.0	5.156224565247999e+16
18740.0	6.104395966054399e+16
18750.0	5.882938549862399e+16
18760.0	6.339030954803199e+16
18770.0	5.763403074764798e+16
18780.0	5.958653588275199e+16
18790.0	5.419164211609598e+16
18800.0	6.019841733427199e+16
18810.0	6.078682418380798e+16
18820.0	6.185136160767999e+16
18830.0	6.585355429478399e+16
18840.0	6.667768902451199e+16
18850.0	5.589630530355199e+16
18860.0	6.104784175103999e+16
18870.0	5.885151517081598e+16
18880.0	6.665069920255998e+16
18890.0	5.953388485017598e+16
18900.0	6.404254079385598e+16
18910.0	6.151858579046399e+16
18920.0	5.372842580377598e+16
18930.0	5.825984777420798e+16
18940.0	6.002569982771199e+16
18950.0	6.038678287155199e+16
18960.0	5.922022201753598e+16
18970.0	6.578838700031999e+16
18980.0	5.757089913241598e+16
18990.0	6.107446286745598e+16
19000.0	6.522475655987199e+16
19010.0	6.074799849471999e+16
19020.0	6.524710833356798e+16
19030.0	5.915245228851199e+16
19040.0	6.254372611686399e+16
19050.0	6.107851705548798e+16
19060.0	6.009658657996798e+16
19070.0	5.883250855116798e+16
19080.0	6.540807910195199e+16
19090.0	6.033852570009598e+16
19100.0	6.058930929663999e+16
19110.0	5.668808962867199e+16
19120.0	6.175506078105598e+16
19130.0	6.364853226700798e+16
19140.0	6.458896016998399e+16
19150.0	6.447605009612798e+16
19160.0	5.744480976895999e+16
19170.0	5.769723976089598e+16
19180.0	5.817219049062399e+16
19190.0	6.592940946227199e+16
19200.0	6.159372019302399e+16
19210.0	5.780099288268798e+16
19220.0	6.191252058931199e+16
19230.0	6.183015442022399e+16
19240.0	5.649577345023999e+16
19250.0	6.266029867007999e+16
19260.0	5.971715175219199e+16
19270.0	5.660257117798399e+16
19280.0	6.753407637913598e+16
19290.0	5.973214763417598e+16
19300.0	5.866071824793598e+16
19310.0	5.321450723737598e+16
19320.0	6.065843784908798e+16
19330.0	6.195006642585598e+16
19340.0	5.727780634623999e+16
19350.0	6.128172531711999e+16
19360.0	6.230716068659199e+16
19370.0	6.179363572940798e+16
19380.0	5.941798581043199e+16
19390.0	5.639943913471999e+16
19400.0	5.549851377663999e+16
19410.0	5.798927538585598e+16
19420.0	6.189222002687999e+16
19430.0	5.955760881663999e+16
19440.0	5.909870202060798e+16
19450.0	5.743415112499199e+16
19460.0	5.395347872153598e+16
19470.0	6.250487722803199e+16
19480.0	5.569266391449598e+16
19490.0	5.669821612031999e+16
19500.0	6.280901138841598e+16
19510.0	5.801675004313598e+16
19520.0	5.973848804556798e+16
19530.0	5.173545205759999e+16
19540.0	6.027171869491199e+16
19550.0	5.977678171340798e+16
19560.0	5.407689880371199e+16
19570.0	5.790405505843199e+16
19580.0	6.120946335743999e+16
19590.0	6.850549855027199e+16
19600.0	5.658658845491199e+16
19610.0	5.418885526323199e+16
19620.0	5.959178112204798e+16
19630.0	5.924404920319999e+16
19640.0	5.816088618598399e+16
19650.0	5.416020947763199e+16
19660.0	6.042150581043199e+16
19670.0	6.155723197644798e+16
19680.0	5.252659858636799e+16
19690.0	5.912744807628798e+16
19700.0	6.568759368089598e+16
19710.0	5.596873215180798e+16
19720.0	6.166192835788798e+16
19730.0	5.623204544511999e+16
19740.0	5.596924595404798e+16
19750.0	6.002375950335999e+16
19760.0	4.930424746803199e+16
19770.0	5.681189879807999e+16
19780.0	5.357707971788799e+16
19790.0	5.928073048883199e+16
19800.0	5.439270794035199e+16
19810.0	5.787842097971199e+16
19820.0	5.344344493260799e+16
19830.0	5.504819514572799e+16
19840.0	5.634837086207999e+16
19850.0	5.456641300889598e+16
19860.0	5.459922491801598e+16
19870.0	5.546460715417598e+16
19880.0	5.373594147225598e+16
19890.0	5.861805942374399e+16
19900.0	5.112432826777598e+16
19910.0	5.339492417535999e+16
19920.0	5.033388120473598e+16
19930.0	5.773339787263999e+16
19940.0	6.033659199487999e+16
19950.0	5.542325112012798e+16
19960.0	5.680839642316798e+16
19970.0	5.695817462579199e+16
19980.0	5.436867870719999e+16
19990.0	5.657780328857598e+16
20000.0	5.206999891967999e+16
20010.0	5.358804690534399e+16
20020.0	5.499309457407999e+16
20030.0	5.637070585855999e+16
20040.0	5.617045562982399e+16
20050.0	5.532717246054399e+16
20060.0	5.431010066431999e+16
20070.0	5.342949277695999e+16
20080.0	6.203966357503999e+16
20090.0	5.040251810611199e+16
20100.0	5.564192725401598e+16
20110.0	5.205595979775999e+16
20120.0	5.706084646911999e+16
20130.0	5.400311418060799e+16
20140.0	5.583817670655999e+16
20150.0	5.634916122623999e+16
20160.0	5.293302238412799e+16
20170.0	5.112988473753598e+16
20180.0	5.603338302259199e+16
20190.0	5.366433212006399e+16
20200.0	4.763037938483199e+16
20210.0	5.810426911129598e+16
20220.0	5.523717108531199e+16
20230.0	5.533148446719999e+16
20240.0	5.999931123302399e+16
20250.0	5.604304538828798e+16
20260.0	5.256743511654399e+16
20270.0	5.345994945331199e+16
20280.0	5.695206024806399e+16
20290.0	4.814578948505598e+16
20300.0	5.880784617471999e+16
20310.0	5.029708929433598e+16
20320.0	5.906680564940798e+16
20330.0	5.478318669823999e+16
20340.0	5.430430020403199e+16
20350.0	5.700852658995199e+16
20360.0	4.977922657484799e+16
20370.0	5.768185485721598e+16
20380.0	5.779582917017598e+16
20390.0	5.332616308326399e+16
20400.0	5.300292498227199e+16
20410.0	5.156505989939199e+16
20420.0	5.569033037414399e+16
20430.0	5.974767593062399e+16
20440.0	4.956308596326399e+16
20450.0	4.961935989145598e+16
20460.0	5.522232206950399e+16
20470.0	5.678611274137598e+16
20480.0	5.669523134873598e+16
20490.0	5.053644616499199e+16
20500.0	5.382802990694399e+16
20510.0	5.768196508876798e+16
20520.0	5.329456719462399e+16
20530.0	5.721786489241598e+16
20540.0	5.072333563494399e+16
20550.0	5.445594297139199e+16
20560.0	5.287050516889598e+16
20570.0	5.550142980095999e+16
20580.0	5.766779423948798e+16
20590.0	5.635689414655999e+16
20600.0	5.796651781324798e+16
20610.0	5.062179867852799e+16
20620.0	5.464557171507199e+16
20630.0	5.408566673407999e+16
20640.0	4.910851240755199e+16
20650.0	5.375867853209598e+16
20660.0	5.245903005286399e+16
20670.0	5.930511853158399e+16
20680.0	5.371942954598399e+16
20690.0	5.236046351564799e+16
20700.0	5.864228257791999e+16
20710.0	5.569365717811199e+16
20720.0	5.063036718284799e+16
20730.0	5.364532248575999e+16
20740.0	5.316634804223999e+16
20750.0	5.230617270681598e+16
20760.0	5.665670889471999e+16
20770.0	5.423275127603199e+16
20780.0	5.610110412390399e+16
20790.0	5.495771378483199e+16
20800.0	5.330625835827199e+16
20810.0	5.473887158271999e+16
20820.0	5.615262741299199e+16
20830.0	5.511182457241598e+16
20840.0	5.485990327091199e+16
20850.0	5.454911832063999e+16
20860.0	5.568364321177598e+16
20870.0	5.226172999270399e+16
20880.0	5.660120540774399e+16
20890.0	5.535713997619199e+16
20900.0	5.325899078041598e+16
20910.0	5.917144363827199e+16
20920.0	5.393116161638399e+16
20930.0	5.855824301260798e+16
20940.0	5.271247375564799e+16
20950.0	5.642166455500798e+16
20960.0	5.485109667430399e+16
20970.0	5.551007098470399e+16
20980.0	5.816287585894399e+16
20990.0	5.555141948211199e+16
21000.0	5.522970679705598e+16
21010.0	5.817743232204798e+16
21020.0	5.578741972991999e+16
21030.0	5.542309697945598e+16
21040.0	5.686657980825598e+16
21050.0	5.414963812761598e+16
21060.0	5.798138413055999e+16
21070.0	5.662719383961598e+16
21080.0	5.592919480729598e+16
21090.0	5.439408150937598e+16
21100.0	5.799394410495999e+16
21110.0	5.778177812070399e+16
21120.0	5.384616371814399e+16
21130.0	5.654784652083199e+16
21140.0	5.808442481049598e+16
21150.0	5.762681339903999e+16
21160.0	5.767304944025598e+16
21170.0	5.513114917273598e+16
21180.0	5.666187863654399e+16
21190.0	5.564580849254399e+16
21200.0	5.672403979468798e+16
21210.0	5.652517932236798e+16
21220.0	5.787362184396798e+16
21230.0	5.759793882726399e+16
21240.0	5.733347524607999e+16
21250.0	5.987066131251199e+16
21260.0	5.697242175897598e+16
21270.0	5.700723959398399e+16
21280.0	5.526567767244798e+16
21290.0	5.533386172006399e+16
21300.0	5.680685842431999e+16
21310.0	5.797229166591999e+16
21320.0	5.875279711436798e+16
21330.0	5.814057186099199e+16
21340.0	5.602581544959999e+16
21350.0	5.814107412889598e+16
21360.0	5.868145134796798e+16
21370.0	5.733081782681598e+16
21380.0	5.659290003046399e+16
21390.0	5.840452622745598e+16
21400.0	5.590567957299199e+16
21410.0	5.678858541465598e+16
21420.0	5.793554838323199e+16
21430.0	5.767963908505598e+16
21440.0	6.054917714739199e+16
21450.0	5.997448226406399e+16
21460.0	5.950913590067199e+16
21470.0	5.962977679769598e+16
21480.0	5.767165706239999e+16
21490.0	5.792877274726399e+16
21500.0	5.546206127718399e+16
21510.0	5.959495581695999e+16
21520.0	5.831110846054399e+16
21530.0	5.646264198758399e+16
21540.0	5.840568791859199e+16
21550.0	6.003875918643199e+16
21560.0	5.787636531199999e+16
21570.0	5.864420632166399e+16
21580.0	5.939651608575999e+16
21590.0	5.935053864959999e+16
21600.0	5.832667627519999e+16
21610.0	6.039485480959999e+16
21620.0	5.709836976127999e+16
21630.0	5.739049045196798e+16
21640.0	5.953242844364798e+16
21650.0	6.000058420428798e+16
21660.0	5.761853423615999e+16
21670.0	5.891318153215999e+16
21680.0	6.034509057228798e+16
21690.0	6.156494163148798e+16
21700.0	5.939045374361598e+16
21710.0	5.759927517183999e+16
21720.0	5.862165459763199e+16
21730.0	5.857778021171199e+16
21740.0	5.921207930060798e+16
21750.0	6.021497421823999e+16
21760.0	5.683005829939199e+16
21770.0	5.977868481331199e+16
21780.0	5.756741471436798e+16
21790.0	5.706528011059199e+16
21800.0	5.944400596172798e+16
21810.0	5.942348834406399e+16
21820.0	5.884067708927999e+16
21830.0	5.787027177471999e+16
21840.0	5.883202083225598e+16
21850.0	5.877788167372798e+16
21860.0	5.868149486387199e+16
21870.0	5.980576284671999e+16
21880.0	5.974592415334399e+16
21890.0	5.998103429119999e+16
21900.0	5.802712970035199e+16
21910.0	6.118765861273598e+16
21920.0	5.936131814195199e+16
21930.0	5.758092561612798e+16
21940.0	5.930822873907199e+16
21950.0	6.099967606783999e+16
21960.0	5.982028457574399e+16
21970.0	5.873627470233598e+16
21980.0	6.078950827622399e+16
21990.0	5.909419248844798e+16
22000.0	6.053771975065598e+16
22010.0	6.074281754623999e+16
22020.0	5.990267014348798e+16
22030.0	5.830974518067199e+16
22040.0	5.835917518438399e+16
22050.0	5.792884103577598e+16
22060.0	5.979108029235199e+16
22070.0	5.901199618867199e+16
22080.0	5.921859397222399e+16
22090.0	5.913338340966399e+16
22100.0	6.041092292607999e+16
22110.0	5.852637416652798e+16
22120.0	6.155194990591999e+16
22130.0	5.923350957260798e+16
22140.0	6.172960463257598e+16
22150.0	5.987482389708798e+16
22160.0	5.990732149555199e+16
22170.0	5.883732151500798e+16
22180.0	6.089760400998399e+16
22190.0	5.856921360793598e+16
22200.0	5.748720087859199e+16
22210.0	5.860568583372798e+16
22220.0	6.045072844390399e+16
22230.0	6.068035780607999e+16
22240.0	6.056878814003199e+16
22250.0	6.281559474175999e+16
22260.0	6.190210351103999e+16
22270.0	5.874354579046399e+16
22280.0	5.895939384934399e+16
22290.0	5.813310599987199e+16
22300.0	5.889272302796798e+16
22310.0	6.233373042278399e+16
22320.0	6.163481401753598e+16
22330.0	5.944488479948798e+16
22340.0	6.032659972095999e+16
22350.0	5.851382952755199e+16
22360.0	5.786732737331199e+16
22370.0	6.135830727884798e+16
22380.0	6.075120995532798e+16
22390.0	5.947683504127999e+16
22400.0	6.166919040204798e+16
22410.0	6.219211315609598e+16
22420.0	5.975133519871999e+16
22430.0	5.881289677209598e+16
22440.0	5.958825620275199e+16
22450.0	6.066540498124798e+16
22460.0	6.209780816281598e+16
22470.0	6.021319688191999e+16
22480.0	6.043353245286399e+16
22490.0	6.215761356390399e+16
22500.0	5.858331066367999e+16
22510.0	6.251159211212798e+16
22520.0	5.962931607961598e+16
22530.0	6.120169314713598e+16
22540.0	5.924159750143999e+16
22550.0	5.790927604940798e+16
22560.0	6.023518329241598e+16
22570.0	6.213713933107199e+16
22580.0	5.802684186623999e+16
22590.0	5.995186985369598e+16
22600.0	5.979228353331199e+16
22610.0	5.961847432806399e+16
22620.0	5.995364194713598e+16
22630.0	5.888508598681598e+16
22640.0	5.963551735807999e+16
22650.0	5.953303543807999e+16
22660.0	6.004037530419199e+16
22670.0	6.043526653542399e+16
22680.0	6.146241422950399e+16
22690.0	5.999146762239999e+16
22700.0	5.788317161881598e+16
22710.0	6.023098531839999e+16
22720.0	5.782192612966399e+16
22730.0	6.042685551411199e+16
22740.0	5.937847887462399e+16
22750.0	6.152272242278399e+16
22760.0	5.963697448550399e+16
22770.0	6.108559612313598e+16
22780.0	6.078848997785598e+16
22790.0	5.656062931763199e+16
22800.0	5.836698497843199e+16
22810.0	5.845307765555199e+16
22820.0	6.062581140684798e+16
22830.0	6.037344039731199e+16
22840.0	5.876150632447999e+16
22850.0	5.906752667647999e+16
22860.0	6.014744277811199e+16
22870.0	5.951447944396798e+16
22880.0	6.187128494489598e+16
22890.0	5.744356320870399e+16
22900.0	6.189882867711999e+16
22910.0	6.094060938854399e+16
22920.0	5.803733863628798e+16
22930.0	5.760643006463999e+16
22940.0	4.041984108134399e+16
22950.0	4.837679261286399e+16
22960.0	4.968456703180799e+16
22970.0	5.150855980646399e+16
22980.0	5.057689904742399e+16
22990.0	5.391059242188799e+16
23000.0	5.670428993126399e+16
23010.0	4.896323115417598e+16
23020.0	5.713864916991999e+16
23030.0	5.293333191065598e+16
23040.0	5.658232383078399e+16
23050.0	5.240497700863999e+16
23060.0	5.397071305113598e+16
23070.0	5.474976877772799e+16
23080.0	5.491692273663999e+16
23090.0	5.607384252415999e+16
23100.0	5.201460179763199e+16
23110.0	5.229191200767999e+16
23120.0	5.281185313587199e+16
23130.0	5.528756879359999e+16
23140.0	5.437760929791999e+16
23150.0	4.907578995507199e+16
23160.0	5.190352810803199e+16
23170.0	5.561743664742399e+16
23180.0	5.231328585318399e+16
23190.0	5.604320110182399e+16
23200.0	5.595667483852798e+16
23210.0	5.055041339391999e+16
23220.0	5.221145103564799e+16
23230.0	4.061015860838399e+16
23240.0	4.642049097727999e+16
23250.0	4.788181388492799e+16
23260.0	4.790911251251199e+16
23270.0	4.908693572812799e+16
23280.0	5.061673408921598e+16
23290.0	4.947737355878399e+16
23300.0	4.817323320934399e+16
23310.0	4.760826458931199e+16
23320.0	5.017202130943999e+16
23330.0	5.256340163788799e+16
23340.0	4.856928088883199e+16
23350.0	4.883966879334399e+16
23360.0	4.822739897548799e+16
23370.0	4.729490984140799e+16
23380.0	5.054476772966399e+16
23390.0	4.777516138495999e+16
23400.0	4.664771765862399e+16
23410.0	5.067125699379199e+16
23420.0	5.100449156300799e+16
23430.0	5.145787432959999e+16
23440.0	4.662436593663999e+16
23450.0	4.366706665062399e+16
23460.0	5.334323127910399e+16
23470.0	5.118340431871999e+16
23480.0	5.092664016895999e+16
23490.0	5.015662631321598e+16
23500.0	4.858326869606399e+16
23510.0	4.678589716889598e+16
23520.0	4.477243739340799e+16
23530.0	3.933589779251199e+16
23540.0	4.062493717299199e+16
23550.0	4.620694526361598e+16
23560.0	4.287048155135999e+16
23570.0	4.816091512831999e+16
23580.0	4.575516963635199e+16
23590.0	4.092406274457599e+16
23600.0	4.952399085567999e+16
23610.0	4.424772183654399e+16
23620.0	4.519970727526399e+16
23630.0	4.389054703206399e+16
23640.0	4.692431536127999e+16
23650.0	4.799883234508799e+16
23660.0	4.835518644223999e+16
23670.0	4.651966385356799e+16
23680.0	4.428780463718399e+16
23690.0	4.583333180211199e+16
23700.0	4.912077144063999e+16
23710.0	4.532796981247999e+16
23720.0	4.904874219929598e+16
23730.0	4.649269428223999e+16
23740.0	4.605947124121598e+16
23750.0	4.765806585446399e+16
23760.0	4.631485625139199e+16
23770.0	4.349879530291199e+16
23780.0	4.652229584486399e+16
23790.0	4.448029494476799e+16
23800.0	4.751756833587199e+16
23810.0	4.329660298035199e+16
23820.0	4.473307627519999e+16
23830.0	3.936871730380799e+16
23840.0	3.793536955187199e+16
23850.0	4.499180368691199e+16
23860.0	4.096933848678399e+16
23870.0	3.794628123033599e+16
23880.0	3.909211193343999e+16
23890.0	4.169414580633599e+16
23900.0	4.533461765324799e+16
23910.0	4.353130410803199e+16
23920.0	3.825544016691199e+16
23930.0	3.877643327897599e+16
23940.0	4.851801443532799e+16
23950.0	4.091190339174399e+16
23960.0	4.342523251916799e+16
23970.0	4.201042162483199e+16
23980.0	4.003872020889599e+16
23990.0	4.160462730035199e+16
24000.0	4.206325111193599e+16
24010.0	4.052578631679999e+16
24020.0	4.163789088358399e+16
24030.0	4.152537920307199e+16
24040.0	4.003005418700799e+16
24050.0	4.140128101990399e+16
24060.0	4.051086409727999e+16
24070.0	3.901464982323199e+16
24080.0	3.770157983334399e+16
24090.0	3.845559681023999e+16
24100.0	3.809899629772799e+16
24110.0	3.914118345523199e+16
24120.0	3.918422153625599e+16
24130.0	3.867867833958399e+16
24140.0	3.3949278994431996e+16
24150.0	4.005422995865599e+16
24160.0	3.670716343910399e+16
24170.0	3.540201236070399e+16
24180.0	3.713367467622399e+16
24190.0	4.123255550771199e+16
24200.0	3.707240415231999e+16
24210.0	4.049006519910399e+16
24220.0	3.445359660236799e+16
24230.0	3.770981148262399e+16
24240.0	4.094023034470399e+16
24250.0	3.695273928294399e+16
24260.0	3.541907033292799e+16
24270.0	3.733167413657599e+16
24280.0	3.400917499903999e+16
24290.0	3.799644264857599e+16
24300.0	3.719120997580799e+16
24310.0	3.3910623666175996e+16
24320.0	3.760005568921599e+16
24330.0	3.620373200895999e+16
24340.0	3.4274318876671996e+16
24350.0	3.5310779826175996e+16
24360.0	3.818354140774399e+16
24370.0	2.9804802342911996e+16
24380.0	3.537512097382399e+16
24390.0	3.912398431846399e+16
24400.0	3.5740455141375996e+16
24410.0	3.730906500300799e+16
24420.0	3.385470323916799e+16
24430.0	3.2616750022655996e+16
24440.0	3.147964370124799e+16
24450.0	3.498829499596799e+16
24460.0	3.4955046813695996e+16
24470.0	3.805319410483199e+16
24480.0	3.0252497862655996e+16
24490.0	3.357455224012799e+16
24500.0	3.494889940582399e+16
24510.0	3.674799629926399e+16
24520.0	2.9459771391999996e+16
24530.0	3.1847783694335996e+16
24540.0	2.938359598284799e+16
24550.0	3.0570870276095996e+16
24560.0	3.483958804479999e+16
24570.0	3.4334642733055996e+16
24580.0	3.479098680934399e+16
24590.0	3.471486110924799e+16
24600.0	3.2914079481855996e+16
24610.0	2.4340200423423996e+16
24620.0	3.456342386278399e+16
24630.0	3.2951298031615996e+16
24640.0	3.617175030988799e+16
24650.0	3.329919444582399e+16
24660.0	3.2650038476799996e+16
24670.0	3.527978188799999e+16
24680.0	2.6469525979135996e+16
24690.0	3.4260717142015996e+16
24700.0	3.1045281185791996e+16
24710.0	3.0890069655551996e+16
24720.0	3.1004203548671996e+16
24730.0	3.119508606156799e+16
24740.0	2.7898423541759996e+16
24750.0	2.7831043489791996e+16
24760.0	2.7660709396479996e+16
24770.0	3.458387535462399e+16
24780.0	3.343356018687999e+16
24790.0	2.769161489612799e+16
24800.0	3.0128673325055996e+16
24810.0	3.015339723980799e+16
24820.0	2.781119571558399e+16
24830.0	2.912804506828799e+16
24840.0	3.355259856486399e+16
24850.0	3.3179150385151996e+16
24860.0	3.059783542374399e+16
24870.0	2.6614368272383996e+16
24880.0	2.6720909524991996e+16
24890.0	2.815596979814399e+16
24900.0	2.5956025270271996e+16
24910.0	2.5423077015551996e+16
24920.0	2.862440834662399e+16
24930.0	2.8367043624959996e+16
24940.0	3.222558690508799e+16
24950.0	2.935373286604799e+16
24960.0	2.8156269821951996e+16
24970.0	2.975035156070399e+16
24980.0	2.5373187014655996e+16
24990.0	2.836243909836799e+16
