# Flux units: erg / (cm m2 s)
# Wavelength units: Angstrom
wave	flux
9000.0	1.8242730655743996e+16
9010.0	2.3082362077183996e+16
9020.0	1.9011625418751996e+16
9030.0	1.9854544863231996e+16
9040.0	1.4453849686015998e+16
9050.0	2.2882324807679996e+16
9060.0	2.6982796623871996e+16
9070.0	2.2390686744575996e+16
9080.0	4.171343829401599e+16
9090.0	3.329431830527999e+16
9100.0	2.6441813327871996e+16
9110.0	3.335944195276799e+16
9120.0	3.868073381068799e+16
9130.0	3.966989421772799e+16
9140.0	4.079492897177599e+16
9150.0	4.127727117926399e+16
9160.0	4.577914873446399e+16
9170.0	4.471249711923199e+16
9180.0	4.554180984831999e+16
9190.0	5.174282420223999e+16
9200.0	4.717133063782399e+16
9210.0	2.917592419532799e+16
9220.0	1.9952380805119996e+16
9230.0	1.5743452676095998e+16
9240.0	1.1243890802687998e+16
9250.0	1.5048559853567998e+16
9260.0	1.3955510992895998e+16
9270.0	1.5157250228223996e+16
9280.0	1.0639162081279998e+16
9290.0	1.1458487189503996e+16
9300.0	1.0574506491903998e+16
9310.0	1.0321304387583998e+16
9320.0	1.2521110110207998e+16
9330.0	1.1007913230335998e+16
9340.0	1.7264046276607998e+16
9350.0	1.6882488147967998e+16
9360.0	1.4236579135487998e+16
9370.0	1.3094174883839998e+16
9380.0	1.5641819381759998e+16
9390.0	1.5529821208575998e+16
9400.0	1.9563156471807996e+16
9410.0	1.8905294700543996e+16
9420.0	2.5344300613631996e+16
9430.0	2.2775929831423996e+16
9440.0	2.0118405251071996e+16
9450.0	1.8542316683263996e+16
9460.0	2.5955354345471996e+16
9470.0	1.9085708296191996e+16
9480.0	2.6173225762815996e+16
9490.0	3.307807231180799e+16
9500.0	2.6652810543103996e+16
9510.0	2.6331247804415996e+16
9520.0	3.0968119295999996e+16
9530.0	3.009269779660799e+16
9540.0	3.560660428390399e+16
9550.0	3.1598491205631996e+16
9560.0	3.203144797388799e+16
9570.0	3.686084889804799e+16
9580.0	4.476499971276799e+16
9590.0	4.271846300057599e+16
9600.0	3.948841166438399e+16
9610.0	4.432806477823999e+16
9620.0	3.841952736870399e+16
9630.0	4.763380888371199e+16
9640.0	3.896844766412799e+16
9650.0	4.861121331199999e+16
9660.0	4.967209422028799e+16
9670.0	5.200506362265598e+16
9680.0	5.402340661657598e+16
9690.0	5.843685382553598e+16
9700.0	5.678093592166399e+16
9710.0	5.664881115135999e+16
9720.0	5.987429331763199e+16
9730.0	3.763759978905599e+16
9740.0	3.617981228646399e+16
9750.0	3.794266462617599e+16
9760.0	4.164971580620799e+16
9770.0	3.803428133273599e+16
9780.0	4.035584983039999e+16
9790.0	5.264176473702399e+16
9800.0	4.740401568153598e+16
9810.0	4.107271785676799e+16
9820.0	3.2503242817535996e+16
9830.0	3.589849271500799e+16
9840.0	4.123767013375999e+16
9850.0	3.977261101875199e+16
9860.0	4.407572457062399e+16
9870.0	4.756825990758399e+16
9880.0	4.177699464806399e+16
9890.0	5.319791824076799e+16
9900.0	3.619233516748799e+16
9910.0	2.746506792140799e+16
9920.0	3.587917119487999e+16
9930.0	3.3930030088191996e+16
9940.0	4.222536259993599e+16
9950.0	4.641911472127999e+16
9960.0	4.968144961535999e+16
9970.0	5.721733123276798e+16
9980.0	5.457818157055999e+16
9990.0	3.987855572991999e+16
10000.0	4.679572733951999e+16
10010.0	4.485032627404799e+16
10020.0	4.640806135398399e+16
10030.0	4.720785214668799e+16
10040.0	4.228816823910399e+16
10050.0	5.033912650956799e+16
10060.0	4.574627679436799e+16
10070.0	5.072548682137598e+16
10080.0	4.999461620940799e+16
10090.0	4.878970539212799e+16
10100.0	5.491933845913598e+16
10110.0	5.020931142451199e+16
10120.0	5.932503616716798e+16
10130.0	6.317077954559999e+16
10140.0	4.885330100223999e+16
10150.0	4.819608639897598e+16
10160.0	4.976542620057598e+16
10170.0	4.888643318579199e+16
10180.0	5.583056574873598e+16
10190.0	4.941365339750399e+16
10200.0	5.660068216831999e+16
10210.0	5.784766388633598e+16
10220.0	4.834297472614399e+16
10230.0	5.868626411519999e+16
10240.0	5.865212385689598e+16
10250.0	5.194528142131199e+16
10260.0	4.400349446143999e+16
10270.0	4.751292471705598e+16
10280.0	4.754862001356799e+16
10290.0	4.990014331289598e+16
10300.0	4.721545406054399e+16
10310.0	5.785444719001598e+16
10320.0	4.967764970700799e+16
10330.0	4.854560574668799e+16
10340.0	5.846279965900798e+16
10350.0	5.606144861798399e+16
10360.0	6.413289259007999e+16
10370.0	6.249723972812798e+16
10380.0	5.545655520460798e+16
10390.0	5.963398112870399e+16
10400.0	5.910218375167999e+16
10410.0	6.281034996121598e+16
10420.0	6.176533630156798e+16
10430.0	5.891694270873598e+16
10440.0	7.082791796735998e+16
10450.0	7.134315072716798e+16
10460.0	6.856895286476798e+16
10470.0	5.674006544383999e+16
10480.0	6.496963631513598e+16
10490.0	6.903726381465598e+16
10500.0	6.482707559219199e+16
10510.0	6.696487039795199e+16
10520.0	6.190214584729598e+16
10530.0	6.962217012428798e+16
10540.0	7.572783713484798e+16
10550.0	7.181525050982399e+16
10560.0	7.049016652595199e+16
10570.0	6.741573802393598e+16
10580.0	7.389383635763198e+16
10590.0	7.307400151039998e+16
10600.0	7.815347870105598e+16
10610.0	7.348663916953598e+16
10620.0	7.565555905331198e+16
10630.0	7.614592483327998e+16
10640.0	8.241109165670398e+16
10650.0	8.005577762406398e+16
10660.0	7.621754263961598e+16
10670.0	7.603115366809598e+16
10680.0	7.889065069772798e+16
10690.0	8.328101652070398e+16
10700.0	8.258044284108798e+16
10710.0	7.928201150463998e+16
10720.0	8.962293419212798e+16
10730.0	8.440799349964798e+16
10740.0	8.892013857996798e+16
10750.0	8.926517107097598e+16
10760.0	9.073268647526398e+16
10770.0	9.353427576422398e+16
10780.0	9.409066002022398e+16
10790.0	9.055415500799998e+16
10800.0	9.080601745817598e+16
10810.0	9.030087789772798e+16
10820.0	8.765226614783998e+16
10830.0	9.856523095244798e+16
10840.0	1.0458838859775998e+17
10850.0	9.822004838399998e+16
10860.0	9.594227641548798e+16
10870.0	8.961035979980798e+16
10880.0	9.560394117939197e+16
10890.0	8.140644338892798e+16
10900.0	8.961027237478398e+16
10910.0	9.045144371199998e+16
10920.0	9.149181447372798e+16
10930.0	8.489618178047998e+16
10940.0	8.700090646527998e+16
10950.0	9.040019613286398e+16
10960.0	7.843024653516798e+16
10970.0	8.654357449932798e+16
10980.0	8.086644103577598e+16
10990.0	7.819442729779198e+16
11000.0	7.912123164262398e+16
11010.0	7.996819478937598e+16
11020.0	8.787084365004798e+16
11030.0	6.424955951513598e+16
11040.0	6.573912719359999e+16
11050.0	6.471845458739199e+16
11060.0	6.340129613414399e+16
11070.0	6.245498250854399e+16
11080.0	6.352427050598399e+16
11090.0	6.717622196633598e+16
11100.0	5.949589402419199e+16
11110.0	6.329843279462399e+16
11120.0	6.499932713779199e+16
11130.0	7.241276391423998e+16
11140.0	6.316579690905598e+16
11150.0	6.594452291583999e+16
11160.0	7.068672484966399e+16
11170.0	6.478544050585598e+16
11180.0	7.655226402406398e+16
11190.0	6.899714778726399e+16
11200.0	6.734914119270399e+16
11210.0	7.075346795724798e+16
11220.0	7.549470565990398e+16
11230.0	7.220318358732798e+16
11240.0	7.862757346508798e+16
11250.0	7.837693948723198e+16
11260.0	7.786103452467198e+16
11270.0	7.647753850060798e+16
11280.0	8.335904695910398e+16
11290.0	7.819439400550398e+16
11300.0	7.442502746111998e+16
11310.0	7.940518104268798e+16
11320.0	7.392920286003198e+16
11330.0	7.881570385919998e+16
11340.0	7.693577483059198e+16
11350.0	5.830660102553598e+16
11360.0	7.895248535551998e+16
11370.0	7.730682082099198e+16
11380.0	6.707709503078399e+16
11390.0	7.390587663155198e+16
11400.0	8.018538476339198e+16
11410.0	7.264108471910398e+16
11420.0	7.754244384358398e+16
11430.0	7.891956629503998e+16
11440.0	6.559705976012798e+16
11450.0	7.787477873459198e+16
11460.0	8.230070897868798e+16
11470.0	7.763075045785598e+16
11480.0	7.810059783372798e+16
11490.0	8.340587282431998e+16
11500.0	8.291276777062398e+16
11510.0	8.157841771724798e+16
11520.0	8.186560747929598e+16
11530.0	8.338942053580798e+16
11540.0	7.544410420019198e+16
11550.0	8.642864703078398e+16
11560.0	8.871231986073598e+16
11570.0	8.153160089599998e+16
11580.0	8.659074298675198e+16
11590.0	9.100104689254398e+16
11600.0	7.731478062694398e+16
11610.0	8.218541411532798e+16
11620.0	8.544539049983998e+16
11630.0	8.472638246092798e+16
11640.0	7.319846925107198e+16
11650.0	9.452479001395197e+16
11660.0	7.772881059839998e+16
11670.0	8.564065317683198e+16
11680.0	8.375634578636798e+16
11690.0	7.339070183833598e+16
11700.0	8.300973051084798e+16
11710.0	8.150492040396798e+16
11720.0	8.686631321599998e+16
11730.0	8.064918788505598e+16
11740.0	8.068628178534398e+16
11750.0	8.651502046412798e+16
11760.0	7.806236727705598e+16
11770.0	7.921198576435198e+16
11780.0	7.071269260492798e+16
11790.0	7.653817306316798e+16
11800.0	8.053210847641598e+16
11810.0	7.985525895987198e+16
11820.0	7.746202619084798e+16
11830.0	8.615977143500798e+16
11840.0	8.588307136511998e+16
11850.0	8.451891317964798e+16
11860.0	8.180478653235198e+16
11870.0	9.025318394265598e+16
11880.0	8.372158889983998e+16
11890.0	8.136493006847998e+16
11900.0	8.710538081075198e+16
11910.0	8.299969865318398e+16
11920.0	8.587814069862398e+16
11930.0	9.209295824486398e+16
11940.0	8.439208791244798e+16
11950.0	8.393804664012798e+16
11960.0	8.487313263820798e+16
11970.0	8.085084333670398e+16
11980.0	7.865270285107198e+16
11990.0	8.399715867033598e+16
12000.0	7.965001567436798e+16
12010.0	8.747786475929598e+16
12020.0	8.515081391308798e+16
12030.0	8.197774350745598e+16
12040.0	8.909331051315197e+16
12050.0	9.021248582451197e+16
12060.0	9.790231203020798e+16
12070.0	8.340163028582398e+16
12080.0	9.176466469683197e+16
12090.0	8.682986772889598e+16
12100.0	9.328567949721598e+16
12110.0	8.997353789849598e+16
12120.0	8.870385942527998e+16
12130.0	8.537408326860798e+16
12140.0	9.296776082227197e+16
12150.0	9.787953355161598e+16
12160.0	9.644034057830398e+16
12170.0	9.040565043199998e+16
12180.0	9.661386483302398e+16
12190.0	9.962248968601598e+16
12200.0	9.630107172863998e+16
12210.0	9.578147505766398e+16
12220.0	9.532133919948798e+16
12230.0	9.266405585715197e+16
12240.0	9.654291857407998e+16
12250.0	9.922671384985598e+16
12260.0	1.0017700262707197e+17
12270.0	9.647597472972798e+16
12280.0	1.0009047020339197e+17
12290.0	1.0357897507635197e+17
12300.0	9.907971424255998e+16
12310.0	1.0263233246003197e+17
12320.0	9.694490106265598e+16
12330.0	9.988084229734398e+16
12340.0	1.0378668775833598e+17
12350.0	1.0031611117567998e+17
12360.0	1.0485250392063998e+17
12370.0	1.0202214747340798e+17
12380.0	9.991491813375998e+16
12390.0	9.724095391334398e+16
12400.0	1.0606823800831998e+17
12410.0	9.342542348287998e+16
12420.0	8.361735723417598e+16
12430.0	9.142398091263998e+16
12440.0	8.470300118220798e+16
12450.0	9.412646443417598e+16
12460.0	8.899319470489598e+16
12470.0	9.406887913062398e+16
12480.0	8.935926818406398e+16
12490.0	9.841476894719998e+16
12500.0	9.517722134118398e+16
12510.0	9.916253654220798e+16
12520.0	9.508853488025598e+16
12530.0	9.477063429324798e+16
12540.0	1.0104165669273598e+17
12550.0	9.309042809241598e+16
12560.0	9.348316292710398e+16
12570.0	9.652171623628798e+16
12580.0	8.815236428595198e+16
12590.0	9.636261186764798e+16
12600.0	9.578167664639998e+16
12610.0	1.0034170088652798e+17
12620.0	8.841969113497598e+16
12630.0	9.900705788723197e+16
12640.0	9.832643742924798e+16
12650.0	9.659264676659197e+16
12660.0	9.801772682444798e+16
12670.0	9.898987251302398e+16
12680.0	9.903665381375998e+16
12690.0	1.0184057828147197e+17
12700.0	9.998474805247998e+16
12710.0	1.0209395815219197e+17
12720.0	1.0198093004799998e+17
12730.0	1.0421227041587197e+17
12740.0	9.767741947903998e+16
12750.0	9.692796118630398e+16
12760.0	1.0186868850687998e+17
12770.0	1.0331757857996798e+17
12780.0	1.0018579375718398e+17
12790.0	1.0277862899711998e+17
12800.0	1.0086710483353598e+17
12810.0	1.0173393901977598e+17
12820.0	1.0416361648947197e+17
12830.0	9.844788468121598e+16
12840.0	1.0261948858367998e+17
12850.0	1.0214813676339197e+17
12860.0	9.756405032550398e+16
12870.0	1.0081316267622398e+17
12880.0	1.0167164023603197e+17
12890.0	1.0106423397580798e+17
12900.0	1.0665422435123197e+17
12910.0	1.0290644202291197e+17
12920.0	1.0012176731340798e+17
12930.0	1.0192585280716798e+17
12940.0	1.0789317928550398e+17
12950.0	9.763317796044798e+16
12960.0	1.0488278758195197e+17
12970.0	1.0736123038924798e+17
12980.0	1.0767975265075197e+17
12990.0	1.0300166976307197e+17
13000.0	1.0682093220659197e+17
13010.0	1.0317795531161598e+17
13020.0	1.0637493482291197e+17
13030.0	1.0402957597081598e+17
13040.0	1.0970296221695998e+17
13050.0	1.0704593747967998e+17
13060.0	1.0723198264934398e+17
13070.0	1.0228636398387197e+17
13080.0	1.0169255093862398e+17
13090.0	9.977897785753598e+16
13100.0	9.944791148134398e+16
13110.0	1.0185475489791998e+17
13120.0	1.0757939160678398e+17
13130.0	1.0293888548863998e+17
13140.0	9.965515833343998e+16
13150.0	1.0413833479782398e+17
13160.0	1.0132613732761598e+17
13170.0	1.0210799884697598e+17
13180.0	9.439069051289598e+16
13190.0	1.0361511503462398e+17
13200.0	1.0034652879257598e+17
13210.0	9.833862162022398e+16
13220.0	9.992446725324798e+16
13230.0	9.876452448665598e+16
13240.0	9.830775298457598e+16
13250.0	8.400555881267198e+16
13260.0	9.532583706623998e+16
13270.0	8.916531806207998e+16
13280.0	8.495772703129598e+16
13290.0	8.992738430156798e+16
13300.0	8.386173193420798e+16
13310.0	7.542775965286398e+16
13320.0	6.791611698380798e+16
13330.0	5.698909562470399e+16
13340.0	6.739525717196798e+16
13350.0	3.639238171033599e+16
13360.0	5.543518253875199e+16
13370.0	5.061752012799999e+16
13380.0	5.178169416089598e+16
13390.0	5.263929442303999e+16
13400.0	5.698012574515199e+16
13410.0	6.045442224947199e+16
13420.0	4.465612200345598e+16
13430.0	3.786583015423999e+16
13440.0	5.446354658918399e+16
13450.0	4.567052120883199e+16
13460.0	4.762548035583999e+16
13470.0	4.516071992524799e+16
13480.0	4.196420413030399e+16
13490.0	5.840381689855999e+16
13500.0	5.110171913420799e+16
13510.0	4.295770318438399e+16
13520.0	4.212700967731199e+16
13530.0	4.672932184063999e+16
13540.0	3.5037892182015996e+16
13550.0	4.371225657343999e+16
13560.0	4.961335780966399e+16
13570.0	4.723392885555199e+16
13580.0	4.234391053926399e+16
13590.0	4.204563549388799e+16
13600.0	4.345059396812799e+16
13610.0	4.562163325337598e+16
13620.0	3.3411093594111996e+16
13630.0	4.874880332595199e+16
13640.0	4.311829581004799e+16
13650.0	4.545715050905598e+16
13660.0	4.343584266649599e+16
13670.0	3.804105900031999e+16
13680.0	3.905190074777599e+16
13690.0	4.204840796159999e+16
13700.0	3.852251181875199e+16
13710.0	3.375467544575999e+16
13720.0	3.849983180799999e+16
13730.0	4.000758415359999e+16
13740.0	3.367453681254399e+16
13750.0	3.660540877209599e+16
13760.0	3.851544343347199e+16
13770.0	3.463902285004799e+16
13780.0	4.714209607679999e+16
13790.0	3.853272501452799e+16
13800.0	4.648313703628799e+16
13810.0	4.504448588185598e+16
13820.0	4.866228453375999e+16
13830.0	3.914634199039999e+16
13840.0	4.537641068134399e+16
13850.0	4.311966243225599e+16
13860.0	4.530627470950399e+16
13870.0	4.045807946956799e+16
13880.0	3.745486422015999e+16
13890.0	4.605778699878399e+16
13900.0	4.060533335654399e+16
13910.0	3.608897119846399e+16
13920.0	3.827140794777599e+16
13930.0	4.025518014463999e+16
13940.0	3.837870637055999e+16
13950.0	3.823316900249599e+16
13960.0	3.992683934515199e+16
13970.0	4.032551957299199e+16
13980.0	3.4494658445311996e+16
13990.0	4.232099010969599e+16
14000.0	3.496716061900799e+16
14010.0	3.488002506751999e+16
14020.0	4.162207881625599e+16
14030.0	3.696351025561599e+16
14040.0	3.460377726156799e+16
14050.0	3.608355799039999e+16
14060.0	4.419963034009599e+16
14070.0	3.3306264338431996e+16
14080.0	3.771383106764799e+16
14090.0	3.5694051049471996e+16
14100.0	3.314500175462399e+16
14110.0	3.592328980070399e+16
14120.0	3.5357938614271996e+16
14130.0	3.953104532275199e+16
14140.0	3.737524453375999e+16
14150.0	3.122059568742399e+16
14160.0	3.658787717119999e+16
14170.0	3.220822805708799e+16
14180.0	3.046323653836799e+16
14190.0	3.5119882207231996e+16
14200.0	3.2313068814335996e+16
14210.0	3.4376471576575996e+16
14220.0	3.250941791436799e+16
14230.0	3.235754468966399e+16
14240.0	3.503236376166399e+16
14250.0	3.3070182957055996e+16
14260.0	3.0169865584639996e+16
14270.0	3.417225750118399e+16
14280.0	3.026020781260799e+16
14290.0	2.464185765068799e+16
14300.0	4.074358027059199e+16
14310.0	3.831714473574399e+16
14320.0	3.1898502561791996e+16
14330.0	3.0090739515391996e+16
14340.0	2.9173354463231996e+16
14350.0	3.673188368383999e+16
14360.0	3.460889496780799e+16
14370.0	3.4468505976831996e+16
14380.0	3.5007296045055996e+16
14390.0	3.628909677772799e+16
14400.0	3.255731047628799e+16
14410.0	2.920203472076799e+16
14420.0	3.106983421542399e+16
14430.0	3.996455931084799e+16
14440.0	3.563594878156799e+16
14450.0	3.276651646156799e+16
14460.0	3.4678471458815996e+16
14470.0	3.017709866188799e+16
14480.0	3.544805199052799e+16
14490.0	4.099325663641599e+16
14500.0	3.916915140198399e+16
14510.0	3.192191575654399e+16
14520.0	4.370910812569599e+16
14530.0	3.607350119628799e+16
14540.0	3.1584410959871996e+16
14550.0	4.215474834636799e+16
14560.0	3.4963870318591996e+16
14570.0	3.371500539084799e+16
14580.0	3.722298510540799e+16
14590.0	4.076153710182399e+16
14600.0	3.921526990438399e+16
14610.0	3.807108369612799e+16
14620.0	3.433454347878399e+16
14630.0	3.350579694796799e+16
14640.0	3.773119777996799e+16
14650.0	3.736197644287999e+16
14660.0	4.243667442073599e+16
14670.0	3.762420288716799e+16
14680.0	3.507069062348799e+16
14690.0	3.2366538588159996e+16
14700.0	3.383765526118399e+16
14710.0	3.665255288012799e+16
14720.0	3.681474078310399e+16
14730.0	3.952869067980799e+16
14740.0	3.511261790207999e+16
14750.0	3.438433959935999e+16
14760.0	3.576977129471999e+16
14770.0	3.768202710220799e+16
14780.0	3.727164866559999e+16
14790.0	4.350810508492799e+16
14800.0	3.339810678374399e+16
14810.0	3.992672865484799e+16
14820.0	3.548723504742399e+16
14830.0	3.468194873343999e+16
14840.0	4.224085544140799e+16
14850.0	3.544029947494399e+16
14860.0	3.725807163801599e+16
14870.0	4.093909847244799e+16
14880.0	3.822786589491199e+16
14890.0	3.944117560934399e+16
14900.0	3.666962658099199e+16
14910.0	4.225341174579199e+16
14920.0	4.190100645478399e+16
14930.0	3.686782009343999e+16
14940.0	3.3081514852351996e+16
14950.0	3.938801005363199e+16
14960.0	4.091416890572799e+16
14970.0	3.977087569100799e+16
14980.0	4.059995288371199e+16
14990.0	4.110830849228799e+16
15000.0	3.908793027788799e+16
15010.0	3.902202694860799e+16
15020.0	3.097681611980799e+16
15030.0	4.605189763891199e+16
15040.0	3.904559579135999e+16
15050.0	4.497148660940799e+16
15060.0	4.136249307955199e+16
15070.0	4.400227595059199e+16
15080.0	3.847917961215999e+16
15090.0	4.530128401203199e+16
15100.0	3.994506906828799e+16
15110.0	4.342064932454399e+16
15120.0	4.475919151923199e+16
15130.0	4.095896066457599e+16
15140.0	4.103789353369599e+16
15150.0	4.507382579199999e+16
15160.0	4.436902176358399e+16
15170.0	4.316663237836799e+16
15180.0	4.224135797145599e+16
15190.0	4.123347143884799e+16
15200.0	4.177411807641599e+16
15210.0	4.599695435366399e+16
15220.0	4.260505210060799e+16
15230.0	4.855225516031999e+16
15240.0	4.459410967756799e+16
15250.0	4.144296270233599e+16
15260.0	4.150606508851199e+16
15270.0	4.600599832166399e+16
15280.0	4.655170925363199e+16
15290.0	4.368976976281599e+16
15300.0	5.065336461721598e+16
15310.0	4.344817057791999e+16
15320.0	3.841405026303999e+16
15330.0	4.393677986201599e+16
15340.0	5.020395149721598e+16
15350.0	4.728830571315199e+16
15360.0	4.733602247475199e+16
15370.0	4.259491328819199e+16
15380.0	4.572802429747199e+16
15390.0	5.088033374207999e+16
15400.0	4.723188865433598e+16
15410.0	4.442323261849599e+16
15420.0	4.978640440524799e+16
15430.0	4.696953526681598e+16
15440.0	4.846352138239999e+16
15450.0	4.979232630374399e+16
15460.0	5.525306697318399e+16
15470.0	4.549498123059199e+16
15480.0	4.977105266278399e+16
15490.0	4.852571950284799e+16
15500.0	5.176791249715199e+16
15510.0	4.641903706111999e+16
15520.0	5.161528891801598e+16
15530.0	5.193508729651199e+16
15540.0	5.346609659903999e+16
15550.0	5.086357828403199e+16
15560.0	4.818363416575999e+16
15570.0	4.950954999807999e+16
15580.0	4.519357382655999e+16
15590.0	5.027721327411199e+16
15600.0	5.347532164300799e+16
15610.0	5.268999824998399e+16
15620.0	5.388436190003199e+16
15630.0	5.325061868748799e+16
15640.0	5.736763555839999e+16
15650.0	5.000604745727999e+16
15660.0	4.807084526796799e+16
15670.0	5.577369413222399e+16
15680.0	5.920040511078399e+16
15690.0	5.213499293695999e+16
15700.0	5.346156570214399e+16
15710.0	5.480594223923199e+16
15720.0	5.370633892659199e+16
15730.0	5.444408292147199e+16
15740.0	5.654689677311999e+16
15750.0	5.467766888857598e+16
15760.0	5.644817045913598e+16
15770.0	5.778722350694399e+16
15780.0	5.505168782131199e+16
15790.0	5.529155207167999e+16
15800.0	5.695615480627199e+16
15810.0	5.714398622515199e+16
15820.0	5.724736376012798e+16
15830.0	5.963832151244798e+16
15840.0	5.494794302259199e+16
15850.0	5.437706731519999e+16
15860.0	6.017474114355199e+16
15870.0	6.095990122086399e+16
15880.0	5.968444168601598e+16
15890.0	6.032754068684798e+16
15900.0	5.573248208076798e+16
15910.0	6.022259356467199e+16
15920.0	5.951502260633598e+16
15930.0	5.967435005951999e+16
15940.0	6.396054378905598e+16
15950.0	6.410652719513598e+16
15960.0	6.312237570457598e+16
15970.0	6.204526270873598e+16
15980.0	6.024341972582399e+16
15990.0	6.243679666175999e+16
16000.0	6.340979405619199e+16
16010.0	6.551332179148798e+16
16020.0	6.007130200473598e+16
16030.0	6.639520448511998e+16
16040.0	6.250271028019199e+16
16050.0	6.388859456716798e+16
16060.0	6.100412779724798e+16
16070.0	6.201495296409598e+16
16080.0	6.427424941670399e+16
16090.0	6.365293130547199e+16
16100.0	6.377092205772798e+16
16110.0	6.502088009318399e+16
16120.0	6.503223197695999e+16
16130.0	6.509257267609598e+16
16140.0	6.316809099673598e+16
16150.0	6.361020930457598e+16
16160.0	6.705593987891199e+16
16170.0	6.975747588095998e+16
16180.0	6.947762562662399e+16
16190.0	6.440959934463999e+16
16200.0	6.389090235187199e+16
16210.0	6.318250079027199e+16
16220.0	6.893719453695998e+16
16230.0	6.727893896396798e+16
16240.0	6.736066576383998e+16
16250.0	6.696561357619199e+16
16260.0	6.823695797452798e+16
16270.0	7.066239565823998e+16
16280.0	6.964857628262399e+16
16290.0	6.778126008319998e+16
16300.0	7.054032830463998e+16
16310.0	6.791792112435199e+16
16320.0	6.736341513011199e+16
16330.0	7.119988287078399e+16
16340.0	7.210656320716798e+16
16350.0	7.072118013951998e+16
16360.0	6.993281915289598e+16
16370.0	6.960753973657598e+16
16380.0	7.244106825727998e+16
16390.0	7.124979561267199e+16
16400.0	7.081278622924798e+16
16410.0	7.191722957209598e+16
16420.0	6.970380019302399e+16
16430.0	6.966417516134399e+16
16440.0	7.205529675366399e+16
16450.0	7.177867270553598e+16
16460.0	7.099780615372798e+16
16470.0	7.188429746995199e+16
16480.0	7.178556945203199e+16
16490.0	7.511771814297598e+16
16500.0	7.350597045452798e+16
16510.0	7.313809040998398e+16
16520.0	7.326374127206398e+16
16530.0	7.147085470105598e+16
16540.0	7.393034095820798e+16
16550.0	7.314920859238398e+16
16560.0	7.390949644697598e+16
16570.0	7.639146784358398e+16
16580.0	7.535873294335998e+16
16590.0	7.076075916492798e+16
16600.0	7.128931591782399e+16
16610.0	7.217680180838398e+16
16620.0	7.205769458483198e+16
16630.0	7.646816580403198e+16
16640.0	7.682785319321598e+16
16650.0	7.614411951308798e+16
16660.0	7.628026281983998e+16
16670.0	7.367484047359998e+16
16680.0	7.516420531814398e+16
16690.0	7.564004674764798e+16
16700.0	7.545150714675198e+16
16710.0	7.770063949004798e+16
16720.0	7.297178861567998e+16
16730.0	7.364104657305598e+16
16740.0	7.567262783897598e+16
16750.0	7.945265807359998e+16
16760.0	7.970818595225598e+16
16770.0	7.427582630297598e+16
16780.0	7.732926624563198e+16
16790.0	7.738546821529598e+16
16800.0	7.653243984281598e+16
16810.0	7.784436242841598e+16
16820.0	7.967258509311998e+16
16830.0	7.883227516108798e+16
16840.0	7.712615288012798e+16
16850.0	7.916599312383998e+16
16860.0	7.682002242764798e+16
16870.0	7.383585941094398e+16
16880.0	7.633705041919998e+16
16890.0	7.177554873548798e+16
16900.0	7.547740120678398e+16
16910.0	7.662268422553598e+16
16920.0	7.399413645311998e+16
16930.0	7.568864339558398e+16
16940.0	7.608511823871998e+16
16950.0	7.417139232767998e+16
16960.0	7.399490270003198e+16
16970.0	7.274206461951998e+16
16980.0	7.077860147199998e+16
16990.0	7.119248346316798e+16
17000.0	7.115566455193598e+16
17010.0	6.992223548211199e+16
17020.0	7.325956977459198e+16
17030.0	7.235144148582398e+16
17040.0	6.514806397337598e+16
17050.0	6.963409348198399e+16
17060.0	7.371587859251198e+16
17070.0	7.039810076671998e+16
17080.0	6.500974945894399e+16
17090.0	6.405194593075199e+16
17100.0	7.117974221619199e+16
17110.0	6.510865403084798e+16
17120.0	6.453699896934399e+16
17130.0	6.615071077171199e+16
17140.0	6.176103700889598e+16
17150.0	6.263878189055999e+16
17160.0	5.954224416358399e+16
17170.0	6.111055904767999e+16
17180.0	5.648158117068798e+16
17190.0	5.445753228492799e+16
17200.0	5.902034953830399e+16
17210.0	5.997070739046399e+16
17220.0	6.358591642009598e+16
17230.0	5.712984637439999e+16
17240.0	5.405736966553598e+16
17250.0	5.966074976665598e+16
17260.0	6.257258607411199e+16
17270.0	4.717284936908799e+16
17280.0	6.188777452339199e+16
17290.0	5.850212230758399e+16
17300.0	5.543786623795199e+16
17310.0	6.070375029145598e+16
17320.0	5.045984133119999e+16
17330.0	5.771302885785598e+16
17340.0	5.374067943014399e+16
17350.0	5.091258387660799e+16
17360.0	5.637300047052798e+16
17370.0	4.931856669081598e+16
17380.0	5.869533514956798e+16
17390.0	5.619731791871999e+16
17400.0	5.249421194035199e+16
17410.0	5.282183485849598e+16
17420.0	5.755329930854399e+16
17430.0	5.422258913279999e+16
17440.0	5.069141167308799e+16
17450.0	5.516976337715199e+16
17460.0	5.483615636684799e+16
17470.0	4.664296570879999e+16
17480.0	4.994094773043199e+16
17490.0	5.490173365452799e+16
17500.0	5.247788784025598e+16
17510.0	4.987338732339199e+16
17520.0	4.936147156991999e+16
17530.0	5.625606769868798e+16
17540.0	5.118331951513598e+16
17550.0	4.979584617676799e+16
17560.0	4.223526004326399e+16
17570.0	4.656455856947199e+16
17580.0	4.587425582284799e+16
17590.0	4.676734432051199e+16
17600.0	5.385073007001598e+16
17610.0	4.334641958092799e+16
17620.0	4.748345504563199e+16
17630.0	3.860639472025599e+16
17640.0	5.325029611929598e+16
17650.0	5.164086204825598e+16
17660.0	5.425650964889598e+16
17670.0	4.610323650969598e+16
17680.0	3.814379244748799e+16
17690.0	4.181909428633599e+16
17700.0	5.051393874329598e+16
17710.0	4.733791646515199e+16
17720.0	4.170124463308799e+16
17730.0	3.854611415039999e+16
17740.0	4.658874974207999e+16
17750.0	3.944714108927999e+16
17760.0	4.126209808793599e+16
17770.0	3.988528024780799e+16
17780.0	4.214495143526399e+16
17790.0	4.280194859007999e+16
17800.0	3.957364706508799e+16
17810.0	3.990801101619199e+16
17820.0	3.938346431283199e+16
17830.0	3.697239520051199e+16
17840.0	4.827877507071999e+16
17850.0	3.831792775987199e+16
17860.0	3.707343097036799e+16
17870.0	3.1355618263039996e+16
17880.0	3.989609742335999e+16
17890.0	4.063761589862399e+16
17900.0	4.050296727142399e+16
17910.0	3.709108846591999e+16
17920.0	3.662978836070399e+16
17930.0	3.700410220543999e+16
17940.0	3.702645607628799e+16
17950.0	3.511335452671999e+16
17960.0	3.5959182426111996e+16
17970.0	4.205756216115199e+16
17980.0	4.018162846924799e+16
17990.0	4.123740851404799e+16
18000.0	3.1704437555199996e+16
18010.0	3.408875801804799e+16
18020.0	3.353318575308799e+16
18030.0	3.463932208742399e+16
18040.0	3.877160406220799e+16
18050.0	3.914283810815999e+16
18060.0	3.1437031735295996e+16
18070.0	3.398748005990399e+16
18080.0	3.402812810854399e+16
18090.0	3.0794643046399996e+16
18100.0	3.5075347873791996e+16
18110.0	2.8415906742271996e+16
18120.0	3.531813850316799e+16
18130.0	3.153815414374399e+16
18140.0	3.977362315673599e+16
18150.0	3.914768528179199e+16
18160.0	3.661345331609599e+16
18170.0	3.497852823142399e+16
18180.0	3.2168191492095996e+16
18190.0	3.0473189359615996e+16
18200.0	3.1236371251199996e+16
18210.0	3.194541624524799e+16
18220.0	2.6284496912383996e+16
18230.0	3.704158171955199e+16
18240.0	4.114137045401599e+16
18250.0	3.316789903359999e+16
18260.0	2.9944351621119996e+16
18270.0	3.683396419583999e+16
18280.0	3.1964219310079996e+16
18290.0	3.4124162072575996e+16
18300.0	3.629861378457599e+16
18310.0	3.346716934143999e+16
18320.0	3.382385960550399e+16
18330.0	2.794569501900799e+16
18340.0	3.449246377574399e+16
18350.0	3.1338999152639996e+16
18360.0	3.511596312166399e+16
18370.0	3.934101050163199e+16
18380.0	3.0355900809215996e+16
18390.0	3.091211128012799e+16
18400.0	3.2043784830975996e+16
18410.0	3.724513155481599e+16
18420.0	2.7487793217535996e+16
18430.0	3.1065210126335996e+16
18440.0	3.054519209164799e+16
18450.0	3.1574003875839996e+16
18460.0	2.8604007055359996e+16
18470.0	2.7504203104255996e+16
18480.0	2.6857508175871996e+16
18490.0	2.816395136204799e+16
18500.0	2.7267053289471996e+16
18510.0	3.2905947283455996e+16
18520.0	3.448008658124799e+16
18530.0	2.945537281228799e+16
18540.0	2.7013519376383996e+16
18550.0	3.2257597407231996e+16
18560.0	2.9648521854975996e+16
18570.0	2.674018766028799e+16
18580.0	2.0929404862463996e+16
18590.0	2.3969925365759996e+16
18600.0	2.3298673344511996e+16
18610.0	2.5121672298495996e+16
18620.0	2.792578213478399e+16
18630.0	2.7441362436095996e+16
18640.0	2.6047552192511996e+16
18650.0	2.5144674779135996e+16
18660.0	2.967214941798399e+16
18670.0	2.8260524523519996e+16
18680.0	2.511540817100799e+16
18690.0	3.000301145292799e+16
18700.0	3.025202013798399e+16
18710.0	2.911237672140799e+16
18720.0	3.029731232972799e+16
18730.0	2.3395137060863996e+16
18740.0	3.014388000358399e+16
18750.0	2.8536833638399996e+16
18760.0	3.0593979318271996e+16
18770.0	2.7968762576895996e+16
18780.0	2.7086992769023996e+16
18790.0	2.507611835596799e+16
18800.0	2.842426346700799e+16
18810.0	2.8770588655615996e+16
18820.0	3.179428547788799e+16
18830.0	3.2894448730111996e+16
18840.0	3.543149012582399e+16
18850.0	2.7436774359039996e+16
18860.0	3.0530122940415996e+16
18870.0	2.8075839127551996e+16
18880.0	3.4801375444991996e+16
18890.0	2.9832774123519996e+16
18900.0	3.387481089638399e+16
18910.0	3.1009007337471996e+16
18920.0	2.4244146733055996e+16
18930.0	2.7145443213311996e+16
18940.0	2.8730080952319996e+16
18950.0	2.9417963257855996e+16
18960.0	2.9043335888895996e+16
18970.0	3.377300275199999e+16
18980.0	2.686969466060799e+16
18990.0	3.0368713998335996e+16
19000.0	3.539232263372799e+16
19010.0	2.9550300102655996e+16
19020.0	3.4397678600191996e+16
19030.0	2.8711635648511996e+16
19040.0	3.094415599206399e+16
19050.0	3.0790348963839996e+16
19060.0	2.985026250342399e+16
19070.0	2.9105915330559996e+16
19080.0	3.472444024422399e+16
19090.0	3.0260432732159996e+16
19100.0	3.0332470886399996e+16
19110.0	2.7800065277951996e+16
19120.0	3.135437629030399e+16
19130.0	3.351924942438399e+16
19140.0	3.3911630462975996e+16
19150.0	3.3711595585535996e+16
19160.0	2.860156210380799e+16
19170.0	2.805051074150399e+16
19180.0	2.7907816325119996e+16
19190.0	3.5650411626495996e+16
19200.0	3.238081767014399e+16
19210.0	3.019099219558399e+16
19220.0	3.1874474704895996e+16
19230.0	3.252810409574399e+16
19240.0	2.787852930252799e+16
19250.0	3.2595721158655996e+16
19260.0	3.0840682250239996e+16
19270.0	2.7460743495679996e+16
19280.0	3.631444066303999e+16
19290.0	3.1415950770175996e+16
19300.0	3.002953649356799e+16
19310.0	2.6045289103359996e+16
19320.0	3.1105811546111996e+16
19330.0	3.1369951805439996e+16
19340.0	2.8624260956159996e+16
19350.0	3.1430991347711996e+16
19360.0	3.174298478182399e+16
19370.0	3.1938926018559996e+16
19380.0	3.0451410042879996e+16
19390.0	2.773431412326399e+16
19400.0	2.7106951643135996e+16
19410.0	2.8343279370239996e+16
19420.0	3.150874764902399e+16
19430.0	3.0747098611711996e+16
19440.0	3.048582112870399e+16
19450.0	3.028486743654399e+16
19460.0	2.930944789708799e+16
19470.0	3.3604269801471996e+16
19480.0	2.7890750554111996e+16
19490.0	2.9156206510079996e+16
19500.0	3.3678377517055996e+16
19510.0	3.238228954316799e+16
19520.0	2.9930342645759996e+16
19530.0	2.4678459867135996e+16
19540.0	3.169284122214399e+16
19550.0	3.1660624740351996e+16
19560.0	2.6222259503103996e+16
19570.0	2.943270168166399e+16
19580.0	3.202908884172799e+16
19590.0	3.743470197145599e+16
19600.0	2.9488928849919996e+16
19610.0	2.7563838472191996e+16
19620.0	3.024221654220799e+16
19630.0	3.1240187805695996e+16
19640.0	3.0438385713151996e+16
19650.0	2.7320866045951996e+16
19660.0	3.1324613967871996e+16
19670.0	3.2251879915519996e+16
19680.0	2.562226965708799e+16
19690.0	3.0436240424959996e+16
19700.0	3.575046202982399e+16
19710.0	2.8643370008575996e+16
19720.0	3.3982329552895996e+16
19730.0	2.835141250252799e+16
19740.0	2.8064027115519996e+16
19750.0	3.2855316201471996e+16
19760.0	2.4292809670655996e+16
19770.0	2.9643241684991996e+16
19780.0	2.961445915852799e+16
19790.0	3.243954719948799e+16
19800.0	2.7752832499711996e+16
19810.0	2.9709735985151996e+16
19820.0	2.6956310085631996e+16
19830.0	2.8004396728319996e+16
19840.0	2.9109555265535996e+16
19850.0	2.6986147807231996e+16
19860.0	2.8263231389695996e+16
19870.0	2.971031522508799e+16
19880.0	2.634924838092799e+16
19890.0	3.037395733708799e+16
19900.0	2.6159749824511996e+16
19910.0	2.6284196102143996e+16
19920.0	2.563718761676799e+16
19930.0	3.061494336716799e+16
19940.0	3.361556096614399e+16
19950.0	2.838988344524799e+16
19960.0	2.8851185909759996e+16
19970.0	2.9219839344639996e+16
19980.0	2.7944451604479996e+16
19990.0	3.0188413321215996e+16
20000.0	2.610917903564799e+16
20010.0	2.659159608524799e+16
20020.0	2.876164990566399e+16
20030.0	2.8943763177471996e+16
20040.0	2.920608451788799e+16
20050.0	2.827121878630399e+16
20060.0	2.7268834000895996e+16
20070.0	2.6433164738559996e+16
20080.0	3.4732006408191996e+16
20090.0	2.5755657076735996e+16
20100.0	2.924609332838399e+16
20110.0	2.6063586721791996e+16
20120.0	3.0327023534079996e+16
20130.0	2.7874884485119996e+16
20140.0	2.9304835276799996e+16
20150.0	2.995308629196799e+16
20160.0	2.7122277154815996e+16
20170.0	2.5495446552575996e+16
20180.0	2.930718657740799e+16
20190.0	2.775048867020799e+16
20200.0	2.3424025886719996e+16
20210.0	3.1573403893759996e+16
20220.0	2.895129398476799e+16
20230.0	2.8513667710975996e+16
20240.0	3.3067270438911996e+16
20250.0	3.040675138764799e+16
20260.0	2.775316522598399e+16
20270.0	2.813261466828799e+16
20280.0	3.084420703846399e+16
20290.0	2.3975013384191996e+16
20300.0	3.2316529115135996e+16
20310.0	2.5854773100543996e+16
20320.0	3.2783305015295996e+16
20330.0	2.8403346964479996e+16
20340.0	2.8150157869055996e+16
20350.0	3.120728722636799e+16
20360.0	2.5416364982271996e+16
20370.0	3.1971271442431996e+16
20380.0	3.142592357990399e+16
20390.0	2.8807279869951996e+16
20400.0	2.6991006973951996e+16
20410.0	2.6232810766335996e+16
20420.0	3.031208650342399e+16
20430.0	3.3392419274751996e+16
20440.0	2.4883179257855996e+16
20450.0	2.5371538456575996e+16
20460.0	3.040764618342399e+16
20470.0	3.1966181851135996e+16
20480.0	3.146960948428799e+16
20490.0	2.584974429388799e+16
20500.0	2.8968231075839996e+16
20510.0	3.2602341048319996e+16
20520.0	2.7964673949695996e+16
20530.0	3.1761621778431996e+16
20540.0	2.6658754363391996e+16
20550.0	2.958382474854399e+16
20560.0	2.8056125243391996e+16
20570.0	3.096631895654399e+16
20580.0	3.2628003766271996e+16
20590.0	3.1870748393471996e+16
20600.0	3.328717357055999e+16
20610.0	2.6465534214143996e+16
20620.0	2.9541498224639996e+16
20630.0	2.9241881526271996e+16
20640.0	2.5282976415743996e+16
20650.0	2.9543588626431996e+16
20660.0	2.8622024212479996e+16
20670.0	3.495382142156799e+16
20680.0	2.9367663722495996e+16
20690.0	2.8709730779135996e+16
20700.0	3.434030130790399e+16
20710.0	3.1071813140479996e+16
20720.0	2.6998839803903996e+16
20730.0	2.9835720097791996e+16
20740.0	2.981594441318399e+16
20750.0	2.9155604561919996e+16
20760.0	3.2369808900095996e+16
20770.0	3.0201953648639996e+16
20780.0	3.2798347100159996e+16
20790.0	3.135413800140799e+16
20800.0	2.9620443283455996e+16
20810.0	3.0836697792511996e+16
20820.0	3.2286000873471996e+16
20830.0	3.2154049576959996e+16
20840.0	3.1275664080895996e+16
20850.0	3.1164782346239996e+16
20860.0	3.2339207847935996e+16
20870.0	2.950295152230399e+16
20880.0	3.322511510732799e+16
20890.0	3.2177870012415996e+16
20900.0	3.0142324539391996e+16
20910.0	3.558674222284799e+16
20920.0	3.0433479360511996e+16
20930.0	3.5346261016575996e+16
20940.0	2.9849698369535996e+16
20950.0	3.332064444415999e+16
20960.0	3.2236390449151996e+16
20970.0	3.1985164746751996e+16
20980.0	3.565899966054399e+16
20990.0	3.268488154316799e+16
21000.0	3.264244239564799e+16
21010.0	3.570277410406399e+16
21020.0	3.297717112012799e+16
21030.0	3.280514436300799e+16
21040.0	3.355948377702399e+16
21050.0	3.189907803340799e+16
21060.0	3.5230047338495996e+16
21070.0	3.387611958476799e+16
21080.0	3.355751147110399e+16
21090.0	3.1885223591935996e+16
21100.0	3.496345331302399e+16
21110.0	3.569976737791999e+16
21120.0	3.240015088844799e+16
21130.0	3.4637366296575996e+16
21140.0	3.641484712345599e+16
21150.0	3.5363470180351996e+16
21160.0	3.549544572518399e+16
21170.0	3.343669329919999e+16
21180.0	3.415183183052799e+16
21190.0	3.359118085324799e+16
21200.0	3.4476056707071996e+16
21210.0	3.501013401599999e+16
21220.0	3.605305098239999e+16
21230.0	3.618517650636799e+16
21240.0	3.540354305228799e+16
21250.0	3.790586550681599e+16
21260.0	3.582021828607999e+16
21270.0	3.547622080511999e+16
21280.0	3.388546075852799e+16
21290.0	3.3682729271295996e+16
21300.0	3.4979001597951996e+16
21310.0	3.650230255615999e+16
21320.0	3.737734407782399e+16
21330.0	3.676423133593599e+16
21340.0	3.495220661452799e+16
21350.0	3.709866993254399e+16
21360.0	3.755280538009599e+16
21370.0	3.634154261708799e+16
21380.0	3.582476831948799e+16
21390.0	3.712820569702399e+16
21400.0	3.523393683455999e+16
21410.0	3.525123145727999e+16
21420.0	3.640479645695999e+16
21430.0	3.617518177484799e+16
21440.0	3.944418200780799e+16
21450.0	3.925669609471999e+16
21460.0	3.913166277836799e+16
21470.0	3.827077264179199e+16
21480.0	3.685524163788799e+16
21490.0	3.724153140019199e+16
21500.0	3.467798341222399e+16
21510.0	3.864689049599999e+16
21520.0	3.762775942758399e+16
21530.0	3.5617630257151996e+16
21540.0	3.812586245324799e+16
21550.0	3.897688116428799e+16
21560.0	3.692774535987199e+16
21570.0	3.779660657459199e+16
21580.0	3.907189394636799e+16
21590.0	3.851925428633599e+16
21600.0	3.761932402687999e+16
21610.0	3.975683034316799e+16
21620.0	3.675360998195199e+16
21630.0	3.695503507455999e+16
21640.0	3.901062335692799e+16
21650.0	3.907017205350399e+16
21660.0	3.651872253542399e+16
21670.0	3.827058442239999e+16
21680.0	4.016003055615999e+16
21690.0	4.162864925900799e+16
21700.0	3.885146079231999e+16
21710.0	3.702534052249599e+16
21720.0	3.853547916492799e+16
21730.0	3.771278000127999e+16
21740.0	3.875325915955199e+16
21750.0	4.040020819967999e+16
21760.0	3.635894131097599e+16
21770.0	3.951056879615999e+16
21780.0	3.665084959948799e+16
21790.0	3.703140273356799e+16
21800.0	3.917753411174399e+16
21810.0	3.978000511795199e+16
21820.0	3.928454640435199e+16
21830.0	3.733001397862399e+16
21840.0	3.940152023449599e+16
21850.0	3.807621860556799e+16
21860.0	3.804107394252799e+16
21870.0	3.940986591641599e+16
21880.0	3.966190786969599e+16
21890.0	4.028672475135999e+16
21900.0	3.864269599539199e+16
21910.0	4.123326834278399e+16
21920.0	3.914987628134399e+16
21930.0	3.715243311103999e+16
21940.0	3.921423387852799e+16
21950.0	4.100492656639999e+16
21960.0	3.930253046579199e+16
21970.0	3.870938483916799e+16
21980.0	4.048347070463999e+16
21990.0	3.936390663372799e+16
22000.0	4.062905185075199e+16
22010.0	4.060629231206399e+16
22020.0	4.009779141017599e+16
22030.0	3.877174686515199e+16
22040.0	3.739940467507199e+16
22050.0	3.779813428428799e+16
22060.0	4.129893783961599e+16
22070.0	3.905445252300799e+16
22080.0	3.885902947942399e+16
22090.0	3.994706431180799e+16
22100.0	4.084027575500799e+16
22110.0	3.824424969830399e+16
22120.0	4.188698515865599e+16
22130.0	3.938345635020799e+16
22140.0	4.192357731532799e+16
22150.0	3.971127397580799e+16
22160.0	3.997991174143999e+16
22170.0	3.865422017331199e+16
22180.0	4.093251341516799e+16
22190.0	3.815285463449599e+16
22200.0	3.688746981785599e+16
22210.0	3.846468717772799e+16
22220.0	4.109937895014399e+16
22230.0	4.092952091033599e+16
22240.0	4.073873552179199e+16
22250.0	4.306957408665599e+16
22260.0	4.205451444223999e+16
22270.0	3.869579516313599e+16
22280.0	3.881133100236799e+16
22290.0	3.813695487999999e+16
22300.0	3.888228001382399e+16
22310.0	4.243151926067199e+16
22320.0	4.243041432371199e+16
22330.0	3.963580363571199e+16
22340.0	4.076664658329599e+16
22350.0	3.846622144102399e+16
22360.0	3.725134764441599e+16
22370.0	4.160488105574399e+16
22380.0	4.114285094502399e+16
22390.0	3.907930803404799e+16
22400.0	4.227560439807999e+16
22410.0	4.236747617075199e+16
22420.0	4.015226237747199e+16
22430.0	3.914895523839999e+16
22440.0	3.947085273497599e+16
22450.0	4.082750010163199e+16
22460.0	4.308095362662399e+16
22470.0	3.995703273062399e+16
22480.0	4.060956603187199e+16
22490.0	4.253875942195199e+16
22500.0	3.855632118579199e+16
22510.0	4.309248193331199e+16
22520.0	4.018900670873599e+16
22530.0	4.162930973081599e+16
22540.0	3.905762551398399e+16
22550.0	3.815455981567999e+16
22560.0	4.049315974348799e+16
22570.0	4.255145938124799e+16
22580.0	3.796299900518399e+16
22590.0	4.087204380671999e+16
22600.0	4.002307938713599e+16
22610.0	4.036791232102399e+16
22620.0	4.063692816383999e+16
22630.0	4.045761786675199e+16
22640.0	3.969900550553599e+16
22650.0	3.997131276287999e+16
22660.0	4.086820090675199e+16
22670.0	4.080795097497599e+16
22680.0	4.199649909145599e+16
22690.0	4.016450738585599e+16
22700.0	3.839101639065599e+16
22710.0	4.126293491711999e+16
22720.0	3.832892633907199e+16
22730.0	4.065165161267199e+16
22740.0	4.006722607513599e+16
22750.0	4.274444016025599e+16
22760.0	3.968607990579199e+16
22770.0	4.161783044505599e+16
22780.0	4.157078634495999e+16
22790.0	3.691187588300799e+16
22800.0	3.864239951052799e+16
22810.0	3.905221394431999e+16
22820.0	4.079371327897599e+16
22830.0	4.118620451635199e+16
22840.0	3.907179580620799e+16
22850.0	4.043427672883199e+16
22860.0	4.056658844057599e+16
22870.0	3.948950808166399e+16
22880.0	4.337937678335999e+16
22890.0	3.777715404799999e+16
22900.0	4.315154992332799e+16
22910.0	4.193531179827199e+16
22920.0	3.929204713062399e+16
22930.0	3.886047481036799e+16
22940.0	2.319165541580799e+16
22950.0	3.068550401228799e+16
22960.0	3.0828054118399996e+16
22970.0	3.402357227519999e+16
22980.0	3.2208093478911996e+16
22990.0	3.5745904623615996e+16
23000.0	3.869090755379199e+16
23010.0	3.0441376546815996e+16
23020.0	3.924194951167999e+16
23030.0	3.431252492287999e+16
23040.0	3.877532735897599e+16
23050.0	3.383326441471999e+16
23060.0	3.597504243302399e+16
23070.0	3.702006359654399e+16
23080.0	3.680445933158399e+16
23090.0	3.815373858406399e+16
23100.0	3.3683911114751996e+16
23110.0	3.444236176588799e+16
23120.0	3.428306734284799e+16
23130.0	3.709372268543999e+16
23140.0	3.701668334796799e+16
23150.0	3.1195866857471996e+16
23160.0	3.370110648319999e+16
23170.0	3.654878855167999e+16
23180.0	3.484455947468799e+16
23190.0	3.805430559539199e+16
23200.0	3.755191946444799e+16
23210.0	3.280331492556799e+16
23220.0	3.437228195839999e+16
23230.0	2.3742380441599996e+16
23240.0	2.9406429315071996e+16
23250.0	3.1761153228799996e+16
23260.0	3.1028130742271996e+16
23270.0	3.1754170531839996e+16
23280.0	3.2556470403071996e+16
23290.0	3.2570809384959996e+16
23300.0	3.097201970380799e+16
23310.0	2.9780027703295996e+16
23320.0	3.2505616039935996e+16
23330.0	3.506730237951999e+16
23340.0	3.087788631654399e+16
23350.0	3.159255583948799e+16
23360.0	3.102594567372799e+16
23370.0	3.0306864136191996e+16
23380.0	3.303609886310399e+16
23390.0	3.0250315939839996e+16
23400.0	2.810117999820799e+16
23410.0	3.2081716248575996e+16
23420.0	3.302810117734399e+16
23430.0	3.3805146259455996e+16
23440.0	2.9317283184639996e+16
23450.0	2.632154500300799e+16
23460.0	3.495792856268799e+16
23470.0	3.377736076492799e+16
23480.0	3.3415028473855996e+16
23490.0	3.2551788871679996e+16
23500.0	3.128069875302399e+16
23510.0	2.868082429132799e+16
23520.0	2.6936202592255996e+16
23530.0	2.3175085359103996e+16
23540.0	2.3921669472255996e+16
23550.0	2.953091753574399e+16
23560.0	2.5998131199999996e+16
23570.0	3.064036084940799e+16
23580.0	2.909446819020799e+16
23590.0	2.397589441740799e+16
23600.0	3.239868157132799e+16
23610.0	2.767601437900799e+16
23620.0	2.7977492234239996e+16
23630.0	2.6578824036351996e+16
23640.0	2.947698937036799e+16
23650.0	3.033594291814399e+16
23660.0	3.1323086258175996e+16
23670.0	2.9178963722239996e+16
23680.0	2.7572830142463996e+16
23690.0	2.937203641548799e+16
23700.0	3.2792759320575996e+16
23710.0	2.8195549560831996e+16
23720.0	3.143664831692799e+16
23730.0	2.925761816166399e+16
23740.0	2.9339189575679996e+16
23750.0	3.0509529563135996e+16
23760.0	2.9239780933631996e+16
23770.0	2.6341881217023996e+16
23780.0	2.984175832268799e+16
23790.0	2.797896928460799e+16
23800.0	3.0329036636159996e+16
23810.0	2.7451009826815996e+16
23820.0	2.7562686644223996e+16
23830.0	2.329526226124799e+16
23840.0	2.2043968995327996e+16
23850.0	2.924459943526399e+16
23860.0	2.4947140607999996e+16
23870.0	2.1812061323263996e+16
23880.0	2.3723240816639996e+16
23890.0	2.6439550173183996e+16
23900.0	2.9518305656831996e+16
23910.0	2.7357978951679996e+16
23920.0	2.2958411907071996e+16
23930.0	2.2652601925631996e+16
23940.0	3.253795933388799e+16
23950.0	2.543274609868799e+16
23960.0	2.8032006356991996e+16
23970.0	2.6191377137663996e+16
23980.0	2.4074588553215996e+16
23990.0	2.5294308311039996e+16
24000.0	2.6681143951359996e+16
24010.0	2.4555729846271996e+16
24020.0	2.581525581004799e+16
24030.0	2.6529470611455996e+16
24040.0	2.4345524895743996e+16
24050.0	2.5705456336895996e+16
24060.0	2.5251015360511996e+16
24070.0	2.338226130124799e+16
24080.0	2.2757406736383996e+16
24090.0	2.300016839884799e+16
24100.0	2.2555568799743996e+16
24110.0	2.3567909355519996e+16
24120.0	2.3210853105663996e+16
24130.0	2.3161040240639996e+16
24140.0	1.9647516704767996e+16
24150.0	2.5300562804735996e+16
24160.0	2.1562119192575996e+16
24170.0	2.0963294871551996e+16
24180.0	2.1536933183487996e+16
24190.0	2.5089286701055996e+16
24200.0	2.3271179845631996e+16
24210.0	2.4759034642431996e+16
24220.0	1.9687740506111996e+16
24230.0	2.2898169217023996e+16
24240.0	2.536357661900799e+16
24250.0	2.1821634707455996e+16
24260.0	2.0242171985919996e+16
24270.0	2.3031040016383996e+16
24280.0	1.9562216505343996e+16
24290.0	2.294622285004799e+16
24300.0	2.250347236556799e+16
24310.0	1.9155277135871996e+16
24320.0	2.292097903820799e+16
24330.0	2.0891105165311996e+16
24340.0	1.9962524958719996e+16
24350.0	2.0773010079743996e+16
24360.0	2.3574839558143996e+16
24370.0	1.6503308222463996e+16
24380.0	2.1223474429951996e+16
24390.0	2.3957334065151996e+16
24400.0	2.1470833311743996e+16
24410.0	2.3320870715391996e+16
24420.0	1.9830980198399996e+16
24430.0	1.8130477105151996e+16
24440.0	1.8096547954687996e+16
24450.0	2.0592749412351996e+16
24460.0	2.0630594093055996e+16
24470.0	2.3890448678911996e+16
24480.0	1.6906886168575998e+16
24490.0	1.9865056559103996e+16
24500.0	2.0129958461439996e+16
24510.0	2.280546651340799e+16
24520.0	1.5726409777151996e+16
24530.0	1.8441903833087996e+16
24540.0	1.6706637217791996e+16
24550.0	1.7340844556287998e+16
24560.0	2.0923138670591996e+16
24570.0	1.9678015094783996e+16
24580.0	2.0010461790207996e+16
24590.0	2.0242834849791996e+16
24600.0	2.0161557757951996e+16
24610.0	1.3346337161215998e+16
24620.0	2.1022814896127996e+16
24630.0	1.9032249434111996e+16
24640.0	2.1422437138431996e+16
24650.0	2.0002558017535996e+16
24660.0	1.8553842892799996e+16
24670.0	2.1927625785343996e+16
24680.0	1.4710617309183996e+16
24690.0	2.0913925718015996e+16
24700.0	1.7892802199551996e+16
24710.0	1.7187991715839996e+16
24720.0	1.7321679781887998e+16
24730.0	1.7703257931775998e+16
24740.0	1.6035766829055998e+16
24750.0	1.5721695805439998e+16
24760.0	1.5194899578879998e+16
24770.0	2.1239097933823996e+16
24780.0	1.9436569952255996e+16
24790.0	1.4607353888767998e+16
24800.0	1.6683904729087998e+16
24810.0	1.7541297766399996e+16
24820.0	1.5602829705215998e+16
24830.0	1.6905538224127998e+16
24840.0	1.9529188507647996e+16
24850.0	2.0931677749247996e+16
24860.0	1.8001614929919996e+16
24870.0	1.5162735099903996e+16
24880.0	1.5171980951551996e+16
24890.0	1.6770243297279996e+16
24900.0	1.5149985824767998e+16
24910.0	1.4923704238079998e+16
24920.0	1.6573821943807998e+16
24930.0	1.6333825605631996e+16
24940.0	2.0169421979647996e+16
24950.0	1.7655468326911996e+16
24960.0	1.6563453001727998e+16
24970.0	1.8565281251327996e+16
24980.0	1.4343234584575998e+16
24990.0	1.5936366886911996e+16
