# Flux units: erg / (cm m2 s)
# Wavelength units: Angstrom
wave	flux
9000.0	52171101.92871093
9010.0	60464684.81445311
9020.0	52582145.50781249
9030.0	54472760.49804686
9040.0	44033471.801757805
9050.0	62068043.33496093
9060.0	73109712.64648436
9070.0	61577943.35937499
9080.0	106594389.16015622
9090.0	88212392.82226561
9100.0	71039966.55273436
9110.0	87784686.52343749
9120.0	100496188.96484374
9130.0	103082677.73437497
9140.0	107381791.74804685
9150.0	107697480.71289061
9160.0	119887506.83593747
9170.0	116744410.15624997
9180.0	121296077.63671872
9190.0	137895805.66406247
9200.0	125637137.69531249
9210.0	81545091.55273436
9220.0	57891691.65039061
9230.0	49767399.78027343
9240.0	41689914.91699217
9250.0	48805554.44335937
9260.0	46809135.864257805
9270.0	49649931.762695305
9280.0	40905932.98339843
9290.0	41809544.18945312
9300.0	40995203.36914062
9310.0	40820903.68652343
9320.0	44780316.89453124
9330.0	42330466.55273437
9340.0	53711390.01464843
9350.0	54451213.74511717
9360.0	48604469.23828124
9370.0	46546146.48437499
9380.0	52378429.44335936
9390.0	52043887.695312485
9400.0	60909804.68749999
9410.0	60319871.582031235
9420.0	74626229.00390624
9430.0	67957795.89843749
9440.0	62388565.91796874
9450.0	59225699.46289062
9460.0	76526212.15820311
9470.0	60239808.105468735
9480.0	76820580.81054686
9490.0	93732218.26171874
9500.0	78977771.48437499
9510.0	77825529.29687499
9520.0	88695802.73437497
9530.0	87105256.59179686
9540.0	101321912.3535156
9550.0	91369087.89062499
9560.0	91550219.23828122
9570.0	105164331.05468749
9580.0	126871388.67187497
9590.0	120654745.11718749
9600.0	112013658.20312497
9610.0	126020000.48828124
9620.0	108725822.75390624
9630.0	133259285.64453122
9640.0	113182926.26953124
9650.0	142315664.06249997
9660.0	142838181.15234372
9670.0	147391845.21484372
9680.0	156416106.93359372
9690.0	171250758.3007812
9700.0	164519174.31640622
9710.0	168926748.53515622
9720.0	177267957.03124997
9730.0	113213859.86328124
9740.0	108575800.29296872
9750.0	114508076.66015624
9760.0	124961842.77343747
9770.0	119226739.25781247
9780.0	122802075.19531249
9790.0	165073137.20703122
9800.0	145000709.47265622
9810.0	126233424.80468747
9820.0	102356789.55078124
9830.0	113168086.91406247
9840.0	127060605.46874997
9850.0	124915092.28515622
9860.0	137733384.76562497
9870.0	148148574.70703122
9880.0	129694352.29492186
9890.0	167292891.8457031
9900.0	118942440.91796872
9910.0	96917745.60546874
9920.0	124254799.31640622
9930.0	113496597.65624997
9940.0	140506189.45312497
9950.0	155354320.31249997
9960.0	170995187.49999997
9970.0	197243873.5351562
9980.0	185923440.42968747
9990.0	138478543.94531247
10000.0	159259707.76367185
10010.0	152415799.31640622
10020.0	158632333.2519531
10030.0	157240060.54687497
10040.0	144029759.76562497
10050.0	170839989.5019531
10060.0	160997226.8066406
10070.0	178579233.39843747
10080.0	169483121.5820312
10090.0	169499777.09960935
10100.0	188525431.8847656
10110.0	174503445.06835932
10120.0	208356954.5898437
10130.0	218416263.42773435
10140.0	170721970.45898432
10150.0	164492998.53515622
10160.0	173900124.02343747
10170.0	171665554.9316406
10180.0	191049009.27734372
10190.0	173331197.7539062
10200.0	197441787.59765622
10210.0	199555174.0722656
10220.0	168191406.24999997
10230.0	202148923.58398432
10240.0	201346316.6503906
10250.0	180501833.49609372
10260.0	158111711.66992185
10270.0	171621879.63867185
10280.0	173762334.96093747
10290.0	179839814.45312497
10300.0	169223854.7363281
10310.0	204659685.05859372
10320.0	177133246.3378906
10330.0	173904728.27148435
10340.0	212226394.53124997
10350.0	203600521.97265622
10360.0	232718378.90624997
10370.0	226636304.19921872
10380.0	201487528.80859372
10390.0	214146370.84960935
10400.0	217434302.00195307
10410.0	224920614.99023435
10420.0	228648998.2910156
10430.0	223665734.6191406
10440.0	261053565.9179687
10450.0	259986401.85546872
10460.0	245704184.57031247
10470.0	216476850.0976562
10480.0	237274085.93749994
10490.0	246832553.2226562
10500.0	235518652.34374997
10510.0	249995482.9101562
10520.0	235912815.91796872
10530.0	251535971.1914062
10540.0	276768507.81249994
10550.0	259308305.66406244
10560.0	259656882.3242187
10570.0	252841049.80468744
10580.0	262861174.80468747
10590.0	259448589.84374997
10600.0	285710619.6289062
10610.0	278649135.2539062
10620.0	284819742.18749994
10630.0	280198026.36718744
10640.0	303616388.1835937
10650.0	297119846.1914062
10660.0	289614194.33593744
10670.0	297670650.39062494
10680.0	312982416.99218744
10690.0	321900121.09374994
10700.0	328866423.82812494
10710.0	311632876.4648437
10720.0	351580506.83593744
10730.0	339011083.00781244
10740.0	354192898.4374999
10750.0	353250694.33593744
10760.0	365592476.07421863
10770.0	376477015.62499994
10780.0	365586646.48437494
10790.0	364708701.66015613
10800.0	363397286.6210937
10810.0	364737453.12499994
10820.0	357052030.27343744
10830.0	400845600.58593744
10840.0	424903258.78906244
10850.0	405106576.17187494
10860.0	395550920.8984374
10870.0	361419764.64843744
10880.0	384570215.82031244
10890.0	325807915.03906244
10900.0	359386989.7460937
10910.0	370959626.4648437
10920.0	370290121.09374994
10930.0	336320876.9531249
10940.0	349360961.4257812
10950.0	368561632.81249994
10960.0	313463744.14062494
10970.0	346330703.12499994
10980.0	327320500.4882812
10990.0	312316452.14843744
11000.0	318418877.92968744
11010.0	319523706.05468744
11020.0	362339817.3828124
11030.0	259108712.4023437
11040.0	261599174.3164062
11050.0	257025487.7929687
11060.0	251114031.49414057
11070.0	250588177.24609372
11080.0	255992198.24218747
11090.0	273172569.33593744
11100.0	238835275.39062494
11110.0	257929343.2617187
11120.0	263709557.37304685
11130.0	291801237.54882807
11140.0	255096661.6210937
11150.0	270602088.6230468
11160.0	288668258.78906244
11170.0	260998532.22656244
11180.0	315848027.8320312
11190.0	283484346.67968744
11200.0	274329336.91406244
11210.0	296949179.68749994
11220.0	316915487.7929687
11230.0	297197583.4960937
11240.0	322695002.92968744
11250.0	330576275.8789062
11260.0	319872556.64062494
11270.0	320587303.2226562
11280.0	351623450.1953124
11290.0	330278401.8554687
11300.0	318584074.7070312
11310.0	334341940.42968744
11320.0	307625915.5273437
11330.0	329874213.3789062
11340.0	324111220.70312494
11350.0	238220831.2988281
11360.0	335293998.5351562
11370.0	326357333.4960937
11380.0	286370305.66406244
11390.0	309739264.64843744
11400.0	341912250.97656244
11410.0	314364223.63281244
11420.0	327978617.6757812
11430.0	341231544.92187494
11440.0	271488398.43749994
11450.0	331118562.9882812
11460.0	351177392.0898437
11470.0	332813322.7539062
11480.0	339419935.54687494
11490.0	358866916.01562494
11500.0	357990408.6914062
11510.0	353724642.57812494
11520.0	351389143.0664062
11530.0	361779775.87890613
11540.0	330789818.35937494
11550.0	377780355.46874994
11560.0	391075339.3554687
11570.0	351330064.45312494
11580.0	379295036.13281244
11590.0	408454935.54687494
11600.0	340016092.77343744
11610.0	363327904.7851562
11620.0	375640056.1523437
11630.0	372350997.5585937
11640.0	320138352.53906244
11650.0	426241046.87499994
11660.0	346397667.96874994
11670.0	375770515.6249999
11680.0	373065378.9062499
11690.0	324042249.99999994
11700.0	363539469.2382812
11710.0	358202697.26562494
11720.0	387449482.42187494
11730.0	361217983.64257807
11740.0	351414000.97656244
11750.0	387331851.56249994
11760.0	343346937.0117187
11770.0	352287522.4609374
11780.0	315170275.63476557
11790.0	338581483.39843744
11800.0	358132029.2968749
11810.0	352061881.83593744
11820.0	341991202.6367187
11830.0	388228578.12499994
11840.0	386443474.1210937
11850.0	381778187.49999994
11860.0	367204702.14843744
11870.0	411917936.52343744
11880.0	377112319.0917968
11890.0	367727202.39257807
11900.0	393636632.81249994
11910.0	372062138.67187494
11920.0	385217919.92187494
11930.0	424423505.85937494
11940.0	389201377.92968744
11950.0	387389929.1992187
11960.0	392752342.77343744
11970.0	372930189.45312494
11980.0	372442926.75781244
11990.0	392541824.7070312
12000.0	370792939.94140613
12010.0	415651821.77734363
12020.0	402336049.80468744
12030.0	382264625.4882812
12040.0	420984541.99218744
12050.0	432266188.47656244
12060.0	468945898.43749994
12070.0	390396618.16406244
12080.0	437256369.14062494
12090.0	415803979.49218744
12100.0	444672660.1562499
12110.0	436581237.30468744
12120.0	425976818.35937494
12130.0	406099044.92187494
12140.0	450002830.0781249
12150.0	477661691.40624994
12160.0	473573680.1757812
12170.0	434671111.8164062
12180.0	477090614.2578124
12190.0	491160954.10156244
12200.0	476215090.8203124
12210.0	472525590.82031244
12220.0	468872831.0546874
12230.0	456610015.13671863
12240.0	478303916.50390613
12250.0	495258280.2734374
12260.0	499789962.89062494
12270.0	478392284.1796874
12280.0	499065918.94531244
12290.0	524360913.0859374
12300.0	496906239.2578124
12310.0	514853254.8828124
12320.0	485400291.9921874
12330.0	505088129.8828124
12340.0	526925013.6718749
12350.0	510527470.7031249
12360.0	538225916.0156249
12370.0	521098799.80468744
12380.0	509272982.4218749
12390.0	498738620.11718744
12400.0	558312426.7578124
12410.0	482765204.1015624
12420.0	424337255.85937494
12430.0	463576018.5546874
12440.0	430205021.9726562
12450.0	479535543.94531244
12460.0	448300843.7499999
12470.0	481477943.3593749
12480.0	455161078.1249999
12490.0	509246380.8593749
12500.0	493517662.10937494
12510.0	513088446.2890624
12520.0	498622885.7421874
12530.0	497156656.0058593
12540.0	524253532.22656244
12550.0	483756065.42968744
12560.0	486710839.84374994
12570.0	496966689.4531249
12580.0	449842370.11718744
12590.0	498743337.8906249
12600.0	494918633.78906244
12610.0	522005799.8046874
12620.0	454947543.94531244
12630.0	520315783.20312494
12640.0	520513100.5859374
12650.0	508426526.3671874
12660.0	515851617.18749994
12670.0	523827104.4921874
12680.0	524706056.64062494
12690.0	538868858.3984374
12700.0	529549958.9843749
12710.0	543580522.4609374
12720.0	536700789.0624999
12730.0	552318223.6328124
12740.0	516077249.0234374
12750.0	514452972.6562499
12760.0	541225519.5312499
12770.0	555248019.5312499
12780.0	533329370.1171874
12790.0	551507783.2031249
12800.0	542959380.3710936
12810.0	547381267.0898436
12820.0	568083483.3984374
12830.0	532318271.4843749
12840.0	556934302.7343749
12850.0	557889403.3203124
12860.0	528386183.59374994
12870.0	540646275.3906249
12880.0	550803634.7656249
12890.0	548910532.2265624
12900.0	587274370.1171874
12910.0	564903818.3593749
12920.0	541993533.2031249
12930.0	560074578.1249999
12940.0	596242211.9140624
12950.0	531016754.88281244
12960.0	575358017.5781249
12970.0	590482319.3359374
12980.0	594306390.6249999
12990.0	565778809.5703124
13000.0	590939644.5312499
13010.0	566660372.0703124
13020.0	592116599.6093749
13030.0	570819190.4296874
13040.0	611074739.2578124
13050.0	595880690.4296874
13060.0	592579551.7578124
13070.0	564019916.9921874
13080.0	561513633.7890624
13090.0	550140601.5624999
13100.0	545123709.9609374
13110.0	558018612.3046874
13120.0	597502583.9843749
13130.0	567501223.6328124
13140.0	549296055.6640624
13150.0	575261990.2343749
13160.0	558737345.7031249
13170.0	563818315.4296874
13180.0	517970938.47656244
13190.0	572957408.2031249
13200.0	559730453.1249999
13210.0	541617878.9062499
13220.0	554970940.4296874
13230.0	547899070.3124999
13240.0	546304034.1796874
13250.0	455580833.9843749
13260.0	528674366.21093744
13270.0	493946505.85937494
13280.0	462971058.1054687
13290.0	497314406.24999994
13300.0	461332088.8671874
13310.0	405031925.78124994
13320.0	374326024.41406244
13330.0	305145887.69531244
13340.0	366839598.63281244
13350.0	207706344.72656244
13360.0	304484674.80468744
13370.0	283670947.7539062
13380.0	287471762.4511718
13390.0	289420896.48437494
13400.0	314191721.4355468
13410.0	323090632.81249994
13420.0	242551514.64843747
13430.0	208823772.94921872
13440.0	296005765.62499994
13450.0	252504652.09960932
13460.0	258679034.6679687
13470.0	249714191.8945312
13480.0	232688925.2929687
13490.0	323994304.68749994
13500.0	276786996.09374994
13510.0	237838026.8554687
13520.0	233847690.42968747
13530.0	258938227.0507812
13540.0	201189969.23828122
13550.0	249040938.72070307
13560.0	278257860.1074218
13570.0	259018021.7285156
13580.0	236461495.3613281
13590.0	232573892.45605463
13600.0	243731974.48730466
13610.0	249086712.15820307
13620.0	189692493.89648435
13630.0	271801788.5742187
13640.0	235430169.18945307
13650.0	251869261.23046872
13660.0	241519625.97656244
13670.0	211394280.76171872
13680.0	217329599.36523435
13690.0	242371675.53710932
13700.0	213458083.98437497
13710.0	189662066.6503906
13720.0	214744743.16406244
13730.0	222152748.5351562
13740.0	186932311.0351562
13750.0	205111017.57812497
13760.0	214113975.09765622
13770.0	194071513.18359372
13780.0	263191220.2148437
13790.0	216066743.16406247
13800.0	254063789.06249994
13810.0	252148581.78710932
13820.0	273676946.7773437
13830.0	226584827.88085935
13840.0	253090339.84374997
13850.0	241202878.41796872
13860.0	252430962.89062497
13870.0	225572131.59179682
13880.0	210670949.95117182
13890.0	252661114.99023435
13900.0	227285811.27929682
13910.0	210087058.34960932
13920.0	216397050.2929687
13930.0	226888916.50390622
13940.0	218194432.8613281
13950.0	216525765.38085935
13960.0	228744134.76562494
13970.0	228260461.91406247
13980.0	199928548.0957031
13990.0	239877700.43945307
14000.0	203042762.9394531
14010.0	200389782.71484372
14020.0	241171764.64843744
14030.0	213850523.43749997
14040.0	206620879.63867182
14050.0	208439854.00390622
14060.0	247533895.50781244
14070.0	193831839.84374994
14080.0	219780798.82812497
14090.0	206869030.27343744
14100.0	191962254.1503906
14110.0	209693710.69335935
14120.0	209239167.96874997
14130.0	226432361.81640622
14140.0	216830604.00390622
14150.0	182541391.84570307
14160.0	210924747.5585937
14170.0	191519796.3867187
14180.0	187070022.46093747
14190.0	207160202.3925781
14200.0	190673059.57031247
14210.0	202028208.25195307
14220.0	194040623.77929685
14230.0	193421358.39843747
14240.0	207395448.97460935
14250.0	198570505.37109372
14260.0	185202282.71484372
14270.0	203139444.33593747
14280.0	182806200.19531244
14290.0	155705439.6972656
14300.0	238977033.4472656
14310.0	227535723.38867182
14320.0	190953649.90234372
14330.0	183533918.2128906
14340.0	177885672.36328122
14350.0	215936378.4179687
14360.0	204339563.96484372
14370.0	204713258.3007812
14380.0	208996004.88281244
14390.0	214244507.81249997
14400.0	195631508.30078122
14410.0	182180713.86718747
14420.0	190293166.2597656
14430.0	235584873.04687497
14440.0	214410604.00390622
14450.0	199155316.16210935
14460.0	205686024.6582031
14470.0	184427601.56249994
14480.0	213676315.91796872
14490.0	242539848.63281247
14500.0	234227757.81249994
14510.0	198273643.55468747
14520.0	255051504.39453122
14530.0	218545668.70117185
14540.0	196958758.0566406
14550.0	250771734.37499997
14560.0	210642563.72070307
14570.0	206757676.75781247
14580.0	222677493.65234372
14590.0	244178530.02929685
14600.0	235494272.21679685
14610.0	227852106.44531244
14620.0	209091909.66796872
14630.0	206393412.10937494
14640.0	228745278.80859372
14650.0	226919765.38085935
14660.0	250781898.19335932
14670.0	222663191.89453122
14680.0	216263292.96874994
14690.0	198652728.02734372
14700.0	207038518.55468747
14710.0	223595270.0195312
14720.0	221121415.5273437
14730.0	237530504.3945312
14740.0	216564666.01562497
14750.0	209523222.1679687
14760.0	217052614.74609372
14770.0	231003631.34765622
14780.0	228847591.79687494
14790.0	260855458.4960937
14800.0	207278633.78906247
14810.0	242026995.60546872
14820.0	216901793.94531244
14830.0	212116995.60546872
14840.0	258116019.04296872
14850.0	216451824.70703122
14860.0	229135094.2382812
14870.0	251225664.06249994
14880.0	234768004.3945312
14890.0	240613274.90234372
14900.0	225505670.89843744
14910.0	256649893.55468747
14920.0	252869049.3164062
14930.0	225670508.78906247
14940.0	204529147.94921872
14950.0	242520997.5585937
14960.0	250073480.9570312
14970.0	244131811.52343747
14980.0	248572380.85937497
14990.0	254039281.24999994
15000.0	238391736.32812497
15010.0	240127699.21874994
15020.0	196390860.8398437
15030.0	278759392.57812494
15040.0	239614644.53124997
15050.0	274855549.80468744
15060.0	252121187.01171872
15070.0	267321208.98437497
15080.0	234903260.25390622
15090.0	277023936.52343744
15100.0	248261019.04296872
15110.0	266886744.14062497
15120.0	276538988.0371093
15130.0	252319066.6503906
15140.0	256136176.75781244
15150.0	277041644.53124994
15160.0	273205993.6523437
15170.0	268858407.22656244
15180.0	261997635.25390622
15190.0	252672962.40234372
15200.0	255566342.2851562
15210.0	281777523.9257812
15220.0	261728069.58007807
15230.0	301244101.80664057
15240.0	273242458.00781244
15250.0	257469385.74218747
15260.0	258586354.0039062
15270.0	284176795.4101562
15280.0	290612509.76562494
15290.0	272627399.9023437
15300.0	311501780.7617187
15310.0	266280717.2851562
15320.0	240072813.47656247
15330.0	272048075.6835937
15340.0	310233650.8789062
15350.0	293095558.1054687
15360.0	292694734.37499994
15370.0	261645921.87499994
15380.0	284591819.8242187
15390.0	313099247.07031244
15400.0	294246119.14062494
15410.0	278659783.20312494
15420.0	311387486.57226557
15430.0	294576054.93164057
15440.0	302266086.91406244
15450.0	309643724.60937494
15460.0	344433662.59765613
15470.0	283306696.7773437
15480.0	310983417.4804687
15490.0	302026196.7773437
15500.0	323591944.33593744
15510.0	290360542.96874994
15520.0	321262532.22656244
15530.0	324983388.1835937
15540.0	336842704.5898437
15550.0	319956199.7070312
15560.0	303481788.5742187
15570.0	309653810.54687494
15580.0	282112220.70312494
15590.0	313328117.18749994
15600.0	338586522.46093744
15610.0	331555695.31249994
15620.0	340575201.17187494
15630.0	337881299.80468744
15640.0	362499012.69531244
15650.0	316162228.51562494
15660.0	303292379.88281244
15670.0	353093322.26562494
15680.0	376210743.16406244
15690.0	331041225.58593744
15700.0	338432122.5585937
15710.0	347706440.91796863
15720.0	341047534.66796863
15730.0	345996301.2695312
15740.0	360284161.13281244
15750.0	348387954.10156244
15760.0	360511550.7812499
15770.0	369618042.48046863
15780.0	351220422.3632812
15790.0	351314867.18749994
15800.0	363691868.1640624
15810.0	365620506.83593744
15820.0	366535960.93749994
15830.0	383800305.6640624
15840.0	351790407.22656244
15850.0	348886025.39062494
15860.0	386966610.35156244
15870.0	394639282.22656244
15880.0	383810483.39843744
15890.0	391878171.8749999
15900.0	358790678.71093744
15910.0	390016899.41406244
15920.0	383817274.41406244
15930.0	387321772.46093744
15940.0	417221271.9726562
15950.0	418364341.30859363
15960.0	410460437.4999999
15970.0	402799868.16406244
15980.0	389860610.35156244
15990.0	407778492.18749994
16000.0	414603208.00781244
16010.0	432481105.46874994
16020.0	390527221.67968744
16030.0	436854372.07031244
16040.0	409760980.46874994
16050.0	419600206.05468744
16060.0	399365573.24218744
16070.0	407302294.92187494
16080.0	423625410.15624994
16090.0	417765422.8515624
16100.0	418916299.80468744
16110.0	429440492.1874999
16120.0	428948004.88281244
16130.0	429522827.14843744
16140.0	415459894.53124994
16150.0	419362460.93749994
16160.0	445490809.5703124
16170.0	465133452.14843744
16180.0	464111564.45312494
16190.0	428329989.2578124
16200.0	423651879.88281244
16210.0	418997223.63281244
16220.0	462934049.80468744
16230.0	450324815.42968744
16240.0	448466023.4374999
16250.0	448668313.4765624
16260.0	459592090.82031244
16270.0	476209177.7343749
16280.0	469699885.7421874
16290.0	454068558.5937499
16300.0	476355138.67187494
16310.0	455417704.1015624
16320.0	452022916.01562494
16330.0	480595568.35937494
16340.0	489062500.97656244
16350.0	477926915.03906244
16360.0	472733976.56249994
16370.0	470922794.92187494
16380.0	492121343.74999994
16390.0	482258210.9374999
16400.0	479211085.93749994
16410.0	488341349.60937494
16420.0	471361097.6562499
16430.0	471080282.2265624
16440.0	490991710.93749994
16450.0	489457888.6718749
16460.0	483536595.7031249
16470.0	488792603.51562494
16480.0	489268886.71874994
16490.0	515901776.3671874
16500.0	501461528.3203124
16510.0	500254312.49999994
16520.0	499220727.5390624
16530.0	488984707.03124994
16540.0	509143315.4296874
16550.0	498061805.6640624
16560.0	504071674.8046874
16570.0	525980716.7968749
16580.0	517678098.6328124
16590.0	483163114.2578124
16600.0	486403039.06249994
16610.0	495917185.5468749
16620.0	493630813.4765624
16630.0	526371428.7109374
16640.0	529375901.3671874
16650.0	526353444.33593744
16660.0	529099903.32031244
16670.0	508262108.3984374
16680.0	518378592.7734374
16690.0	522199639.64843744
16700.0	521347072.26562494
16710.0	543077029.2968749
16720.0	505089624.99999994
16730.0	509611776.3671874
16740.0	523380733.39843744
16750.0	555136310.5468749
16760.0	557554417.9687499
16770.0	514182655.2734374
16780.0	535690037.1093749
16790.0	537729330.0781249
16800.0	531242359.37499994
16810.0	544235877.9296874
16820.0	559017014.6484374
16830.0	549002777.3437499
16840.0	537971690.4296874
16850.0	555011813.4765624
16860.0	535908309.5703124
16870.0	515914705.0781249
16880.0	535954464.84374994
16890.0	500313291.0156249
16900.0	529078929.6874999
16910.0	541947601.5624999
16920.0	515963888.67187494
16930.0	529495712.8906249
16940.0	530665455.56640613
16950.0	518370561.0351562
16960.0	519321309.57031244
16970.0	506244188.4765624
16980.0	494043606.4453124
16990.0	496908124.0234374
17000.0	496306232.42187494
17010.0	488390665.03906244
17020.0	512879253.90624994
17030.0	506302807.6171874
17040.0	453238072.26562494
17050.0	484954706.0546874
17060.0	519330265.62499994
17070.0	496349537.10937494
17080.0	454552771.4843749
17090.0	446099908.20312494
17100.0	501506833.9843749
17110.0	458812259.7656249
17120.0	449743197.2656249
17130.0	465075987.30468744
17140.0	429416103.51562494
17150.0	438739414.06249994
17160.0	412293545.89843744
17170.0	427943352.5390624
17180.0	391782350.0976562
17190.0	376801519.53124994
17200.0	413243843.74999994
17210.0	413922247.07031244
17220.0	449713991.6992187
17230.0	398025064.9414062
17240.0	371988540.03906244
17250.0	417262095.70312494
17260.0	441330744.14062494
17270.0	333295534.17968744
17280.0	435940955.5664062
17290.0	410027140.1367187
17300.0	388560708.49609363
17310.0	423646277.8320312
17320.0	357149469.72656244
17330.0	405569305.66406244
17340.0	373631109.8632812
17350.0	354477483.3984374
17360.0	397139035.15624994
17370.0	345459029.29687494
17380.0	413189253.90624994
17390.0	392955945.8007812
17400.0	368264212.4023437
17410.0	375812721.67968744
17420.0	404795236.8164062
17430.0	382426575.1953124
17440.0	360629480.4687499
17450.0	394302773.92578113
17460.0	388804816.40624994
17470.0	325892539.30664057
17480.0	353788607.1777343
17490.0	384405972.65624994
17500.0	369667867.18749994
17510.0	356969484.37499994
17520.0	350489654.29687494
17530.0	401685787.5976562
17540.0	363213790.03906244
17550.0	357746123.53515613
17560.0	297002863.7695312
17570.0	334988298.8281249
17580.0	326131042.96874994
17590.0	335683094.72656244
17600.0	386592979.00390613
17610.0	311422364.7460937
17620.0	336551367.18749994
17630.0	274787347.1679687
17640.0	380242364.7460937
17650.0	372140061.5234374
17660.0	386054141.11328113
17670.0	330849702.6367187
17680.0	273742760.4980468
17690.0	302176374.26757807
17700.0	360025122.55859363
17710.0	334275550.2929687
17720.0	299005218.2617187
17730.0	276514016.60156244
17740.0	329767385.74218744
17750.0	279547715.82031244
17760.0	294570912.10937494
17770.0	285590545.89843744
17780.0	304378410.6445312
17790.0	305199367.6757812
17800.0	282863520.2636718
17810.0	289970799.5605468
17820.0	284684244.8730468
17830.0	268866432.3730468
17840.0	346684280.7617187
17850.0	277702214.3554687
17860.0	270063127.19726557
17870.0	227228390.38085935
17880.0	285194239.25781244
17890.0	290485934.0820312
17900.0	287461652.34374994
17910.0	269099239.50195307
17920.0	262278528.80859372
17930.0	266523903.5644531
17940.0	269801251.4648437
17950.0	253100160.15624994
17960.0	259194864.50195307
17970.0	302617501.95312494
17980.0	288989559.57031244
17990.0	296980599.60937494
18000.0	229601716.30859372
18010.0	243534644.04296872
18020.0	245988030.76171872
18030.0	249148090.3320312
18040.0	278360084.96093744
18050.0	281422876.7089843
18060.0	229962665.5273437
18070.0	246968031.00585932
18080.0	250628102.7832031
18090.0	222633556.1523437
18100.0	253927038.5742187
18110.0	212477167.2363281
18120.0	256685076.41601557
18130.0	229545118.4082031
18140.0	285233174.3164062
18150.0	284837938.47656244
18160.0	265372422.36328122
18170.0	254415829.10156244
18180.0	235702678.95507807
18190.0	222455155.02929685
18200.0	230101216.79687497
18210.0	231850455.81054685
18220.0	194756715.3320312
18230.0	265511715.57617185
18240.0	295688242.9199218
18250.0	243417763.1835937
18260.0	219573180.9082031
18270.0	272208472.1679687
18280.0	237596807.61718747
18290.0	245920187.9882812
18300.0	263955677.49023432
18310.0	248284713.86718744
18320.0	248379052.2460937
18330.0	204604935.54687494
18340.0	250098962.4023437
18350.0	230215486.57226557
18360.0	258775860.8398437
18370.0	282372197.9980468
18380.0	224225209.71679685
18390.0	229871322.5097656
18400.0	237411148.43749997
18410.0	268287362.30468744
18420.0	206090000.48828122
18430.0	229370953.6132812
18440.0	230596823.24218744
18450.0	230597521.48437494
18460.0	214668140.62499997
18470.0	208460328.85742185
18480.0	200255017.57812497
18490.0	212572590.82031247
18500.0	206058317.87109372
18510.0	242025925.53710932
18520.0	252992021.97265622
18530.0	218611500.97656244
18540.0	202570151.36718747
18550.0	237339542.96874994
18560.0	221067813.23242182
18570.0	200236130.37109372
18580.0	165374311.03515622
18590.0	186871234.86328122
18600.0	177937143.55468747
18610.0	187678358.6425781
18620.0	211229561.7675781
18630.0	206214387.93945307
18640.0	196711700.6835937
18650.0	191964158.20312497
18660.0	225811151.36718744
18670.0	209991250.97656247
18680.0	189326827.14843747
18690.0	219682163.08593747
18700.0	224409001.46484372
18710.0	216686908.20312494
18720.0	226339297.85156247
18730.0	177668318.35937497
18740.0	222000029.54101557
18750.0	215122242.18749997
18760.0	227210418.45703122
18770.0	210151135.25390622
18780.0	205040839.1113281
18790.0	195616020.01953122
18800.0	213381751.95312494
18810.0	217618783.93554685
18820.0	240352562.9882812
18830.0	241295708.49609372
18840.0	262296861.8164062
18850.0	206478818.84765622
18860.0	227831570.80078122
18870.0	212878026.8554687
18880.0	258281454.5898437
18890.0	225410511.71874994
18900.0	251988053.2226562
18910.0	229910376.46484372
18920.0	187141265.62499997
18930.0	205354960.44921872
18940.0	216564802.24609372
18950.0	221654179.68749997
18960.0	217145798.82812497
18970.0	251472726.0742187
18980.0	203118248.2910156
18990.0	229151858.64257807
19000.0	262466782.47070307
19010.0	219782817.38281247
19020.0	255796829.58984372
19030.0	215373405.76171872
19040.0	230233402.8320312
19050.0	231559597.65624997
19060.0	225087311.52343744
19070.0	219398162.59765622
19080.0	256179534.66796872
19090.0	226962894.04296872
19100.0	228199759.76562494
19110.0	210471664.5507812
19120.0	236178386.23046872
19130.0	247184748.04687494
19140.0	251112409.17968744
19150.0	249493035.64453122
19160.0	214871105.95703122
19170.0	214010792.72460935
19180.0	210758827.14843744
19190.0	261225151.85546872
19200.0	242528161.86523432
19210.0	225036161.6210937
19220.0	236786540.03906244
19230.0	243701135.25390622
19240.0	210824850.0976562
19250.0	244648379.15039057
19260.0	230030089.84374994
19270.0	206904045.89843747
19280.0	265830711.42578122
19290.0	235641960.69335932
19300.0	224561927.9785156
19310.0	200853525.63476557
19320.0	234256524.41406247
19330.0	231743572.75390622
19340.0	215159397.21679682
19350.0	232404135.2539062
19360.0	237936548.33984372
19370.0	239587726.0742187
19380.0	229299501.4648437
19390.0	209593661.86523435
19400.0	205710046.1425781
19410.0	212591944.09179682
19420.0	236428302.2460937
19430.0	232926851.07421872
19440.0	228832187.98828122
19450.0	228766322.5097656
19460.0	227180088.13476557
19470.0	250352708.74023432
19480.0	211656529.05273432
19490.0	220781523.68164057
19500.0	253686447.26562494
19510.0	247533089.35546872
19520.0	225753495.6054687
19530.0	189713086.91406247
19540.0	240207672.1191406
19550.0	237881610.10742185
19560.0	200752422.11914057
19570.0	224874767.0898437
19580.0	240387607.91015622
19590.0	279030947.26562494
19600.0	223131162.84179682
19610.0	211546543.94531247
19620.0	229330002.92968747
19630.0	240843631.83593744
19640.0	230508048.82812494
19650.0	209625772.46093747
19660.0	237598578.12499994
19670.0	241469616.21093744
19680.0	198483126.4648437
19690.0	230703867.67578122
19700.0	269320039.06249994
19710.0	219115475.0976562
19720.0	254967170.4101562
19730.0	217262291.2597656
19740.0	214823742.4316406
19750.0	253668778.8085937
19760.0	189979786.86523435
19770.0	226571979.7363281
19780.0	231356629.88281244
19790.0	249121189.45312497
19800.0	215693770.7519531
19810.0	226842822.50976557
19820.0	209061982.91015622
19830.0	217130607.42187494
19840.0	222275549.80468747
19850.0	208277056.64062497
19860.0	220820708.00781247
19870.0	229329322.26562497
19880.0	201840811.03515622
19890.0	230470637.69531247
19900.0	202652656.00585935
19910.0	202608631.83593744
19920.0	200583269.04296872
19930.0	236300765.13671872
19940.0	256427791.01562497
19950.0	217233422.85156247
19960.0	221378757.81249997
19970.0	225793698.24218744
19980.0	215166977.53906247
19990.0	231170723.14453122
20000.0	205003336.4257812
20010.0	205149440.42968747
20020.0	223027002.92968747
20030.0	221931583.00781247
20040.0	223578359.86328122
20050.0	219789299.31640622
20060.0	208566132.81249997
20070.0	206821451.6601562
20080.0	266873287.5976562
20090.0	204550337.40234372
20100.0	226071478.27148435
20110.0	202379371.3378906
20120.0	234379928.9550781
20130.0	215786930.66406244
20140.0	225779427.73437494
20150.0	231120993.89648432
20160.0	212390569.58007807
20170.0	204314133.78906247
20180.0	226149097.65624997
20190.0	217200996.09374997
20200.0	186473236.32812494
20210.0	243873578.12499994
20220.0	223339157.22656244
20230.0	220159377.44140622
20240.0	254427731.20117185
20250.0	232695942.13867185
20260.0	215443217.77343747
20270.0	219745098.63281247
20280.0	239999735.35156244
20290.0	190409700.68359372
20300.0	246879624.02343744
20310.0	203058985.8398437
20320.0	251313296.87499997
20330.0	219984779.29687494
20340.0	216881287.59765622
20350.0	239956669.4335937
20360.0	199979796.3867187
20370.0	245487483.39843747
20380.0	241701096.19140622
20390.0	223672286.3769531
20400.0	209051864.5019531
20410.0	203305688.47656247
20420.0	234458807.12890622
20430.0	253963901.36718744
20440.0	197259022.94921872
20450.0	201943328.12499997
20460.0	233913112.79296872
20470.0	248476023.92578122
20480.0	240099302.24609372
20490.0	203358098.14453122
20500.0	223579962.89062494
20510.0	251125521.9726562
20520.0	215776768.06640622
20530.0	243398043.94531244
20540.0	210930856.20117185
20550.0	230127387.2070312
20560.0	216728906.98242182
20570.0	237989070.31249997
20580.0	248821566.8945312
20590.0	243865682.12890622
20600.0	256472364.25781247
20610.0	207103200.68359372
20620.0	228939096.67968747
20630.0	224065242.18749997
20640.0	198174945.80078122
20650.0	227177975.0976562
20660.0	222421090.3320312
20670.0	272357370.6054687
20680.0	226227872.07031247
20690.0	222647978.51562497
20700.0	264092654.78515622
20710.0	238323267.33398432
20720.0	210962455.81054685
20730.0	231204123.53515622
20740.0	231356177.24609372
20750.0	225741602.05078122
20760.0	248749957.03124997
20770.0	233481666.01562497
20780.0	253051485.35156247
20790.0	241262358.88671872
20800.0	228434985.83984372
20810.0	237742968.74999997
20820.0	249296465.82031247
20830.0	250899749.51171872
20840.0	241285789.06249997
20850.0	240747220.21484372
20860.0	248301956.05468747
20870.0	228625569.33593747
20880.0	255997145.9960937
20890.0	248416817.38281247
20900.0	233254432.12890622
20910.0	273615289.06249994
20920.0	234507050.2929687
20930.0	272103631.3476562
20940.0	232852831.05468744
20950.0	258285229.0039062
20960.0	248102784.17968747
20970.0	245542527.34374997
20980.0	279675030.27343744
20990.0	252040751.95312494
21000.0	251513187.49999994
21010.0	276562783.6914062
21020.0	254577145.9960937
21030.0	253271407.22656247
21040.0	258520021.48437494
21050.0	246172185.54687497
21060.0	273338844.72656244
21070.0	260765010.74218747
21080.0	258990617.6757812
21090.0	246626891.60156244
21100.0	268303914.06249997
21110.0	276377685.54687494
21120.0	253816636.71874997
21130.0	267908289.55078122
21140.0	281832000.97656244
21150.0	272703280.7617187
21160.0	275047740.7226562
21170.0	263809726.56249994
21180.0	262968491.69921872
21190.0	260076886.2304687
21200.0	266057592.2851562
21210.0	271617229.0039062
21220.0	280506708.00781244
21230.0	281951917.23632807
21240.0	274816682.3730468
21250.0	295309235.8398437
21260.0	279096729.49218744
21270.0	274806484.37499994
21280.0	264074318.6035156
21290.0	261385334.2285156
21300.0	271488462.4023437
21310.0	283554979.49218744
21320.0	291879000.4882812
21330.0	285901953.6132812
21340.0	271904915.03906244
21350.0	288852773.43749994
21360.0	293192960.4492187
21370.0	285144476.0742187
21380.0	279020566.8945312
21390.0	290045532.7148437
21400.0	276251720.70312494
21410.0	274101244.6289062
21420.0	282961653.32031244
21430.0	281107359.37499994
21440.0	308300009.2773437
21450.0	307894215.82031244
21460.0	307085505.85937494
21470.0	298306338.86718744
21480.0	287906571.28906244
21490.0	291999894.53124994
21500.0	270209477.0507812
21510.0	302175746.5820312
21520.0	295687334.96093744
21530.0	278264102.53906244
21540.0	299139659.17968744
21550.0	305470956.5429687
21560.0	288538546.3867187
21570.0	296346049.3164062
21580.0	307056888.1835937
21590.0	302311327.14843744
21600.0	295414619.14062494
21610.0	314675920.89843744
21620.0	287845573.24218744
21630.0	289888563.47656244
21640.0	306880294.4335937
21650.0	307284535.15624994
21660.0	284879049.80468744
21670.0	300323317.8710937
21680.0	317054519.53124994
21690.0	330848992.18749994
21700.0	305507691.40624994
21710.0	290915399.9023437
21720.0	303281695.8007812
21730.0	296615126.95312494
21740.0	306561559.57031244
21750.0	320596632.81249994
21760.0	286933097.65624994
21770.0	311977810.54687494
21780.0	286586402.8320312
21790.0	292240930.1757812
21800.0	308811180.66406244
21810.0	315595226.0742187
21820.0	312505810.0585937
21830.0	294053673.82812494
21840.0	312816457.03124994
21850.0	299664115.7226562
21860.0	301028803.71093744
21870.0	312775239.7460937
21880.0	313964926.75781244
21890.0	320223358.8867187
21900.0	306477495.6054687
21910.0	328095979.49218744
21920.0	309074787.10937494
21930.0	293499616.21093744
21940.0	310804126.95312494
21950.0	327301217.77343744
21960.0	312981744.6289062
21970.0	308242010.2539062
21980.0	321385121.09374994
21990.0	312051364.25781244
22000.0	324584552.73437494
22010.0	323971833.4960937
22020.0	321871725.0976562
22030.0	309981489.25781244
22040.0	294969573.7304687
22050.0	298679598.63281244
22060.0	333014529.2968749
22070.0	311387798.3398437
22080.0	308597363.7695312
22090.0	319710123.04687494
22100.0	326327866.21093744
22110.0	303447662.10937494
22120.0	335612898.4374999
22130.0	314577461.91406244
22140.0	336476378.90624994
22150.0	316449715.82031244
22160.0	318589487.30468744
22170.0	307479769.53124994
22180.0	328189456.05468744
22190.0	303443905.27343744
22200.0	293801083.00781244
22210.0	306006804.68749994
22220.0	331534718.74999994
22230.0	328075243.6523437
22240.0	324562981.44531244
22250.0	346983953.6132812
22260.0	337198720.2148437
22270.0	309615149.9023437
22280.0	309404178.2226562
22290.0	301704376.4648437
22300.0	310440002.4414062
22310.0	341131918.94531244
22320.0	342229522.9492187
22330.0	321369969.72656244
22340.0	326463786.13281244
22350.0	309920802.73437494
22360.0	297079572.7539062
22370.0	335159637.69531244
22380.0	331292047.3632812
22390.0	313596938.9648437
22400.0	340487061.52343744
22410.0	340902225.58593744
22420.0	324892467.2851562
22430.0	316391747.5585937
22440.0	316745512.2070312
22450.0	328649839.84374994
22460.0	348298583.00781244
22470.0	321341300.78124994
22480.0	326657077.14843744
22490.0	344498621.0937499
22500.0	310738567.38281244
22510.0	348450635.74218744
22520.0	323930104.9804687
22530.0	337334088.86718744
22540.0	313843082.5195312
22550.0	306670373.5351562
22560.0	327984149.9023437
22570.0	343668334.4726562
22580.0	305114211.4257812
22590.0	331692603.02734363
22600.0	321332714.3554687
22610.0	324437513.67187494
22620.0	328596396.9726562
22630.0	328965605.9570312
22640.0	319589221.67968744
22650.0	324588480.46874994
22660.0	330081930.1757812
22670.0	328978704.10156244
22680.0	340496752.92968744
22690.0	324858739.25781244
22700.0	310365628.90624994
22710.0	336086499.51171863
22720.0	311763689.45312494
22730.0	327430092.77343744
22740.0	323029903.32031244
22750.0	350033477.05078113
22760.0	320213388.1835937
22770.0	336353430.6640624
22780.0	336187014.6484374
22790.0	298197056.64062494
22800.0	314143301.75781244
22810.0	318260143.55468744
22820.0	327813005.85937494
22830.0	333239543.9453124
22840.0	314662497.8027343
22850.0	330012125.24414057
22860.0	327490462.4023437
22870.0	319806145.50781244
22880.0	354187931.64062494
22890.0	303025206.5429687
22900.0	355141038.0859374
22910.0	342720550.78124994
22920.0	321848693.35937494
22930.0	315804521.48437494
22940.0	193684203.61328122
22950.0	249036113.76953122
22960.0	249018116.21093747
22970.0	277935128.90624994
22980.0	260749389.89257807
22990.0	294471880.12695307
23000.0	315335913.08593744
23010.0	248097833.4960937
23020.0	323192042.7246093
23030.0	279009661.6210937
23040.0	317852787.10937494
23050.0	273291832.7636718
23060.0	294224170.89843744
23070.0	302927706.5429687
23080.0	299971211.91406244
23090.0	312332869.6289062
23100.0	274041885.2539062
23110.0	278886877.19726557
23120.0	276828885.98632807
23130.0	300310092.77343744
23140.0	305267284.6679687
23150.0	253694352.7832031
23160.0	271481517.82226557
23170.0	296221544.4335937
23180.0	286293128.6621093
23190.0	312133870.11718744
23200.0	309218356.44531244
23210.0	266088826.66015622
23220.0	281527556.1523437
23230.0	197518352.05078122
23240.0	242600440.42968747
23250.0	260868740.72265622
23260.0	254079818.35937494
23270.0	257281908.20312494
23280.0	266543468.13964838
23290.0	266334057.73925775
23300.0	254401645.26367185
23310.0	242009091.79687497
23320.0	264752636.2304687
23330.0	285105305.66406244
23340.0	251070925.2929687
23350.0	257222531.24999994
23360.0	255487956.05468744
23370.0	244778707.5195312
23380.0	267405397.46093744
23390.0	246609628.4179687
23400.0	228557294.92187497
23410.0	262039115.23437494
23420.0	268580456.05468744
23430.0	275228030.27343744
23440.0	239957136.23046872
23450.0	216313628.90624997
23460.0	284185094.72656244
23470.0	274851354.49218744
23480.0	271997616.21093744
23490.0	262123462.15820307
23500.0	256386381.1035156
23510.0	232723893.55468744
23520.0	218227200.68359372
23530.0	191619578.61328122
23540.0	197525609.37499994
23550.0	241976645.0195312
23560.0	214171161.13281244
23570.0	250227544.43359372
23580.0	236117648.19335935
23590.0	196950338.62304685
23600.0	264851282.71484372
23610.0	224185507.81249997
23620.0	230147843.50585935
23630.0	217866864.99023435
23640.0	238013354.0039062
23650.0	246212032.22656247
23660.0	256990808.83789057
23670.0	239295558.8378906
23680.0	225117480.22460935
23690.0	242741004.39453122
23700.0	272104739.9902343
23710.0	231876727.7832031
23720.0	256785452.39257807
23730.0	238897638.42773435
23740.0	240429611.81640622
23750.0	248969738.7695312
23760.0	238827855.46874994
23770.0	214270754.39453122
23780.0	242912746.09374994
23790.0	231022985.10742185
23800.0	247034144.28710932
23810.0	226196025.87890622
23820.0	224673142.08984372
23830.0	192357154.7851562
23840.0	184169424.07226557
23850.0	240377024.90234372
23860.0	207296048.33984372
23870.0	182614982.6660156
23880.0	198888906.00585935
23890.0	216940865.23437497
23900.0	239841982.66601557
23910.0	222337853.0273437
23920.0	190815137.9394531
23930.0	185307384.76562497
23940.0	269212291.5039062
23950.0	209669822.50976557
23960.0	231647259.27734372
23970.0	218059748.04687494
23980.0	196432833.00781247
23990.0	206575814.9414062
24000.0	219745614.7460937
24010.0	200722650.39062494
24020.0	211606453.12499997
24030.0	221165278.32031247
24040.0	198520735.10742182
24050.0	211338617.6757812
24060.0	209104882.81249997
24070.0	192186660.64453122
24080.0	188471948.24218747
24090.0	190771175.78124994
24100.0	186052417.23632807
24110.0	195654389.40429685
24120.0	193400707.51953122
24130.0	192222408.4472656
24140.0	163102702.3925781
24150.0	206625410.15624997
24160.0	179722042.2363281
24170.0	174137094.72656247
24180.0	178708815.91796872
24190.0	205615979.98046872
24200.0	193105785.15624994
24210.0	202285379.39453122
24220.0	165012579.83398435
24230.0	189747711.4257812
24240.0	209561316.65039057
24250.0	179808485.83984372
24260.0	168582708.00781247
24270.0	190828090.57617185
24280.0	164363996.09374997
24290.0	187955667.72460935
24300.0	185687356.93359372
24310.0	159675986.32812497
24320.0	190506421.38671872
24330.0	172429223.63281247
24340.0	165350250.97656247
24350.0	173932143.55468747
24360.0	195059526.12304685
24370.0	139368007.56835935
24380.0	177914589.35546872
24390.0	198701820.31249994
24400.0	178863522.94921872
24410.0	192638233.6425781
24420.0	165064531.98242185
24430.0	152233236.08398435
24440.0	151965410.4003906
24450.0	172737250.97656247
24460.0	170902967.0410156
24470.0	198224237.06054685
24480.0	143126689.20898435
24490.0	164574187.49999997
24500.0	166786527.34374994
24510.0	191400305.9082031
24520.0	134026977.66113278
24530.0	153557970.33691403
24540.0	140458050.29296872
24550.0	147773213.62304685
24560.0	173883575.92773435
24570.0	165009862.79296872
24580.0	166901439.45312494
24590.0	168251403.32031247
24600.0	171148055.41992185
24610.0	115750104.00390624
24620.0	175391844.48242185
24630.0	160377437.98828122
24640.0	178618471.92382807
24650.0	169027513.67187494
24660.0	156300205.81054685
24670.0	182000741.4550781
24680.0	127684034.4238281
24690.0	174855503.41796872
24700.0	151641882.81249997
24710.0	145812356.44531247
24720.0	146667816.40624997
24730.0	146762125.73242185
24740.0	136282807.8613281
24750.0	134099566.40624997
24760.0	130959069.82421872
24770.0	176232880.98144528
24780.0	163615935.18066403
24790.0	125817852.53906247
24800.0	144774312.25585935
24810.0	147726620.60546872
24820.0	132915681.76269528
24830.0	141703191.04003903
24840.0	163362807.8613281
24850.0	173691384.76562497
24860.0	152607463.62304685
24870.0	130068249.63378903
24880.0	128965991.82128903
24890.0	141764226.31835935
24900.0	127616606.68945311
24910.0	127327436.76757811
24920.0	141811387.9394531
24930.0	138018536.3769531
24940.0	168926231.44531247
24950.0	148741636.47460935
24960.0	140178686.52343747
24970.0	155799322.02148435
24980.0	123293789.79492185
24990.0	136469956.2988281
