# Flux units: erg / (cm m2 s)
# Wavelength units: Angstrom
wave	flux
9000.0	1098162425.7812498
9010.0	1348351734.3749998
9020.0	1232595734.3749998
9030.0	1225102874.9999998
9040.0	1089675738.2812498
9050.0	1305061730.4687498
9060.0	1260648953.1249998
9070.0	1275889601.5624998
9080.0	1687938796.8749998
9090.0	1460412109.3749998
9100.0	1424235156.2499998
9110.0	1531387687.4999995
9120.0	1663751874.9999998
9130.0	1661255937.4999998
9140.0	1611440109.3749995
9150.0	1698553972.6562498
9160.0	1761488628.9062495
9170.0	1740548171.8749998
9180.0	1710631437.4999995
9190.0	1811384664.0624995
9200.0	1729976109.3749995
9210.0	1459966921.8749998
9220.0	1392426097.6562498
9230.0	1229501765.6249998
9240.0	1148846507.8124998
9250.0	1251497339.8437498
9260.0	1235461457.0312498
9270.0	1217217242.1874998
9280.0	1040903382.8124999
9290.0	1105639273.4374998
9300.0	1080650339.8437498
9310.0	1017646796.8749998
9320.0	1156535953.1249998
9330.0	1036150675.7812499
9340.0	1299323273.4374998
9350.0	1131260472.6562498
9360.0	1160020339.8437498
9370.0	1123357757.8124998
9380.0	1233026093.7499998
9390.0	1187358667.9687498
9400.0	1295719148.4374998
9410.0	1249869031.2499998
9420.0	1463766203.1249995
9430.0	1425239585.9374998
9440.0	1325366800.7812498
9450.0	1309616027.3437498
9460.0	1438624046.8749998
9470.0	1332976898.4374998
9480.0	1502286281.2499995
9490.0	1672248765.6249995
9500.0	1431578546.8749995
9510.0	1466724460.9374998
9520.0	1592607999.9999995
9530.0	1560163414.0624998
9540.0	1677722187.4999998
9550.0	1547694874.9999995
9560.0	1632759781.2499998
9570.0	1607726429.6874998
9580.0	1773247835.9374998
9590.0	1779427281.2499995
9600.0	1656160015.6249995
9610.0	1758252257.8124995
9620.0	1652849312.4999995
9630.0	1859430187.4999995
9640.0	1539070498.0468748
9650.0	1643583935.5468748
9660.0	1791518687.4999995
9670.0	1875170781.2499998
9680.0	1750141234.3749998
9690.0	1826064601.5624995
9700.0	1890057007.8124995
9710.0	1751010359.3749998
9720.0	1869752937.4999998
9730.0	1576255605.4687498
9740.0	1619312492.1874995
9750.0	1630485593.7499998
9760.0	1689009351.5624995
9770.0	1520577363.2812498
9780.0	1712176539.0624995
9790.0	1599563275.3906248
9800.0	1754355687.4999998
9810.0	1691415976.5624998
9820.0	1563440156.2499998
9830.0	1565501289.0624998
9840.0	1677324367.1874995
9850.0	1680297414.0624995
9860.0	1713780999.9999998
9870.0	1747375484.3749995
9880.0	1701814859.3749995
9890.0	1821025164.0624998
9900.0	1314879398.4374998
9910.0	966359542.9687499
9920.0	1085224980.4687498
9930.0	1184272332.0312498
9940.0	1314853503.9062498
9950.0	1376732749.9999998
9960.0	1410041312.4999998
9970.0	1527208960.9374998
9980.0	1503674374.9999998
9990.0	1217866148.4374998
10000.0	1391216623.0468745
10010.0	1387520882.8124998
10020.0	1454530046.8749998
10030.0	1550950675.7812495
10040.0	1378741847.6562495
10050.0	1507645546.8749998
10060.0	1300800730.4687498
10070.0	1415176984.3749995
10080.0	1575376724.6093748
10090.0	1496630003.9062498
10100.0	1644364476.5624998
10110.0	1485606262.6953123
10120.0	1580536372.0703123
10130.0	1735117871.0937498
10140.0	1421274914.0624995
10150.0	1582871015.6249998
10160.0	1490888347.6562498
10170.0	1459106169.9218748
10180.0	1668178808.5937498
10190.0	1517036374.9999998
10200.0	1571871496.0937495
10210.0	1707586550.7812498
10220.0	1467808298.8281248
10230.0	1705154851.5624998
10240.0	1748880177.7343745
10250.0	1618353457.0312498
10260.0	1355895732.4218748
10270.0	1402042789.0624998
10280.0	1386725505.8593748
10290.0	1469578699.2187498
10300.0	1438438345.7031248
10310.0	1681586458.9843748
10320.0	1508892679.6874998
10330.0	1537128259.7656248
10340.0	1562616054.6874998
10350.0	1521553367.1874998
10360.0	1719792863.2812495
10370.0	1698754769.5312498
10380.0	1597694994.1406248
10390.0	1673647117.1874998
10400.0	1607482281.2499998
10410.0	1812418132.8124998
10420.0	1625471707.0312498
10430.0	1480233933.5937498
10440.0	1826367578.1249998
10450.0	1852942316.4062495
10460.0	1910953378.9062498
10470.0	1454674566.4062498
10480.0	1681309457.0312498
10490.0	1831474902.3437498
10500.0	1736500501.9531248
10510.0	1700282320.3124995
10520.0	1539536265.6249998
10530.0	1852721499.9999995
10540.0	1871269705.0781248
10550.0	1845303974.6093748
10560.0	1754877824.2187495
10570.0	1621730113.2812498
10580.0	1909609808.5937498
10590.0	1813051535.1562495
10600.0	1906790484.3749995
10610.0	1737769562.4999995
10620.0	1768608667.9687495
10630.0	1880613429.6874995
10640.0	2009540453.1249998
10650.0	1934373925.7812498
10660.0	1781795849.6093748
10670.0	1723305042.9687498
10680.0	1794891097.6562498
10690.0	1903316531.2499998
10700.0	1854738710.9374998
10710.0	1841383187.4999998
10720.0	1988145066.4062498
10730.0	1862464519.5312498
10740.0	1945863839.8437495
10750.0	1969534824.2187495
10760.0	1945998867.1874998
10770.0	2016219191.4062495
10780.0	2097889816.4062495
10790.0	2019139144.5312498
10800.0	2038870246.0937495
10810.0	1999805285.1562495
10820.0	1933662136.7187498
10830.0	2085720324.2187495
10840.0	2174037859.3749995
10850.0	2046191472.6562498
10860.0	2020348156.2499995
10870.0	2012732398.4374995
10880.0	2097389164.0624998
10890.0	1927093468.7499995
10900.0	2050630269.5312495
10910.0	1998173742.1874995
10920.0	2054390437.4999998
10930.0	2062785281.2499998
10940.0	2029639890.6249998
10950.0	2035773482.4218745
10960.0	1911447056.6406245
10970.0	2051036609.3749998
10980.0	1920675636.7187495
10990.0	1950754949.2187498
11000.0	1941851398.4374995
11010.0	2006280257.8124998
11020.0	1982483796.8749998
11030.0	1794830785.1562498
11040.0	1871735656.2499995
11050.0	1853991480.4687495
11060.0	1870112726.5624995
11070.0	1798370929.6874995
11080.0	1822462621.0937498
11090.0	1839986023.4374998
11100.0	1775078593.7499998
11110.0	1775527246.0937498
11120.0	1802215585.9374998
11130.0	1907498093.7499998
11140.0	1831103507.8124995
11150.0	1813779828.1249998
11160.0	1888346632.8124995
11170.0	1853803003.9062495
11180.0	1958096144.5312495
11190.0	1839992132.8124998
11200.0	1841645820.3124998
11210.0	1838428304.6874998
11220.0	1894725285.1562495
11230.0	1901014992.1874995
11240.0	1994259503.9062495
11250.0	1921365179.6874998
11260.0	1956704031.2499998
11270.0	1929133453.1249995
11280.0	1984342277.3437495
11290.0	1917168257.8124995
11300.0	1817390035.1562495
11310.0	1963831576.1718748
11320.0	1936920275.3906245
11330.0	1945297476.5624995
11340.0	1916493261.7187498
11350.0	1790364199.2187498
11360.0	1938930136.7187498
11370.0	1913684621.0937495
11380.0	1699240374.0234373
11390.0	1877615929.6874995
11400.0	1929526726.5624998
11410.0	1713804636.7187498
11420.0	1938187894.5312498
11430.0	1887660304.6874995
11440.0	1839971781.2499998
11450.0	1942576585.9374998
11460.0	1974954945.3124998
11470.0	1911274753.9062498
11480.0	1875167531.2499995
11490.0	1989820105.4687498
11500.0	1999411015.6249995
11510.0	1959821972.6562498
11520.0	1981383007.8124995
11530.0	1985767871.0937495
11540.0	1881906933.5937498
11550.0	2017065496.0937498
11560.0	2013200429.6874995
11570.0	1967269480.4687498
11580.0	2002137449.2187498
11590.0	2008629515.6249998
11600.0	1895170359.3749998
11610.0	1899418464.8437498
11620.0	1993842769.5312495
11630.0	1982318832.0312498
11640.0	1825821890.6249995
11650.0	2039016476.5624995
11660.0	1884881281.2499995
11670.0	2008613523.4374998
11680.0	1970853925.7812495
11690.0	1767287415.0390623
11700.0	1982641632.8124995
11710.0	1955419457.0312498
11720.0	2003123968.7499998
11730.0	1937934914.0624995
11740.0	1957578058.5937495
11750.0	1988929898.4374995
11760.0	1923276527.3437498
11770.0	1867970097.6562498
11780.0	1745898811.5234373
11790.0	1870907472.6562495
11800.0	1926743707.0312495
11810.0	1940177351.5624998
11820.0	1916144437.4999998
11830.0	1949068332.0312495
11840.0	1977780078.1249995
11850.0	1947050054.6874995
11860.0	1931676718.7499998
11870.0	1992554566.4062495
11880.0	1958022304.6874998
11890.0	1831685816.4062495
11900.0	1966718226.5624998
11910.0	1960248277.3437495
11920.0	1984438910.1562498
11930.0	2002779351.5624995
11940.0	1902202144.5312495
11950.0	1883732394.5312495
11960.0	1899632910.1562498
11970.0	1856580894.5312495
11980.0	1726972968.7499998
11990.0	1882723589.8437495
12000.0	1842074425.7812495
12010.0	1886667789.0624995
12020.0	1878468242.1874998
12030.0	1875097023.4374995
12040.0	1941320734.3749995
12050.0	1913798386.7187498
12060.0	2030226851.5624995
12070.0	1893878175.7812495
12080.0	1984661488.2812498
12090.0	1880839433.5937498
12100.0	1992103402.3437498
12110.0	1903934652.3437498
12120.0	1915000105.4687498
12130.0	1915185703.1249998
12140.0	1964157382.8124998
12150.0	2002672363.2812495
12160.0	1977137007.8124995
12170.0	1956360593.7499998
12180.0	1978151308.5937495
12190.0	2007760878.9062495
12200.0	1967921019.5312498
12210.0	1970441300.7812495
12220.0	1973281042.9687498
12230.0	1941577960.9374995
12240.0	1976079070.3124998
12250.0	2010182644.5312498
12260.0	2018179214.8437495
12270.0	1996750074.2187495
12280.0	2014833820.3124995
12290.0	2019963687.4999995
12300.0	1994569468.7499995
12310.0	2033659175.7812495
12320.0	1968269781.2499995
12330.0	1984167328.1249998
12340.0	2017962449.2187498
12350.0	1977944933.5937495
12360.0	2002381046.8749995
12370.0	1996420218.7499998
12380.0	1983155441.4062495
12390.0	1932971257.8124998
12400.0	1982311847.6562495
12410.0	1849989363.2812498
12420.0	1805706363.2812495
12430.0	1900666101.5624998
12440.0	1812826789.0624995
12450.0	1955280734.3749995
12460.0	1930482636.7187498
12470.0	1939758273.4374995
12480.0	1895522742.1874998
12490.0	1961759988.2812498
12500.0	1902408253.9062495
12510.0	1970073843.7499995
12520.0	1897744183.5937498
12530.0	1849689883.789062
12540.0	1987737667.9687495
12550.0	1900380109.3749995
12560.0	1910630695.3124995
12570.0	1982382124.9999995
12580.0	1912627929.6874998
12590.0	1947712144.5312495
12600.0	1952464171.8749995
12610.0	1994062195.3124998
12620.0	1901963210.9374998
12630.0	1963659917.9687495
12640.0	1918636718.7499998
12650.0	1946669007.8124998
12660.0	1955671964.8437495
12670.0	1953560109.3749995
12680.0	1933462472.6562495
12690.0	2000007644.5312498
12700.0	1973372992.1874998
12710.0	1972835113.2812495
12720.0	2018522113.2812498
12730.0	2014733425.7812498
12740.0	1937751562.4999998
12750.0	1922756003.9062498
12760.0	1990311343.7499995
12770.0	1976639378.9062498
12780.0	1958287730.4687495
12790.0	1995743332.0312495
12800.0	1958399265.6249998
12810.0	1952961816.4062498
12820.0	1940041246.0937495
12830.0	1885507964.8437495
12840.0	1947007222.6562495
12850.0	1915171148.4374995
12860.0	1896094949.2187498
12870.0	1966830550.7812498
12880.0	1951679078.1249995
12890.0	1944989953.1249995
12900.0	1969037933.5937498
12910.0	1932701414.0624998
12920.0	1928118160.1562495
12930.0	1914380687.4999998
12940.0	1978039171.8749995
12950.0	1902403667.9687495
12960.0	1997422964.8437495
12970.0	2002464363.2812498
12980.0	1996460546.8749995
12990.0	1960907179.6874995
13000.0	1994119882.8124995
13010.0	1957247441.4062498
13020.0	1962163847.6562498
13030.0	1971391941.4062498
13040.0	1999550359.3749998
13050.0	1972404175.7812495
13060.0	2000981371.0937498
13070.0	1941774027.3437498
13080.0	1941723457.0312498
13090.0	1923191851.5624995
13100.0	1941266425.7812498
13110.0	1963775328.1249995
13120.0	2002839660.1562495
13130.0	1961028792.9687498
13140.0	1929242749.9999995
13150.0	1983538890.6249998
13160.0	1959126199.2187498
13170.0	1949477910.1562498
13180.0	1895791890.6249995
13190.0	1975235656.2499995
13200.0	1909082996.0937498
13210.0	1924291722.6562498
13220.0	1914339949.2187498
13230.0	1924040140.6249998
13240.0	1902610609.3749998
13250.0	1799760355.4687498
13260.0	1890777249.9999998
13270.0	1805643050.7812498
13280.0	1799700757.8124995
13290.0	1813383304.6874998
13300.0	1762109679.6874995
13310.0	1704186929.6874995
13320.0	1554250814.4531248
13330.0	1474317402.3437498
13340.0	1582167843.7499995
13350.0	1088551958.9843748
13360.0	1383662499.9999998
13370.0	1251345726.5624998
13380.0	1317644175.7812498
13390.0	1340714091.7968748
13400.0	1389130861.3281245
13410.0	1514486677.7343748
13420.0	1247650961.9140623
13430.0	1152184327.1484373
13440.0	1393431966.7968748
13450.0	1267705217.7734373
13460.0	1339042416.9921873
13470.0	1251810759.7656248
13480.0	1168032363.2812498
13490.0	1407824608.3984373
13500.0	1334591319.3359373
13510.0	1269285960.9374998
13520.0	1204605347.6562498
13530.0	1307711285.1562498
13540.0	1065820150.3906249
13550.0	1159438079.1015623
13560.0	1273011513.6718748
13570.0	1303280563.4765623
13580.0	1243694071.2890623
13590.0	1239377574.2187498
13600.0	1232033769.5312498
13610.0	1316712386.7187498
13620.0	1095655386.7187498
13630.0	1314020587.8906248
13640.0	1287711630.8593748
13650.0	1293209402.3437498
13660.0	1286625964.8437498
13670.0	1225343117.1874998
13680.0	1218510679.6874998
13690.0	1186058034.1796873
13700.0	1235628216.7968748
13710.0	1149109673.8281248
13720.0	1231767152.3437498
13730.0	1252110816.4062498
13740.0	1203301246.0937498
13750.0	1215531349.6093748
13760.0	1257672683.5937498
13770.0	1210693503.9062498
13780.0	1335597533.2031248
13790.0	1234595259.7656248
13800.0	1365870416.0156248
13810.0	1282349291.0156248
13820.0	1328678748.0468748
13830.0	1148201618.1640623
13840.0	1319981868.1640623
13850.0	1249588154.2968748
13860.0	1277992300.7812498
13870.0	1274140226.5624998
13880.0	1203755179.6874998
13890.0	1313493975.5859373
13900.0	1194774083.9843748
13910.0	1079286667.9687498
13920.0	1140464753.9062498
13930.0	1196290019.5312498
13940.0	1131840877.9296873
13950.0	1146448402.3437498
13960.0	1183987813.4765623
13970.0	1184513548.8281248
13980.0	1092660549.8046873
13990.0	1217029350.5859373
14000.0	1085472664.0624998
14010.0	1112669962.8906248
14020.0	1204884353.5156248
14030.0	1162362613.2812498
14040.0	1053807152.3437499
14050.0	1130005247.0703123
14060.0	1289595874.9999998
14070.0	1114316230.4687498
14080.0	1127197244.1406248
14090.0	1075334133.300781
14100.0	1118663877.441406
14110.0	1096638693.3593748
14120.0	1038326860.3515623
14130.0	1165771154.2968748
14140.0	1113205241.2109373
14150.0	1054826363.2812498
14160.0	1127270843.7499998
14170.0	1027611195.3124999
14180.0	962781144.5312499
14190.0	1047828360.3515623
14200.0	1063704674.8046874
14210.0	1077897783.2031248
14220.0	1064302804.6874999
14230.0	1050786052.7343748
14240.0	1040684468.7499998
14250.0	1054012378.9062498
14260.0	988426083.9843748
14270.0	1091036998.0468748
14280.0	1015294298.8281249
14290.0	896245984.3749998
14300.0	1172316943.3593748
14310.0	1124415105.4687498
14320.0	1040912908.2031248
14330.0	1037186662.1093749
14340.0	926622043.9453123
14350.0	1114022773.4374998
14360.0	1110517476.5624998
14370.0	1072724124.9999999
14380.0	1087432710.9374998
14390.0	1088178213.8671873
14400.0	1012289558.5937498
14410.0	981690560.5468749
14420.0	1010936437.4999999
14430.0	1145895716.7968748
14440.0	1070308396.4843748
14450.0	1007536863.2812498
14460.0	1125164734.3749998
14470.0	999053068.3593749
14480.0	1090589244.1406248
14490.0	1161987908.2031248
14500.0	1108779681.6406248
14510.0	981163767.5781248
14520.0	1222955238.2812498
14530.0	1079053884.7656248
14540.0	997773464.8437498
14550.0	1173614822.2656248
14560.0	1040325886.7187498
14570.0	985496680.6640623
14580.0	1108880091.7968748
14590.0	1142003568.3593748
14600.0	1117850529.2968748
14610.0	1096205996.0937498
14620.0	1024830919.9218749
14630.0	1003159121.0937498
14640.0	1092665009.7656248
14650.0	1083860939.4531248
14660.0	1173147972.6562498
14670.0	1113887916.0156248
14680.0	1017604517.5781248
14690.0	1015443533.2031248
14700.0	1023913541.0156248
14710.0	1051173931.6406248
14720.0	1085746234.3749998
14730.0	1129055785.1562498
14740.0	1046588414.0624998
14750.0	1044735531.2499999
14760.0	1047108990.2343748
14770.0	1058723429.6874999
14780.0	1056557023.4374999
14790.0	1171233259.7656248
14800.0	994830691.4062498
14810.0	1097348646.4843748
14820.0	1045433107.4218749
14830.0	1059544601.5624999
14840.0	1136524392.5781248
14850.0	1061085148.4374999
14860.0	1070985402.3437499
14870.0	1115341767.5781248
14880.0	1067629076.1718749
14890.0	1081393273.4374998
14900.0	1075912269.5312498
14910.0	1131272435.5468748
14920.0	1143661271.4843748
14930.0	1063763160.1562498
14940.0	1026636464.8437498
14950.0	1086430687.4999998
14960.0	1109855666.0156248
14970.0	1105813513.6718748
14980.0	1117346478.5156248
14990.0	1118678572.2656248
15000.0	1102551980.4687498
15010.0	1081347023.4374998
15020.0	971737783.2031249
15030.0	1171415626.9531248
15040.0	1096948306.6406248
15050.0	1170961080.0781248
15060.0	1117915257.8124998
15070.0	1162554089.8437498
15080.0	1088536994.1406248
15090.0	1172191041.0156248
15100.0	1092938009.7656248
15110.0	1149143148.4374998
15120.0	1158495316.4062498
15130.0	1101330226.5624998
15140.0	1096305238.2812498
15150.0	1142839085.9374998
15160.0	1150509314.4531248
15170.0	1105739804.6874998
15180.0	1119704181.6406248
15190.0	1123636316.4062498
15200.0	1127951304.6874998
15210.0	1193626492.1874998
15220.0	1147770602.5390623
15230.0	1192756772.4609373
15240.0	1155144308.5937498
15250.0	1103014970.7031248
15260.0	1095183556.6406248
15270.0	1158450695.3124998
15280.0	1148620361.3281248
15290.0	1120935031.2499998
15300.0	1241242869.1406248
15310.0	1151301515.6249998
15320.0	1060473259.7656248
15330.0	1120212380.8593748
15340.0	1199669626.9531248
15350.0	1177281783.2031248
15360.0	1190277072.2656248
15370.0	1137655242.1874998
15380.0	1148526873.0468748
15390.0	1221766917.9687498
15400.0	1149541433.5937498
15410.0	1094231080.0781248
15420.0	1186122023.4374998
15430.0	1127739943.3593748
15440.0	1174002634.7656248
15450.0	1195685613.2812498
15460.0	1260241326.1718748
15470.0	1133171160.1562498
15480.0	1179739384.7656248
15490.0	1183002546.8749998
15500.0	1215162847.6562498
15510.0	1134704476.5624998
15520.0	1220419882.8124998
15530.0	1218961468.7499998
15540.0	1203410525.3906248
15550.0	1176763285.1562498
15560.0	1147862628.9062498
15570.0	1169749167.9687498
15580.0	1126279521.4843748
15590.0	1204878195.3124998
15600.0	1214763878.9062498
15610.0	1211563347.6562498
15620.0	1223899531.2499998
15630.0	1206892226.5624998
15640.0	1272979943.3593748
15650.0	1176603537.1093748
15660.0	1140539781.2499998
15670.0	1251415265.6249998
15680.0	1291457804.6874998
15690.0	1199514863.2812498
15700.0	1208743945.3124998
15710.0	1235065613.2812498
15720.0	1200453734.3749998
15730.0	1215190902.3437498
15740.0	1250387613.2812498
15750.0	1232996103.5156248
15760.0	1229896111.3281248
15770.0	1261817398.4374998
15780.0	1215442882.8124998
15790.0	1247457929.6874998
15800.0	1256726777.3437498
15810.0	1268120914.0624998
15820.0	1255921585.9374998
15830.0	1276873544.9218748
15840.0	1219227130.8593748
15850.0	1211445480.4687498
15860.0	1301137339.8437498
15870.0	1293479644.5312498
15880.0	1287343769.5312498
15890.0	1262460910.1562498
15900.0	1191539218.7499998
15910.0	1281170882.8124998
15920.0	1263287949.2187498
15930.0	1268434421.8749998
15940.0	1318758361.3281248
15950.0	1321470033.2031248
15960.0	1323523414.0624998
15970.0	1302543333.9843748
15980.0	1286301943.3593748
15990.0	1298934058.5937498
16000.0	1315009515.6249998
16010.0	1324318351.5624998
16020.0	1272533781.2499998
16030.0	1344351816.4062498
16040.0	1280253007.8124998
16050.0	1312295210.9374998
16060.0	1262783773.4374998
16070.0	1257562210.9374998
16080.0	1300300679.6874998
16090.0	1316842878.9062498
16100.0	1317838683.5937498
16110.0	1315941398.4374998
16120.0	1322669894.5312498
16130.0	1325367132.8124998
16140.0	1303245533.2031248
16150.0	1306700392.5781248
16160.0	1326151335.9374998
16170.0	1375247132.8124998
16180.0	1367959773.4374998
16190.0	1285867371.0937498
16200.0	1282633566.4062498
16210.0	1266292015.6249998
16220.0	1340889519.5312498
16230.0	1322230490.2343748
16240.0	1349931763.6718748
16250.0	1310323800.7812498
16260.0	1298679121.0937498
16270.0	1361726941.4062498
16280.0	1349985820.3124998
16290.0	1345647339.8437498
16300.0	1357813238.2812498
16310.0	1342469132.8124995
16320.0	1331304503.9062495
16330.0	1376949015.6249995
16340.0	1375745898.4374998
16350.0	1357278453.1249998
16360.0	1332165726.5624998
16370.0	1328729605.4687498
16380.0	1382132996.0937498
16390.0	1377142367.1874998
16400.0	1367716871.0937498
16410.0	1372753296.8749998
16420.0	1355170632.8124998
16430.0	1358258869.1406245
16440.0	1375490189.4531248
16450.0	1340824878.9062498
16460.0	1345291671.8749995
16470.0	1385558187.4999998
16480.0	1370121628.9062498
16490.0	1398680859.3749998
16500.0	1393603042.9687498
16510.0	1382667749.9999998
16520.0	1395595925.7812498
16530.0	1344911921.8749998
16540.0	1353714066.4062498
16550.0	1393701769.5312495
16560.0	1411384007.8124998
16570.0	1418227117.1874998
16580.0	1410313136.7187495
16590.0	1362150089.8437495
16600.0	1378363249.9999998
16610.0	1354437691.4062498
16620.0	1378683499.9999998
16630.0	1425131457.0312495
16640.0	1422015082.0312498
16650.0	1398967996.0937498
16660.0	1377748847.6562498
16670.0	1369450933.5937498
16680.0	1398016730.4687495
16690.0	1411761230.4687498
16700.0	1407084773.4374998
16710.0	1379838472.6562498
16720.0	1347082378.9062498
16730.0	1379791578.1249998
16740.0	1417812519.5312498
16750.0	1432993933.5937498
16760.0	1434757292.9687498
16770.0	1389494621.0937495
16780.0	1425452187.4999998
16790.0	1423460105.4687498
16800.0	1411007808.5937498
16810.0	1409577968.7499998
16820.0	1431752617.1874998
16830.0	1432001613.2812495
16840.0	1403629132.8124995
16850.0	1423039867.1874998
16860.0	1406657070.3124998
16870.0	1357250917.9687498
16880.0	1350619539.0624998
16890.0	1336778201.1718748
16900.0	1348849216.7968748
16910.0	1353284566.4062498
16920.0	1364015874.9999998
16930.0	1379766925.7812495
16940.0	1393092580.0781245
16950.0	1361032171.8749998
16960.0	1347741259.7656248
16970.0	1354327675.7812498
16980.0	1318990605.4687498
16990.0	1331032652.3437498
17000.0	1320551117.1874998
17010.0	1315165539.0624998
17020.0	1350088935.5468748
17030.0	1335794423.8281248
17040.0	1259284562.4999998
17050.0	1302615503.9062498
17060.0	1337133921.8749998
17070.0	1290066460.9374998
17080.0	1237653771.4843748
17090.0	1238656529.2968748
17100.0	1296045769.5312498
17110.0	1200187023.4374998
17120.0	1228844960.9374998
17130.0	1250775220.7031248
17140.0	1197673683.5937498
17150.0	1205211560.5468748
17160.0	1190736882.8124998
17170.0	1183759890.6249998
17180.0	1138309097.6562498
17190.0	1112943503.9062498
17200.0	1164441787.1093748
17210.0	1181844482.4218748
17220.0	1205838259.7656248
17230.0	1136235457.0312498
17240.0	1127310031.2499998
17250.0	1183997720.7031248
17260.0	1188514535.1562498
17270.0	991365187.4999999
17280.0	1195445611.3281248
17290.0	1152866058.5937498
17300.0	1113946501.9531248
17310.0	1188174193.3593748
17320.0	1031504333.9843748
17330.0	1120793767.5781248
17340.0	1087266414.0624998
17350.0	1043448988.2812499
17360.0	1115295734.3749998
17370.0	1037208478.5156249
17380.0	1127131560.5468748
17390.0	1113866687.4999998
17400.0	1059965082.0312499
17410.0	1051383222.6562498
17420.0	1121290537.1093748
17430.0	1061915794.9218749
17440.0	1025894564.4531249
17450.0	1048164517.5781248
17460.0	1067239093.7499999
17470.0	1000629450.1953124
17480.0	1018312415.0390623
17490.0	1100089490.2343748
17500.0	1049423716.7968748
17510.0	980080082.0312499
17520.0	996191263.6718749
17530.0	1075097699.2187498
17540.0	997012142.5781249
17550.0	981157865.2343749
17560.0	897577059.5703124
17570.0	952693343.7499999
17580.0	949379578.1249998
17590.0	946061582.0312499
17600.0	1042165683.5937498
17610.0	899237879.8828124
17620.0	963380286.1328123
17630.0	855010655.2734373
17640.0	1030463916.0156248
17650.0	977624351.5624998
17660.0	1042832023.4374999
17670.0	921349171.8749999
17680.0	806475020.5078123
17690.0	856419521.4843749
17700.0	1007367591.7968749
17710.0	967215828.1249998
17720.0	854035555.6640624
17730.0	831312755.8593749
17740.0	964418290.0390624
17750.0	855964997.0703124
17760.0	855061339.3554686
17770.0	855399224.1210935
17780.0	863616810.5468749
17790.0	905505044.9218748
17800.0	850439617.1874998
17810.0	815764040.0390624
17820.0	843930423.8281249
17830.0	817782335.9374999
17840.0	942927244.1406248
17850.0	824027552.7343749
17860.0	782799979.4921874
17870.0	716188170.8984374
17880.0	852257047.8515624
17890.0	854302369.1406248
17900.0	886533876.9531249
17910.0	763619023.4374999
17920.0	787619989.2578124
17930.0	827267051.7578123
17940.0	799814661.1328124
17950.0	771781019.5312499
17960.0	750934023.4374999
17970.0	882844026.3671873
17980.0	841371254.8828124
17990.0	851395283.2031249
18000.0	731824099.6093749
18010.0	746464673.8281248
18020.0	740262912.1093749
18030.0	764668048.8281249
18040.0	843793728.5156248
18050.0	807181041.0156248
18060.0	689766439.4531249
18070.0	767324425.7812499
18080.0	753419873.0468749
18090.0	744285206.0546873
18100.0	798780967.7734373
18110.0	623235306.6406249
18120.0	766690271.4843749
18130.0	715586591.7968749
18140.0	855051619.1406248
18150.0	820877284.1796874
18160.0	773918931.1523436
18170.0	753939354.4921874
18180.0	733158194.3359373
18190.0	696334189.4531249
18200.0	703144003.9062499
18210.0	718512814.4531249
18220.0	608591246.5820311
18230.0	800592049.8046874
18240.0	880090328.1249998
18250.0	740238705.0781249
18260.0	664542395.5078124
18270.0	764197482.4218749
18280.0	701379398.4374999
18290.0	764413021.4843749
18300.0	778170597.6562499
18310.0	716377351.5624999
18320.0	735933583.0078124
18330.0	675872726.5624999
18340.0	779641857.4218749
18350.0	723853930.6640624
18360.0	730298405.7617186
18370.0	812509267.5781249
18380.0	696310780.7617186
18390.0	704505048.8281249
18400.0	703919877.4414061
18410.0	814910861.3281249
18420.0	647926611.3281249
18430.0	715263405.2734374
18440.0	661170623.0468749
18450.0	699717497.5585936
18460.0	678013393.0664061
18470.0	620072489.2578124
18480.0	631741749.9999999
18490.0	658780626.9531249
18500.0	626031981.4453124
18510.0	727422707.0312499
18520.0	739400429.6874999
18530.0	666753706.0546874
18540.0	652676872.0703124
18550.0	704079557.6171874
18560.0	675739914.0624999
18570.0	595091976.0742186
18580.0	534380921.8749999
18590.0	574001658.2031249
18600.0	568010984.3749999
18610.0	591243226.5624999
18620.0	637431336.4257811
18630.0	634248341.7968749
18640.0	635604452.6367186
18650.0	575126088.3789061
18660.0	659301255.8593749
18670.0	672686583.0078123
18680.0	591542353.5156249
18690.0	708701385.7421874
18700.0	698311271.4843749
18710.0	638036494.6289061
18720.0	657549190.4296874
18730.0	555547901.3671874
18740.0	672396983.3984373
18750.0	646813306.6406249
18760.0	702159718.7499999
18770.0	629422720.7031249
18780.0	663049868.1640624
18790.0	591240086.9140624
18800.0	670702415.0390624
18810.0	666454506.8359374
18820.0	675923838.8671873
18830.0	737959097.6562498
18840.0	739553277.3437498
18850.0	605993424.8046874
18860.0	678899238.2812499
18870.0	650638365.2343749
18880.0	742532027.3437498
18890.0	649176480.4687499
18900.0	701463331.0546873
18910.0	685455083.9843748
18920.0	583195587.8906249
18930.0	648236695.3124999
18940.0	666633595.7031249
18950.0	671989896.4843749
18960.0	657543817.3828124
18970.0	733979292.9687498
18980.0	631764757.8124999
18990.0	676752145.5078124
19000.0	723614220.7031249
19010.0	673484099.6093749
19020.0	730558708.9843749
19030.0	659576197.2656249
19040.0	700568168.9453124
19050.0	682932872.0703123
19060.0	663462150.3906249
19070.0	648375078.1249999
19080.0	732319474.6093749
19090.0	680866192.3828123
19100.0	679220311.5234374
19110.0	620996745.1171874
19120.0	680997411.1328124
19130.0	711730758.7890624
19140.0	717930116.2109374
19150.0	724449188.4765624
19160.0	642298368.1640624
19170.0	636804574.2187499
19180.0	655094504.8828124
19190.0	748263074.2187499
19200.0	672218561.5234374
19210.0	632103089.8437499
19220.0	688077916.9921874
19230.0	690056374.9999999
19240.0	622422877.9296874
19250.0	692089324.2187499
19260.0	667178993.1640624
19270.0	625434995.1171874
19280.0	766800857.4218749
19290.0	654865755.3710936
19300.0	650870012.6953124
19310.0	561574094.2382811
19320.0	649655455.0781249
19330.0	690908915.0390624
19340.0	631709179.6874999
19350.0	689763954.1015624
19360.0	693833927.7343749
19370.0	682718573.2421874
19380.0	661149639.6484374
19390.0	618314801.7578124
19400.0	606076947.7539061
19410.0	632073441.8945311
19420.0	683418283.2031249
19430.0	659329515.6249999
19440.0	648815605.4687499
19450.0	601223721.1914061
19460.0	540784563.4765624
19470.0	677807367.6757811
19480.0	603225317.8710936
19490.0	614263033.2031249
19500.0	686660278.3203124
19510.0	596970648.4374999
19520.0	653500953.1249999
19530.0	553163309.5703124
19540.0	659069180.1757811
19550.0	651678186.5234374
19560.0	594299864.2578124
19570.0	639039840.8203124
19580.0	673321634.7656249
19590.0	766704806.6406249
19600.0	618111594.7265624
19610.0	585819871.0937499
19620.0	658228614.2578124
19630.0	653920456.0546874
19640.0	639775686.0351561
19650.0	588038999.0234374
19660.0	666223539.0624999
19670.0	680442785.6445311
19680.0	568037109.8632811
19690.0	644385270.5078124
19700.0	724169642.5781249
19710.0	608622766.6015624
19720.0	677184279.2968749
19730.0	614938006.8359374
19740.0	613943440.4296874
19750.0	643316343.7499999
19760.0	519800641.11328113
19770.0	606203349.1210936
19780.0	527966429.6874999
19790.0	614572553.7109374
19800.0	573220650.3906249
19810.0	634309740.2343749
19820.0	576760786.1328124
19830.0	596712522.4609374
19840.0	614006306.6406249
19850.0	600578871.0937499
19860.0	583889302.7343749
19870.0	576544347.6562499
19880.0	586291458.9843749
19890.0	638617183.5937499
19900.0	542048434.0820311
19910.0	586000135.2539061
19920.0	532497445.3124999
19930.0	630587558.5937499
19940.0	657779781.2499999
19950.0	601918857.4218749
19960.0	625635011.7187499
19970.0	624197326.1718749
19980.0	583411167.9687499
19990.0	616100575.1953124
20000.0	562878411.1328124
20010.0	592133502.9296874
20020.0	596256821.2890624
20030.0	625053795.8984374
20040.0	621577803.7109374
20050.0	609850703.1249999
20060.0	594680789.0624999
20070.0	581303478.5156249
20080.0	681390397.4609374
20090.0	533996473.6328124
20100.0	607088861.3281249
20110.0	569167073.7304686
20120.0	623450445.8007811
20130.0	597407735.3515624
20140.0	613629452.1484374
20150.0	620131017.5781249
20160.0	574596780.2734374
20170.0	554421096.6796874
20180.0	620753633.7890624
20190.0	585681535.1562499
20200.0	511546144.53124994
20210.0	638627785.1562499
20220.0	610944321.2890624
20230.0	608119709.9609374
20240.0	662606044.9218749
20250.0	614789733.3984374
20260.0	566216339.8437499
20270.0	582461097.6562499
20280.0	621597354.4921874
20290.0	520886006.83593744
20300.0	653572333.9843749
20310.0	546078054.6874999
20320.0	657850123.0468749
20330.0	605835185.5468749
20340.0	602273395.5078124
20350.0	627922457.0312499
20360.0	541803861.3281249
20370.0	644917127.9296874
20380.0	636484463.8671874
20390.0	587000166.9921874
20400.0	587961747.0703124
20410.0	569273461.9140624
20420.0	620886313.4765624
20430.0	671960175.7812499
20440.0	542115967.7734374
20450.0	541735110.3515624
20460.0	609252322.2656249
20470.0	627904018.5546874
20480.0	636200084.9609374
20490.0	557093218.7499999
20500.0	594264038.0859374
20510.0	643380954.1015624
20520.0	590954297.8515624
20530.0	634463436.5234374
20540.0	558279917.9687499
20550.0	602922051.7578124
20560.0	587958959.9609374
20570.0	623274414.0624999
20580.0	648661501.9531249
20590.0	628373549.8046874
20600.0	643287862.3046874
20610.0	559632709.9609374
20620.0	607863917.9687499
20630.0	608221838.8671874
20640.0	540864990.2343749
20650.0	603214655.2734374
20660.0	583937975.5859374
20670.0	654872808.5937499
20680.0	605142528.3203124
20690.0	582154521.4843749
20700.0	657190963.8671874
20710.0	624740740.7226561
20720.0	562831057.1289061
20730.0	598667488.2812499
20740.0	593409480.4687499
20750.0	584717173.8281249
20760.0	635675015.6249999
20770.0	609272722.6562499
20780.0	627783251.9531249
20790.0	616589819.3359374
20800.0	598033390.6249999
20810.0	613891557.6171874
20820.0	627652893.5546874
20830.0	608260999.9999999
20840.0	614879299.8046874
20850.0	609741398.4374999
20860.0	626209241.2109374
20870.0	582594309.5703124
20880.0	635180778.3203124
20890.0	618050760.7421874
20900.0	594702125.9765624
20910.0	664290541.9921874
20920.0	607521025.3906249
20930.0	659071960.9374999
20940.0	589909968.7499999
20950.0	629478985.3515624
20960.0	616020048.8281249
20970.0	620911784.1796874
20980.0	641179369.1406249
20990.0	624896711.9140624
21000.0	619694256.8359374
21010.0	650541154.2968749
21020.0	624567495.1171874
21030.0	621627141.6015624
21040.0	639504887.6953124
21050.0	607709359.3749999
21060.0	647374377.9296874
21070.0	640477154.2968749
21080.0	625591115.2343749
21090.0	610666630.8593749
21100.0	655001812.4999999
21110.0	652003031.2499999
21120.0	598738267.5781249
21130.0	635961818.3593749
21140.0	655788745.1171874
21150.0	647515225.5859374
21160.0	649884543.9453124
21170.0	607118966.7968749
21180.0	637689844.7265624
21190.0	626344896.4843749
21200.0	640610962.8906249
21210.0	638187708.0078124
21220.0	647863620.1171874
21230.0	647165655.2734374
21240.0	643038043.9453124
21250.0	672463894.5312499
21260.0	637697492.1874999
21270.0	642122702.1484374
21280.0	619270321.2890624
21290.0	619324556.6406249
21300.0	640117812.4999999
21310.0	652292978.5156249
21320.0	658748652.3437499
21330.0	657678136.7187499
21340.0	632368941.4062499
21350.0	654985501.9531249
21360.0	661954763.6718749
21370.0	644264435.5468749
21380.0	638513823.2421874
21390.0	655014088.8671874
21400.0	627976232.4218749
21410.0	638190680.6640624
21420.0	649742053.7109374
21430.0	649739986.3281249
21440.0	683948226.5624999
21450.0	675424469.7265624
21460.0	670806768.5546873
21470.0	672249623.0468749
21480.0	650274558.5937499
21490.0	651368837.8906249
21500.0	623726055.6640624
21510.0	670410758.7890624
21520.0	654100039.0624999
21530.0	635919215.8203124
21540.0	659548974.6093749
21550.0	674155573.2421874
21560.0	651573435.5468749
21570.0	661928334.9609374
21580.0	669205977.5390623
21590.0	669821042.9687499
21600.0	654568000.9765624
21610.0	677335522.4609374
21620.0	644938986.3281249
21630.0	646249484.3749999
21640.0	669105949.2187499
21650.0	675769673.8281248
21660.0	649354791.0156249
21670.0	663420125.9765624
21680.0	678745477.5390624
21690.0	691484425.7812499
21700.0	669936767.5781249
21710.0	649614390.6249999
21720.0	660828888.6718749
21730.0	657988661.1328124
21740.0	662906938.4765624
21750.0	677052193.3593748
21760.0	637937376.9531249
21770.0	671984146.4843748
21780.0	650207277.3437499
21790.0	639841865.2343749
21800.0	669003246.0937499
21810.0	668583795.8984374
21820.0	660917211.9140624
21830.0	652295197.2656249
21840.0	661333052.7343749
21850.0	663069027.3437499
21860.0	657939734.3749999
21870.0	670278067.3828123
21880.0	670250741.2109374
21890.0	673941517.5781249
21900.0	650061525.3906249
21910.0	684463962.8906249
21920.0	667975220.7031248
21930.0	645773818.3593749
21940.0	665038433.5937498
21950.0	683003234.3749999
21960.0	669202156.2499999
21970.0	657914197.2656249
21980.0	680942591.7968749
21990.0	663924351.5624998
22000.0	676964097.6562498
22010.0	677072523.4374999
22020.0	667984968.7499999
22030.0	651598008.7890624
22040.0	653542095.7031249
22050.0	651006548.8281249
22060.0	649563758.7890624
22070.0	656536296.8749999
22080.0	662533148.4374999
22090.0	650576996.0937499
22100.0	674983007.8124999
22110.0	654532490.2343749
22120.0	687236562.4999999
22130.0	662520960.9374999
22140.0	686252738.2812499
22150.0	668715380.8593749
22160.0	667449042.9687499
22170.0	658735609.3749999
22180.0	678958671.8749999
22190.0	654740273.4374999
22200.0	641861017.5781249
22210.0	653906785.1562499
22220.0	670583978.5156249
22230.0	674978201.1718749
22240.0	673344287.1093749
22250.0	696174292.9687498
22260.0	687889899.4140624
22270.0	655084185.5468749
22280.0	655795905.2734374
22290.0	649537240.2343749
22300.0	657466231.4453124
22310.0	692299186.5234374
22320.0	683829966.7968748
22330.0	655787392.5781249
22340.0	672611275.3906248
22350.0	645622113.2812499
22360.0	643520201.1718749
22370.0	680227929.6874999
22380.0	674067937.4999999
22390.0	659007255.8593749
22400.0	683836509.7656248
22410.0	688354787.1093749
22420.0	659046986.3281249
22430.0	652382870.1171874
22440.0	660736985.3515624
22450.0	670703240.2343749
22460.0	688069730.4687499
22470.0	665668728.5156249
22480.0	666218156.2499999
22490.0	687252193.3593748
22500.0	643664804.6874999
22510.0	689684970.7031249
22520.0	660172611.3281249
22530.0	673525496.0937499
22540.0	654821462.8906249
22550.0	642508730.4687499
22560.0	664514312.4999998
22570.0	686414722.6562498
22580.0	642567386.7187499
22590.0	662592888.6718749
22600.0	663060223.6328124
22610.0	658961590.8203124
22620.0	660271316.4062499
22630.0	642391912.1093749
22640.0	655321849.6093749
22650.0	649312038.0859374
22660.0	654909251.9531249
22670.0	665798129.8828124
22680.0	675706982.4218749
22690.0	660636656.2499999
22700.0	638521357.4218749
22710.0	661586673.8281249
22720.0	636619740.2343749
22730.0	664848126.9531249
22740.0	656587212.8906249
22750.0	671037804.6874999
22760.0	657262058.5937499
22770.0	673874185.5468748
22780.0	669454197.2656249
22790.0	622749712.8906249
22800.0	637488999.9999999
22810.0	637945847.6562499
22820.0	668618451.1718749
22830.0	661427279.2968749
22840.0	647036749.9999999
22850.0	648284333.0078124
22860.0	661174129.8828124
22870.0	654473079.1015624
22880.0	678538262.6953123
22890.0	635215990.2343749
22900.0	671487896.4843748
22910.0	664482156.2499999
22920.0	630125210.9374999
22930.0	629971701.1718749
22940.0	430760799.8046874
22950.0	521862496.09374994
22960.0	542328152.3437499
22970.0	554429101.5624999
22980.0	554481392.5781249
22990.0	584408050.7812499
23000.0	615261244.1406249
23010.0	531482832.51953113
23020.0	619572403.3203124
23030.0	578569041.9921874
23040.0	614161488.2812499
23050.0	573409946.7773436
23060.0	586295825.1953124
23070.0	594337575.6835936
23080.0	594859615.2343749
23090.0	607627312.4999999
23100.0	563944951.1718749
23110.0	569426057.1289061
23120.0	576677121.0937499
23130.0	612540190.4296874
23140.0	583129131.3476561
23150.0	534578018.55468744
23160.0	570243051.7578124
23170.0	608940949.2187499
23180.0	563949155.2734374
23190.0	607753073.2421874
23200.0	606190973.6328124
23210.0	553218574.7070311
23220.0	568375612.3046874
23230.0	435629361.32812494
23240.0	493618708.00781244
23250.0	511810205.56640613
23260.0	518881195.3124999
23270.0	532013277.34374994
23280.0	545686571.7773436
23290.0	536742309.0820312
23300.0	517992545.89843744
23310.0	520827497.07031244
23320.0	544810613.2812499
23330.0	571722592.7734374
23340.0	526722103.5156249
23350.0	531377896.48437494
23360.0	520594015.62499994
23370.0	516333981.44531244
23380.0	548097218.7499999
23390.0	514270254.88281244
23400.0	507940967.77343744
23410.0	545948954.5898436
23420.0	557907369.6289061
23430.0	559872481.4453124
23440.0	505385286.1328124
23450.0	470216136.7187499
23460.0	583808040.0390624
23470.0	555914936.5234374
23480.0	552765789.0624999
23490.0	555017503.9062499
23500.0	527455062.4999999
23510.0	505389187.4999999
23520.0	491657656.2499999
23530.0	423438950.19531244
23540.0	438663432.61718744
23550.0	502273826.1718749
23560.0	464807810.5468749
23570.0	521794640.62499994
23580.0	495187031.2499999
23590.0	437926848.6328124
23600.0	535976899.4140624
23610.0	479446368.16406244
23620.0	487777944.82421863
23630.0	478370819.8242187
23640.0	508793923.8281249
23650.0	523555725.5859374
23660.0	518442073.2421874
23670.0	503618709.9609374
23680.0	478062594.72656244
23690.0	491759048.82812494
23700.0	524536413.08593744
23710.0	490323583.98437494
23720.0	536015796.87499994
23730.0	507652703.1249999
23740.0	500600051.7578124
23750.0	517790972.65624994
23760.0	501484651.3671874
23770.0	473408068.35937494
23780.0	505380191.89453113
23790.0	476508409.66796863
23800.0	521345884.27734363
23810.0	462156966.3085937
23820.0	487708071.28906244
23830.0	427199396.9726562
23840.0	408547835.4492187
23850.0	488038239.25781244
23860.0	438852898.9257812
23870.0	409296924.31640613
23880.0	417946852.53906244
23890.0	450523005.8593749
23900.0	501367971.19140613
23910.0	480768027.83203113
23920.0	411473392.57812494
23930.0	425383598.63281244
23940.0	522933958.0078124
23950.0	438680829.1015624
23960.0	466442496.09374994
23970.0	454850510.7421874
23980.0	431574949.2187499
23990.0	456429820.31249994
24000.0	455699243.16406244
24010.0	433942107.4218749
24020.0	450544414.06249994
24030.0	443973798.82812494
24040.0	435011879.3945312
24050.0	449658159.17968744
24060.0	434701433.5937499
24070.0	425251385.7421874
24080.0	403706383.78906244
24090.0	414495930.6640624
24100.0	409032540.03906244
24110.0	427041941.4062499
24120.0	425060445.31249994
24130.0	415482350.58593744
24140.0	360952343.74999994
24150.0	440584052.73437494
24160.0	397963074.7070312
24170.0	376752624.5117187
24180.0	398082214.8437499
24190.0	445075621.09374994
24200.0	389951691.40624994
24210.0	442670979.4921874
24220.0	362712930.66406244
24230.0	403382888.6718749
24240.0	441532691.40624994
24250.0	396445218.74999994
24260.0	378144666.99218744
24270.0	390242374.99999994
24280.0	362086622.31445307
24290.0	414739550.048828
24300.0	398330637.2070312
24310.0	359753112.7929687
24320.0	401811379.3945312
24330.0	387797868.16406244
24340.0	365563276.36718744
24350.0	376037360.35156244
24360.0	407884228.0273437
24370.0	308325912.10937494
24380.0	374456995.1171874
24390.0	422551914.06249994
24400.0	378065978.0273437
24410.0	397790814.45312494
24420.0	362448687.01171863
24430.0	347608068.8476562
24440.0	327103200.19531244
24450.0	373165813.9648437
24460.0	373341941.8945312
24470.0	405440358.8867187
24480.0	309613717.2851562
24490.0	356163543.4570312
24500.0	377040089.3554687
24510.0	391027264.64843744
24520.0	307498381.3476562
24530.0	332001373.04687494
24540.0	300179036.6210937
24550.0	321255618.6523437
24560.0	372614654.29687494
24570.0	372374919.9218749
24580.0	376433187.49999994
24590.0	373350186.52343744
24600.0	340796316.8945312
24610.0	243880932.61718747
24620.0	365791087.4023437
24630.0	349095855.46874994
24640.0	388912895.50781244
24650.0	354853015.6249999
24660.0	347566922.85156244
24670.0	368775820.31249994
24680.0	266089703.12499997
24690.0	366483694.3359374
24700.0	324707790.5273437
24710.0	326061859.37499994
24720.0	329131732.42187494
24730.0	331455356.9335937
24740.0	283764841.3085937
24750.0	285187336.4257812
24760.0	283899962.4023437
24770.0	371436141.60156244
24780.0	355649780.76171863
24790.0	285597113.7695312
24800.0	318424599.60937494
24810.0	313464268.0664062
24820.0	287238568.8476562
24830.0	301956853.51562494
24840.0	359496559.57031244
24850.0	368608515.62499994
24860.0	334737920.41015613
24870.0	278991333.98437494
24880.0	281560979.49218744
24890.0	300638553.2226562
24900.0	271152411.13281244
24910.0	264938715.82031244
24920.0	307823503.4179687
24930.0	304025838.3789062
24940.0	357319730.46874994
24950.0	318136314.9414062
24960.0	297858522.9492187
24970.0	321465906.24999994
24980.0	263426578.6132812
24990.0	301871661.6210937
