# Flux units: erg / (cm m2 s)
# Wavelength units: Angstrom
wave	flux
9000.0	4.435010912255999e+16
9010.0	5.403963765555199e+16
9020.0	5.146999101849598e+16
9030.0	4.574975950847999e+16
9040.0	4.804536015257598e+16
9050.0	6.157113399705598e+16
9060.0	5.335707169587199e+16
9070.0	5.926747727462399e+16
9080.0	8.218664842035198e+16
9090.0	6.902894454374399e+16
9100.0	7.128026474086399e+16
9110.0	6.955554177023998e+16
9120.0	9.027884364595197e+16
9130.0	8.490250246553598e+16
9140.0	8.055461065523198e+16
9150.0	8.891675089305598e+16
9160.0	9.426754692710398e+16
9170.0	9.439499832524798e+16
9180.0	8.377888669695998e+16
9190.0	1.0256016395468798e+17
9200.0	8.899317674803197e+16
9210.0	6.838401630207998e+16
9220.0	6.574974513971199e+16
9230.0	5.040676732927999e+16
9240.0	5.240743146291199e+16
9250.0	5.106296579686399e+16
9260.0	5.387275023155199e+16
9270.0	5.569543366246399e+16
9280.0	4.854586749747199e+16
9290.0	4.912336784588799e+16
9300.0	4.395730101862399e+16
9310.0	4.089510913638399e+16
9320.0	4.869795112550399e+16
9330.0	4.655693889535999e+16
9340.0	5.901924866457598e+16
9350.0	3.999004662169599e+16
9360.0	5.202141918003199e+16
9370.0	5.049836254003199e+16
9380.0	6.158489367347199e+16
9390.0	5.210436154163199e+16
9400.0	5.372054523084799e+16
9410.0	5.544574189567999e+16
9420.0	7.284175667199998e+16
9430.0	7.231275191500798e+16
9440.0	6.265271274700798e+16
9450.0	6.475504576102399e+16
9460.0	6.957255177011199e+16
9470.0	6.611874453913598e+16
9480.0	8.475555083059198e+16
9490.0	9.488430556774398e+16
9500.0	5.976687797862399e+16
9510.0	7.047291679539199e+16
9520.0	8.680541677158398e+16
9530.0	8.248259982131198e+16
9540.0	9.332085332377598e+16
9550.0	7.790754765209598e+16
9560.0	9.068172043878398e+16
9570.0	7.808691234406398e+16
9580.0	1.0486067599769598e+17
9590.0	1.0193950998527998e+17
9600.0	8.372854875750398e+16
9610.0	9.666425598771197e+16
9620.0	8.704541956505598e+16
9630.0	1.0948836956569598e+17
9640.0	7.281386900684798e+16
9650.0	8.272675156787198e+16
9660.0	1.0470167543807998e+17
9670.0	1.1273090839347197e+17
9680.0	8.979035271987197e+16
9690.0	9.177723672985598e+16
9700.0	1.1128050339020798e+17
9710.0	8.475367859814398e+16
9720.0	1.0300200583167998e+17
9730.0	8.664593491558398e+16
9740.0	8.603580864921598e+16
9750.0	8.224607961087998e+16
9760.0	9.167483620556798e+16
9770.0	8.421268494745598e+16
9780.0	9.343458030387197e+16
9790.0	7.206041917849598e+16
9800.0	1.0115386966015998e+17
9810.0	9.402818835251197e+16
9820.0	8.217822363647998e+16
9830.0	8.395995060633598e+16
9840.0	9.388105033318398e+16
9850.0	1.0074193710284798e+17
9860.0	9.581594201292798e+16
9870.0	1.0208158207180798e+17
9880.0	9.970965676031998e+16
9890.0	1.0771796118732798e+17
9900.0	3.5479418765311996e+16
9910.0	1.7832005074943996e+16
9920.0	1.7388519489535998e+16
9930.0	2.1694470160383996e+16
9940.0	2.967236496588799e+16
9950.0	3.609187057663999e+16
9960.0	3.5744513523711996e+16
9970.0	3.803016147763199e+16
9980.0	2.9526555754495996e+16
9990.0	2.7932097249279996e+16
10000.0	3.4425358319615996e+16
10010.0	3.955047733657599e+16
10020.0	4.078558157209599e+16
10030.0	5.818342447513598e+16
10040.0	3.995816532377599e+16
10050.0	4.754684110438399e+16
10060.0	2.3702510960639996e+16
10070.0	4.054577034035199e+16
10080.0	5.191665516543999e+16
10090.0	5.130806499737598e+16
10100.0	6.215163097907199e+16
10110.0	5.200819866828799e+16
10120.0	4.229641561702399e+16
10130.0	4.986231606476799e+16
10140.0	3.658939347763199e+16
10150.0	4.601507597516799e+16
10160.0	3.922233622527999e+16
10170.0	3.816799528550399e+16
10180.0	5.264734571724799e+16
10190.0	4.358799851519999e+16
10200.0	4.202599894220799e+16
10210.0	5.999745007615999e+16
10220.0	3.981707457331199e+16
10230.0	5.002410459135999e+16
10240.0	6.064449886617598e+16
10250.0	5.932308083507199e+16
10260.0	3.703181672447999e+16
10270.0	4.726179063398399e+16
10280.0	4.344342272409599e+16
10290.0	4.971119866675199e+16
10300.0	4.439796010188799e+16
10310.0	6.269399426662399e+16
10320.0	4.957187951820799e+16
10330.0	6.249932331417598e+16
10340.0	4.818362302463999e+16
10350.0	5.618224254156798e+16
10360.0	6.938709904588798e+16
10370.0	8.113676956467198e+16
10380.0	6.603716755455998e+16
10390.0	5.903493005311999e+16
10400.0	7.153107900825598e+16
10410.0	8.987685289983998e+16
10420.0	6.382996894515199e+16
10430.0	5.157123090022399e+16
10440.0	8.848138148249598e+16
10450.0	1.0506400091340798e+17
10460.0	1.1670385970380798e+17
10470.0	5.480290569420799e+16
10480.0	7.386201889177598e+16
10490.0	9.904174805811197e+16
10500.0	8.674840674303998e+16
10510.0	8.722462946099198e+16
10520.0	6.553667764223999e+16
10530.0	9.906157623705598e+16
10540.0	1.0990951831961598e+17
10550.0	1.0861408183910398e+17
10560.0	9.683941746278398e+16
10570.0	7.714516133478398e+16
10580.0	1.0678614661529598e+17
10590.0	9.932075053875197e+16
10600.0	1.1600070980403197e+17
10610.0	1.0880009240575998e+17
10620.0	9.550157067059197e+16
10630.0	1.2068887645388798e+17
10640.0	1.3168775161446398e+17
10650.0	1.1769071036006398e+17
10660.0	1.0385229997670398e+17
10670.0	9.757610160947197e+16
10680.0	1.1341451493375998e+17
10690.0	1.2422902303948798e+17
10700.0	1.1993584553164798e+17
10710.0	1.1813644048793597e+17
10720.0	1.2958484948582398e+17
10730.0	1.1760571488665597e+17
10740.0	1.1981011877887998e+17
10750.0	1.2623439763865597e+17
10760.0	1.2515520249855998e+17
10770.0	1.3887364268031997e+17
10780.0	1.4866840944639997e+17
10790.0	1.4121581504102398e+17
10800.0	1.4064115305676798e+17
10810.0	1.3186877135257597e+17
10820.0	1.2331647827967998e+17
10830.0	1.3881608975155197e+17
10840.0	1.5720817229823997e+17
10850.0	1.4008261666406398e+17
10860.0	1.3319626778214398e+17
10870.0	1.3676414815436798e+17
10880.0	1.5125486672281597e+17
10890.0	1.1867259404287998e+17
10900.0	1.4293430173695997e+17
10910.0	1.3196168134655997e+17
10920.0	1.4319032362598398e+17
10930.0	1.5250427635302397e+17
10940.0	1.4084942515404798e+17
10950.0	1.4233052898918398e+17
10960.0	1.2829660237004798e+17
10970.0	1.4358767311257597e+17
10980.0	1.2635512530534398e+17
10990.0	1.3526567511654398e+17
11000.0	1.3065557324595197e+17
11010.0	1.4239875570073597e+17
11020.0	1.2633457098751998e+17
11030.0	1.1273291903795197e+17
11040.0	1.1728868003020798e+17
11050.0	1.2237666084454398e+17
11060.0	1.2152432676044798e+17
11070.0	1.1005593596723197e+17
11080.0	1.1928563036979197e+17
11090.0	1.1515265273036798e+17
11100.0	1.0821557249638398e+17
11110.0	1.0915137991475197e+17
11120.0	1.2072983225958398e+17
11130.0	1.2541798370508798e+17
11140.0	1.2221324289638398e+17
11150.0	1.2101268720844798e+17
11160.0	1.2347067845836798e+17
11170.0	1.2733950931763197e+17
11180.0	1.3803932483583997e+17
11190.0	1.2333736303001597e+17
11200.0	1.2222489152716798e+17
11210.0	1.1864875427430398e+17
11220.0	1.3280512022937597e+17
11230.0	1.3021336279449597e+17
11240.0	1.4135139211673597e+17
11250.0	1.3253330731007997e+17
11260.0	1.4044011403673597e+17
11270.0	1.3088200851455998e+17
11280.0	1.3795321026969597e+17
11290.0	1.3592161694515197e+17
11300.0	1.2162517237759998e+17
11310.0	1.4467911122943997e+17
11320.0	1.4465585276518397e+17
11330.0	1.3166377264742398e+17
11340.0	1.3018809080217597e+17
11350.0	1.1917377955430398e+17
11360.0	1.2989061136383998e+17
11370.0	1.2603366165708798e+17
11380.0	8.734858038476798e+16
11390.0	1.0542641774591998e+17
11400.0	1.0442834024857598e+17
11410.0	7.855679615795198e+16
11420.0	1.2564576442777597e+17
11430.0	1.2608835184230398e+17
11440.0	1.2886625222655998e+17
11450.0	1.3948153364479997e+17
11460.0	1.4259416963481597e+17
11470.0	1.3425479647231997e+17
11480.0	1.2293670384435197e+17
11490.0	1.4796277599436797e+17
11500.0	1.5375792445849597e+17
11510.0	1.4485264269311997e+17
11520.0	1.4837463842815997e+17
11530.0	1.4245488060006398e+17
11540.0	1.3535761268735997e+17
11550.0	1.5298473125478397e+17
11560.0	1.4735596217958397e+17
11570.0	1.4456673586380797e+17
11580.0	1.4696367416934397e+17
11590.0	1.4489746617139197e+17
11600.0	1.3510045099622398e+17
11610.0	1.2235417033113597e+17
11620.0	1.4306772765900798e+17
11630.0	1.4758247622246397e+17
11640.0	1.2581596928409597e+17
11650.0	1.4916959023923197e+17
11660.0	1.3487126557491197e+17
11670.0	1.4710511160524797e+17
11680.0	1.3265288429567997e+17
11690.0	7.149455081471998e+16
11700.0	1.0325027376332798e+17
11710.0	1.3522320831283197e+17
11720.0	1.4624125485055997e+17
11730.0	1.4722782409523197e+17
11740.0	1.3927349669068798e+17
11750.0	1.3946495434751997e+17
11760.0	1.2385729458995197e+17
11770.0	7.594341649612798e+16
11780.0	6.604384190463998e+16
11790.0	1.2110913234534398e+17
11800.0	1.3894901537177597e+17
11810.0	1.4102740389068798e+17
11820.0	1.4286913037926398e+17
11830.0	1.4308213155430398e+17
11840.0	1.4645599823462397e+17
11850.0	1.4760466841599997e+17
11860.0	1.4614354329599997e+17
11870.0	1.4760757926297597e+17
11880.0	1.4110618550271997e+17
11890.0	1.1897352382054398e+17
11900.0	1.4749965248102397e+17
11910.0	1.5184180071628797e+17
11920.0	1.5397747818495997e+17
11930.0	1.5096677112217597e+17
11940.0	1.3802420725350398e+17
11950.0	1.3591162309836798e+17
11960.0	1.3732920269209597e+17
11970.0	1.2250455893606398e+17
11980.0	1.0263574269132798e+17
11990.0	1.2783213294387197e+17
12000.0	1.2543848900198398e+17
12010.0	1.2872824966348798e+17
12020.0	1.2846154357145597e+17
12030.0	1.3350826488627197e+17
12040.0	1.4353856148275197e+17
12050.0	1.3722094849228798e+17
12060.0	1.6137171107839997e+17
12070.0	1.3950257437081597e+17
12080.0	1.5910298189823997e+17
12090.0	1.3119544492031998e+17
12100.0	1.5302770294783997e+17
12110.0	1.3338057821388798e+17
12120.0	1.4148338817433597e+17
12130.0	1.4948907876351997e+17
12140.0	1.5183689783705597e+17
12150.0	1.5543604897382397e+17
12160.0	1.5179934859263997e+17
12170.0	1.5315969612185597e+17
12180.0	1.5425315956326397e+17
12190.0	1.5480804972953597e+17
12200.0	1.4733837808435197e+17
12210.0	1.4897938903859197e+17
12220.0	1.4759714383462397e+17
12230.0	1.4309080013209597e+17
12240.0	1.5269524773273597e+17
12250.0	1.6201631452364797e+17
12260.0	1.6112501994291197e+17
12270.0	1.5954394926284797e+17
12280.0	1.6317598033510397e+17
12290.0	1.5395114660659197e+17
12300.0	1.5660047532031997e+17
12310.0	1.6177797555814397e+17
12320.0	1.5189411338649597e+17
12330.0	1.5311579670118397e+17
12340.0	1.5483437423001597e+17
12350.0	1.5199345364172797e+17
12360.0	1.4952519984742397e+17
12370.0	1.5460989927423997e+17
12380.0	1.5130717244620797e+17
12390.0	1.4831503382937597e+17
12400.0	1.5101443755212797e+17
12410.0	1.3109995621580798e+17
12420.0	1.3200654191820798e+17
12430.0	1.1672555329945597e+17
12440.0	9.914898160025598e+16
12450.0	1.5037666505523197e+17
12460.0	1.4654980620287997e+17
12470.0	1.4429013095219197e+17
12480.0	1.4347834621951997e+17
12490.0	1.4914192172646397e+17
12500.0	1.3144126390271998e+17
12510.0	1.4861828725145597e+17
12520.0	1.0424912871423998e+17
12530.0	9.941760783155197e+16
12540.0	1.4996659175423997e+17
12550.0	1.4668409510297597e+17
12560.0	1.4310804186726398e+17
12570.0	1.6102290987417597e+17
12580.0	1.4699345163059197e+17
12590.0	1.5083556228300797e+17
12600.0	1.5673747544473597e+17
12610.0	1.5874065249075197e+17
12620.0	1.4722342086246397e+17
12630.0	1.5543161585663997e+17
12640.0	1.4493427669401597e+17
12650.0	1.5362311402291197e+17
12660.0	1.5136928484556797e+17
12670.0	1.5770558031462397e+17
12680.0	1.5052595317964797e+17
12690.0	1.6273320207974397e+17
12700.0	1.5588960763903997e+17
12710.0	1.6125335358668797e+17
12720.0	1.6757099121868797e+17
12730.0	1.6645638324223997e+17
12740.0	1.5570507110809597e+17
12750.0	1.4771108052991997e+17
12760.0	1.6446513899110397e+17
12770.0	1.5818644101529597e+17
12780.0	1.5800809396633597e+17
12790.0	1.6724667714764797e+17
12800.0	1.5798833250303997e+17
12810.0	1.5776165291622397e+17
12820.0	1.5529319543603197e+17
12830.0	1.4779823108915197e+17
12840.0	1.5845183245516797e+17
12850.0	1.4979732524236797e+17
12860.0	1.4459055479193597e+17
12870.0	1.5074487828479997e+17
12880.0	1.5203395646259197e+17
12890.0	1.5272345416499197e+17
12900.0	1.5581868248268797e+17
12910.0	1.5797123730636797e+17
12920.0	1.5144159490867197e+17
12930.0	1.3703109174886398e+17
12940.0	1.5802902642687997e+17
12950.0	1.5035165153689597e+17
12960.0	1.7348279166566397e+17
12970.0	1.6475631491481597e+17
12980.0	1.6364196226662397e+17
12990.0	1.5891694852505597e+17
13000.0	1.6756655993651197e+17
13010.0	1.5799550843289597e+17
13020.0	1.6196163836313597e+17
13030.0	1.5823769908019197e+17
13040.0	1.6199985450188797e+17
13050.0	1.5392354153267197e+17
13060.0	1.6900932422860797e+17
13070.0	1.5101415915519997e+17
13080.0	1.6650914339225597e+17
13090.0	1.5585019061862397e+17
13100.0	1.5983651586047997e+17
13110.0	1.6338517019852797e+17
13120.0	1.6637211443199997e+17
13130.0	1.5724855348428797e+17
13140.0	1.6012555190271997e+17
13150.0	1.6505568755711997e+17
13160.0	1.6257342714675197e+17
13170.0	1.5811775168511997e+17
13180.0	1.5666100908851197e+17
13190.0	1.6434895231385597e+17
13200.0	1.4755157796454397e+17
13210.0	1.5519584301875197e+17
13220.0	1.5278209499135997e+17
13230.0	1.5553913657753597e+17
13240.0	1.5016396246220797e+17
13250.0	1.4096056084070398e+17
13260.0	1.5300252454092797e+17
13270.0	1.3372292569497597e+17
13280.0	1.4137523988070398e+17
13290.0	1.4007850159308798e+17
13300.0	1.3827189453619197e+17
13310.0	1.2272306277580798e+17
13320.0	9.732453000806398e+16
13330.0	1.0908998710067197e+17
13340.0	1.1095208388198398e+17
13350.0	6.476206427340798e+16
13360.0	7.321813830860798e+16
13370.0	6.453852366438399e+16
13380.0	6.714329143705598e+16
13390.0	7.378348290867198e+16
13400.0	7.776987545599998e+16
13410.0	8.798862606335998e+16
13420.0	6.585085408051199e+16
13430.0	6.171460449075199e+16
13440.0	7.957376466943998e+16
13450.0	6.882864431103998e+16
13460.0	8.457198469119998e+16
13470.0	6.645274469990399e+16
13480.0	5.371017245491199e+16
13490.0	7.841982336204798e+16
13500.0	7.332798313267198e+16
13510.0	6.693397358182399e+16
13520.0	6.228657471487999e+16
13530.0	7.882026745855998e+16
13540.0	5.576634505625598e+16
13550.0	5.932754691686399e+16
13560.0	6.900903156121598e+16
13570.0	7.094972271820798e+16
13580.0	6.949723799551998e+16
13590.0	7.386159071231998e+16
13600.0	7.341708034047998e+16
13610.0	7.249239028531198e+16
13620.0	5.483897939558399e+16
13630.0	8.123745239039998e+16
13640.0	8.295155000934398e+16
13650.0	7.234647805132798e+16
13660.0	8.739837797990398e+16
13670.0	7.884690594201598e+16
13680.0	7.936804120166398e+16
13690.0	7.229255103283198e+16
13700.0	8.010360776294398e+16
13710.0	7.512368663756798e+16
13720.0	8.216182154854398e+16
13730.0	7.931161136332798e+16
13740.0	8.142589919231998e+16
13750.0	8.390200970444798e+16
13760.0	8.632462173798398e+16
13770.0	8.277064810495998e+16
13780.0	8.864136652390398e+16
13790.0	8.636135204454398e+16
13800.0	9.663411637452798e+16
13810.0	7.865733598412798e+16
13820.0	9.101671333887998e+16
13830.0	6.468261517721598e+16
13840.0	9.095894079897598e+16
13850.0	7.893391808921598e+16
13860.0	7.554431726387198e+16
13870.0	9.373687729356798e+16
13880.0	7.132151336140798e+16
13890.0	8.729002482073598e+16
13900.0	7.756016818585598e+16
13910.0	6.920856390860798e+16
13920.0	7.197469874585598e+16
13930.0	7.305118095769598e+16
13940.0	7.190845299097598e+16
13950.0	6.990226758041598e+16
13960.0	6.909275786444798e+16
13970.0	7.128140637798399e+16
13980.0	6.351247618867199e+16
13990.0	7.330517280358398e+16
14000.0	6.666033771315199e+16
14010.0	6.146956551782399e+16
14020.0	7.858588942335998e+16
14030.0	7.680166815334398e+16
14040.0	6.843560794521598e+16
14050.0	6.659986102681598e+16
14060.0	9.319989274214398e+16
14070.0	6.415217970380798e+16
14080.0	6.791968810598399e+16
14090.0	6.268687476326399e+16
14100.0	7.041026470707199e+16
14110.0	6.801262562508798e+16
14120.0	5.523004247244799e+16
14130.0	7.192319636275199e+16
14140.0	6.100798203494399e+16
14150.0	6.536027714355199e+16
14160.0	7.472305995775998e+16
14170.0	6.179141242060798e+16
14180.0	5.659448718131199e+16
14190.0	5.763287259545598e+16
14200.0	6.807782883327998e+16
14210.0	6.947527858585598e+16
14220.0	6.330557313843199e+16
14230.0	6.276101950668798e+16
14240.0	5.341106031820799e+16
14250.0	6.613808565452798e+16
14260.0	5.801147813068798e+16
14270.0	6.681816308121598e+16
14280.0	6.284488094515199e+16
14290.0	4.863680937983999e+16
14300.0	7.612194101657598e+16
14310.0	7.264008352563198e+16
14320.0	6.133241924812798e+16
14330.0	6.890156995379199e+16
14340.0	4.755211019878399e+16
14350.0	7.056568680447998e+16
14360.0	7.084922162380798e+16
14370.0	6.406863899852798e+16
14380.0	6.919068594995199e+16
14390.0	6.830781687398399e+16
14400.0	6.246424910233598e+16
14410.0	6.030893973503999e+16
14420.0	6.469673877503999e+16
14430.0	7.300224096665598e+16
14440.0	7.206337799782398e+16
14450.0	5.466051615129598e+16
14460.0	7.437178909491198e+16
14470.0	6.187700925235199e+16
14480.0	7.071039186534399e+16
14490.0	7.668082658508798e+16
14500.0	6.370518381363199e+16
14510.0	5.647295329075199e+16
14520.0	8.679978998169598e+16
14530.0	7.646610587647998e+16
14540.0	6.412740041113598e+16
14550.0	8.083314743705598e+16
14560.0	6.489500719513598e+16
14570.0	5.667294550425598e+16
14580.0	7.763933161062398e+16
14590.0	8.179583890227198e+16
14600.0	7.832160029900798e+16
14610.0	7.699010335539198e+16
14620.0	6.692627867238399e+16
14630.0	5.687265643724798e+16
14640.0	7.636522539417598e+16
14650.0	7.502674775244798e+16
14660.0	8.036014856601598e+16
14670.0	8.071347673497598e+16
14680.0	6.329513502310399e+16
14690.0	6.114166846259199e+16
14700.0	7.100892394291199e+16
14710.0	7.257122734079998e+16
14720.0	7.677730317926398e+16
14730.0	8.109723025407998e+16
14740.0	6.926666956799998e+16
14750.0	6.738095859302399e+16
14760.0	7.138723495935998e+16
14770.0	7.505745398988798e+16
14780.0	7.410732865945598e+16
14790.0	8.404305575935998e+16
14800.0	6.636495870361598e+16
14810.0	7.616269910015998e+16
14820.0	6.481264010854399e+16
14830.0	7.656769519615998e+16
14840.0	8.135539503923198e+16
14850.0	7.337473776025598e+16
14860.0	7.670663728332798e+16
14870.0	7.978863453798398e+16
14880.0	7.261244620799998e+16
14890.0	7.325797541478398e+16
14900.0	7.413505353318398e+16
14910.0	8.193427046399998e+16
14920.0	8.022199697407998e+16
14930.0	7.870891085004798e+16
14940.0	7.295232481689598e+16
14950.0	7.474006523903998e+16
14960.0	7.583320519475198e+16
14970.0	8.066715641446398e+16
14980.0	8.231141729894398e+16
14990.0	8.341484811059198e+16
15000.0	8.064929588838398e+16
15010.0	8.002110213324798e+16
15020.0	6.792242921471998e+16
15030.0	8.811565993164798e+16
15040.0	8.179721096396798e+16
15050.0	8.678851490611198e+16
15060.0	8.218360715673598e+16
15070.0	8.650484101939198e+16
15080.0	7.781762609971198e+16
15090.0	8.658148524031998e+16
15100.0	7.989914841907198e+16
15110.0	8.253015798579198e+16
15120.0	8.895581205299198e+16
15130.0	8.065724396339198e+16
15140.0	8.153350012927998e+16
15150.0	9.445250354380798e+16
15160.0	8.603648904396798e+16
15170.0	6.702258362777598e+16
15180.0	8.137337313689598e+16
15190.0	8.723231578521598e+16
15200.0	8.477346103295998e+16
15210.0	9.477985704345598e+16
15220.0	8.975410200575998e+16
15230.0	9.092919512268798e+16
15240.0	9.219834511359998e+16
15250.0	8.324794744831998e+16
15260.0	8.380915803750398e+16
15270.0	8.904828977151998e+16
15280.0	8.988944053043197e+16
15290.0	8.828033603993598e+16
15300.0	9.711961453363197e+16
15310.0	9.371911218790398e+16
15320.0	8.149650558156798e+16
15330.0	8.604349602201598e+16
15340.0	9.816916937932798e+16
15350.0	9.202227399884798e+16
15360.0	9.593606583091197e+16
15370.0	9.275048787967998e+16
15380.0	9.204333163315197e+16
15390.0	1.0128452091903998e+17
15400.0	9.108064016793598e+16
15410.0	8.822218686463998e+16
15420.0	9.561313116159998e+16
15430.0	9.299442008063998e+16
15440.0	9.090621662822398e+16
15450.0	9.803022624358398e+16
15460.0	1.0345153193574398e+17
15470.0	9.466086241075197e+16
15480.0	9.406788848844798e+16
15490.0	9.732464993894398e+16
15500.0	9.905525096447998e+16
15510.0	9.295961941606398e+16
15520.0	1.0081822572543998e+17
15530.0	1.0150420545535998e+17
15540.0	9.961820494233598e+16
15550.0	9.839594412441598e+16
15560.0	9.706594526822398e+16
15570.0	9.840478230937598e+16
15580.0	9.330104703385598e+16
15590.0	1.0079749118361598e+17
15600.0	9.973120289996798e+16
15610.0	9.925525451571197e+16
15620.0	1.0269620122419197e+17
15630.0	1.0150739548569598e+17
15640.0	1.0467401977036798e+17
15650.0	9.810948705484798e+16
15660.0	9.546971191705598e+16
15670.0	1.0756073875046398e+17
15680.0	1.1002396436070398e+17
15690.0	1.0275655516159998e+17
15700.0	1.0241933993574398e+17
15710.0	1.0540229617254398e+17
15720.0	1.0405587163545598e+17
15730.0	1.0481412866047998e+17
15740.0	1.0805612694732798e+17
15750.0	1.0815457932083197e+17
15760.0	1.0738542837759998e+17
15770.0	1.0777911518822398e+17
15780.0	1.0557268793753598e+17
15790.0	1.0733594083327998e+17
15800.0	1.0811714463334398e+17
15810.0	1.0858643718143998e+17
15820.0	1.0813932725862398e+17
15830.0	1.1235126149119998e+17
15840.0	1.0547694141439998e+17
15850.0	1.0717438489395197e+17
15860.0	1.1396425056255998e+17
15870.0	1.1060592875929597e+17
15880.0	1.1301398144614398e+17
15890.0	1.1286476829491197e+17
15900.0	1.0693523721420798e+17
15910.0	1.1276294894387197e+17
15920.0	1.1143397244927998e+17
15930.0	1.1108247745331197e+17
15940.0	1.1307669127167998e+17
15950.0	1.1373263952281597e+17
15960.0	1.1667194249215998e+17
15970.0	1.1402474998988798e+17
15980.0	1.1203457109196798e+17
15990.0	1.1379736733286398e+17
16000.0	1.1450414897561597e+17
16010.0	1.1506393232179197e+17
16020.0	1.1071483386265597e+17
16030.0	1.1818767011020798e+17
16040.0	1.1389624673894398e+17
16050.0	1.1433951572787197e+17
16060.0	1.1427108827955197e+17
16070.0	1.1438794237542398e+17
16080.0	1.1666756285235197e+17
16090.0	1.1675051071897597e+17
16100.0	1.1604951800217597e+17
16110.0	1.1402763278745597e+17
16120.0	1.1585651290931197e+17
16130.0	1.1777401579110398e+17
16140.0	1.1687664733388798e+17
16150.0	1.1608259506995197e+17
16160.0	1.1837094284492798e+17
16170.0	1.2013045075148798e+17
16180.0	1.2066884891443197e+17
16190.0	1.1319671914495998e+17
16200.0	1.1605160728985597e+17
16210.0	1.1392448724991998e+17
16220.0	1.1849880148377597e+17
16230.0	1.1870857540403197e+17
16240.0	1.2046834807603197e+17
16250.0	1.1931480385126398e+17
16260.0	1.1723597099827197e+17
16270.0	1.1967186862079998e+17
16280.0	1.2028209869619197e+17
16290.0	1.1920392139571197e+17
16300.0	1.2054259014041597e+17
16310.0	1.1806055307673597e+17
16320.0	1.1941096089190398e+17
16330.0	1.2142867408486398e+17
16340.0	1.2220676177919998e+17
16350.0	1.2114959453388798e+17
16360.0	1.2146242381414398e+17
16370.0	1.2104287859507197e+17
16380.0	1.2199458032844798e+17
16390.0	1.2130313909043197e+17
16400.0	1.2068077541785597e+17
16410.0	1.2179506331647998e+17
16420.0	1.1980907557683197e+17
16430.0	1.2080974449868798e+17
16440.0	1.2155599873638398e+17
16450.0	1.2366974707302398e+17
16460.0	1.2241175078502398e+17
16470.0	1.2309187343155197e+17
16480.0	1.2371492470783998e+17
16490.0	1.2266095981363197e+17
16500.0	1.2253660630220798e+17
16510.0	1.2223107380019197e+17
16520.0	1.2387696928358398e+17
16530.0	1.2144409129779197e+17
16540.0	1.2328621781811197e+17
16550.0	1.2327345743462398e+17
16560.0	1.2456827866316798e+17
16570.0	1.2517130292428798e+17
16580.0	1.2406238583193597e+17
16590.0	1.2226715398963197e+17
16600.0	1.2160216177049597e+17
16610.0	1.2142080032767998e+17
16620.0	1.2122616496127998e+17
16630.0	1.2506056700723197e+17
16640.0	1.2520420645273597e+17
16650.0	1.2403327238143998e+17
16660.0	1.2508874460364798e+17
16670.0	1.2277219485286398e+17
16680.0	1.2332680924364798e+17
16690.0	1.2454899639910398e+17
16700.0	1.2512672297779197e+17
16710.0	1.2419260507750398e+17
16720.0	1.2299372855295998e+17
16730.0	1.2402048211353597e+17
16740.0	1.2467526801817597e+17
16750.0	1.2637232431103998e+17
16760.0	1.2671607871897597e+17
16770.0	1.2197880502681597e+17
16780.0	1.2514410260070398e+17
16790.0	1.2498432766771197e+17
16800.0	1.2413074879283197e+17
16810.0	1.2344518272614398e+17
16820.0	1.2560073831219197e+17
16830.0	1.2426160766975998e+17
16840.0	1.2360568877875197e+17
16850.0	1.2441912423219197e+17
16860.0	1.2444873523199998e+17
16870.0	1.2080365043711998e+17
16880.0	1.2224605480550398e+17
16890.0	1.1937166262271998e+17
16900.0	1.2361069389414398e+17
16910.0	1.2387959177215998e+17
16920.0	1.1798044894822398e+17
16930.0	1.2069433796198398e+17
16940.0	1.2092160317849597e+17
16950.0	1.1819683885875197e+17
16960.0	1.1793149853695998e+17
16970.0	1.1627187378585597e+17
16980.0	1.1443637950873597e+17
16990.0	1.1590917160959998e+17
17000.0	1.1426705178623998e+17
17010.0	1.1461602600550398e+17
17020.0	1.1918465486028798e+17
17030.0	1.1669188876697597e+17
17040.0	1.1001682880102398e+17
17050.0	1.1137882941030398e+17
17060.0	1.1582557336371197e+17
17070.0	1.1181237207039998e+17
17080.0	1.0517047725260798e+17
17090.0	1.0643396860313598e+17
17100.0	1.1510804460339197e+17
17110.0	1.0196583815577598e+17
17120.0	1.0263189048524798e+17
17130.0	1.0472619350425598e+17
17140.0	1.0078517906636798e+17
17150.0	9.943409701683197e+16
17160.0	9.857472711884798e+16
17170.0	9.524799275007998e+16
17180.0	9.310245656985598e+16
17190.0	8.869753926451198e+16
17200.0	9.579010837708798e+16
17210.0	9.652817258086398e+16
17220.0	1.0163343222374398e+17
17230.0	9.041943750246398e+16
17240.0	9.439942488883197e+16
17250.0	9.994119728332798e+16
17260.0	9.530644745420798e+16
17270.0	7.700007655833598e+16
17280.0	9.366942908415998e+16
17290.0	9.039923039436798e+16
17300.0	9.052549598412798e+16
17310.0	9.629276989030398e+16
17320.0	7.580046917631998e+16
17330.0	8.933899737497598e+16
17340.0	8.643281813503998e+16
17350.0	8.064006160383998e+16
17360.0	8.654028865535998e+16
17370.0	7.743565463551998e+16
17380.0	8.574721667891198e+16
17390.0	8.603535212543998e+16
17400.0	7.652821565439998e+16
17410.0	6.997448314060798e+16
17420.0	8.484771790847998e+16
17430.0	8.129678488371198e+16
17440.0	7.753470535270398e+16
17450.0	7.318391829299198e+16
17460.0	7.901386388275198e+16
17470.0	6.757101364838399e+16
17480.0	7.260313380454398e+16
17490.0	8.242541376307198e+16
17500.0	7.624012385484798e+16
17510.0	6.409875685375999e+16
17520.0	7.290226317721598e+16
17530.0	8.138652005171198e+16
17540.0	6.373488354918399e+16
17550.0	7.138528355942399e+16
17560.0	5.682546710937598e+16
17570.0	6.765978111180798e+16
17580.0	6.133893758975999e+16
17590.0	6.284369474355199e+16
17600.0	8.063250425446398e+16
17610.0	5.997947532083199e+16
17620.0	6.641553375231998e+16
17630.0	5.512177818009598e+16
17640.0	7.404106547199998e+16
17650.0	6.349935555379199e+16
17660.0	7.903258542079998e+16
17670.0	5.820025536511999e+16
17680.0	4.776535988633598e+16
17690.0	5.335117325926399e+16
17700.0	6.678571961548798e+16
17710.0	6.406228475903999e+16
17720.0	5.455768092671999e+16
17730.0	5.079645664051199e+16
17740.0	7.032458772479998e+16
17750.0	5.445666144255999e+16
17760.0	4.982317052723199e+16
17770.0	5.632752625254399e+16
17780.0	5.492546889318399e+16
17790.0	5.823665196236798e+16
17800.0	5.850765721599999e+16
17810.0	4.883238584319999e+16
17820.0	5.462834085887999e+16
17830.0	5.028135043071999e+16
17840.0	6.145495184179199e+16
17850.0	4.812803080191999e+16
17860.0	4.437646658764799e+16
17870.0	4.241413622988799e+16
17880.0	5.058834412339199e+16
17890.0	5.655952503603199e+16
17900.0	6.172768573849598e+16
17910.0	4.164155342847999e+16
17920.0	4.769465067110399e+16
17930.0	5.274397553459199e+16
17940.0	4.556218656358399e+16
17950.0	4.866933456895999e+16
17960.0	4.627033646694399e+16
17970.0	5.205910296985598e+16
17980.0	5.618453289369598e+16
17990.0	5.508004564172799e+16
18000.0	4.352112361471999e+16
18010.0	3.857971989708799e+16
18020.0	4.220435326566399e+16
18030.0	4.564158244454399e+16
18040.0	5.797103861759999e+16
18050.0	4.600322654207999e+16
18060.0	3.792427784601599e+16
18070.0	4.697552473292799e+16
18080.0	4.503848648703999e+16
18090.0	4.895338410803199e+16
18100.0	5.645712995123199e+16
18110.0	3.478150932070399e+16
18120.0	4.560855898521598e+16
18130.0	4.375035386265599e+16
18140.0	6.160053842739199e+16
18150.0	5.066607270297598e+16
18160.0	4.403887466086399e+16
18170.0	4.448051409715199e+16
18180.0	4.602988494847999e+16
18190.0	4.239383298047999e+16
18200.0	4.227884888883199e+16
18210.0	4.236036479385599e+16
18220.0	3.3081401802751996e+16
18230.0	5.327919664332799e+16
18240.0	6.554825536307199e+16
18250.0	4.891330084863999e+16
18260.0	4.369454130790399e+16
18270.0	4.318156416614399e+16
18280.0	4.280924005990399e+16
18290.0	5.284414383718399e+16
18300.0	5.020998461030399e+16
18310.0	4.073887367167999e+16
18320.0	4.589826028339199e+16
18330.0	4.312077769113599e+16
18340.0	5.238337765375999e+16
18350.0	4.249936219340799e+16
18360.0	4.169488583884799e+16
18370.0	5.059756969164799e+16
18380.0	4.244685357055999e+16
18390.0	4.620873085747199e+16
18400.0	4.194502167756799e+16
18410.0	5.697666403532798e+16
18420.0	3.965605963366399e+16
18430.0	4.304148810956799e+16
18440.0	3.678659765862399e+16
18450.0	4.410285942374399e+16
18460.0	4.179312096051199e+16
18470.0	3.762395060633599e+16
18480.0	3.665429489254399e+16
18490.0	4.083485068492799e+16
18500.0	3.613784021401599e+16
18510.0	4.439195831500799e+16
18520.0	4.760114436505598e+16
18530.0	3.949805463142399e+16
18540.0	3.661253155225599e+16
18550.0	4.278989999308799e+16
18560.0	4.185363487129599e+16
18570.0	3.309804833996799e+16
18580.0	3.234871823564799e+16
18590.0	3.595587865804799e+16
18600.0	3.3574025691135996e+16
18610.0	3.163671717478399e+16
18620.0	4.132030912921599e+16
18630.0	3.877781281177599e+16
18640.0	3.811469269401599e+16
18650.0	3.3091151527935996e+16
18660.0	4.173091438591999e+16
18670.0	4.178638831615999e+16
18680.0	3.297165010534399e+16
18690.0	4.890041712639999e+16
18700.0	4.383620451532799e+16
18710.0	3.678726710886399e+16
18720.0	4.208668023193599e+16
18730.0	3.255601679564799e+16
18740.0	4.155246903295999e+16
18750.0	4.119524605951999e+16
18760.0	4.392016910745599e+16
18770.0	3.555577357926399e+16
18780.0	4.240403123404799e+16
18790.0	3.766707388415999e+16
18800.0	4.431690943692799e+16
18810.0	3.755764580351999e+16
18820.0	4.283585704755199e+16
18830.0	5.231178140876799e+16
18840.0	4.860245075558399e+16
18850.0	3.442401830502399e+16
18860.0	4.658969300172799e+16
18870.0	4.346360928665599e+16
18880.0	5.117786272563199e+16
18890.0	3.918054273843199e+16
18900.0	4.429318946815999e+16
18910.0	4.447131926527999e+16
18920.0	3.456743211007999e+16
18930.0	4.314429862707199e+16
18940.0	4.416847819571199e+16
18950.0	4.525301930393598e+16
18960.0	4.466525064396799e+16
18970.0	4.971457937407999e+16
18980.0	4.105607066419199e+16
18990.0	4.644083780812799e+16
19000.0	4.914264834047999e+16
19010.0	4.251407731916799e+16
19020.0	5.104661875916799e+16
19030.0	4.534054951321598e+16
19040.0	4.712980991180799e+16
19050.0	4.771845924454399e+16
19060.0	4.049462453862399e+16
19070.0	4.127544967167999e+16
19080.0	5.205802785177598e+16
19090.0	5.016157290495999e+16
19100.0	4.739232209305598e+16
19110.0	3.946293343027199e+16
19120.0	4.527288123391999e+16
19130.0	5.057139402342399e+16
19140.0	4.542622085939199e+16
19150.0	5.297628466380799e+16
19160.0	4.335063053107199e+16
19170.0	4.290056598323199e+16
19180.0	4.854590098636799e+16
19190.0	5.592912573235199e+16
19200.0	4.173512356659199e+16
19210.0	3.826161313382399e+16
19220.0	4.816435006668799e+16
19230.0	4.741000993177598e+16
19240.0	3.856254343577599e+16
19250.0	4.574149083135999e+16
19260.0	4.641765897011199e+16
19270.0	4.016835474227199e+16
19280.0	5.489446289407999e+16
19290.0	3.974571340595199e+16
19300.0	4.231408268083199e+16
19310.0	3.277677684326399e+16
19320.0	3.664106835148799e+16
19330.0	4.427810511257599e+16
19340.0	3.919174637977599e+16
19350.0	4.764802115174399e+16
19360.0	4.224198947635199e+16
19370.0	4.463192709529598e+16
19380.0	4.364943595929599e+16
19390.0	3.695569567743999e+16
19400.0	3.487207345356799e+16
19410.0	3.549156861542399e+16
19420.0	4.240875506892799e+16
19430.0	4.135656154726399e+16
19440.0	4.112848715775999e+16
19450.0	3.2902171852799996e+16
19460.0	2.979752004812799e+16
19470.0	4.003437202636799e+16
19480.0	3.5544535662591996e+16
19490.0	3.603384028364799e+16
19500.0	4.199421437542399e+16
19510.0	3.2924965011455996e+16
19520.0	4.116099773235199e+16
19530.0	3.312403467468799e+16
19540.0	4.151245779763199e+16
19550.0	3.727705853132799e+16
19560.0	3.549639632486399e+16
19570.0	4.251592746598399e+16
19580.0	4.110455249305599e+16
19590.0	5.314066205900799e+16
19600.0	3.623792089497599e+16
19610.0	3.319670302310399e+16
19620.0	3.961699480371199e+16
19630.0	4.211228141158399e+16
19640.0	4.125013534310399e+16
19650.0	3.653985724006399e+16
19660.0	4.290993147084799e+16
19670.0	4.471568000614399e+16
19680.0	3.543893920972799e+16
19690.0	3.888284860415999e+16
19700.0	4.758507906662399e+16
19710.0	3.5458683437055996e+16
19720.0	4.235955581747199e+16
19730.0	3.883436435046399e+16
19740.0	3.672811844403199e+16
19750.0	3.737164323225599e+16
19760.0	2.9517579943935996e+16
19770.0	3.517657081446399e+16
19780.0	2.8266034102271996e+16
19790.0	3.3745009115135996e+16
19800.0	3.2222780260351996e+16
19810.0	3.876416395673599e+16
19820.0	3.4169903579135996e+16
19830.0	3.667120049356799e+16
19840.0	3.714139796275199e+16
19850.0	3.844900985241599e+16
19860.0	3.543103438847999e+16
19870.0	3.329987077734399e+16
19880.0	3.666177418854399e+16
19890.0	3.768814659174399e+16
19900.0	3.0432784613375996e+16
19910.0	3.648822542335999e+16
19920.0	3.1417409011711996e+16
19930.0	3.789820080947199e+16
19940.0	4.339664827187199e+16
19950.0	3.543703912447999e+16
19960.0	4.131167017369599e+16
19970.0	4.032813255884799e+16
19980.0	3.459551874252799e+16
19990.0	3.998128242687999e+16
20000.0	3.3605763530751996e+16
20010.0	4.008225852620799e+16
20020.0	3.681269048934399e+16
20030.0	4.183082899865599e+16
20040.0	4.102155023155199e+16
20050.0	4.189302122086399e+16
20060.0	3.795678081843199e+16
20070.0	3.670376120319999e+16
20080.0	4.567911038975999e+16
20090.0	3.183855494758399e+16
20100.0	3.644363014143999e+16
20110.0	3.5460741922815996e+16
20120.0	3.962750133862399e+16
20130.0	4.034017014579199e+16
20140.0	3.999210228940799e+16
20150.0	4.292260580556799e+16
20160.0	3.612867375923199e+16
20170.0	3.673440714751999e+16
20180.0	4.331418642022399e+16
20190.0	3.876872775270399e+16
20200.0	3.1427877011455996e+16
20210.0	4.535523894886399e+16
20220.0	4.343418762035199e+16
20230.0	4.029464189337599e+16
20240.0	4.612886960537598e+16
20250.0	4.191660349849599e+16
20260.0	3.485649456332799e+16
20270.0	3.830462192025599e+16
20280.0	4.071649083391999e+16
20290.0	3.4843705147391996e+16
20300.0	4.405158798950399e+16
20310.0	3.4826612047871996e+16
20320.0	4.737220830822399e+16
20330.0	4.281798138265599e+16
20340.0	4.157030452428799e+16
20350.0	4.194229891891199e+16
20360.0	3.5215302393855996e+16
20370.0	4.738740892467199e+16
20380.0	4.346456873369599e+16
20390.0	4.000576284262399e+16
20400.0	4.099576912281599e+16
20410.0	3.898744189747199e+16
20420.0	4.545383877836799e+16
20430.0	5.088024113971199e+16
20440.0	3.690790977535999e+16
20450.0	3.736585777971199e+16
20460.0	4.041345505689599e+16
20470.0	4.500732575743999e+16
20480.0	4.701152739327999e+16
20490.0	3.851574850355199e+16
20500.0	3.989932356403199e+16
20510.0	4.985137266687999e+16
20520.0	4.234210911846399e+16
20530.0	4.465919338086399e+16
20540.0	3.999455838207999e+16
20550.0	4.312311575347199e+16
20560.0	4.068842176511999e+16
20570.0	4.798273499955199e+16
20580.0	4.929902044774399e+16
20590.0	4.626187327897598e+16
20600.0	4.743579716812799e+16
20610.0	4.029412691148799e+16
20620.0	4.393468664217599e+16
20630.0	4.560596762623999e+16
20640.0	3.730038980607999e+16
20650.0	4.557560768102399e+16
20660.0	4.358011892531199e+16
20670.0	4.906952543436799e+16
20680.0	4.753254973439999e+16
20690.0	4.283326529535999e+16
20700.0	5.138153196748799e+16
20710.0	4.797959372799999e+16
20720.0	4.239246976614399e+16
20730.0	4.468084860518399e+16
20740.0	4.443680604159999e+16
20750.0	4.412085639577599e+16
20760.0	4.813989930598399e+16
20770.0	4.726927772876799e+16
20780.0	4.846518625894399e+16
20790.0	4.708455376486399e+16
20800.0	4.654378627891199e+16
20810.0	4.703889955225598e+16
20820.0	4.818273914060799e+16
20830.0	4.477184108134399e+16
20840.0	4.683628367052799e+16
20850.0	4.781664816332799e+16
20860.0	4.939156357119999e+16
20870.0	4.281927375257599e+16
20880.0	4.967836850585598e+16
20890.0	4.769530327859199e+16
20900.0	4.516545717862399e+16
20910.0	5.324294153830399e+16
20920.0	4.863167692799999e+16
20930.0	5.303509490073598e+16
20940.0	4.500750427750399e+16
20950.0	4.934875178598399e+16
20960.0	4.892603069235199e+16
20970.0	4.847558839500799e+16
20980.0	4.892018579865598e+16
20990.0	4.916501053439999e+16
21000.0	4.818158714879999e+16
21010.0	5.217163175526399e+16
21020.0	4.957682073599999e+16
21030.0	4.957967797452799e+16
21040.0	5.184002654207999e+16
21050.0	4.697072061644799e+16
21060.0	5.197707647385598e+16
21070.0	5.275904114687999e+16
21080.0	4.928071349043199e+16
21090.0	4.937469027942399e+16
21100.0	5.305801048063999e+16
21110.0	5.370207390924799e+16
21120.0	4.695605942681598e+16
21130.0	5.174156499353598e+16
21140.0	5.423968498483199e+16
21150.0	5.303567384575999e+16
21160.0	5.315554679193598e+16
21170.0	4.734543239577598e+16
21180.0	5.154705650483199e+16
21190.0	5.119290467942399e+16
21200.0	5.265515230003199e+16
21210.0	5.275831631871999e+16
21220.0	5.271664787455999e+16
21230.0	5.319794596249598e+16
21240.0	5.268008887910399e+16
21250.0	5.578703726182399e+16
21260.0	5.243744498483199e+16
21270.0	5.315954697830399e+16
21280.0	5.038428002713598e+16
21290.0	5.036532570521598e+16
21300.0	5.219956149452799e+16
21310.0	5.363440012492799e+16
21320.0	5.328420929535999e+16
21330.0	5.483075770777598e+16
21340.0	5.305880687411199e+16
21350.0	5.467118082457598e+16
21360.0	5.508345665945598e+16
21370.0	5.273188892671999e+16
21380.0	5.335652833689598e+16
21390.0	5.415704297471999e+16
21400.0	5.161263064678399e+16
21410.0	5.193160366489598e+16
21420.0	5.323199492915199e+16
21430.0	5.335140335615999e+16
21440.0	5.761996711526399e+16
21450.0	5.693688722227199e+16
21460.0	5.655744570982399e+16
21470.0	5.594145148108798e+16
21480.0	5.495923015679999e+16
21490.0	5.366829848985598e+16
21500.0	5.078509984153598e+16
21510.0	5.534223695871999e+16
21520.0	5.359344471244799e+16
21530.0	5.298231115775999e+16
21540.0	5.504520277196799e+16
21550.0	5.640293921587199e+16
21560.0	5.478272847052799e+16
21570.0	5.564221030399999e+16
21580.0	5.663428719411199e+16
21590.0	5.583735816191999e+16
21600.0	5.476793896140799e+16
21610.0	5.656116880998399e+16
21620.0	5.427828254310399e+16
21630.0	5.300976536780799e+16
21640.0	5.608738390015999e+16
21650.0	5.648939561779199e+16
21660.0	5.453554778111999e+16
21670.0	5.557257463398399e+16
21680.0	5.693037202636798e+16
21690.0	5.843977542041598e+16
21700.0	5.628896123289598e+16
21710.0	5.438661958041598e+16
21720.0	5.543582551244798e+16
21730.0	5.505158073548799e+16
21740.0	5.508561633279999e+16
21750.0	5.697147319091199e+16
21760.0	5.322131177471999e+16
21770.0	5.591266767667199e+16
21780.0	5.414007760486399e+16
21790.0	5.345390218444799e+16
21800.0	5.552712633548798e+16
21810.0	5.618990868070399e+16
21820.0	5.562380124159999e+16
21830.0	5.445054981734399e+16
21840.0	5.531299518873598e+16
21850.0	5.586505773875199e+16
21860.0	5.405648132505598e+16
21870.0	5.560868575641598e+16
21880.0	5.544414661836798e+16
21890.0	5.621893588582399e+16
21900.0	5.403405084262399e+16
21910.0	5.696058136985598e+16
21920.0	5.589301067775999e+16
21930.0	5.355635749683199e+16
21940.0	5.532205357465598e+16
21950.0	5.659469047398399e+16
21960.0	5.546465859993598e+16
21970.0	5.515087092121598e+16
21980.0	5.614193108582399e+16
21990.0	5.548366417100798e+16
22000.0	5.628340168294399e+16
22010.0	5.608301068287999e+16
22020.0	5.497287317913598e+16
22030.0	5.373713619353598e+16
22040.0	5.372094251007999e+16
22050.0	5.342986672537598e+16
22060.0	4.977416575385598e+16
22070.0	5.283026632703999e+16
22080.0	5.373582835711999e+16
22090.0	5.057573552127999e+16
22100.0	5.511740024422399e+16
22110.0	5.337511270809598e+16
22120.0	5.673411176038399e+16
22130.0	5.512942229913598e+16
22140.0	5.623592648703999e+16
22150.0	5.545902197964798e+16
22160.0	5.512636163686399e+16
22170.0	5.410621489151999e+16
22180.0	5.623393353727999e+16
22190.0	5.395216963993598e+16
22200.0	5.211054617395199e+16
22210.0	5.256962664038399e+16
22220.0	5.478033955225598e+16
22230.0	5.572064103628798e+16
22240.0	5.577988754636798e+16
22250.0	5.741496827903999e+16
22260.0	5.626697193881598e+16
22270.0	5.357378286387199e+16
22280.0	5.380009400729598e+16
22290.0	5.302932078591999e+16
22300.0	5.395190172876799e+16
22310.0	5.642890038476798e+16
22320.0	5.697360219340798e+16
22330.0	5.305547961139199e+16
22340.0	5.532640188825598e+16
22350.0	5.190561195622399e+16
22360.0	5.183894637772799e+16
22370.0	5.559361942323199e+16
22380.0	5.502261290598399e+16
22390.0	5.282474832691199e+16
22400.0	5.664447345459199e+16
22410.0	5.611443401523199e+16
22420.0	5.248857119129598e+16
22430.0	5.254310854655999e+16
22440.0	5.325795871948799e+16
22450.0	5.414020002611199e+16
22460.0	5.645715727974399e+16
22470.0	5.322991901081598e+16
22480.0	5.323441989222399e+16
22490.0	5.605345460223999e+16
22500.0	5.033278950604799e+16
22510.0	5.572183195647999e+16
22520.0	5.314086554828799e+16
22530.0	5.398580179763199e+16
22540.0	5.293548961791999e+16
22550.0	5.209231668019199e+16
22560.0	5.377704984575999e+16
22570.0	5.533802758143999e+16
22580.0	5.169937763532799e+16
22590.0	5.425945496780799e+16
22600.0	5.390007664639999e+16
22610.0	5.381017619660799e+16
22620.0	5.357835622809598e+16
22630.0	5.157783142399999e+16
22640.0	5.193421396377598e+16
22650.0	5.012536649318399e+16
22660.0	5.382942058086399e+16
22670.0	5.341137915084799e+16
22680.0	5.387561965977598e+16
22690.0	5.273480645836799e+16
22700.0	5.082667797708799e+16
22710.0	5.173279549030399e+16
22720.0	5.072062552473598e+16
22730.0	5.246935747788799e+16
22740.0	5.325697764556799e+16
22750.0	5.305667616767999e+16
22760.0	5.288661706342399e+16
22770.0	5.458703797452799e+16
22780.0	5.383266710323199e+16
22790.0	4.953994336665598e+16
22800.0	4.933906137087999e+16
22810.0	4.923851001036799e+16
22820.0	5.417250049228799e+16
22830.0	5.311170530508799e+16
22840.0	5.022706479923199e+16
22850.0	5.154505457663999e+16
22860.0	5.316854533324799e+16
22870.0	5.261093437439999e+16
22880.0	5.460449021132799e+16
22890.0	5.138759260569598e+16
22900.0	5.302099220889598e+16
22910.0	5.222592151551999e+16
22920.0	4.816498471731199e+16
22930.0	4.763717520588799e+16
22940.0	2.8235309776895996e+16
22950.0	3.4002337923071996e+16
22960.0	3.673785781452799e+16
22970.0	3.785848186470399e+16
22980.0	3.861493959884799e+16
22990.0	4.042354209587199e+16
23000.0	4.211615478579199e+16
23010.0	3.672451396403199e+16
23020.0	4.325003834163199e+16
23030.0	4.166694928383999e+16
23040.0	4.401724581478399e+16
23050.0	4.082193819238399e+16
23060.0	4.175713304575999e+16
23070.0	4.226050994995199e+16
23080.0	4.155801796607999e+16
23090.0	4.295331722035199e+16
23100.0	3.910549569535999e+16
23110.0	4.081957902745599e+16
23120.0	4.236671418367999e+16
23130.0	4.660142224179199e+16
23140.0	3.951245007257599e+16
23150.0	3.751060183449599e+16
23160.0	4.278872866815999e+16
23170.0	4.549866933452799e+16
23180.0	4.002755719987199e+16
23190.0	4.293769507635199e+16
23200.0	4.613339158937598e+16
23210.0	4.148594855116799e+16
23220.0	4.051863666687999e+16
23230.0	2.9208694292479996e+16
23240.0	3.1579571879935996e+16
23250.0	3.354010648575999e+16
23260.0	3.640849150771199e+16
23270.0	3.617102993817599e+16
23280.0	3.651099482521599e+16
23290.0	3.694746556825599e+16
23300.0	3.526682823884799e+16
23310.0	3.756566682009599e+16
23320.0	3.855218094899199e+16
23330.0	4.075119620915199e+16
23340.0	3.726355628031999e+16
23350.0	3.775000569446399e+16
23360.0	3.662779082342399e+16
23370.0	3.574947741695999e+16
23380.0	3.882505666559999e+16
23390.0	3.565991611596799e+16
23400.0	3.696435619430399e+16
23410.0	3.731389841407999e+16
23420.0	4.164850542182399e+16
23430.0	3.886501271961599e+16
23440.0	3.612558576844799e+16
23450.0	3.173206779494399e+16
23460.0	4.286306392473599e+16
23470.0	3.964448735231999e+16
23480.0	3.997955371827199e+16
23490.0	4.298887410483199e+16
23500.0	3.797286191103999e+16
23510.0	3.557970542591999e+16
23520.0	3.597402236518399e+16
23530.0	2.9860131700735996e+16
23540.0	3.044594181734399e+16
23550.0	3.654072192204799e+16
23560.0	3.264431679078399e+16
23570.0	3.646110819942399e+16
23580.0	3.3742369718271996e+16
23590.0	2.9681720426495996e+16
23600.0	3.719723745279999e+16
23610.0	3.265262839398399e+16
23620.0	3.4939508621311996e+16
23630.0	3.2479859310591996e+16
23640.0	3.549176456806399e+16
23650.0	3.694966184345599e+16
23660.0	3.582442966220799e+16
23670.0	3.453623379558399e+16
23680.0	3.2891389018111996e+16
23690.0	3.473112006655999e+16
23700.0	3.4981205082111996e+16
23710.0	3.3771473764351996e+16
23720.0	4.018112901939199e+16
23730.0	3.551541316812799e+16
23740.0	3.5336022327295996e+16
23750.0	3.713652968652799e+16
23760.0	3.461687528652799e+16
23770.0	3.4235084701695996e+16
23780.0	3.500807979007999e+16
23790.0	3.209514683596799e+16
23800.0	3.918083014655999e+16
23810.0	3.083787789926399e+16
23820.0	3.627821360742399e+16
23830.0	3.0011232157695996e+16
23840.0	2.848639346278399e+16
23850.0	3.5370108583935996e+16
23860.0	2.9615216197631996e+16
23870.0	2.8936290107391996e+16
23880.0	2.850731976294399e+16
23890.0	3.123983469772799e+16
23900.0	3.764365341491199e+16
23910.0	3.537640587263999e+16
23920.0	2.7748310122495996e+16
23930.0	3.176221795942399e+16
23940.0	3.897920297369599e+16
23950.0	2.9483309465599996e+16
23960.0	3.2358936805375996e+16
23970.0	3.224478213734399e+16
23980.0	3.0145668382719996e+16
23990.0	3.387581615308799e+16
24000.0	3.2672016957439996e+16
24010.0	2.8752177201151996e+16
24020.0	3.192846437580799e+16
24030.0	3.0836309098495996e+16
24040.0	3.0333070278655996e+16
24050.0	3.0484384972799996e+16
24060.0	3.1164156542975996e+16
24070.0	3.0728102674431996e+16
24080.0	2.7009653735423996e+16
24090.0	2.8194141306879996e+16
24100.0	2.8296277852159996e+16
24110.0	2.9912937988095996e+16
24120.0	3.0655949504511996e+16
24130.0	2.7034293665791996e+16
24140.0	2.3383540596735996e+16
24150.0	3.2019935723519996e+16
24160.0	2.9601984249855996e+16
24170.0	2.5147412807679996e+16
24180.0	2.7179881594879996e+16
24190.0	3.0637267845119996e+16
24200.0	2.5124028514303996e+16
24210.0	3.188737264844799e+16
24220.0	2.333885795532799e+16
24230.0	2.6310475218943996e+16
24240.0	2.9932273008639996e+16
24250.0	2.6181687377919996e+16
24260.0	2.4950840623103996e+16
24270.0	2.3298401632255996e+16
24280.0	2.490818743500799e+16
24290.0	2.9526521413631996e+16
24300.0	2.6772196622335996e+16
24310.0	2.4188418260991996e+16
24320.0	2.6721351761919996e+16
24330.0	2.6758634274815996e+16
24340.0	2.2897363124223996e+16
24350.0	2.4931456385023996e+16
24360.0	2.5737228255231996e+16
24370.0	1.9539927826431996e+16
24380.0	2.4969269346303996e+16
24390.0	2.9598367088639996e+16
24400.0	2.4364209012735996e+16
24410.0	2.446690962636799e+16
24420.0	2.3796343570431996e+16
24430.0	2.3484130721791996e+16
24440.0	2.0929158676479996e+16
24450.0	2.5322997645311996e+16
24460.0	2.554996657356799e+16
24470.0	2.444327537868799e+16
24480.0	1.9348691910655996e+16
24490.0	2.2931407437823996e+16
24500.0	2.5914078461951996e+16
24510.0	2.5475316547583996e+16
24520.0	2.0187980267519996e+16
24530.0	1.9380369719295996e+16
24540.0	1.8755416031231996e+16
24550.0	2.1433904300031996e+16
24560.0	2.3994121912319996e+16
24570.0	2.7265154744319996e+16
24580.0	2.701019073740799e+16
24590.0	2.4625711251455996e+16
24600.0	2.0968398684159996e+16
24610.0	1.6843008049151996e+16
24620.0	2.4056139218943996e+16
24630.0	2.3206441943039996e+16
24640.0	2.7064488853503996e+16
24650.0	2.4044407160831996e+16
24660.0	2.1567784484863996e+16
24670.0	2.0664311873535996e+16
24680.0	1.7279651086335998e+16
24690.0	2.3536162996223996e+16
24700.0	2.0822973677567996e+16
24710.0	2.1229796851711996e+16
24720.0	2.1446148161535996e+16
24730.0	2.1164870008831996e+16
24740.0	1.7760975486975998e+16
24750.0	1.8037956444159996e+16
24760.0	1.8816547553279996e+16
24770.0	2.5729860993023996e+16
24780.0	2.1917951754239996e+16
24790.0	1.8339404447743996e+16
24800.0	2.2093168312319996e+16
24810.0	1.9822095761407996e+16
24820.0	1.7603788799999996e+16
24830.0	1.8674995658751996e+16
24840.0	2.441314979020799e+16
24850.0	2.4993939062783996e+16
24860.0	2.2496077381631996e+16
24870.0	1.8379009687551996e+16
24880.0	1.8425009799167996e+16
24890.0	1.8116042948607996e+16
24900.0	1.6666279968767998e+16
24910.0	1.7062223609855998e+16
24920.0	2.1123043295231996e+16
24930.0	2.0299254136831996e+16
24940.0	2.415814659276799e+16
24950.0	2.1695026888703996e+16
24960.0	1.8647215013887996e+16
24970.0	1.9247923986431996e+16
24980.0	1.5934700552191996e+16
24990.0	1.9893331329023996e+16
