0.9	613186957.03125
0.901	749208843.75
0.902	648719292.96875
0.903	673582902.34375
0.904	539057150.390625
0.905	724513404.296875
0.906	795165675.78125
0.907	711156242.1875
0.908	1109630085.9375
0.909	915906490.234375
0.91	796712580.078125
0.911	943829996.09375
0.912	1046158250.0
0.913	1068357164.0625
0.914	1084278589.84375
0.915	1096452417.96875
0.916	1174700531.25
0.917	1164934871.09375
0.918	1164384828.125
0.919	1263506894.53125
0.92	1197161246.09375
0.921	896008906.25
0.922	757343113.28125
0.923	637316619.140625
0.924	529651373.046875
0.925	632723355.46875
0.926	607654449.21875
0.927	619603517.578125
0.928	495004593.75
0.929	531080218.75
0.93	500288810.546875
0.931	479197759.765625
0.932	549427253.90625
0.933	496122187.5
0.934	673489087.890625
0.935	641662302.734375
0.936	581378937.5
0.937	550405505.859375
0.938	613258123.046875
0.939	611814412.109375
0.94	703820646.484375
0.941	670463781.25
0.942	818952656.25
0.943	769990003.90625
0.944	707174142.578125
0.945	669942876.953125
0.946	824822662.109375
0.947	688546275.390625
0.948	838135089.84375
0.949	973641773.4375
0.95	827594648.4375
0.951	823698535.15625
0.952	925313558.59375
0.953	908978929.6875
0.954	1006217039.0625
0.955	927867742.1875
0.956	953908378.90625
0.957	1024001863.28125
0.958	1158668316.40625
0.959	1137408445.3125
0.96	1078632589.84375
0.961	1153887367.1875
0.962	1073255105.46875
0.963	1230593414.0625
0.964	1035454234.375
0.965	1189138062.5
0.966	1218353261.71875
0.967	1294472324.21875
0.968	1289144085.9375
0.969	1355894906.25
0.97	1342496414.0625
0.971	1325631359.375
0.972	1391314710.9375
0.973	1025068699.21875
0.974	1014975667.96875
0.975	1038571359.375
0.976	1108264816.40625
0.977	999075417.96875
0.978	1079884390.625
0.979	1219159488.28125
0.98	1177105226.5625
0.981	1079271886.71875
0.982	920425171.875
0.983	968980000.0
0.984	1082077328.125
0.985	1044858167.96875
0.986	1112452914.0625
0.987	1175239976.5625
0.988	1093512183.59375
0.989	1255959082.03125
0.99	946346767.578125
0.991	769022205.078125
0.992	914743320.3125
0.993	900609761.71875
0.994	1035747128.90625
0.995	1096984835.9375
0.996	1131079707.03125
0.997	1258071722.65625
0.998	1225050320.3125
0.999	979692230.46875
1.0	1104030476.5625
1.001	1067159263.671875
1.002	1094773863.28125
1.003	1127013593.75
1.004	1041224013.671875
1.005	1164718033.203125
1.006	1066022140.625
1.007	1149807886.71875
1.008	1156094380.859375
1.009	1130246904.296875
1.01	1231924330.078125
1.011	1147200419.921875
1.012	1283752951.171875
1.013	1360198621.09375
1.014	1129497607.421875
1.015	1140243378.90625
1.016	1154125509.765625
1.017	1132858638.671875
1.018	1266493857.421875
1.019	1141833962.890625
1.02	1264875580.078125
1.021	1307852957.03125
1.022	1148902664.0625
1.023	1323123333.984375
1.024	1320514109.375
1.025	1210194580.078125
1.026	1062962458.984375
1.027	1104452927.734375
1.028	1109175439.453125
1.029	1146527150.390625
1.03	1114354175.78125
1.031	1296918357.421875
1.032	1163438294.921875
1.033	1142613701.171875
1.034	1284851582.03125
1.035	1217526570.3125
1.036	1369477355.46875
1.037	1346951160.15625
1.038	1237782132.8125
1.039	1317323082.03125
1.04	1281338564.453125
1.041	1370363908.203125
1.042	1312517960.9375
1.043	1249696056.640625
1.044	1461553640.625
1.045	1479157449.21875
1.046	1449171136.71875
1.047	1211505363.28125
1.048	1374844265.625
1.049	1455933945.3125
1.05	1376513375.0
1.051	1388204507.8125
1.052	1299883535.15625
1.053	1455365652.34375
1.054	1535622980.46875
1.055	1487995531.25
1.056	1455693773.4375
1.057	1386132769.53125
1.058	1526620062.5
1.059	1507084367.1875
1.06	1568640835.9375
1.061	1460384332.03125
1.062	1504290775.390625
1.063	1534893511.71875
1.064	1621583830.078125
1.065	1589383070.3125
1.066	1498977654.296875
1.067	1481184320.3125
1.068	1515503734.375
1.069	1591468167.96875
1.07	1567627304.6875
1.071	1522493597.65625
1.072	1673503757.8125
1.073	1585452425.78125
1.074	1653501199.21875
1.075	1659442281.25
1.076	1666184363.28125
1.077	1714999613.28125
1.078	1753579843.75
1.079	1678436925.78125
1.08	1686151675.78125
1.081	1678916699.21875
1.082	1628326109.375
1.083	1773878789.0625
1.084	1852165570.3125
1.085	1761298371.09375
1.086	1729701332.03125
1.087	1671254121.09375
1.088	1749389613.28125
1.089	1569299132.8125
1.09	1689508894.53125
1.091	1680842257.8125
1.092	1706853156.25
1.093	1651719820.3125
1.094	1669991683.59375
1.095	1698929683.59375
1.096	1551250125.0
1.097	1661674511.71875
1.098	1563223484.375
1.099	1556607527.34375
1.1	1555651250.0
1.101	1588923683.59375
1.102	1641476542.96875
1.103	1349857402.34375
1.104	1376771689.453125
1.105	1373516130.859375
1.106	1362852810.546875
1.107	1320933523.4375
1.108	1343342472.65625
1.109	1382270859.375
1.11	1283892095.703125
1.111	1343894267.578125
1.112	1363586740.234375
1.113	1483726386.71875
1.114	1356698099.609375
1.115	1383490761.71875
1.116	1426944585.9375
1.117	1373763535.15625
1.118	1515239671.875
1.119	1402452855.46875
1.12	1407943146.484375
1.121	1416677234.375
1.122	1489237218.75
1.123	1458189833.984375
1.124	1568359917.96875
1.125	1516012914.0625
1.126	1547408542.96875
1.127	1491086910.15625
1.128	1600269210.9375
1.129	1511882082.03125
1.13	1447208007.8125
1.131	1553396642.578125
1.132	1491881162.109375
1.133	1546581544.921875
1.134	1529218115.234375
1.135	1329183673.828125
1.136	1549122082.03125
1.137	1528304902.34375
1.138	1346960039.0625
1.139	1478308974.609375
1.14	1553221550.78125
1.141	1408264646.484375
1.142	1541322390.625
1.143	1517867849.609375
1.144	1407363785.15625
1.145	1543913703.125
1.146	1598379593.75
1.147	1513423402.34375
1.148	1519677246.09375
1.149	1597486285.15625
1.15	1599546875.0
1.151	1572222593.75
1.152	1580666707.03125
1.153	1596439324.21875
1.154	1488705058.59375
1.155	1631082117.1875
1.156	1653678132.8125
1.157	1587570429.6875
1.158	1628592234.375
1.159	1663048410.15625
1.16	1514120593.75
1.161	1558035335.9375
1.162	1617429000.0
1.163	1609243621.09375
1.164	1453462154.296875
1.165	1705265316.40625
1.166	1509498011.71875
1.167	1629244019.53125
1.168	1591506242.1875
1.169	1432497795.4101562
1.17	1594897277.34375
1.171	1571718121.09375
1.172	1630282371.09375
1.173	1549226050.78125
1.174	1574308152.34375
1.175	1622448914.0625
1.176	1533621632.8125
1.177	1518085630.859375
1.178	1402229886.71875
1.179	1484235039.0625
1.18	1544253152.34375
1.181	1548222445.3125
1.182	1518900171.875
1.183	1597017960.9375
1.184	1607986378.90625
1.185	1579912675.78125
1.186	1555459214.84375
1.187	1640228371.09375
1.188	1577262736.328125
1.189	1509265962.890625
1.19	1611121105.46875
1.191	1567824601.5625
1.192	1606007062.5
1.193	1657611867.1875
1.194	1556887765.625
1.195	1549843769.53125
1.196	1560685757.8125
1.197	1509753761.71875
1.198	1443255304.6875
1.199	1548150078.125
1.2	1493310824.21875
1.201	1574739367.1875
1.202	1556031390.625
1.203	1523628082.03125
1.204	1603988750.0
1.205	1600676734.375
1.206	1703236847.65625
1.207	1535474863.28125
1.208	1639331500.0
1.209	1558740402.34375
1.21	1655310503.90625
1.211	1595650683.59375
1.212	1587516718.75
1.213	1557139832.03125
1.214	1629312375.0
1.215	1692089425.78125
1.216	1663783015.625
1.217	1611913726.5625
1.218	1664929468.75
1.219	1704371933.59375
1.22	1664703277.34375
1.221	1657276421.875
1.222	1657032283.203125
1.223	1619390189.453125
1.224	1661204582.03125
1.225	1693458871.09375
1.226	1705069316.40625
1.227	1663680265.625
1.228	1700234957.03125
1.229	1733263339.84375
1.23	1683368453.125
1.231	1726905683.59375
1.232	1656622402.34375
1.233	1687927386.71875
1.234	1729981261.71875
1.235	1687594261.71875
1.236	1732345089.84375
1.237	1703381867.1875
1.238	1681374203.125
1.239	1644829343.75
1.24	1726928128.90625
1.241	1585257500.0
1.242	1475602957.03125
1.243	1580301003.90625
1.244	1489733476.5625
1.245	1603939486.328125
1.246	1553584537.109375
1.247	1598073867.1875
1.248	1542239902.34375
1.249	1641695023.4375
1.25	1598465753.90625
1.251	1663544136.71875
1.252	1594323210.9375
1.253	1571455119.140625
1.254	1681414136.71875
1.255	1580323359.375
1.256	1568768035.15625
1.257	1626082402.34375
1.258	1530094562.5
1.259	1621813433.59375
1.26	1617007019.53125
1.261	1665288250.0
1.262	1525588042.96875
1.263	1641852382.8125
1.264	1623876972.65625
1.265	1611208277.34375
1.266	1628931195.3125
1.267	1636039878.90625
1.268	1625195984.375
1.269	1676196003.90625
1.27	1645381433.59375
1.271	1671989214.84375
1.272	1683209480.46875
1.273	1707410617.1875
1.274	1622109210.9375
1.275	1601518148.4375
1.276	1676339863.28125
1.277	1677744625.0
1.278	1650287160.15625
1.279	1682627425.78125
1.28	1649440238.28125
1.281	1656045105.46875
1.282	1658717759.765625
1.283	1605348750.0
1.284	1662875349.609375
1.285	1650576839.84375
1.286	1605838699.21875
1.287	1654338925.78125
1.288	1659923085.9375
1.289	1650335125.0
1.29	1700486000.0
1.291	1654818742.1875
1.292	1642832742.1875
1.293	1645196375.0
1.294	1707141710.9375
1.295	1608919921.875
1.296	1702418378.90625
1.297	1718779019.53125
1.298	1715991093.75
1.299	1666644886.71875
1.3	1709890003.90625
1.301	1674443464.84375
1.302	1694745035.15625
1.303	1685759082.03125
1.304	1733730964.84375
1.305	1702585632.8125
1.306	1716411007.8125
1.307	1661920832.03125
1.308	1650693519.53125
1.309	1628276503.90625
1.31	1632370667.96875
1.311	1660516871.09375
1.312	1716837210.9375
1.313	1678024261.71875
1.314	1626278292.96875
1.315	1690204625.0
1.316	1657903046.875
1.317	1659046136.71875
1.318	1573008765.625
1.319	1683469902.34375
1.32	1629820601.5625
1.321	1626385117.1875
1.322	1622596968.75
1.323	1625313253.90625
1.324	1608793464.84375
1.325	1464249984.375
1.326	1583679574.21875
1.327	1504829953.125
1.328	1473341410.15625
1.329	1507613205.078125
1.33	1439364107.421875
1.331	1369462113.28125
1.332	1238074924.8046875
1.333	1120862102.5390625
1.334	1244477023.4375
1.335	795879711.9140625
1.336	1080744230.46875
1.337	979723157.2265625
1.338	1022685021.484375
1.339	1033217807.6171875
1.34	1084003505.859375
1.341	1171678312.5
1.342	930704975.5859375
1.343	836263198.2421875
1.344	1070790049.8046875
1.345	952760152.34375
1.346	989900663.5742188
1.347	944774915.5273438
1.348	885569415.0390625
1.349	1107219708.984375
1.35	1023555702.1484375
1.351	939163305.6640625
1.352	890793201.171875
1.353	975967465.8203125
1.354	776878442.3828125
1.355	885919438.4765625
1.356	981062166.015625
1.357	977871534.1796875
1.358	915994271.484375
1.359	907088658.4472656
1.36	911754858.6425781
1.361	971564575.1953125
1.362	785360287.109375
1.363	982615501.953125
1.364	932872822.265625
1.365	964210298.828125
1.366	930629336.9140625
1.367	871036403.3203125
1.368	866671850.0976562
1.369	878585886.2304688
1.37	877234781.25
1.371	804474183.59375
1.372	873881890.625
1.373	895812382.8125
1.374	827129417.96875
1.375	852632931.640625
1.376	888477818.359375
1.377	841428574.21875
1.378	983328878.90625
1.379	871219097.65625
1.38	991277914.0625
1.381	942917810.546875
1.382	986516794.921875
1.383	844497491.2109375
1.384	959233694.3359375
1.385	910400239.2578125
1.386	941624830.078125
1.387	901079887.6953125
1.388	857430547.8515625
1.389	958083805.1757812
1.39	862548001.953125
1.391	768354821.2890625
1.392	812895485.3515625
1.393	863835427.734375
1.394	815896667.96875
1.395	824843198.2421875
1.396	857589190.4296875
1.397	856570264.6484375
1.398	773477196.2890625
1.399	890874328.125
1.4	775669420.8984375
1.401	796060032.2265625
1.402	875449130.859375
1.403	826369689.453125
1.404	753283209.9609375
1.405	809026299.8046875
1.406	928811011.71875
1.407	786889908.203125
1.408	814468804.6875
1.409	768442238.7695312
1.41	781759299.3164062
1.411	785772132.8125
1.412	761556872.0703125
1.413	839432854.4921875
1.414	808867406.25
1.415	734604021.484375
1.416	798503776.3671875
1.417	730891855.46875
1.418	686159522.4609375
1.419	757669939.453125
1.42	745755168.9453125
1.421	764272148.9257812
1.422	753836539.5507812
1.423	739592160.15625
1.424	756424944.3359375
1.425	747132160.15625
1.426	700906770.5078125
1.427	773993083.984375
1.428	709015298.828125
1.429	620027950.1953125
1.43	852385616.2109375
1.431	809677642.578125
1.432	734944273.4375
1.433	719832105.46875
1.434	663724947.265625
1.435	798484689.453125
1.436	783416596.6796875
1.437	765370890.625
1.438	773261147.4609375
1.439	778944288.0859375
1.44	721559310.546875
1.441	687401371.09375
1.442	711761155.2734375
1.443	834292336.9140625
1.444	762939511.71875
1.445	724963956.0546875
1.446	790987116.2109375
1.447	701023410.15625
1.448	776761783.203125
1.449	843776003.90625
1.45	817720027.34375
1.451	703926350.5859375
1.452	886799130.859375
1.453	771087551.7578125
1.454	709070793.9453125
1.455	852839160.15625
1.456	744999380.859375
1.457	713736588.8671875
1.458	793465595.703125
1.459	828582231.4453125
1.46	804259502.9296875
1.461	785378442.3828125
1.462	729121540.0390625
1.463	726334238.28125
1.464	784848082.03125
1.465	779149934.5703125
1.466	854228278.3203125
1.467	793974504.8828125
1.468	737174782.2265625
1.469	721331140.625
1.47	723915066.40625
1.471	753313067.3828125
1.472	775513210.9375
1.473	813706630.859375
1.474	750876458.984375
1.475	746310503.90625
1.476	751211791.9921875
1.477	765500154.296875
1.478	760009175.78125
1.479	855433007.8125
1.48	713150984.375
1.481	796061705.078125
1.482	753357513.671875
1.483	753510880.859375
1.484	833129142.578125
1.485	757664123.046875
1.486	768340671.875
1.487	810332212.890625
1.488	776942914.0625
1.489	787131570.3125
1.49	771876365.234375
1.491	827381765.625
1.492	834791716.796875
1.493	763325603.515625
1.494	725804812.5
1.495	790680892.578125
1.496	809280485.3515625
1.497	802089208.0078125
1.498	808779503.90625
1.499	813887449.21875
1.5	797126294.921875
1.501	784682042.96875
1.502	686280822.265625
1.503	864065765.625
1.504	794312031.25
1.505	863104367.1875
1.506	813972091.796875
1.507	849296345.703125
1.508	787106173.828125
1.509	862782384.765625
1.51	796338740.234375
1.511	843951203.125
1.512	851980118.1640625
1.513	806062574.21875
1.514	802529872.0703125
1.515	834392853.515625
1.516	844168865.234375
1.517	825890015.625
1.518	821022994.140625
1.519	815678583.984375
1.52	821086882.8125
1.521	874097453.125
1.522	832093484.375
1.523	889206904.296875
1.524	844304119.140625
1.525	807437232.421875
1.526	800228589.84375
1.527	858196727.5390625
1.528	855203088.8671875
1.529	823116650.390625
1.53	924197029.296875
1.531	835898673.828125
1.532	767578810.546875
1.533	824966275.390625
1.534	901000998.046875
1.535	874934410.15625
1.536	879110769.53125
1.537	823949679.6875
1.538	845344208.984375
1.539	906898628.90625
1.54	855514634.765625
1.541	809758123.046875
1.542	890344294.921875
1.543	839030724.609375
1.544	876157070.3125
1.545	891251025.390625
1.546	948181164.0625
1.547	833986000.0
1.548	882403755.859375
1.549	877860712.890625
1.55	908396601.5625
1.551	838867306.640625
1.552	909707574.21875
1.553	909368912.109375
1.554	907840539.0625
1.555	886783435.546875
1.556	856184802.734375
1.557	872743648.4375
1.558	829303457.03125
1.559	894491333.984375
1.56	917836156.25
1.561	914571804.6875
1.562	921930583.984375
1.563	913554515.625
1.564	968471380.859375
1.565	881794843.75
1.566	849202623.046875
1.567	943329466.796875
1.568	982173630.859375
1.569	901192003.90625
1.57	909708812.5
1.571	932740576.171875
1.572	910181517.578125
1.573	920049527.34375
1.574	946543447.265625
1.575	925846294.921875
1.576	934329832.03125
1.577	962859349.609375
1.578	919979105.46875
1.579	942600753.90625
1.58	952279996.09375
1.581	961451541.015625
1.582	953447248.046875
1.583	973351396.484375
1.584	922529498.046875
1.585	910743695.3125
1.586	988758714.84375
1.587	991829900.390625
1.588	982447433.59375
1.589	970740019.53125
1.59	907347048.828125
1.591	980095630.859375
1.592	968980656.25
1.593	969174480.46875
1.594	1020103992.1875
1.595	1020522791.015625
1.596	1017898632.8125
1.597	1000953617.1875
1.598	981229005.859375
1.599	1000039595.703125
1.6	1012700164.0625
1.601	1029766912.109375
1.602	974309150.390625
1.603	1041106777.34375
1.604	989024964.84375
1.605	1015154185.546875
1.606	971223693.359375
1.607	972909916.015625
1.608	1006369671.875
1.609	1012172142.578125
1.61	1015494384.765625
1.611	1022869685.546875
1.612	1025648798.828125
1.613	1023682462.890625
1.614	1003691089.84375
1.615	1007165484.375
1.616	1044713816.40625
1.617	1081108255.859375
1.618	1071504789.0625
1.619	998040558.59375
1.62	1000291742.1875
1.621	984323679.6875
1.622	1049939216.796875
1.623	1026931617.1875
1.624	1045131191.40625
1.625	1024549726.5625
1.626	1027912242.1875
1.627	1072990236.328125
1.628	1058556093.75
1.629	1047825763.671875
1.63	1066231929.6875
1.631	1049804871.09375
1.632	1033659367.1875
1.633	1085260773.4375
1.634	1089635486.328125
1.635	1070086501.953125
1.636	1053959302.734375
1.637	1054680183.59375
1.638	1091761218.75
1.639	1080774923.828125
1.64	1076768718.75
1.641	1085537751.953125
1.642	1066405431.640625
1.643	1068245419.921875
1.644	1082330548.828125
1.645	1063454558.59375
1.646	1063058439.453125
1.647	1088955273.4375
1.648	1072717175.78125
1.649	1120347730.46875
1.65	1108178578.125
1.651	1097928203.125
1.652	1106652294.921875
1.653	1070682574.21875
1.654	1086805845.703125
1.655	1106679265.625
1.656	1119808160.15625
1.657	1136558373.046875
1.658	1125178712.890625
1.659	1067368394.53125
1.66	1087736845.703125
1.661	1071610250.0
1.662	1090243574.21875
1.663	1139674912.109375
1.664	1144072498.046875
1.665	1122758335.9375
1.666	1114436746.09375
1.667	1094335712.890625
1.668	1122580281.25
1.669	1129089191.40625
1.67	1122971398.4375
1.671	1120747464.84375
1.672	1080896949.21875
1.673	1093159324.21875
1.674	1133632779.296875
1.675	1158568976.5625
1.676	1156786476.5625
1.677	1112082535.15625
1.678	1152133431.640625
1.679	1144448185.546875
1.68	1135256296.875
1.681	1140160798.828125
1.682	1160562470.703125
1.683	1163864857.421875
1.684	1132594470.703125
1.685	1154999283.203125
1.686	1132277429.6875
1.687	1092934494.140625
1.688	1100882830.078125
1.689	1060989326.171875
1.69	1094771183.59375
1.691	1090811027.34375
1.692	1105117369.140625
1.693	1117887445.3125
1.694	1128016021.484375
1.695	1096188130.859375
1.696	1088656386.71875
1.697	1090658238.28125
1.698	1058875736.328125
1.699	1067949642.578125
1.7	1063684322.265625
1.701	1051533943.359375
1.702	1086275021.484375
1.703	1073582560.546875
1.704	999177722.65625
1.705	1046149785.15625
1.706	1077442798.828125
1.707	1032816937.5
1.708	986157958.984375
1.709	980922412.109375
1.71	1033238279.296875
1.711	960364419.921875
1.712	979684048.828125
1.713	1001677330.078125
1.714	951506935.546875
1.715	967613906.25
1.716	942351669.921875
1.717	944166095.703125
1.718	891663244.140625
1.719	871924710.9375
1.72	920664148.4375
1.721	934621980.46875
1.722	967672621.09375
1.723	898113931.640625
1.724	873656419.921875
1.725	931766285.15625
1.726	952500869.140625
1.727	776677074.21875
1.728	961407595.703125
1.729	915891724.609375
1.73	877543837.890625
1.731	941501289.0625
1.732	817299934.5703125
1.733	884741836.9140625
1.734	853758013.671875
1.735	817577147.4609375
1.736	882656777.34375
1.737	813845861.328125
1.738	909528304.6875
1.739	882350330.078125
1.74	839102804.6875
1.741	844512724.609375
1.742	894525388.671875
1.743	843431599.609375
1.744	813238663.0859375
1.745	857363894.53125
1.746	853611721.6796875
1.747	784673893.5546875
1.748	806648116.2109375
1.749	871035669.921875
1.75	834185679.6875
1.751	793762072.265625
1.752	788358101.5625
1.753	861355132.8125
1.754	800782675.78125
1.755	782153377.9296875
1.756	704620867.1875
1.757	756782522.4609375
1.758	751251496.09375
1.759	756154607.421875
1.76	826307634.765625
1.761	719553302.734375
1.762	766614201.171875
1.763	665754929.6875
1.764	830235301.7578125
1.765	800292790.0390625
1.766	837281848.6328125
1.767	736109842.7734375
1.768	642190666.015625
1.769	684708568.359375
1.77	809157531.25
1.771	770240564.453125
1.772	681842287.109375
1.773	653110944.3359375
1.774	759390380.859375
1.775	669137881.8359375
1.776	679666208.984375
1.777	670216557.6171875
1.778	690549321.2890625
1.779	705959517.578125
1.78	662334410.6445312
1.781	656479287.5976562
1.782	661950360.3515625
1.783	638183851.5625
1.784	754917959.9609375
1.785	652488492.1875
1.786	623246709.9609375
1.787	555975151.3671875
1.788	671650848.6328125
1.789	673383968.75
1.79	693591277.34375
1.791	618111353.515625
1.792	619516532.2265625
1.793	645691352.5390625
1.794	631136444.3359375
1.795	604628082.03125
1.796	597419844.7265625
1.797	699034868.1640625
1.798	664841378.90625
1.799	676816786.1328125
1.8	566253254.8828125
1.801	592778452.1484375
1.802	582890076.171875
1.803	595721160.15625
1.804	658363136.71875
1.805	645757562.0117188
1.806	548861704.1015625
1.807	595866379.8828125
1.808	590858188.4765625
1.809	569521609.375
1.81	613889510.7421875
1.811	496326125.9765625
1.812	608022839.84375
1.813	559248704.1015625
1.814	664032904.296875
1.815	649841519.53125
1.816	616334334.9609375
1.817	595311397.9492188
1.818	571102302.2460938
1.819	543505765.1367188
1.82	549779992.1875
1.821	559445807.6171875
1.822	479758619.140625
1.823	628857171.3867188
1.824	684604999.0234375
1.825	579079338.8671875
1.826	518447117.67578125
1.827	610086918.4570312
1.828	552531649.4140625
1.829	591231987.3046875
1.83	609027051.7578125
1.831	568916577.1484375
1.832	578544893.5546875
1.833	519802997.0703125
1.834	603876354.4921875
1.835	562053472.65625
1.836	587106243.1640625
1.837	642780942.8710938
1.838	541453213.8671875
1.839	548411181.640625
1.84	555184388.1835938
1.841	632697735.3515625
1.842	502609022.94921875
1.843	557159054.6875
1.844	529520712.890625
1.845	547964333.0078125
1.846	524258844.7265625
1.847	488523386.23046875
1.848	490918744.140625
1.849	510223802.734375
1.85	489432385.7421875
1.851	571459176.7578125
1.852	581917170.8984375
1.853	521237203.125
1.854	504342767.578125
1.855	555154968.75
1.856	526975346.6796875
1.857	472675692.87109375
1.858	407925600.5859375
1.859	445282333.984375
1.86	440701576.171875
1.861	464936104.4921875
1.862	495004349.12109375
1.863	492970538.0859375
1.864	489991145.99609375
1.865	455067516.6015625
1.866	518086151.3671875
1.867	517253209.9609375
1.868	459684934.5703125
1.869	543238371.09375
1.87	540630675.78125
1.871	504604341.796875
1.872	516483261.71875
1.873	433176927.24609375
1.874	527348944.82421875
1.875	504274334.9609375
1.876	546970803.7109375
1.877	494608038.0859375
1.878	507824212.890625
1.879	457679263.671875
1.88	516368094.7265625
1.881	519965375.0
1.882	535423282.2265625
1.883	573542071.2890625
1.884	585419687.5
1.885	478468837.890625
1.886	528927652.34375
1.887	504430371.09375
1.888	584750068.359375
1.889	513477763.18359375
1.89	559239017.0898438
1.891	534394231.4453125
1.892	453394056.640625
1.893	499867966.796875
1.894	516026010.7421875
1.895	521203949.21875
1.896	510623262.6953125
1.897	574874369.140625
1.898	490702571.2890625
1.899	527647503.90625
1.9	576075089.84375
1.901	523374057.6171875
1.902	572139017.578125
1.903	511154948.2421875
1.904	543380152.34375
1.905	531422753.90625
1.906	518615994.140625
1.907	507068862.3046875
1.908	576245965.8203125
1.909	525778845.703125
1.91	526590901.3671875
1.911	488317947.265625
1.912	535887512.6953125
1.913	558769672.8515625
1.914	567871222.65625
1.915	566189665.0390625
1.916	498371409.66796875
1.917	495638891.6015625
1.918	502104120.1171875
1.919	584927419.921875
1.92	538185442.8710938
1.921	504713182.12890625
1.922	541200594.7265625
1.923	542327855.46875
1.924	488082489.2578125
1.925	547542981.4453125
1.926	522065440.4296875
1.927	486524947.265625
1.928	598805842.7734375
1.929	522344859.375
1.93	511631347.65625
1.931	457828660.64453125
1.932	530298155.2734375
1.933	541093695.3125
1.934	496048065.91796875
1.935	536699710.9375
1.936	543661128.90625
1.937	540727479.4921875
1.938	518285278.3203125
1.939	486020939.453125
1.94	475808163.57421875
1.941	499108704.58984375
1.942	539645733.3984375
1.943	519579723.6328125
1.944	515037023.4375
1.945	501343589.35546875
1.946	471936967.7734375
1.947	550502801.7578125
1.948	479350726.5625
1.949	492240645.5078125
1.95	551577357.421875
1.951	512615875.0
1.952	518805224.609375
1.953	438576585.9375
1.954	527561595.21484375
1.955	524669354.4921875
1.956	464375152.34375
1.957	502183714.84375
1.958	534442053.22265625
1.959	607166914.0625
1.96	493121274.4140625
1.961	467441701.171875
1.962	517626386.71875
1.963	518121278.3203125
1.964	508939514.16015625
1.965	465889404.296875
1.966	527353708.984375
1.967	539336186.5234375
1.968	447710501.953125
1.969	513566248.046875
1.97	579550396.484375
1.971	484339703.125
1.972	544978578.125
1.973	486298630.859375
1.974	484547244.62890625
1.975	526365771.97265625
1.976	421454772.94921875
1.977	495243831.0546875
1.978	472294484.375
1.979	521242532.2265625
1.98	469409106.93359375
1.981	505014766.6015625
1.982	459986342.7734375
1.983	475905635.7421875
1.984	490021051.7578125
1.985	470981331.0546875
1.986	474385305.6640625
1.987	487577825.1953125
1.988	462670927.734375
1.989	512114305.6640625
1.99	439077328.61328125
1.991	459794561.03515625
1.992	434754793.9453125
1.993	504954991.2109375
1.994	535113189.453125
1.995	481725059.5703125
1.996	493580174.8046875
1.997	497120691.40625
1.998	471278313.4765625
1.999	494194164.0625
2.0	448444703.125
2.001	462650437.5
2.002	479337400.390625
2.003	491568021.484375
2.004	491509078.125
2.005	481446282.2265625
2.006	470431830.078125
2.007	460589957.03125
2.008	550025159.6679688
2.009	432441667.48046875
2.01	486830913.0859375
2.011	450628243.65234375
2.012	500804923.33984375
2.013	471459025.390625
2.014	488467305.17578125
2.015	494068517.08984375
2.016	458295928.7109375
2.017	439189881.8359375
2.018	490928500.0
2.019	466252508.7890625
2.02	407361978.02734375
2.021	511664737.79296875
2.022	484554385.7421875
2.023	483249357.421875
2.024	531306041.9921875
2.025	493805298.828125
2.026	458599890.625
2.027	467423812.5
2.028	501642966.796875
2.029	413723779.296875
2.03	521581137.6953125
2.031	436235833.0078125
2.032	523690203.125
2.033	479678267.578125
2.034	475047485.3515625
2.035	504461616.2109375
2.036	431509613.28125
2.037	512369786.1328125
2.038	510933969.7265625
2.039	469065639.6484375
2.04	462430487.3046875
2.041	449823672.8515625
2.042	493057458.984375
2.043	532789489.2578125
2.044	428957190.4296875
2.045	431082200.1953125
2.046	489455542.96875
2.047	505004829.1015625
2.048	504729942.3828125
2.049	440259407.2265625
2.05	475213760.7421875
2.051	514688962.890625
2.052	468523708.0078125
2.053	508239069.3359375
2.054	443569118.1640625
2.055	481005308.59375
2.056	466251268.5546875
2.057	494793008.7890625
2.058	516057485.3515625
2.059	503210190.4296875
2.06	518874641.6015625
2.061	444080068.359375
2.062	482899527.34375
2.063	479654687.5
2.064	428395643.5546875
2.065	477900102.5390625
2.066	464944229.4921875
2.067	532758501.953125
2.068	477266299.8046875
2.069	464275083.984375
2.07	527875557.6171875
2.071	496299961.42578125
2.072	446191922.36328125
2.073	477114830.078125
2.074	473665385.7421875
2.075	465177012.6953125
2.076	507575191.40625
2.077	483312118.1640625
2.078	504633291.9921875
2.079	492067752.9296875
2.08	474737526.3671875
2.081	489076965.8203125
2.082	503531697.265625
2.083	493733324.21875
2.084	491563807.6171875
2.085	488723463.8671875
2.086	501132847.65625
2.087	466092849.609375
2.088	510133708.984375
2.089	497674339.84375
2.09	476226938.4765625
2.091	535848817.3828125
2.092	482661765.625
2.093	530833719.7265625
2.094	471219530.2734375
2.095	508876282.2265625
2.096	494780633.7890625
2.097	498858286.1328125
2.098	527282999.0234375
2.099	500959809.5703125
2.1	498654863.28125
2.101	528777805.6640625
2.102	503567044.921875
2.103	500347695.3125
2.104	513485093.75
2.105	488350878.90625
2.106	525822620.1171875
2.107	512805510.7421875
2.108	506425493.1640625
2.109	490558696.2890625
2.11	526297353.515625
2.111	526316619.140625
2.112	486614520.5078125
2.113	514277381.8359375
2.114	530709965.8203125
2.115	524374199.21875
2.116	525049785.15625
2.117	498716839.84375
2.118	514311408.203125
2.119	504788304.6875
2.12	515477829.1015625
2.121	515147982.421875
2.122	527823232.421875
2.123	526350868.1640625
2.124	522206380.859375
2.125	547909490.234375
2.126	520553669.921875
2.127	520385206.0546875
2.128	502543937.5
2.129	502556005.859375
2.13	517144309.5703125
2.131	530205116.2109375
2.132	538094791.015625
2.133	532243206.0546875
2.134	511554514.6484375
2.135	533045791.9921875
2.136	538586377.9296875
2.137	524287820.3125
2.138	518220603.515625
2.139	534944010.7421875
2.14	510935355.46875
2.141	517908867.1875
2.142	529882043.9453125
2.143	527388223.6328125
2.144	557490212.890625
2.145	552521565.4296875
2.146	548849077.1484375
2.147	547546909.1796875
2.148	528918551.7578125
2.149	531771824.21875
2.15	506581833.0078125
2.151	548315271.484375
2.152	535592198.2421875
2.153	516619772.4609375
2.154	538126748.046875
2.155	552373578.125
2.156	530883922.8515625
2.157	538801632.8125
2.158	547869707.03125
2.159	546052283.203125
2.16	535860335.9375
2.161	556939015.625
2.162	524617280.2734375
2.163	527122630.859375
2.164	548887042.96875
2.165	552434831.0546875
2.166	527962910.15625
2.167	542304542.96875
2.168	557963518.5546875
2.169	570849705.078125
2.17	547321701.171875
2.171	528973327.1484375
2.172	540665020.5078125
2.173	538009460.9375
2.174	545676870.1171875
2.175	557468559.5703125
2.176	521277315.4296875
2.177	552001203.125
2.178	528192491.2109375
2.179	527073064.453125
2.18	548844716.796875
2.181	550176042.96875
2.182	545412670.8984375
2.183	531770821.2890625
2.184	544701968.75
2.185	541006734.375
2.186	539745196.2890625
2.187	551472574.21875
2.188	552231887.6953125
2.189	555651480.46875
2.19	537866333.984375
2.191	567029004.8828125
2.192	547939504.8828125
2.193	529043530.2734375
2.194	547515543.9453125
2.195	564793675.78125
2.196	551253325.1953125
2.197	541948207.03125
2.198	562321260.7421875
2.199	546985970.703125
2.2	560605799.8046875
2.201	563330424.8046875
2.202	553675741.2109375
2.203	538938359.375
2.204	535572659.1796875
2.205	533791796.875
2.206	556119362.3046875
2.207	546336372.0703125
2.208	545825739.2578125
2.209	546806456.0546875
2.21	559965007.8125
2.211	539013139.6484375
2.212	571496787.109375
2.213	547429416.9921875
2.214	572714426.7578125
2.215	553352899.4140625
2.216	554114653.3203125
2.217	542427209.9609375
2.218	563876023.4375
2.219	538979100.5859375
2.22	527396500.9765625
2.221	540568110.3515625
2.222	561689842.7734375
2.223	562150302.734375
2.224	562919199.21875
2.225	583711143.5546875
2.226	574412148.4375
2.227	542978241.2109375
2.228	545087456.0546875
2.229	536510803.7109375
2.23	543702888.671875
2.231	578974717.7734375
2.232	574408151.3671875
2.233	548505507.8125
2.234	559597828.125
2.235	538628817.3828125
2.236	531105378.90625
2.237	568825202.1484375
2.238	563129437.5
2.239	547631482.421875
2.24	575070803.7109375
2.241	577420552.734375
2.242	552372717.7734375
2.243	542898142.578125
2.244	550214378.90625
2.245	562754364.2578125
2.246	578452704.1015625
2.247	555837847.65625
2.248	559505844.7265625
2.249	577798592.7734375
2.25	538905144.53125
2.251	581455778.3203125
2.252	551974041.9921875
2.253	567511221.6796875
2.254	546209710.9375
2.255	534187210.9375
2.256	557122883.7890625
2.257	577495798.828125
2.258	534115882.8125
2.259	556236050.78125
2.26	553367793.9453125
2.261	553446025.390625
2.262	555712703.125
2.263	547878190.4296875
2.264	551220745.1171875
2.265	549828045.8984375
2.266	558771517.578125
2.267	560242627.9296875
2.268	571288928.7109375
2.269	554956910.15625
2.27	533721582.03125
2.271	559225739.2578125
2.272	532878076.171875
2.273	559265625.9765625
2.274	549969886.71875
2.275	572351432.6171875
2.276	551080942.3828125
2.277	567461638.671875
2.278	564834541.015625
2.279	519786311.5234375
2.28	537367189.453125
2.281	539610020.5078125
2.282	561665336.9140625
2.283	560680120.1171875
2.284	542726393.5546875
2.285	547965137.6953125
2.286	557163945.3125
2.287	549121358.3984375
2.288	577635673.828125
2.289	529473644.53125
2.29	576376266.6015625
2.291	565901779.296875
2.292	536411752.9296875
2.293	532859704.58984375
2.294	357145142.08984375
2.295	440087161.1328125
2.296	451182457.03125
2.297	474529919.921875
2.298	461637195.3125
2.299	497063874.0234375
2.3	525599171.875
2.301	443188034.1796875
2.302	529134655.2734375
2.303	484755206.0546875
2.304	524210955.078125
2.305	480552601.5625
2.306	496399759.765625
2.307	505927719.23828125
2.308	507005561.03515625
2.309	519197489.2578125
2.31	475837190.4296875
2.311	480945797.36328125
2.312	484545808.59375
2.313	512423554.6875
2.314	502904441.89453125
2.315	446864281.73828125
2.316	476467734.375
2.317	512338957.03125
2.318	481437424.31640625
2.319	517867058.10546875
2.32	516657428.7109375
2.321	463725922.8515625
2.322	479429211.42578125
2.323	363089426.7578125
2.324	421208725.5859375
2.325	439213646.97265625
2.326	438490571.2890625
2.327	448421658.203125
2.328	462218536.8652344
2.329	454582823.4863281
2.33	439612511.71875
2.331	433016367.1875
2.332	459725096.19140625
2.333	484671163.57421875
2.334	442356644.53125
2.335	446308776.3671875
2.336	439373187.98828125
2.337	432137391.6015625
2.338	463927379.8828125
2.339	434547760.7421875
2.34	420512961.9140625
2.341	461910334.7167969
2.342	467848816.1621094
2.343	473029086.42578125
2.344	423817828.61328125
2.345	392198233.3984375
2.346	490731746.09375
2.347	471345652.83203125
2.348	468038226.07421875
2.349	460395829.1015625
2.35	443755047.8515625
2.351	423579118.65234375
2.352	403875992.1875
2.353	352870587.40234375
2.354	364467730.46875
2.355	422352207.03125
2.356	386330621.09375
2.357	439871712.890625
2.358	417634702.63671875
2.359	365017726.07421875
2.36	454678088.8671875
2.361	401915570.80078125
2.362	409360928.22265625
2.363	395755403.80859375
2.364	427044747.0703125
2.365	438218473.6328125
2.366	442348887.6953125
2.367	422599121.58203125
2.368	401284741.69921875
2.369	417014688.4765625
2.37	451567675.29296875
2.371	409916490.72265625
2.372	448929250.48828125
2.373	423669321.77734375
2.374	419777999.0234375
2.375	435928788.0859375
2.376	421075004.8828125
2.377	392584340.8203125
2.378	425080517.578125
2.379	403429106.4453125
2.38	434809319.3359375
2.381	392710669.921875
2.382	406358015.625
2.383	354135062.5
2.384	337957728.02734375
2.385	412641636.71875
2.386	368524526.6113281
2.387	337403452.3925781
2.388	349779813.4765625
2.389	378774253.90625
2.39	417298675.29296875
2.391	396934238.76953125
2.392	342575509.27734375
2.393	347273197.265625
2.394	447504582.03125
2.395	370061333.0078125
2.396	396422643.5546875
2.397	380157187.5
2.398	360728040.52734375
2.399	377007341.796875
2.4	382827049.8046875
2.401	365152674.8046875
2.402	377646074.21875
2.403	377067943.359375
2.404	361555416.50390625
2.405	375812976.5625
2.406	366910682.12890625
2.407	351721421.875
2.408	337448038.0859375
2.409	345162336.9140625
2.41	341430602.5390625
2.411	352098198.2421875
2.412	351372506.8359375
2.413	346851489.74609375
2.414	301113908.69140625
2.415	366080474.609375
2.416	327860620.3613281
2.417	315833994.3847656
2.418	331427395.01953125
2.419	371345461.9140625
2.42	334466640.13671875
2.421	367324064.453125
2.422	304711482.91015625
2.423	338934223.14453125
2.424	370392752.9296875
2.425	330686914.0625
2.426	314489589.35546875
2.427	336276775.390625
2.428	300564394.2871094
2.429	343053726.8066406
2.43	334490344.7265625
2.431	298467534.66796875
2.432	338293955.56640625
2.433	322504687.01171875
2.434	305573121.09375
2.435	314225986.328125
2.436	344713051.26953125
2.437	259859749.0234375
2.438	316364327.1484375
2.439	353383576.171875
2.44	320662951.171875
2.441	337869348.6328125
2.442	301438774.6582031
2.443	287056970.4589844
2.444	277211996.58203125
2.445	312060933.59375
2.446	312402651.3671875
2.447	345209347.65625
2.448	264185810.79101562
2.449	299674504.1503906
2.45	312521878.41796875
2.451	331509482.421875
2.452	255606415.77148438
2.453	283162264.4042969
2.454	258091735.10742188
2.455	268734826.9042969
2.456	313124828.61328125
2.457	305709658.203125
2.458	310590185.05859375
2.459	310175843.26171875
2.46	294269461.9140625
2.461	209546229.98046875
2.462	311304724.609375
2.463	292312345.21484375
2.464	324107568.84765625
2.465	297777878.90625
2.466	290638165.52734375
2.467	319546238.28125
2.468	229369703.61328125
2.469	309305936.03515625
2.47	274387565.91796875
2.471	271700640.625
2.472	272633250.9765625
2.473	276134091.30859375
2.474	246098438.96484375
2.475	244889082.03125
2.476	240059917.96875
2.477	311908485.83984375
2.478	298063107.421875
2.479	240413241.69921875
2.48	264151841.796875
2.481	266690755.37109375
2.482	245583790.0390625
2.483	258568092.7734375
2.484	298570151.3671875
2.485	305243143.5546875
2.486	275528061.5234375
2.487	234708223.6328125
2.488	235978673.33984375
2.489	253798782.71484375
2.49	231690028.3203125
2.491	226059138.671875
2.492	254584710.9375
2.493	252498869.140625
2.494	295253851.07421875
2.495	264528570.3125
2.496	251587819.82421875
2.497	270368474.12109375
2.498	227210095.21484375
2.499	250757760.7421875
