0.9	6524019.256591797
0.901	6614535.400390625
0.902	6662019.317626953
0.903	6683009.979248047
0.904	6741347.473144531
0.905	6863595.458984375
0.906	6886540.924072266
0.907	6947535.247802734
0.908	7188470.123291016
0.909	7161434.020996094
0.91	7176351.5625
0.911	7263612.548828125
0.912	7438147.796630859
0.913	7463840.026855469
0.914	7470444.305419922
0.915	7628727.4169921875
0.916	7757137.359619141
0.917	7815306.732177734
0.918	7807892.791748047
0.919	8036395.416259766
0.92	7976636.444091797
0.921	7858874.053955078
0.922	7836296.875
0.923	7848176.6357421875
0.924	7911718.963623047
0.925	7993940.338134766
0.926	8049709.747314453
0.927	8112591.369628906
0.928	8113951.690673828
0.929	8181934.173583984
0.93	8261307.281494141
0.931	8309566.345214844
0.932	8407492.645263672
0.933	8442396.301269531
0.934	8543341.94946289
0.935	8546457.336425781
0.936	8667469.635009766
0.937	8709970.85571289
0.938	8849320.922851562
0.939	8881166.290283203
0.94	8991419.677734375
0.941	9044294.219970703
0.942	9215251.495361328
0.943	9263296.203613281
0.944	9278021.423339844
0.945	9347449.981689453
0.946	9490018.432617188
0.947	9465532.531738281
0.948	9650529.205322266
0.949	9859750.946044922
0.95	9712185.974121094
0.951	9834648.803710938
0.952	9998952.270507812
0.953	10057502.227783203
0.954	10268349.548339844
0.955	10235338.562011719
0.956	10301381.469726562
0.957	10392011.71875
0.958	10756916.809082031
0.959	10747043.823242188
0.96	10669745.60546875
0.961	10900817.077636719
0.962	10789018.859863281
0.963	11193750.732421875
0.964	11012946.105957031
0.965	11256303.649902344
0.966	11486703.002929688
0.967	11595235.107421875
0.968	11740301.940917969
0.969	11819870.422363281
0.97	11992548.156738281
0.971	11882607.604980469
0.972	12060956.848144531
0.973	11825951.66015625
0.974	11846383.911132812
0.975	11960838.928222656
0.976	12112620.239257812
0.977	12149977.783203125
0.978	12303715.8203125
0.979	12499124.450683594
0.98	12575362.609863281
0.981	12506680.358886719
0.982	12360688.049316406
0.983	12554117.553710938
0.984	12755755.493164062
0.985	12863309.08203125
0.986	12996105.895996094
0.987	13224212.768554688
0.988	13050669.43359375
0.989	13588197.875976562
0.99	12585938.4765625
0.991	12332458.984375
0.992	12470449.340820312
0.993	12665488.952636719
0.994	12820654.418945312
0.995	12985000.610351562
0.996	13081253.540039062
0.997	13289549.987792969
0.998	13257661.804199219
0.999	13154859.924316406
1.0	13384120.880126953
1.001	13521001.739501953
1.002	13648351.837158203
1.003	13917681.48803711
1.004	13753987.579345703
1.005	14014556.640625
1.006	13802539.428710938
1.007	14042820.495605469
1.008	14369317.474365234
1.009	14372834.197998047
1.01	14733698.333740234
1.011	14526268.463134766
1.012	14666918.823242188
1.013	14932596.6796875
1.014	14658834.197998047
1.015	15105449.493408203
1.016	14919740.966796875
1.017	14964895.141601562
1.018	15457359.191894531
1.019	15297809.692382812
1.02	15289139.099121094
1.021	15763929.809570312
1.022	15427202.117919922
1.023	15849985.3515625
1.024	16159226.013183594
1.025	16054723.052978516
1.026	15706317.504882812
1.027	15896845.36743164
1.028	15940866.241455078
1.029	16246609.191894531
1.03	16216257.232666016
1.031	16689106.59790039
1.032	16491407.928466797
1.033	16801839.263916016
1.034	16744647.521972656
1.035	17075314.94140625
1.036	17333042.266845703
1.037	17501255.584716797
1.038	17432622.314453125
1.039	17426739.227294922
1.04	17718183.319091797
1.041	18393142.852783203
1.042	17750691.10107422
1.043	17519289.459228516
1.044	18479671.38671875
1.045	18977439.056396484
1.046	19832386.352539062
1.047	17960453.002929688
1.048	18434527.770996094
1.049	19243319.885253906
1.05	19154546.447753906
1.051	19008773.681640625
1.052	18580517.181396484
1.053	20135111.358642578
1.054	20029084.930419922
1.055	20150104.583740234
1.056	19548013.153076172
1.057	19252138.946533203
1.058	20741595.458984375
1.059	20575591.247558594
1.06	21062874.145507812
1.061	20435127.868652344
1.062	20255881.65283203
1.063	21126709.350585938
1.064	22785160.522460938
1.065	22041151.977539062
1.066	21620196.899414062
1.067	20856613.28125
1.068	22152623.657226562
1.069	23329674.194335938
1.07	22599628.72314453
1.071	23248799.255371094
1.072	24244663.87939453
1.073	23060722.717285156
1.074	24521401.000976562
1.075	24915442.321777344
1.076	25579668.9453125
1.077	26130925.354003906
1.078	27097939.63623047
1.079	26206560.85205078
1.08	26442048.64501953
1.081	25718868.041992188
1.082	26383716.12548828
1.083	27923559.997558594
1.084	29394470.764160156
1.085	28306942.87109375
1.086	28087437.622070312
1.087	27743105.346679688
1.088	28940822.631835938
1.089	26359705.993652344
1.09	27795198.486328125
1.091	27972400.634765625
1.092	28656546.508789062
1.093	28272256.286621094
1.094	28050669.25048828
1.095	28707974.42626953
1.096	27447401.06201172
1.097	28666253.051757812
1.098	28165756.103515625
1.099	28013302.307128906
1.1	27807648.25439453
1.101	28394554.748535156
1.102	29112226.623535156
1.103	27182794.494628906
1.104	27334658.50830078
1.105	27603994.32373047
1.106	27340717.407226562
1.107	27192103.515625
1.108	27730609.86328125
1.109	28209048.950195312
1.11	27592083.49609375
1.111	27501673.767089844
1.112	28673745.483398438
1.113	28898234.68017578
1.114	28465993.530273438
1.115	28810651.67236328
1.116	29593227.294921875
1.117	28657860.16845703
1.118	30969085.388183594
1.119	29910580.932617188
1.12	29222096.435546875
1.121	29748572.265625
1.122	30747692.87109375
1.123	30679735.16845703
1.124	31685466.064453125
1.125	31953138.549804688
1.126	31911583.557128906
1.127	32047131.103515625
1.128	32393030.700683594
1.129	32759643.005371094
1.13	31671549.13330078
1.131	33056172.241210938
1.132	32656757.751464844
1.133	32532848.44970703
1.134	31632546.875
1.135	29872885.681152344
1.136	32839995.42236328
1.137	32821002.990722656
1.138	31251555.48095703
1.139	32687477.600097656
1.14	33434257.263183594
1.141	31985196.47216797
1.142	34022451.110839844
1.143	34140558.77685547
1.144	32471470.947265625
1.145	34841451.96533203
1.146	35521029.846191406
1.147	34848110.65673828
1.148	34477326.110839844
1.149	37093827.94189453
1.15	36930760.43701172
1.151	36403515.13671875
1.152	36796988.708496094
1.153	36202667.78564453
1.154	35666343.62792969
1.155	38347368.896484375
1.156	38089880.18798828
1.157	37429171.630859375
1.158	38147207.88574219
1.159	39119651.794433594
1.16	37164625.549316406
1.161	37409862.854003906
1.162	38572555.84716797
1.163	39590900.634765625
1.164	37149921.447753906
1.165	40711732.91015625
1.166	37981304.748535156
1.167	39666684.75341797
1.168	39351612.3046875
1.169	34812520.446777344
1.17	37814039.73388672
1.171	40004072.814941406
1.172	41217612.91503906
1.173	40665604.85839844
1.174	39869906.982421875
1.175	40766051.513671875
1.176	38933917.724609375
1.177	37047224.42626953
1.178	35565860.290527344
1.179	40198590.20996094
1.18	41343367.06542969
1.181	41475094.7265625
1.182	41229318.603515625
1.183	43214230.59082031
1.184	42361027.64892578
1.185	43358680.725097656
1.186	42798854.00390625
1.187	44464707.275390625
1.188	43911048.828125
1.189	42631480.83496094
1.19	44365738.40332031
1.191	44562398.80371094
1.192	45203116.2109375
1.193	46301664.91699219
1.194	42989508.7890625
1.195	42610489.2578125
1.196	43420200.927734375
1.197	42229457.64160156
1.198	40989689.57519531
1.199	42367990.783691406
1.2	41551622.86376953
1.201	42226044.79980469
1.202	42391236.083984375
1.203	42964042.724609375
1.204	46025853.39355469
1.205	45003764.16015625
1.206	50809453.73535156
1.207	45587176.87988281
1.208	49042771.97265625
1.209	45708708.49609375
1.21	49119718.26171875
1.211	44844655.2734375
1.212	46636901.97753906
1.213	47561340.576171875
1.214	51253827.392578125
1.215	51048751.09863281
1.216	50568022.4609375
1.217	51316215.576171875
1.218	52310527.46582031
1.219	52506685.546875
1.22	50151104.736328125
1.221	50466419.31152344
1.222	50216510.498046875
1.223	50247736.69433594
1.224	52297047.36328125
1.225	56007687.86621094
1.226	55068883.7890625
1.227	55030003.05175781
1.228	57652713.134765625
1.229	56342722.53417969
1.23	55268581.0546875
1.231	57304055.908203125
1.232	53996078.73535156
1.233	55153897.82714844
1.234	57547087.52441406
1.235	54261598.876953125
1.236	56018904.66308594
1.237	57527154.17480469
1.238	57201537.353515625
1.239	54959520.263671875
1.24	56077252.07519531
1.241	51056015.869140625
1.242	50707246.94824219
1.243	51955560.66894531
1.244	49874137.939453125
1.245	57874359.00878906
1.246	56960872.55859375
1.247	58670120.97167969
1.248	55945625.244140625
1.249	58894934.69238281
1.25	56232549.92675781
1.251	58489330.810546875
1.252	53777166.9921875
1.253	54216138.18359375
1.254	60958820.068359375
1.255	57771492.55371094
1.256	59608766.11328125
1.257	64324343.994140625
1.258	59857149.90234375
1.259	61250301.7578125
1.26	61864116.82128906
1.261	66477082.763671875
1.262	60333336.79199219
1.263	62179373.16894531
1.264	60662655.88378906
1.265	61938959.47265625
1.266	64341731.93359375
1.267	67286244.50683594
1.268	65816794.55566406
1.269	68890796.63085938
1.27	65697732.29980469
1.271	66541387.20703125
1.272	70128643.67675781
1.273	70198506.95800781
1.274	66225202.880859375
1.275	64898561.03515625
1.276	69372456.54296875
1.277	68580911.62109375
1.278	68020606.32324219
1.279	71149787.23144531
1.28	70153848.87695312
1.281	68952987.3046875
1.282	72013248.046875
1.283	68940275.87890625
1.284	70541941.77246094
1.285	72795904.66308594
1.286	65829904.17480469
1.287	72169856.81152344
1.288	70959733.15429688
1.289	71404259.64355469
1.29	74781944.09179688
1.291	72245710.20507812
1.292	71353749.0234375
1.293	71492452.27050781
1.294	78388311.5234375
1.295	71770074.82910156
1.296	78304392.70019531
1.297	78279965.08789062
1.298	80071668.45703125
1.299	76686480.59082031
1.3	79320182.25097656
1.301	76901779.78515625
1.302	80060548.58398438
1.303	78962869.99511719
1.304	82344149.65820312
1.305	79838229.24804688
1.306	83428891.11328125
1.307	76488870.23925781
1.308	80704760.98632812
1.309	78174396.24023438
1.31	79807984.13085938
1.311	82872641.11328125
1.312	83662543.45703125
1.313	80520744.140625
1.314	81053494.62890625
1.315	82365994.62890625
1.316	81152945.3125
1.317	82656263.91601562
1.318	78543126.70898438
1.319	83250846.55761719
1.32	79379335.69335938
1.321	80236840.94238281
1.322	79671851.80664062
1.323	80787260.49804688
1.324	78760146.24023438
1.325	73566228.14941406
1.326	79592517.70019531
1.327	73981515.625
1.328	74994809.81445312
1.329	76448085.44921875
1.33	72596054.6875
1.331	68230993.28613281
1.332	62671220.58105469
1.333	61604446.41113281
1.334	64731420.166015625
1.335	54289564.81933594
1.336	58232937.01171875
1.337	56200639.6484375
1.338	56592770.14160156
1.339	57947319.3359375
1.34	59861834.716796875
1.341	61359519.89746094
1.342	55957089.96582031
1.343	55296830.56640625
1.344	59479542.60253906
1.345	56522951.78222656
1.346	59016377.197265625
1.347	57080779.41894531
1.348	54897049.072265625
1.349	60036834.83886719
1.35	58818993.896484375
1.351	57784029.17480469
1.352	56869206.90917969
1.353	59257216.43066406
1.354	54529865.60058594
1.355	55812751.708984375
1.356	58805693.359375
1.357	58857559.326171875
1.358	58046448.2421875
1.359	58251544.79980469
1.36	59147908.935546875
1.361	59629265.01464844
1.362	55607302.24609375
1.363	61843481.81152344
1.364	60885847.900390625
1.365	59686492.1875
1.366	61715400.75683594
1.367	60161813.59863281
1.368	60266276.3671875
1.369	59645770.5078125
1.37	60099108.154296875
1.371	58768505.126953125
1.372	60636188.35449219
1.373	61135302.36816406
1.374	59857700.56152344
1.375	60791711.9140625
1.376	61708521.11816406
1.377	60531603.759765625
1.378	64532263.18359375
1.379	62062166.015625
1.38	65281286.1328125
1.381	63220376.83105469
1.382	65637942.626953125
1.383	60283800.78125
1.384	65207860.595703125
1.385	63606283.447265625
1.386	63754623.65722656
1.387	64611730.95703125
1.388	62569631.103515625
1.389	66618954.46777344
1.39	64517466.67480469
1.391	62479557.861328125
1.392	63488414.794921875
1.393	64772628.05175781
1.394	63466101.318359375
1.395	63331773.31542969
1.396	64442738.64746094
1.397	64770626.34277344
1.398	63084125.36621094
1.399	65532877.80761719
1.4	62987971.06933594
1.401	62843274.04785156
1.402	66790359.49707031
1.403	65203469.11621094
1.404	63146660.52246094
1.405	64092290.40527344
1.406	69458646.36230469
1.407	63662228.63769531
1.408	64805301.14746094
1.409	64711926.87988281
1.41	64297291.259765625
1.411	65353869.384765625
1.412	63275260.25390625
1.413	67635419.31152344
1.414	65164623.41308594
1.415	64694872.19238281
1.416	67376830.93261719
1.417	64605532.958984375
1.418	63157077.51464844
1.419	65052956.42089844
1.42	65573319.70214844
1.421	66281473.6328125
1.422	65849664.18457031
1.423	65511160.888671875
1.424	65553399.04785156
1.425	66294029.90722656
1.426	64444639.77050781
1.427	67199060.05859375
1.428	65691548.583984375
1.429	63000764.892578125
1.43	70480462.64648438
1.431	70133124.14550781
1.432	66307335.205078125
1.433	66736296.75292969
1.434	64030050.78125
1.435	69970636.71875
1.436	69512951.29394531
1.437	68761650.14648438
1.438	69435402.34375
1.439	69800834.83886719
1.44	67686522.21679688
1.441	67212861.45019531
1.442	67993553.58886719
1.443	72121290.28320312
1.444	70858258.66699219
1.445	67376915.0390625
1.446	70700553.22265625
1.447	68577993.53027344
1.448	71718235.10742188
1.449	74112651.97753906
1.45	71330691.40625
1.451	68577914.55078125
1.452	76840685.05859375
1.453	73673282.10449219
1.454	69742081.17675781
1.455	75909135.62011719
1.456	71726176.51367188
1.457	70507812.5
1.458	74340309.32617188
1.459	76168458.984375
1.46	76178145.01953125
1.461	75286100.21972656
1.462	72857968.38378906
1.463	71388803.22265625
1.464	75871703.36914062
1.465	75552217.65136719
1.466	78587526.61132812
1.467	77006309.93652344
1.468	73514762.81738281
1.469	73103602.05078125
1.47	75106546.02050781
1.471	76320484.98535156
1.472	76573716.796875
1.473	78449018.92089844
1.474	75214502.80761719
1.475	75348875.12207031
1.476	76211765.74707031
1.477	77329166.74804688
1.478	78196752.80761719
1.479	81574753.05175781
1.48	75358113.28125
1.481	79699343.38378906
1.482	76660258.54492188
1.483	77097604.00390625
1.484	81625073.85253906
1.485	78377078.24707031
1.486	78906251.09863281
1.487	81956192.13867188
1.488	78781605.95703125
1.489	80346014.28222656
1.49	78503191.77246094
1.491	83105468.87207031
1.492	82002914.30664062
1.493	80921086.05957031
1.494	78211769.28710938
1.495	81207071.16699219
1.496	82425418.33496094
1.497	81944130.98144531
1.498	83291676.02539062
1.499	83548265.86914062
1.5	82581571.2890625
1.501	82717239.74609375
1.502	77981587.15820312
1.503	88257719.7265625
1.504	82983698.97460938
1.505	86440189.453125
1.506	84866820.3125
1.507	87202863.15917969
1.508	83504758.42285156
1.509	88094718.26171875
1.51	84904395.75195312
1.511	85951718.01757812
1.512	89078871.82617188
1.513	85206557.6171875
1.514	86432548.33984375
1.515	91642470.94726562
1.516	89832280.2734375
1.517	86336018.67675781
1.518	87627097.29003906
1.519	87652905.02929688
1.52	88296323.2421875
1.521	91794827.88085938
1.522	89463296.26464844
1.523	92673331.17675781
1.524	91914605.95703125
1.525	88133350.09765625
1.526	89351180.6640625
1.527	91874923.70605469
1.528	92323198.12011719
1.529	92263187.74414062
1.53	96164350.5859375
1.531	92752512.93945312
1.532	88220054.44335938
1.533	92104562.01171875
1.534	98021340.33203125
1.535	94444906.49414062
1.536	95519937.74414062
1.537	92944746.33789062
1.538	94446993.1640625
1.539	99852696.04492188
1.54	95889170.16601562
1.541	94739974.36523438
1.542	99053071.41113281
1.543	97214411.25488281
1.544	96529781.25
1.545	99814004.8828125
1.546	104907127.19726562
1.547	97180005.61523438
1.548	99517104.98046875
1.549	99594126.953125
1.55	102711187.01171875
1.551	98946515.86914062
1.552	103216192.87109375
1.553	103917087.64648438
1.554	105577168.45703125
1.555	103515544.18945312
1.556	101301144.53125
1.557	102509962.15820312
1.558	98868484.375
1.559	103617007.8125
1.56	105091241.94335938
1.561	105078311.27929688
1.562	107752330.32226562
1.563	106866970.703125
1.564	109287133.30078125
1.565	103800277.83203125
1.566	103445919.921875
1.567	111723892.578125
1.568	114904267.33398438
1.569	107923732.421875
1.57	109130810.30273438
1.571	110404950.68359375
1.572	110493288.57421875
1.573	111146006.34765625
1.574	113958870.84960938
1.575	113594562.25585938
1.576	114147382.56835938
1.577	114344394.53125
1.578	113261608.64257812
1.579	112799510.49804688
1.58	115165568.60351562
1.581	115192230.71289062
1.582	115458265.86914062
1.583	119424944.58007812
1.584	114978957.27539062
1.585	115469855.22460938
1.586	121685571.04492188
1.587	120201601.07421875
1.588	120567241.94335938
1.589	122331102.05078125
1.59	118159512.93945312
1.591	123127256.8359375
1.592	121514610.3515625
1.593	122092501.46484375
1.594	125984731.93359375
1.595	126736564.69726562
1.596	126839658.69140625
1.597	125395056.88476562
1.598	124150941.89453125
1.599	126154444.82421875
1.6	128381901.3671875
1.601	131095833.74023438
1.602	124093174.56054688
1.603	133483364.2578125
1.604	129297475.09765625
1.605	129178888.91601562
1.606	128904542.23632812
1.607	131466372.0703125
1.608	133684048.33984375
1.609	133112800.04882812
1.61	132236651.12304688
1.611	132055655.2734375
1.612	133783006.8359375
1.613	135646202.1484375
1.614	134263063.72070312
1.615	134757642.578125
1.616	136529446.53320312
1.617	141038309.32617188
1.618	143073035.40039062
1.619	135295405.02929688
1.62	136601886.23046875
1.621	135733554.93164062
1.622	142894602.05078125
1.623	142742562.01171875
1.624	143748291.74804688
1.625	141783137.93945312
1.626	141876085.20507812
1.627	146173173.58398438
1.628	146636909.66796875
1.629	143696398.68164062
1.63	147462117.43164062
1.631	143299165.52734375
1.632	145112289.0625
1.633	148981395.75195312
1.634	150718950.43945312
1.635	147648658.203125
1.636	150066461.42578125
1.637	150168743.89648438
1.638	155023577.1484375
1.639	152614777.09960938
1.64	151889661.37695312
1.641	152993471.6796875
1.642	149253038.57421875
1.643	150763311.27929688
1.644	156044160.88867188
1.645	157725066.89453125
1.646	156486104.98046875
1.647	156727926.02539062
1.648	159920319.09179688
1.649	158375846.43554688
1.65	156841734.61914062
1.651	157146165.52734375
1.652	160232231.4453125
1.653	157481906.98242188
1.654	161807782.95898438
1.655	158583830.078125
1.656	162272474.609375
1.657	165535963.8671875
1.658	164154135.7421875
1.659	159227954.58984375
1.66	157995900.87890625
1.661	161305257.8125
1.662	159010311.5234375
1.663	167712634.27734375
1.664	167839754.8828125
1.665	169289579.58984375
1.666	172782080.078125
1.667	165609917.96875
1.668	166675515.13671875
1.669	167420867.1875
1.67	169451516.6015625
1.671	174149012.6953125
1.672	166386520.99609375
1.673	168182944.82421875
1.674	171236787.35351562
1.675	176282410.88867188
1.676	179887312.98828125
1.677	168592193.84765625
1.678	174163763.671875
1.679	176931940.91796875
1.68	173613099.609375
1.681	177259619.140625
1.682	180957978.515625
1.683	175134362.79296875
1.684	175320921.38671875
1.685	178995842.7734375
1.686	177187770.5078125
1.687	170295664.55078125
1.688	173995195.06835938
1.689	168406773.19335938
1.69	178607080.078125
1.691	181945224.12109375
1.692	165957045.41015625
1.693	173157192.3828125
1.694	172516490.47851562
1.695	171252927.49023438
1.696	169819676.26953125
1.697	163647184.5703125
1.698	163680541.015625
1.699	165940853.02734375
1.7	161443897.4609375
1.701	163802881.10351562
1.702	173709000.24414062
1.703	169002458.25195312
1.704	154363292.23632812
1.705	159465968.01757812
1.706	171115179.6875
1.707	164170089.35546875
1.708	153175158.69140625
1.709	153356835.69335938
1.71	172227549.31640625
1.711	151780657.95898438
1.712	147924646.24023438
1.713	154699037.59765625
1.714	146151936.76757812
1.715	143925033.93554688
1.716	140279409.66796875
1.717	143083784.42382812
1.718	136995929.44335938
1.719	130974432.6171875
1.72	143783669.921875
1.721	144936561.5234375
1.722	152515556.15234375
1.723	135943247.31445312
1.724	136897263.91601562
1.725	146753056.640625
1.726	147337899.90234375
1.727	122662014.6484375
1.728	142509683.83789062
1.729	139047189.453125
1.73	137300806.88476562
1.731	148792925.53710938
1.732	123250219.48242188
1.733	141939037.84179688
1.734	134065615.72265625
1.735	128996432.86132812
1.736	137867791.015625
1.737	124927605.95703125
1.738	138166486.57226562
1.739	137854121.58203125
1.74	131709433.59375
1.741	126354661.62109375
1.742	138384211.42578125
1.743	135350669.67773438
1.744	128656170.16601562
1.745	126283520.5078125
1.746	133510649.16992188
1.747	121145011.47460938
1.748	126892438.72070312
1.749	138404058.34960938
1.75	131197921.14257812
1.751	120799985.3515625
1.752	127343704.1015625
1.753	139016993.65234375
1.754	124259061.5234375
1.755	128115582.76367188
1.756	116077783.69140625
1.757	122476966.55273438
1.758	120368929.44335938
1.759	121652447.50976562
1.76	137847101.07421875
1.761	116691508.7890625
1.762	125806546.14257812
1.763	112975696.77734375
1.764	133740292.48046875
1.765	124863325.68359375
1.766	136381993.1640625
1.767	120359262.45117188
1.768	108991206.78710938
1.769	114636560.30273438
1.77	128622854.98046875
1.771	124788895.5078125
1.772	116734412.35351562
1.773	111930070.3125
1.774	128178717.28515625
1.775	115915506.34765625
1.776	114096721.19140625
1.777	117571016.35742188
1.778	117212402.83203125
1.779	122422410.64453125
1.78	120904961.42578125
1.781	113170132.32421875
1.782	117571680.6640625
1.783	114862302.97851562
1.784	126101490.96679688
1.785	111108658.93554688
1.786	109256849.85351562
1.787	105982736.328125
1.788	116936403.56445312
1.789	119307049.56054688
1.79	121476416.015625
1.791	108952442.3828125
1.792	111642978.515625
1.793	114748554.6875
1.794	112081278.56445312
1.795	113776581.78710938
1.796	110557810.05859375
1.797	120297615.96679688
1.798	118866724.36523438
1.799	122328301.7578125
1.8	107737003.90625
1.801	107209605.95703125
1.802	107616825.43945312
1.803	112313240.96679688
1.804	120875219.7265625
1.805	115589015.625
1.806	103911285.15625
1.807	111090990.234375
1.808	111957290.0390625
1.809	110697468.26171875
1.81	117571543.45703125
1.811	101253095.94726562
1.812	111977073.97460938
1.813	109542162.59765625
1.814	125368726.5625
1.815	118404515.38085938
1.816	112045106.20117188
1.817	113169417.96875
1.818	111515908.56933594
1.819	108310738.40332031
1.82	109223812.5
1.821	109803004.15039062
1.822	100494162.109375
1.823	117388356.93359375
1.824	127860104.98046875
1.825	113617636.47460938
1.826	108401959.22851562
1.827	113917763.18359375
1.828	109771094.97070312
1.829	116173485.10742188
1.83	118903154.54101562
1.831	110354862.06054688
1.832	115474318.359375
1.833	107692319.3359375
1.834	117852417.96875
1.835	110657518.5546875
1.836	112666003.41796875
1.837	121438089.11132812
1.838	110427613.03710938
1.839	111201699.70703125
1.84	110544387.93945312
1.841	123639502.68554688
1.842	106026922.8515625
1.843	112405684.81445312
1.844	107640409.1796875
1.845	113364237.42675781
1.846	108453208.37402344
1.847	105308691.16210938
1.848	106526662.109375
1.849	109659205.81054688
1.85	105149457.27539062
1.851	114580649.16992188
1.852	118796635.00976562
1.853	109896593.26171875
1.854	106397484.61914062
1.855	115010350.09765625
1.856	110971355.71289062
1.857	104634630.859375
1.858	99413174.31640625
1.859	104120372.55859375
1.86	101952928.95507812
1.861	102532951.90429688
1.862	109623036.86523438
1.863	107359191.40625
1.864	107494071.2890625
1.865	101798706.29882812
1.866	111709151.85546875
1.867	111583390.86914062
1.868	103252819.82421875
1.869	116645020.75195312
1.87	114002124.75585938
1.871	109246555.17578125
1.872	113345730.46875
1.873	102390754.15039062
1.874	113994320.3125
1.875	112047291.015625
1.876	116142928.95507812
1.877	108459694.3359375
1.878	112149602.29492188
1.879	107802052.00195312
1.88	115097719.48242188
1.881	111428536.1328125
1.882	114636692.62695312
1.883	121888383.7890625
1.884	122227647.4609375
1.885	106631840.57617188
1.886	117760674.07226562
1.887	113861072.02148438
1.888	123679297.60742188
1.889	113258576.41601562
1.89	118174561.27929688
1.891	118131725.34179688
1.892	106624489.99023438
1.893	114497992.43164062
1.894	115287560.30273438
1.895	118129272.70507812
1.896	116034233.64257812
1.897	123836509.03320312
1.898	111473943.84765625
1.899	118243282.71484375
1.9	125210292.96875
1.901	115945252.68554688
1.902	125041056.15234375
1.903	118243067.13867188
1.904	120377889.6484375
1.905	119722046.63085938
1.906	115309820.3125
1.907	114953592.52929688
1.908	127221655.2734375
1.909	121963755.61523438
1.91	121046833.49609375
1.911	112871635.98632812
1.912	119332774.16992188
1.913	125011747.80273438
1.914	122382055.90820312
1.915	126350034.66796875
1.916	117494820.55664062
1.917	115537317.62695312
1.918	119477440.4296875
1.919	132754521.72851562
1.92	117948464.59960938
1.921	114113352.05078125
1.922	122457437.74414062
1.923	124242993.1640625
1.924	113151394.77539062
1.925	122689611.08398438
1.926	122533006.34765625
1.927	114241401.12304688
1.928	134395645.99609375
1.929	118075729.98046875
1.93	121358399.4140625
1.931	113181451.41601562
1.932	121160541.9921875
1.933	123229676.51367188
1.934	116589924.31640625
1.935	123726951.41601562
1.936	121286663.57421875
1.937	122102349.36523438
1.938	120850280.76171875
1.939	113310458.49609375
1.94	111550744.99511719
1.941	112245085.08300781
1.942	121243744.62890625
1.943	121750750.48828125
1.944	121084956.0546875
1.945	115258856.20117188
1.946	115544199.21875
1.947	125430413.94042969
1.948	114170773.80371094
1.949	115008372.31445312
1.95	125638739.74609375
1.951	123053035.64453125
1.952	121540971.19140625
1.953	107521407.71484375
1.954	120739308.59375
1.955	117668026.85546875
1.956	112890688.96484375
1.957	119390200.43945312
1.958	121553923.09570312
1.959	134616638.42773438
1.96	116244565.91796875
1.961	112286131.34765625
1.962	120130988.28125
1.963	121105382.8125
1.964	121031078.85742188
1.965	113425320.55664062
1.966	122200112.79296875
1.967	123757279.296875
1.968	110994007.08007812
1.969	119047427.734375
1.97	130123364.74609375
1.971	115657590.8203125
1.972	126582204.34570312
1.973	119168826.41601562
1.974	116529951.41601562
1.975	120364261.23046875
1.976	107264774.16992188
1.977	120530471.6796875
1.978	118843970.45898438
1.979	123264394.77539062
1.98	112867181.88476562
1.981	121663608.64257812
1.982	114357075.92773438
1.983	116920647.21679688
1.984	118811344.97070312
1.985	118621004.15039062
1.986	118476083.0078125
1.987	123139174.31640625
1.988	116242125.0
1.989	120889254.15039062
1.99	109554729.4921875
1.991	116927103.02734375
1.992	113162664.0625
1.993	123056064.94140625
1.994	129367218.50585938
1.995	117932496.09375
1.996	121229568.11523438
1.997	122209212.890625
1.998	115436298.828125
1.999	121890353.02734375
2.0	114399157.2265625
2.001	118892496.09375
2.002	119208356.4453125
2.003	122490826.66015625
2.004	123610722.16796875
2.005	122414592.7734375
2.006	118686788.0859375
2.007	117052928.95507812
2.008	131708531.25
2.009	111815314.69726562
2.01	120783376.70898438
2.011	117565821.2890625
2.012	123853605.22460938
2.013	123005842.04101562
2.014	124904677.734375
2.015	125970375.24414062
2.016	117690348.14453125
2.017	116074006.10351562
2.018	125791608.64257812
2.019	120152794.67773438
2.02	111991792.48046875
2.021	128934092.04101562
2.022	126119387.20703125
2.023	123462763.671875
2.024	132633404.296875
2.025	126647593.75
2.026	118383663.33007812
2.027	122080260.49804688
2.028	126880100.83007812
2.029	114796906.73828125
2.03	131687285.88867188
2.031	117827803.46679688
2.032	133754524.90234375
2.033	125574896.72851562
2.034	125054915.52734375
2.035	129672197.265625
2.036	118326385.25390625
2.037	135102343.26171875
2.038	130017179.93164062
2.039	126025755.12695312
2.04	123962052.00195312
2.041	121930791.25976562
2.042	131954589.84375
2.043	139129192.3828125
2.044	119156455.56640625
2.045	120383353.75976562
2.046	128884513.671875
2.047	133008930.6640625
2.048	135582605.46875
2.049	122733087.15820312
2.05	127529580.56640625
2.051	137534002.19726562
2.052	126233489.50195312
2.053	131889009.52148438
2.054	123865700.92773438
2.055	129890421.38671875
2.056	127544607.66601562
2.057	135914707.51953125
2.058	139230679.93164062
2.059	135943548.58398438
2.06	137695993.89648438
2.061	125285918.9453125
2.062	131289129.39453125
2.063	133166751.70898438
2.064	122118080.32226562
2.065	133615594.97070312
2.066	131212056.15234375
2.067	141808533.44726562
2.068	135253258.05664062
2.069	130561496.09375
2.07	144277577.88085938
2.071	136803327.88085938
2.072	127979216.06445312
2.073	133827284.91210938
2.074	134473665.52734375
2.075	133016386.96289062
2.076	140095771.484375
2.077	136338913.81835938
2.078	140609010.00976562
2.079	138098281.49414062
2.08	135683046.63085938
2.081	137270372.0703125
2.082	140050783.44726562
2.083	136037229.73632812
2.084	138117198.97460938
2.085	138565449.95117188
2.086	142659764.6484375
2.087	132915180.41992188
2.088	143632091.796875
2.089	140439904.78515625
2.09	136122644.53125
2.091	148783302.00195312
2.092	139135089.59960938
2.093	149792019.28710938
2.094	136125440.91796875
2.095	142519143.31054688
2.096	142464842.52929688
2.097	140236358.88671875
2.098	145349525.390625
2.099	143839435.05859375
2.1	143155375.73242188
2.101	150541424.07226562
2.102	144058028.3203125
2.103	144200705.078125
2.104	146246791.9921875
2.105	142204802.24609375
2.106	149339250.0
2.107	149687873.53515625
2.108	145221347.41210938
2.109	142511397.21679688
2.11	150032183.10546875
2.111	153536531.49414062
2.112	142033322.99804688
2.113	149924798.828125
2.114	155465119.140625
2.115	151717549.31640625
2.116	153037838.13476562
2.117	142255962.15820312
2.118	147914279.54101562
2.119	147651674.56054688
2.12	151382330.32226562
2.121	152943596.6796875
2.122	153084234.86328125
2.123	154623331.29882812
2.124	151977106.93359375
2.125	160172217.52929688
2.126	153325677.00195312
2.127	154462458.49609375
2.128	149392470.45898438
2.129	147794616.69921875
2.13	152268641.84570312
2.131	155706172.11914062
2.132	157788574.70703125
2.133	159491330.078125
2.134	154756070.3125
2.135	159708070.06835938
2.136	161595005.61523438
2.137	156571352.05078125
2.138	157135836.18164062
2.139	157949362.06054688
2.14	154667584.71679688
2.141	152960796.875
2.142	155764280.51757812
2.143	156731208.984375
2.144	168336753.90625
2.145	167811972.41210938
2.146	167111598.87695312
2.147	164273721.19140625
2.148	160298560.546875
2.149	159997784.66796875
2.15	152959211.66992188
2.151	163794867.43164062
2.152	160238560.546875
2.153	156803252.9296875
2.154	165481822.02148438
2.155	165398723.87695312
2.156	160079145.99609375
2.157	164599145.99609375
2.158	168797222.65625
2.159	165482360.3515625
2.16	162028384.03320312
2.161	169063787.84179688
2.162	161605496.58203125
2.163	160209552.24609375
2.164	168401453.61328125
2.165	167697004.39453125
2.166	160554427.49023438
2.167	164867724.36523438
2.168	172756232.91015625
2.169	177725037.59765625
2.17	169236133.54492188
2.171	162464422.60742188
2.172	168075091.30859375
2.173	163532552.24609375
2.174	165336865.72265625
2.175	174084288.0859375
2.176	158832061.5234375
2.177	169034529.296875
2.178	161369895.5078125
2.179	162736713.8671875
2.18	168604864.74609375
2.181	172274938.96484375
2.182	171285614.2578125
2.183	164244734.86328125
2.184	170787043.9453125
2.185	167642705.56640625
2.186	163173421.875
2.187	168778728.02734375
2.188	170241581.0546875
2.189	174733651.3671875
2.19	167932345.21484375
2.191	177219983.3984375
2.192	170955654.296875
2.193	162381549.8046875
2.194	168847814.20898438
2.195	176234761.47460938
2.196	168058176.26953125
2.197	169396350.5859375
2.198	173590684.5703125
2.199	171072057.6171875
2.2	174262884.27734375
2.201	172467717.7734375
2.202	172749422.36328125
2.203	167284404.05273438
2.204	162860995.1171875
2.205	167097292.72460938
2.206	176247074.70703125
2.207	169551843.50585938
2.208	167574856.68945312
2.209	172956629.8828125
2.21	176029465.8203125
2.211	164884051.7578125
2.212	180148886.96289062
2.213	170550348.87695312
2.214	177315163.0859375
2.215	171724040.0390625
2.216	172628621.09375
2.217	168949545.41015625
2.218	176611774.4140625
2.219	167002847.65625
2.22	159772468.26171875
2.221	164752990.72265625
2.222	175144961.42578125
2.223	176031851.5625
2.224	176235146.97265625
2.225	183315065.91796875
2.226	179435421.875
2.227	167302451.90429688
2.228	169487670.65429688
2.229	166048056.640625
2.23	170101438.4765625
2.231	182315017.08984375
2.232	183973116.2109375
2.233	166458687.98828125
2.234	176859966.30859375
2.235	162234125.9765625
2.236	161268763.18359375
2.237	178410107.421875
2.238	175681774.90234375
2.239	166409386.23046875
2.24	183811484.86328125
2.241	181919378.41796875
2.242	170524062.5
2.243	168462385.25390625
2.244	169780606.93359375
2.245	175118937.5
2.246	187440479.00390625
2.247	169802817.3828125
2.248	172083273.4375
2.249	184493383.7890625
2.25	160374867.1875
2.251	184933083.0078125
2.252	172906471.19140625
2.253	177241185.05859375
2.254	168397015.86914062
2.255	166424933.83789062
2.256	174407076.171875
2.257	182427555.90820312
2.258	165167011.96289062
2.259	178783150.63476562
2.26	173889453.125
2.261	176139841.55273438
2.262	174746461.9140625
2.263	170903051.26953125
2.264	168467389.16015625
2.265	165639737.79296875
2.266	174535767.33398438
2.267	174504884.03320312
2.268	178500510.25390625
2.269	172802461.42578125
2.27	166786695.3125
2.271	173549822.265625
2.272	165929174.31640625
2.273	172560327.63671875
2.274	175614185.546875
2.275	180442366.69921875
2.276	172919059.5703125
2.277	181766180.6640625
2.278	179276509.765625
2.279	160673012.6953125
2.28	160935526.3671875
2.281	167221720.21484375
2.282	179252606.4453125
2.283	176603844.7265625
2.284	167345739.50195312
2.285	176497537.35351562
2.286	176334717.28515625
2.287	172232042.48046875
2.288	187659152.34375
2.289	166855074.46289062
2.29	180086593.50585938
2.291	177184295.8984375
2.292	162835360.83984375
2.293	166676573.97460938
2.294	118461406.73828125
2.295	134992665.0390625
2.296	138267578.85742188
2.297	145194563.72070312
2.298	143475293.9453125
2.299	151163087.64648438
2.3	160872706.54296875
2.301	136486656.98242188
2.302	162691001.953125
2.303	150636908.203125
2.304	164152927.24609375
2.305	148332711.18164062
2.306	153990835.9375
2.307	157864129.63867188
2.308	155573447.02148438
2.309	161461732.17773438
2.31	143580264.40429688
2.311	149594687.25585938
2.312	149311230.22460938
2.313	164411103.75976562
2.314	150244897.4609375
2.315	140132927.734375
2.316	153226833.984375
2.317	157757398.68164062
2.318	148072050.29296875
2.319	160656002.44140625
2.32	160159951.171875
2.321	147619596.6796875
2.322	150221783.69140625
2.323	122499804.6875
2.324	131421100.09765625
2.325	137834975.09765625
2.326	141633873.53515625
2.327	142686367.67578125
2.328	141859913.57421875
2.329	144741423.33984375
2.33	139119196.53320312
2.331	140532663.0859375
2.332	145072033.203125
2.333	151951822.50976562
2.334	140521146.97265625
2.335	143102676.7578125
2.336	141410531.73828125
2.337	139431936.5234375
2.338	147702642.08984375
2.339	138976251.953125
2.34	133698307.12890625
2.341	141164161.9873047
2.342	149977790.64941406
2.343	149376635.25390625
2.344	136451547.8515625
2.345	125417839.11132812
2.346	155417028.80859375
2.347	148661426.51367188
2.348	149874141.84570312
2.349	153077021.484375
2.35	142338577.39257812
2.351	133505260.98632812
2.352	134318073.48632812
2.353	123769132.56835938
2.354	124308174.07226562
2.355	140320821.04492188
2.356	129318124.51171875
2.357	139336381.8359375
2.358	135948881.34765625
2.359	120197132.56835938
2.36	143160541.74804688
2.361	132135967.52929688
2.362	133681505.12695312
2.363	131616745.1171875
2.364	134999748.53515625
2.365	142277842.7734375
2.366	139608851.07421875
2.367	135230464.11132812
2.368	131517208.0078125
2.369	134307063.23242188
2.37	140630036.62109375
2.371	132531767.33398438
2.372	146190708.25195312
2.373	137721275.63476562
2.374	138053608.15429688
2.375	140712332.03125
2.376	134837635.00976562
2.377	132293378.90625
2.378	137403660.88867188
2.379	128837581.29882812
2.38	145161586.42578125
2.381	127929328.36914062
2.382	135490315.91796875
2.383	124172103.27148438
2.384	118875004.8828125
2.385	139069199.95117188
2.386	123620749.14550781
2.387	117894663.45214844
2.388	121471203.85742188
2.389	129319569.09179688
2.39	146388007.32421875
2.391	138544427.00195312
2.392	118814930.17578125
2.393	124030782.71484375
2.394	147348787.84179688
2.395	125920690.18554688
2.396	131502502.68554688
2.397	129553252.68554688
2.398	124201841.30859375
2.399	131671362.79296875
2.4	131876335.44921875
2.401	121931829.58984375
2.402	127917067.3828125
2.403	128376631.8359375
2.404	125211307.12890625
2.405	129296512.45117188
2.406	127918286.1328125
2.407	124674179.6875
2.408	117661604.73632812
2.409	121214043.45703125
2.41	120371622.31445312
2.411	124859904.78515625
2.412	122576800.04882812
2.413	120775405.02929688
2.414	110822231.93359375
2.415	131938681.88476562
2.416	119217532.2265625
2.417	114608466.06445312
2.418	118231977.05078125
2.419	124299222.41210938
2.42	117060354.00390625
2.421	129473497.31445312
2.422	110405695.55664062
2.423	120052025.63476562
2.424	125445566.65039062
2.425	117788282.2265625
2.426	113470016.11328125
2.427	114646184.08203125
2.428	111366445.06835938
2.429	123843775.87890625
2.43	118653653.07617188
2.431	109529341.796875
2.432	119587690.18554688
2.433	115621859.13085938
2.434	111703500.9765625
2.435	113256090.57617188
2.436	119232686.76757812
2.437	100249948.73046875
2.438	114927011.47460938
2.439	124115735.3515625
2.44	114756318.11523438
2.441	118209094.97070312
2.442	112995608.27636719
2.443	109192749.87792969
2.444	104480481.20117188
2.445	114399030.2734375
2.446	113620792.72460938
2.447	117115502.19726562
2.448	99040987.42675781
2.449	111460377.07519531
2.45	115914986.08398438
2.451	117952590.8203125
2.452	100848616.45507812
2.453	103734249.26757812
2.454	98241232.91015625
2.455	105374553.46679688
2.456	114816120.1171875
2.457	115871004.39453125
2.458	116508213.8671875
2.459	114553323.73046875
2.46	108245166.015625
2.461	90111184.81445312
2.462	114163915.28320312
2.463	108968149.65820312
2.464	118351919.18945312
2.465	113822329.83398438
2.466	108597342.04101562
2.467	111649231.68945312
2.468	92800082.27539062
2.469	114111647.4609375
2.47	104668536.86523438
2.471	104184444.82421875
2.472	105981809.81445312
2.473	105349823.2421875
2.474	96776441.40625
2.475	96276004.15039062
2.476	96547853.75976562
2.477	117811185.79101562
2.478	110210305.90820312
2.479	94981184.81445312
2.48	105898146.484375
2.481	103380488.52539062
2.482	96295205.68847656
2.483	99565881.22558594
2.484	111842037.35351562
2.485	117983990.234375
2.486	108566253.66210938
2.487	97747245.48339844
2.488	97421021.60644531
2.489	99023814.20898438
2.49	92780863.28125
2.491	93418556.88476562
2.492	105143811.76757812
2.493	100955835.20507812
2.494	116060964.59960938
2.495	106582395.75195312
2.496	99804797.11914062
2.497	102879863.03710938
2.498	90741397.70507812
2.499	101495463.8671875
