# Flux units: erg / (cm m2 s)
# Wavelength units: Angstrom
wave	flux
9000.0	7.995864383487998e+16
9010.0	9.753275478835197e+16
9020.0	9.241216024575998e+16
9030.0	8.318141700505598e+16
9040.0	9.291063990681598e+16
9050.0	1.0401997914111998e+17
9060.0	9.170016272383998e+16
9070.0	1.0418551626137598e+17
9080.0	1.3113619854131197e+17
9090.0	1.1697597081190398e+17
9100.0	1.2635856699391998e+17
9110.0	1.1707071017779197e+17
9120.0	1.3878655451135997e+17
9130.0	1.3992470039756798e+17
9140.0	1.3158162314035197e+17
9150.0	1.4186296587059197e+17
9160.0	1.5294468561305597e+17
9170.0	1.5019963580415997e+17
9180.0	1.4442465276723197e+17
9190.0	1.6451949402521597e+17
9200.0	1.4521664851148797e+17
9210.0	1.1751324988211197e+17
9220.0	1.1593441083391998e+17
9230.0	9.443773356441598e+16
9240.0	1.0126140060467197e+17
9250.0	9.751328954777598e+16
9260.0	1.0090250685644798e+17
9270.0	1.0207777810022398e+17
9280.0	9.234670419967998e+16
9290.0	9.646389434777598e+16
9300.0	8.735618498559998e+16
9310.0	8.220869237145598e+16
9320.0	9.127612697804798e+16
9330.0	8.717879004364798e+16
9340.0	1.0359432832614398e+17
9350.0	7.852546929459198e+16
9360.0	9.680718502297598e+16
9370.0	9.226935677747197e+16
9380.0	1.0401226188390398e+17
9390.0	9.576576476774398e+16
9400.0	9.694685141401598e+16
9410.0	1.0426657118617598e+17
9420.0	1.2023629139148798e+17
9430.0	1.2231198900223998e+17
9440.0	1.0472871532953598e+17
9450.0	1.1151158437478398e+17
9460.0	1.1511850860543998e+17
9470.0	1.1997389992755197e+17
9480.0	1.3697565065215997e+17
9490.0	1.4625822421811197e+17
9500.0	1.1197169716428798e+17
9510.0	1.2198166999859197e+17
9520.0	1.3724149927116798e+17
9530.0	1.3414105664716798e+17
9540.0	1.4803413657190397e+17
9550.0	1.3493399925555197e+17
9560.0	1.4727705998131197e+17
9570.0	1.3222344864563197e+17
9580.0	1.6763004439756797e+17
9590.0	1.6251994662502397e+17
9600.0	1.4034094522367997e+17
9610.0	1.5710715772927997e+17
9620.0	1.4616700885401597e+17
9630.0	1.7395153108991997e+17
9640.0	1.3068971042406398e+17
9650.0	1.4425096349286397e+17
9660.0	1.6731787440947197e+17
9670.0	1.7935618801663997e+17
9680.0	1.5547121061068797e+17
9690.0	1.5546320525721597e+17
9700.0	1.8029703960985597e+17
9710.0	1.4878993232691197e+17
9720.0	1.6564955276902397e+17
9730.0	1.4047697069670398e+17
9740.0	1.4345829036851197e+17
9750.0	1.3958469910527997e+17
9760.0	1.4684577595391997e+17
9770.0	1.3913924514611197e+17
9780.0	1.5888155095859197e+17
9790.0	1.2941572964351998e+17
9800.0	1.6116822101196797e+17
9810.0	1.5041653689548797e+17
9820.0	1.3773573508300798e+17
9830.0	1.3210679508991997e+17
9840.0	1.4359631180595197e+17
9850.0	1.5665421457817597e+17
9860.0	1.5447712019251197e+17
9870.0	1.5561103979315197e+17
9880.0	1.6172614156287997e+17
9890.0	1.6594177412300797e+17
9900.0	7.176478798643199e+16
9910.0	3.774665667379199e+16
9920.0	3.709226765516799e+16
9930.0	4.733331033292799e+16
9940.0	6.310992910745598e+16
9950.0	7.404681219276798e+16
9960.0	7.450231203430398e+16
9970.0	7.740856703385598e+16
9980.0	6.536205697023999e+16
9990.0	5.934075530444798e+16
10000.0	7.223637861990398e+16
10010.0	7.930552018534398e+16
10020.0	8.328273828249598e+16
10030.0	1.0619567131852798e+17
10040.0	8.079019973017598e+16
10050.0	9.104838282444798e+16
10060.0	5.234131245465598e+16
10070.0	8.116483666739198e+16
10080.0	9.883080484454398e+16
10090.0	9.828863914803197e+16
10100.0	1.1394611963494398e+17
10110.0	9.796584590540798e+16
10120.0	8.679756935987198e+16
10130.0	1.0106014872371197e+17
10140.0	7.595777353318398e+16
10150.0	9.343535166259197e+16
10160.0	8.147122821529598e+16
10170.0	7.797593210879998e+16
10180.0	1.0108975775743998e+17
10190.0	8.777330838732798e+16
10200.0	8.497091300556798e+16
10210.0	1.1128311591731197e+17
10220.0	7.922476554649598e+16
10230.0	9.834693289574398e+16
10240.0	1.1320899534847998e+17
10250.0	1.0819556815667197e+17
10260.0	7.429665285734398e+16
10270.0	8.851722980556798e+16
10280.0	8.304128242483198e+16
10290.0	9.209577157427197e+16
10300.0	8.577522139135998e+16
10310.0	1.1325849953894398e+17
10320.0	9.348444350054398e+16
10330.0	1.1050780799795197e+17
10340.0	9.040809505587197e+16
10350.0	9.536350073651197e+16
10360.0	1.2064477793484798e+17
10370.0	1.3198774108159997e+17
10380.0	1.1470665823027197e+17
10390.0	1.0654926071398398e+17
10400.0	1.2280209997823998e+17
10410.0	1.4633842507775997e+17
10420.0	1.1263464466022398e+17
10430.0	9.395900042444798e+16
10440.0	1.4376287600639997e+17
10450.0	1.6298153502310397e+17
10460.0	1.7519425539276797e+17
10470.0	9.692176895180798e+16
10480.0	1.2334751547391998e+17
10490.0	1.5480399016755197e+17
10500.0	1.4277914787839997e+17
10510.0	1.3982849354956798e+17
10520.0	1.1168393383116798e+17
10530.0	1.5551215199846397e+17
10540.0	1.6803648608665597e+17
10550.0	1.6557631052185597e+17
10560.0	1.5097840271359997e+17
10570.0	1.2528650027007998e+17
10580.0	1.6386377777151997e+17
10590.0	1.5674122331750397e+17
10600.0	1.7316091422310397e+17
10610.0	1.6413859695820797e+17
10620.0	1.4797055039897597e+17
10630.0	1.7892197086003197e+17
10640.0	1.9250905559859197e+17
10650.0	1.7660315644723197e+17
10660.0	1.5935802651443197e+17
10670.0	1.5100961803468797e+17
10680.0	1.7166959850291197e+17
10690.0	1.8190467792895997e+17
10700.0	1.7645551904358397e+17
10710.0	1.7395234399846397e+17
10720.0	1.8981756600319997e+17
10730.0	1.7906198118399997e+17
10740.0	1.7933051232255997e+17
10750.0	1.8226752887193597e+17
10760.0	1.8297940711833597e+17
10770.0	1.9985271121510394e+17
10780.0	2.1306215288012797e+17
10790.0	2.0331561248358394e+17
10800.0	2.0227767245209597e+17
10810.0	1.9234438669926394e+17
10820.0	1.7991744120422394e+17
10830.0	1.9954884490035197e+17
10840.0	2.1744838062899197e+17
10850.0	2.0064911268249597e+17
10860.0	1.9175336352153597e+17
10870.0	1.9642712195071997e+17
10880.0	2.1702617831833597e+17
10890.0	1.7935999959039997e+17
10900.0	2.0638888624127997e+17
10910.0	1.9305939835289597e+17
10920.0	2.0670186363289597e+17
10930.0	2.1744657209753597e+17
10940.0	2.0624246571007997e+17
10950.0	2.0498701824819197e+17
10960.0	1.8734659613491197e+17
10970.0	2.0784588416614394e+17
10980.0	1.8470908880486394e+17
10990.0	1.9655354692403197e+17
11000.0	1.9127372664012797e+17
11010.0	2.0654968274943997e+17
11020.0	1.8190772102758394e+17
11030.0	1.6767462303334397e+17
11040.0	1.7528952193023997e+17
11050.0	1.7487581859020797e+17
11060.0	1.7881225494527997e+17
11070.0	1.6633977582387197e+17
11080.0	1.7532193813299197e+17
11090.0	1.7241671755366397e+17
11100.0	1.7084849586175997e+17
11110.0	1.6676440349081597e+17
11120.0	1.7525465992396797e+17
11130.0	1.8404045357055997e+17
11140.0	1.8541064041267197e+17
11150.0	1.7962191657369597e+17
11160.0	1.8281875819724797e+17
11170.0	1.8616798570086394e+17
11180.0	1.9542952745369597e+17
11190.0	1.8088820735999997e+17
11200.0	1.8015542444031997e+17
11210.0	1.7637201556275197e+17
11220.0	1.9198168806195197e+17
11230.0	1.9056682178969597e+17
11240.0	2.0002073581977597e+17
11250.0	1.9292548759551997e+17
11260.0	1.9869191739801597e+17
11270.0	1.9295329661747197e+17
11280.0	1.9657063111065597e+17
11290.0	1.9513383374028797e+17
11300.0	1.7763163884748797e+17
11310.0	2.0542529182105597e+17
11320.0	2.0786645644083197e+17
11330.0	1.9343024324607997e+17
11340.0	1.9369046441983997e+17
11350.0	1.8343129697484797e+17
11360.0	1.9245391596748797e+17
11370.0	1.8488045705625597e+17
11380.0	1.3272440438783997e+17
11390.0	1.5574129809817597e+17
11400.0	1.5582876978380797e+17
11410.0	1.1949075968819197e+17
11420.0	1.8190495488409597e+17
11430.0	1.8449986145484797e+17
11440.0	1.8808354111487997e+17
11450.0	2.0029747652198394e+17
11460.0	2.0431750561791997e+17
11470.0	1.9544465185177597e+17
11480.0	1.8027646392729597e+17
11490.0	2.0954448160358394e+17
11500.0	2.1826278339379197e+17
11510.0	2.0751103924633597e+17
11520.0	2.1088326280806394e+17
11530.0	2.0729826954444797e+17
11540.0	1.9737562736230394e+17
11550.0	2.1634725550489597e+17
11560.0	2.1152954790707197e+17
11570.0	2.0706328890572797e+17
11580.0	2.1052385918975997e+17
11590.0	2.0732207064678394e+17
11600.0	1.9285868124569597e+17
11610.0	1.7495104841318397e+17
11620.0	2.0577008982425597e+17
11630.0	2.0876493140787197e+17
11640.0	1.8016960905215997e+17
11650.0	2.1109068949094394e+17
11660.0	1.9696068906188797e+17
11670.0	2.1089333333196797e+17
11680.0	1.9433908495974394e+17
11690.0	1.1470058795827197e+17
11700.0	1.5930682048511997e+17
11710.0	1.9507568023961597e+17
11720.0	2.0825422430207997e+17
11730.0	2.1017763512319997e+17
11740.0	2.0333480850227197e+17
11750.0	2.0141180505292797e+17
11760.0	1.8501377877606394e+17
11770.0	1.2039406079180798e+17
11780.0	1.0684424486911998e+17
11790.0	1.7698308174643197e+17
11800.0	1.9928501872230394e+17
11810.0	2.0140593407590394e+17
11820.0	2.0432190177279997e+17
11830.0	1.9575954682675197e+17
11840.0	2.0771190918348797e+17
11850.0	2.0769855923814394e+17
11860.0	2.0682413336166394e+17
11870.0	2.0793654194995197e+17
11880.0	1.9878789329715197e+17
11890.0	1.6725526131507197e+17
11900.0	2.0843656904703997e+17
11910.0	2.1304229940428797e+17
11920.0	2.1484068955750394e+17
11930.0	2.1018861843251197e+17
11940.0	1.9667203024486394e+17
11950.0	1.9379632996351997e+17
11960.0	1.9345344089292797e+17
11970.0	1.7624059582873597e+17
11980.0	1.4986043221606397e+17
11990.0	1.8586648811929597e+17
12000.0	1.8246961620582394e+17
12010.0	1.8657970277580797e+17
12020.0	1.8688318373887997e+17
12030.0	1.9187742487347197e+17
12040.0	2.0180199433830394e+17
12050.0	1.9442270889574394e+17
12060.0	2.2022582697983997e+17
12070.0	1.9735514447871997e+17
12080.0	2.1916719146598394e+17
12090.0	1.8816838769049597e+17
12100.0	2.1269880084889597e+17
12110.0	1.9118021410815997e+17
12120.0	1.9884307591987197e+17
12130.0	2.0850659504947197e+17
12140.0	2.0923598766079997e+17
12150.0	2.1497858962227197e+17
12160.0	2.1077945325977597e+17
12170.0	2.1140397568819197e+17
12180.0	2.1262034953830394e+17
12190.0	2.1274088334950394e+17
12200.0	2.0517528168038394e+17
12210.0	2.0728167373209597e+17
12220.0	2.0687069485465597e+17
12230.0	2.0138063927705597e+17
12240.0	2.1084869964595197e+17
12250.0	2.2086082782822394e+17
12260.0	2.1991908494540797e+17
12270.0	2.1812746387455997e+17
12280.0	2.2110242865151997e+17
12290.0	2.1191709635379197e+17
12300.0	2.1430510288895997e+17
12310.0	2.2051222192127997e+17
12320.0	2.0818170321305597e+17
12330.0	2.1031617613004797e+17
12340.0	2.1237351789363197e+17
12350.0	2.0959787378278394e+17
12360.0	2.0626146381004797e+17
12370.0	2.1207608354406394e+17
12380.0	2.0846398092083197e+17
12390.0	2.0465226455449597e+17
12400.0	2.0714384470835197e+17
12410.0	1.8434761267609597e+17
12420.0	1.8362776210636797e+17
12430.0	1.6685398084812797e+17
12440.0	1.4605352553676797e+17
12450.0	2.0627498126540797e+17
12460.0	2.0381328474111997e+17
12470.0	1.9854325186559997e+17
12480.0	1.9808451349708797e+17
12490.0	2.0415147776409597e+17
12500.0	1.8395550554521597e+17
12510.0	2.0128639955763197e+17
12520.0	1.5404226550169597e+17
12530.0	1.4550787286630397e+17
12540.0	2.0239019383193597e+17
12550.0	2.0031164619161597e+17
12560.0	1.9469548545638394e+17
12570.0	2.1409371154022394e+17
12580.0	2.0342058411622394e+17
12590.0	2.0193503661260797e+17
12600.0	2.0795830357196797e+17
12610.0	2.1032054502195197e+17
12620.0	2.0329973101363197e+17
12630.0	2.0810458778828797e+17
12640.0	1.9673561432063997e+17
12650.0	2.0818092097535997e+17
12660.0	2.0456486469631997e+17
12670.0	2.1089030766591997e+17
12680.0	1.9562086111641597e+17
12690.0	2.1443512945868797e+17
12700.0	2.1020642639871997e+17
12710.0	2.1243313573068797e+17
12720.0	2.2162524916940797e+17
12730.0	2.1914550796287997e+17
12740.0	2.0787801043763197e+17
12750.0	2.0126922073702394e+17
12760.0	2.1673001300787197e+17
12770.0	2.1023643847884797e+17
12780.0	2.1084607532236797e+17
12790.0	2.2084007913062394e+17
12800.0	2.1154928394239997e+17
12810.0	2.1098589401907197e+17
12820.0	2.0672088689868797e+17
12830.0	2.0010647735500797e+17
12840.0	2.1212219677081597e+17
12850.0	2.0353538378956797e+17
12860.0	1.9673935065907197e+17
12870.0	2.0341866600857597e+17
12880.0	2.0368393922150394e+17
12890.0	2.0507109490687997e+17
12900.0	2.0841350011289597e+17
12910.0	2.0900050003558394e+17
12920.0	2.0348558114815997e+17
12930.0	1.8770993086463997e+17
12940.0	2.0984697402163197e+17
12950.0	2.0155668155596797e+17
12960.0	2.2759902439014394e+17
12970.0	2.1863294356684797e+17
12980.0	2.1679042304409597e+17
12990.0	2.1181176846745597e+17
13000.0	2.2191757852671997e+17
13010.0	2.1104360633139197e+17
13020.0	2.1518768406527997e+17
13030.0	2.1085190252134394e+17
13040.0	2.1455905069465597e+17
13050.0	2.0704443236351997e+17
13060.0	2.2227501921075194e+17
13070.0	2.0385862883737597e+17
13080.0	2.1949126777241597e+17
13090.0	2.0797416092467197e+17
13100.0	2.1321241172377597e+17
13110.0	2.1649875795967997e+17
13120.0	2.2016634755481597e+17
13130.0	2.0997271034265597e+17
13140.0	2.1197103772467197e+17
13150.0	2.1894914585395197e+17
13160.0	2.1640073497804797e+17
13170.0	2.1093349851135997e+17
13180.0	2.0971359725158394e+17
13190.0	2.1844010886758394e+17
13200.0	1.9895397174476797e+17
13210.0	2.0772505675366394e+17
13220.0	2.0520647996211197e+17
13230.0	2.0875941825740797e+17
13240.0	2.0269559657267197e+17
13250.0	1.9357383786495997e+17
13260.0	2.0648584439398394e+17
13270.0	1.8564958126079997e+17
13280.0	1.9352156582707197e+17
13290.0	1.9175466545971197e+17
13300.0	1.9142960427827197e+17
13310.0	1.7436548163174397e+17
13320.0	1.4939075851059197e+17
13330.0	1.5973384244428797e+17
13340.0	1.6342308198809597e+17
13350.0	1.0561688961023998e+17
13360.0	1.2006097813503998e+17
13370.0	1.0838253083033598e+17
13380.0	1.1384576068812798e+17
13390.0	1.2069337091276798e+17
13400.0	1.2742251210342398e+17
13410.0	1.3914893293977597e+17
13420.0	1.1240678857113597e+17
13430.0	1.0537780078182398e+17
13440.0	1.3008895108710398e+17
13450.0	1.1492790960127998e+17
13460.0	1.3599970322022398e+17
13470.0	1.1082503461273597e+17
13480.0	9.631981987430398e+16
13490.0	1.2986508587827197e+17
13500.0	1.1981390767718398e+17
13510.0	1.1257233657036798e+17
13520.0	1.0774414701363197e+17
13530.0	1.2872545193164798e+17
13540.0	9.838702375731197e+16
13550.0	1.0391175128678398e+17
13560.0	1.1551442704793597e+17
13570.0	1.2053055419187197e+17
13580.0	1.1719700198195197e+17
13590.0	1.2290653913087998e+17
13600.0	1.2009028707942398e+17
13610.0	1.2194670313471998e+17
13620.0	9.748245656371197e+16
13630.0	1.2983466459135998e+17
13640.0	1.3094619263795197e+17
13650.0	1.2096014988083197e+17
13660.0	1.3586523802828798e+17
13670.0	1.2567536546611197e+17
13680.0	1.2811614879743998e+17
13690.0	1.1815430927155197e+17
13700.0	1.2858898146918398e+17
13710.0	1.2191655657471998e+17
13720.0	1.3107780622745597e+17
13730.0	1.2733706613555197e+17
13740.0	1.3067613503487998e+17
13750.0	1.3190294090547197e+17
13760.0	1.3488225779711997e+17
13770.0	1.3083953096294398e+17
13780.0	1.3734975111167997e+17
13790.0	1.3459732902707197e+17
13800.0	1.4702170603519997e+17
13810.0	1.2744846947123197e+17
13820.0	1.3978293685452798e+17
13830.0	1.0897413452595197e+17
13840.0	1.3952463562342398e+17
13850.0	1.2736435152486398e+17
13860.0	1.2359875205529597e+17
13870.0	1.4304809923379197e+17
13880.0	1.1719250804735998e+17
13890.0	1.3517701369036798e+17
13900.0	1.2217362245222398e+17
13910.0	1.1193219284991998e+17
13920.0	1.1711648995737597e+17
13930.0	1.1653877137407998e+17
13940.0	1.1515351806771197e+17
13950.0	1.1448827156889597e+17
13960.0	1.1378356138803197e+17
13970.0	1.1617378920038398e+17
13980.0	1.0583639759257598e+17
13990.0	1.1777335558143998e+17
14000.0	1.0906847228723197e+17
14010.0	1.0430495902924798e+17
14020.0	1.2291822767308798e+17
14030.0	1.2156769350451197e+17
14040.0	1.1069233640243197e+17
14050.0	1.1008702952243197e+17
14060.0	1.4001559751884798e+17
14070.0	1.0655805472767998e+17
14080.0	1.1106553456230398e+17
14090.0	1.0375115538431998e+17
14100.0	1.1462362392166398e+17
14110.0	1.0944630030335998e+17
14120.0	9.328492163891197e+16
14130.0	1.1493643255807998e+17
14140.0	1.0254258955878398e+17
14150.0	1.0658106441727998e+17
14160.0	1.1694691110092798e+17
14170.0	1.0101200112844798e+17
14180.0	9.384710910771197e+16
14190.0	9.662536679423998e+16
14200.0	1.1024131293183998e+17
14210.0	1.1085072891903998e+17
14220.0	1.0324690822758398e+17
14230.0	1.0384434711756798e+17
14240.0	9.096569474252798e+16
14250.0	1.0699979017420798e+17
14260.0	9.638355900825598e+16
14270.0	1.0798028082380798e+17
14280.0	1.0255086439628798e+17
14290.0	8.334854900940798e+16
14300.0	1.1873900770099197e+17
14310.0	1.1397084531916798e+17
14320.0	1.0155933276569598e+17
14330.0	1.1024505084313598e+17
14340.0	8.211858823577598e+16
14350.0	1.1224888508415998e+17
14360.0	1.1214093601996798e+17
14370.0	1.0346958028799998e+17
14380.0	1.1035221583462398e+17
14390.0	1.0898685519462398e+17
14400.0	1.0058264032051197e+17
14410.0	9.840352113459197e+16
14420.0	1.0441826998681598e+17
14430.0	1.1329220247551998e+17
14440.0	1.1280125145907197e+17
14450.0	9.221969870847998e+16
14460.0	1.1717789745151998e+17
14470.0	1.0028780512870398e+17
14480.0	1.1116213515059197e+17
14490.0	1.1827650992537597e+17
14500.0	1.0279779329638398e+17
14510.0	9.318340283596798e+16
14520.0	1.2936463751577597e+17
14530.0	1.1603792337305597e+17
14540.0	1.0243888539238398e+17
14550.0	1.2336523168972798e+17
14560.0	1.0399850011033598e+17
14570.0	9.261311511756798e+16
14580.0	1.1769015723622398e+17
14590.0	1.2201400388812798e+17
14600.0	1.1791441172889597e+17
14610.0	1.1705599079219197e+17
14620.0	1.0581762847539197e+17
14630.0	9.282566304563197e+16
14640.0	1.1567613581721597e+17
14650.0	1.1384233341747197e+17
14660.0	1.2073344224460798e+17
14670.0	1.2032220253388798e+17
14680.0	9.980254224383998e+16
14690.0	9.804063388467197e+16
14700.0	1.0865761687961598e+17
14710.0	1.1088656203775998e+17
14720.0	1.1496855411097597e+17
14730.0	1.1972966822707197e+17
14740.0	1.0712501452799998e+17
14750.0	1.0500259971071998e+17
14760.0	1.0817065163161598e+17
14770.0	1.1247416377343998e+17
14780.0	1.1019263724748798e+17
14790.0	1.2281157674598398e+17
14800.0	1.0228663320575998e+17
14810.0	1.1435009979187197e+17
14820.0	1.0132221198335998e+17
14830.0	1.1498060539494398e+17
14840.0	1.1983546797260798e+17
14850.0	1.1100066991308798e+17
14860.0	1.1488336701030398e+17
14870.0	1.1826066830131197e+17
14880.0	1.0980912345907197e+17
14890.0	1.1026767255961598e+17
14900.0	1.1277832500019197e+17
14910.0	1.1936708453990398e+17
14920.0	1.1914191909683197e+17
14930.0	1.1556866018508798e+17
14940.0	1.1011446983884798e+17
14950.0	1.1227053162495998e+17
14960.0	1.1393687171891197e+17
14970.0	1.1896452258201597e+17
14980.0	1.2068857498828798e+17
14990.0	1.2177216608665597e+17
15000.0	1.1819470317158398e+17
15010.0	1.1729979205222398e+17
15020.0	1.0331053096959998e+17
15030.0	1.2542584291327998e+17
15040.0	1.1935307792383998e+17
15050.0	1.2460023873535998e+17
15060.0	1.1977614583398398e+17
15070.0	1.2545783260774398e+17
15080.0	1.1469135754035197e+17
15090.0	1.2505264868556798e+17
15100.0	1.1658043693465597e+17
15110.0	1.2134135942348798e+17
15120.0	1.2700096554598398e+17
15130.0	1.1776523842355197e+17
15140.0	1.1796385103871998e+17
15150.0	1.3092723438387197e+17
15160.0	1.2219441925324798e+17
15170.0	9.402395839692798e+16
15180.0	1.1786678540697597e+17
15190.0	1.2461535107481597e+17
15200.0	1.2161185821491197e+17
15210.0	1.3344860930047997e+17
15220.0	1.2822723533209597e+17
15230.0	1.2861716850278398e+17
15240.0	1.2915638481715197e+17
15250.0	1.1947305965977597e+17
15260.0	1.1974120334950398e+17
15270.0	1.2597681795891197e+17
15280.0	1.2650530629222398e+17
15290.0	1.2278104588287998e+17
15300.0	1.3581100751257597e+17
15310.0	1.3097913679871998e+17
15320.0	1.1696145432575998e+17
15330.0	1.2196374301900798e+17
15340.0	1.3497668311449597e+17
15350.0	1.2901949033676798e+17
15360.0	1.3345100739379197e+17
15370.0	1.2974721649868798e+17
15380.0	1.2882284196659197e+17
15390.0	1.3790367029657597e+17
15400.0	1.2652697459097597e+17
15410.0	1.2213779877068798e+17
15420.0	1.3125697037926398e+17
15430.0	1.2769472308838398e+17
15440.0	1.2739539999129597e+17
15450.0	1.3383483523071997e+17
15460.0	1.4026107178188798e+17
15470.0	1.3001449852108798e+17
15480.0	1.2950768032153597e+17
15490.0	1.3329283049062398e+17
15500.0	1.3532503028531197e+17
15510.0	1.2831154162892798e+17
15520.0	1.3741784511283197e+17
15530.0	1.3811051397119997e+17
15540.0	1.3466535696793597e+17
15550.0	1.3357206365798398e+17
15560.0	1.3168463210086398e+17
15570.0	1.3304306152243197e+17
15580.0	1.2802194145279998e+17
15590.0	1.3696913820876798e+17
15600.0	1.3521297945395197e+17
15610.0	1.3474867314687997e+17
15620.0	1.3838478842265597e+17
15630.0	1.3659134571315197e+17
15640.0	1.4150177993523197e+17
15650.0	1.3307223946035197e+17
15660.0	1.2976564286259197e+17
15670.0	1.4371750071500798e+17
15680.0	1.4596914151423997e+17
15690.0	1.3797499076607997e+17
15700.0	1.3731290284031997e+17
15710.0	1.4130926059519997e+17
15720.0	1.3883171799039997e+17
15730.0	1.3922812533145597e+17
15740.0	1.4295346131763197e+17
15750.0	1.4387105313587197e+17
15760.0	1.4161557612134398e+17
15770.0	1.4281633719910398e+17
15780.0	1.4027602814566398e+17
15790.0	1.4307926474751997e+17
15800.0	1.4381837923123197e+17
15810.0	1.4527541831270397e+17
15820.0	1.4360979990118398e+17
15830.0	1.4771322381926397e+17
15840.0	1.3993903993651197e+17
15850.0	1.4171088643686398e+17
15860.0	1.5039355787673597e+17
15870.0	1.4631784651161597e+17
15880.0	1.4818838236364797e+17
15890.0	1.4630291662438397e+17
15900.0	1.3969704878079997e+17
15910.0	1.4797331129958397e+17
15920.0	1.4566934315007997e+17
15930.0	1.4606063632383997e+17
15940.0	1.4841882109542397e+17
15950.0	1.4990434788966397e+17
15960.0	1.5277935086796797e+17
15970.0	1.4970977438924797e+17
15980.0	1.4792015478783997e+17
15990.0	1.4894587052031997e+17
16000.0	1.5026447109324797e+17
16010.0	1.5085331729612797e+17
16020.0	1.4561246655283197e+17
16030.0	1.5483987086540797e+17
16040.0	1.4849626891878397e+17
16050.0	1.4905703897497597e+17
16060.0	1.4728052578713597e+17
16070.0	1.4861874600345597e+17
16080.0	1.5116048872243197e+17
16090.0	1.5216348967731197e+17
16100.0	1.5141407686655997e+17
16110.0	1.4952214351052797e+17
16120.0	1.5080973035110397e+17
16130.0	1.5313658314751997e+17
16140.0	1.5177938265702397e+17
16150.0	1.5041957042585597e+17
16160.0	1.5171646416486397e+17
16170.0	1.5495642375782397e+17
16180.0	1.5652900857446397e+17
16190.0	1.4723285149286397e+17
16200.0	1.4924975754444797e+17
16210.0	1.4698969169919997e+17
16220.0	1.5283172566630397e+17
16230.0	1.5293652428390397e+17
16240.0	1.5648441578291197e+17
16250.0	1.5273140420607997e+17
16260.0	1.5075014449561597e+17
16270.0	1.5496473057689597e+17
16280.0	1.5502447922380797e+17
16290.0	1.5519940057497597e+17
16300.0	1.5649959025049597e+17
16310.0	1.5399759406694397e+17
16320.0	1.5430016040959997e+17
16330.0	1.5729206414540797e+17
16340.0	1.5706723739238397e+17
16350.0	1.5581373975756797e+17
16360.0	1.5633196856115197e+17
16370.0	1.5521525556838397e+17
16380.0	1.5681446215679997e+17
16390.0	1.5717537153023997e+17
16400.0	1.5624944772710397e+17
16410.0	1.5718265048268797e+17
16420.0	1.5486196462387197e+17
16430.0	1.5637455044607997e+17
16440.0	1.5763736441651197e+17
16450.0	1.5836099615129597e+17
16460.0	1.5731520359628797e+17
16470.0	1.5994240237567997e+17
16480.0	1.5900810333388797e+17
16490.0	1.5792259334143997e+17
16500.0	1.5868433609523197e+17
16510.0	1.5804571163033597e+17
16520.0	1.6013533721395197e+17
16530.0	1.5762132854374397e+17
16540.0	1.5762855532953597e+17
16550.0	1.5938256712499197e+17
16560.0	1.6153328353279997e+17
16570.0	1.6122741129215997e+17
16580.0	1.6075291308851197e+17
16590.0	1.5736908205260797e+17
16600.0	1.5860011001446397e+17
16610.0	1.5576872884633597e+17
16620.0	1.5799032453529597e+17
16630.0	1.6180237408665597e+17
16640.0	1.6167666266931197e+17
16650.0	1.5989025406975997e+17
16660.0	1.6053096860876797e+17
16670.0	1.5863827687014397e+17
16680.0	1.5841041186815997e+17
16690.0	1.6125048940134397e+17
16700.0	1.6126706765004797e+17
16710.0	1.5899471328051197e+17
16720.0	1.5819223387340797e+17
16730.0	1.5939879724646397e+17
16740.0	1.6180013432831997e+17
16750.0	1.6227534215577597e+17
16760.0	1.6324298565222397e+17
16770.0	1.5798971400191997e+17
16780.0	1.6154415412019197e+17
16790.0	1.6236561930649597e+17
16800.0	1.6039629396377597e+17
16810.0	1.5895569891327997e+17
16820.0	1.6282440381235197e+17
16830.0	1.6107375480012797e+17
16840.0	1.5960421144985597e+17
16850.0	1.6027094299443197e+17
16860.0	1.6066740722073597e+17
16870.0	1.5664616937881597e+17
16880.0	1.5668792052940797e+17
16890.0	1.5404526521548797e+17
16900.0	1.5810853417779197e+17
16910.0	1.5884659615334397e+17
16920.0	1.5316747839078397e+17
16930.0	1.5595222676275197e+17
16940.0	1.5697516009881597e+17
16950.0	1.5356535478681597e+17
16960.0	1.5307926562406397e+17
16970.0	1.5188026903756797e+17
16980.0	1.4906185141452797e+17
16990.0	1.5128782097612797e+17
17000.0	1.4862203853209597e+17
17010.0	1.4923419562803197e+17
17020.0	1.5452263940095997e+17
17030.0	1.5115861753855997e+17
17040.0	1.4438943791513597e+17
17050.0	1.4519068367257597e+17
17060.0	1.5043636127334397e+17
17070.0	1.4531364965580797e+17
17080.0	1.3835003966259197e+17
17090.0	1.4018711728947197e+17
17100.0	1.4766043378483197e+17
17110.0	1.3322587183513597e+17
17120.0	1.3567564526387197e+17
17130.0	1.3876846290534398e+17
17140.0	1.3346989670399997e+17
17150.0	1.3282659427942398e+17
17160.0	1.3142014112563197e+17
17170.0	1.2834623560089597e+17
17180.0	1.2573761024819197e+17
17190.0	1.2129082487603197e+17
17200.0	1.2826022589235197e+17
17210.0	1.2897534345215998e+17
17220.0	1.3450406972620798e+17
17230.0	1.2232987325235197e+17
17240.0	1.2669840444620798e+17
17250.0	1.3299534790655997e+17
17260.0	1.2792244443545597e+17
17270.0	1.0665056534527998e+17
17280.0	1.2751895029350398e+17
17290.0	1.2332032747110398e+17
17300.0	1.2287560122367998e+17
17310.0	1.2923816561868798e+17
17320.0	1.0674211153510398e+17
17330.0	1.2164701224959998e+17
17340.0	1.1780353635123197e+17
17350.0	1.1081671298252798e+17
17360.0	1.1914945757183998e+17
17370.0	1.0875586871295998e+17
17380.0	1.1727704503091197e+17
17390.0	1.1782062551859197e+17
17400.0	1.0796651931238398e+17
17410.0	1.0134765672857598e+17
17420.0	1.1725929185279998e+17
17430.0	1.1138250257203197e+17
17440.0	1.0777301286911998e+17
17450.0	1.0349535415500798e+17
17460.0	1.1036675093299197e+17
17470.0	9.824514631270398e+16
17480.0	1.0291069321215998e+17
17490.0	1.1428377801523197e+17
17500.0	1.0633990438911998e+17
17510.0	9.330624718438398e+16
17520.0	1.0257218705817598e+17
17530.0	1.1222499262463998e+17
17540.0	9.323084722995197e+16
17550.0	9.996451735142398e+16
17560.0	8.418921558835198e+16
17570.0	9.699246814003197e+16
17580.0	9.090902340403197e+16
17590.0	9.041821224140798e+16
17600.0	1.1096253110681597e+17
17610.0	8.726537594470398e+16
17620.0	9.464064953548798e+16
17630.0	8.211496671641598e+16
17640.0	1.0341073276108798e+17
17650.0	9.154776229478398e+16
17660.0	1.0846367776767998e+17
17670.0	8.620993858764798e+16
17680.0	7.253963151769598e+16
17690.0	7.950724104191998e+16
17700.0	9.655993591398398e+16
17710.0	9.300316625305598e+16
17720.0	7.970463888179198e+16
17730.0	7.677864876441598e+16
17740.0	9.946617833062398e+16
17750.0	8.060414774476798e+16
17760.0	7.620314365951998e+16
17770.0	8.289486340095998e+16
17780.0	8.089415974911998e+16
17790.0	8.624309167718398e+16
17800.0	8.453636371251198e+16
17810.0	7.317801218867198e+16
17820.0	8.063779156787198e+16
17830.0	7.469014502604798e+16
17840.0	9.026297528319998e+16
17850.0	7.328278236364798e+16
17860.0	6.809080247091199e+16
17870.0	6.448826023935999e+16
17880.0	7.568578288025598e+16
17890.0	8.235620525670398e+16
17900.0	8.807653166284798e+16
17910.0	6.365273679462399e+16
17920.0	7.305013886975998e+16
17930.0	7.835513297305598e+16
17940.0	6.957904861593598e+16
17950.0	7.215700272742398e+16
17960.0	6.913665990655998e+16
17970.0	7.932835122380798e+16
17980.0	8.204347991654398e+16
17990.0	7.926379616665598e+16
18000.0	6.679817355263998e+16
18010.0	6.024678434406399e+16
18020.0	6.494796434636798e+16
18030.0	6.884930250342399e+16
18040.0	8.383290684211198e+16
18050.0	6.938788429823998e+16
18060.0	5.919706447871999e+16
18070.0	7.120443945779199e+16
18080.0	6.787897963315199e+16
18090.0	7.226579497779198e+16
18100.0	8.183394087731198e+16
18110.0	5.348165956403199e+16
18120.0	6.869091804774399e+16
18130.0	6.539247222783999e+16
18140.0	8.669706610278398e+16
18150.0	7.563493978931198e+16
18160.0	6.717440956825598e+16
18170.0	6.743716777164798e+16
18180.0	6.846157422591998e+16
18190.0	6.347464087961598e+16
18200.0	6.389675275059199e+16
18210.0	6.477003810406399e+16
18220.0	5.091776482508799e+16
18230.0	7.759616134348798e+16
18240.0	9.222125912063998e+16
18250.0	7.092152749260798e+16
18260.0	6.436845223935999e+16
18270.0	6.596576647577598e+16
18280.0	6.397883344486399e+16
18290.0	7.735054748876798e+16
18300.0	7.461100414566398e+16
18310.0	6.230738416435199e+16
18320.0	6.825346111897598e+16
18330.0	6.443396261478399e+16
18340.0	7.617384782233598e+16
18350.0	6.487754473471999e+16
18360.0	6.248406817177598e+16
18370.0	7.562085859327998e+16
18380.0	6.369446533529598e+16
18390.0	6.812646991462399e+16
18400.0	6.290622539366399e+16
18410.0	8.182814081023998e+16
18420.0	6.023298750873598e+16
18430.0	6.424031343411199e+16
18440.0	5.565952347340798e+16
18450.0	6.472857826099199e+16
18460.0	6.244239763046399e+16
18470.0	5.581174498918399e+16
18480.0	5.513042303385598e+16
18490.0	6.026741376614399e+16
18500.0	5.517761524531199e+16
18510.0	6.639956079411199e+16
18520.0	6.976538607615998e+16
18530.0	5.928136736767999e+16
18540.0	5.623520939212798e+16
18550.0	6.336039275724798e+16
18560.0	6.218995892223999e+16
18570.0	4.971046358220799e+16
18580.0	4.850177264844799e+16
18590.0	5.299141751603199e+16
18600.0	5.064331047731199e+16
18610.0	4.820015742975999e+16
18620.0	6.140011616665598e+16
18630.0	5.831485567795199e+16
18640.0	5.779428206182399e+16
18650.0	5.039508999372799e+16
18660.0	6.155877718425598e+16
18670.0	6.286853564006399e+16
18680.0	5.053687568793598e+16
18690.0	7.114718773247998e+16
18700.0	6.569253142527999e+16
18710.0	5.544536296652798e+16
18720.0	6.223283211468798e+16
18730.0	4.875513914982399e+16
18740.0	6.133247220121598e+16
18750.0	6.059163333427199e+16
18760.0	6.458431851724798e+16
18770.0	5.422972960767999e+16
18780.0	6.255851824742399e+16
18790.0	5.544947390873598e+16
18800.0	6.460282817740798e+16
18810.0	5.695100813311999e+16
18820.0	6.293973893119999e+16
18830.0	7.452856156159998e+16
18840.0	7.058009240371199e+16
18850.0	5.233842100633598e+16
18860.0	6.723205988351998e+16
18870.0	6.301380745625598e+16
18880.0	7.327295563366398e+16
18890.0	5.798711394303999e+16
18900.0	6.525999251455999e+16
18910.0	6.489668871782399e+16
18920.0	5.120810457497598e+16
18930.0	6.226264011571199e+16
18940.0	6.436810063871999e+16
18950.0	6.516706744729598e+16
18960.0	6.403273392127999e+16
18970.0	7.142673324441598e+16
18980.0	6.033244762931199e+16
18990.0	6.691406322073598e+16
19000.0	7.031361608089598e+16
19010.0	6.276855083827199e+16
19020.0	7.250800207462398e+16
19030.0	6.517845904588798e+16
19040.0	6.787418423295998e+16
19050.0	6.830905176883199e+16
19060.0	6.044387075686399e+16
19070.0	6.046294618931199e+16
19080.0	7.270311133183998e+16
19090.0	7.049696156057598e+16
19100.0	6.779952889855998e+16
19110.0	5.766454719283199e+16
19120.0	6.538639874457598e+16
19130.0	7.170377252863998e+16
19140.0	6.696179682508798e+16
19150.0	7.421599180390398e+16
19160.0	6.268680857190399e+16
19170.0	6.183409503436798e+16
19180.0	6.821902391705598e+16
19190.0	7.727490583756798e+16
19200.0	6.200853489254399e+16
19210.0	5.671158579199999e+16
19220.0	6.792995707289598e+16
19230.0	6.739924510310399e+16
19240.0	5.727724214681598e+16
19250.0	6.563857367039999e+16
19260.0	6.603736835686399e+16
19270.0	5.884488174796798e+16
19280.0	7.582689276723198e+16
19290.0	5.785372459007999e+16
19300.0	5.943769025740798e+16
19310.0	4.525167017983999e+16
19320.0	5.093788601548799e+16
19330.0	6.255188063027199e+16
19340.0	5.710095437004798e+16
19350.0	6.766705849139199e+16
19360.0	6.287904053657598e+16
19370.0	6.367069680435199e+16
19380.0	6.270989461094399e+16
19390.0	5.530843978137598e+16
19400.0	5.229208515379199e+16
19410.0	5.396924275097598e+16
19420.0	6.118787160473598e+16
19430.0	5.921949312614399e+16
19440.0	5.768469636710399e+16
19450.0	4.650818024243199e+16
19460.0	3.986458686259199e+16
19470.0	5.590827171839999e+16
19480.0	5.166004128972799e+16
19490.0	5.270035877068799e+16
19500.0	5.935999942655999e+16
19510.0	4.450071098163199e+16
19520.0	5.738795840307199e+16
19530.0	4.851185968742399e+16
19540.0	5.982630418841598e+16
19550.0	5.549436810035199e+16
19560.0	5.299381705113598e+16
19570.0	6.115709629235199e+16
19580.0	6.034181403443199e+16
19590.0	7.537782161407998e+16
19600.0	5.388127554764799e+16
19610.0	4.949568349798399e+16
19620.0	5.902284134809598e+16
19630.0	6.133757483417598e+16
19640.0	5.930715231027199e+16
19650.0	5.381407506431999e+16
19660.0	6.241337488179199e+16
19670.0	6.429976507187199e+16
19680.0	5.250379205836799e+16
19690.0	5.705305777766399e+16
19700.0	6.749692284108798e+16
19710.0	5.256404651212799e+16
19720.0	6.093086837964798e+16
19730.0	5.536622601830399e+16
19740.0	5.384850492620799e+16
19750.0	5.414050162278399e+16
19760.0	4.265992965324799e+16
19770.0	4.878519920230399e+16
19780.0	3.738636818841599e+16
19790.0	4.624071353958399e+16
19800.0	4.605605845401598e+16
19810.0	5.503223883366399e+16
19820.0	4.974345945087999e+16
19830.0	5.276612958617598e+16
19840.0	5.354780701491199e+16
19850.0	5.441079869439999e+16
19860.0	4.958186687692799e+16
19870.0	4.461083335065598e+16
19880.0	5.197535759564799e+16
19890.0	5.471246994636799e+16
19900.0	4.480650287513598e+16
19910.0	5.294295246438399e+16
19920.0	4.397147802828799e+16
19930.0	5.451841745715199e+16
19940.0	6.092734018355199e+16
19950.0	5.158364302540799e+16
19960.0	5.904311320575999e+16
19970.0	5.757363670220798e+16
19980.0	5.027653078220799e+16
19990.0	5.703307939020798e+16
20000.0	4.897389753139199e+16
20010.0	5.752302849228798e+16
20020.0	5.294408374681598e+16
20030.0	5.997948698623999e+16
20040.0	5.861572463820798e+16
20050.0	5.922102771711999e+16
20060.0	5.459735111270399e+16
20070.0	5.314608168959999e+16
20080.0	6.474738119475199e+16
20090.0	4.602363720499199e+16
20100.0	5.332404862975999e+16
20110.0	5.106021433343999e+16
20120.0	5.642990727987199e+16
20130.0	5.702895376793598e+16
20140.0	5.668460455526399e+16
20150.0	6.015608750079999e+16
20160.0	5.211778881945598e+16
20170.0	5.268208982425598e+16
20180.0	6.097233090969598e+16
20190.0	5.525161063219199e+16
20200.0	4.499145326591999e+16
20210.0	6.319519242649598e+16
20220.0	6.013144583372798e+16
20230.0	5.693192247705598e+16
20240.0	6.418375527628798e+16
20250.0	5.876741328076798e+16
20260.0	4.994981953535999e+16
20270.0	5.399671039590399e+16
20280.0	5.736654032076798e+16
20290.0	4.878790439731199e+16
20300.0	6.213675856691199e+16
20310.0	4.950248849407999e+16
20320.0	6.560407722393598e+16
20330.0	5.962073282969598e+16
20340.0	5.842967959961598e+16
20350.0	5.854421267251199e+16
20360.0	4.960520044543999e+16
20370.0	6.519857191321598e+16
20380.0	6.062174476697598e+16
20390.0	5.578139533311999e+16
20400.0	5.743142443417598e+16
20410.0	5.463778092646399e+16
20420.0	6.269327481241598e+16
20430.0	6.952530844057598e+16
20440.0	5.170253660159999e+16
20450.0	5.190852096819199e+16
20460.0	5.651553753497598e+16
20470.0	6.183657327820798e+16
20480.0	6.423068134604798e+16
20490.0	5.345682640076799e+16
20500.0	5.546017252966399e+16
20510.0	6.721627566899199e+16
20520.0	5.840373173452798e+16
20530.0	6.218053091327999e+16
20540.0	5.505183527731199e+16
20550.0	5.938059581849598e+16
20560.0	5.611872439500798e+16
20570.0	6.480238687027199e+16
20580.0	6.664196390911998e+16
20590.0	6.294040477695999e+16
20600.0	6.451967806668798e+16
20610.0	5.532514005811199e+16
20620.0	6.006928690380798e+16
20630.0	6.211423816908798e+16
20640.0	5.176847289548799e+16
20650.0	6.150487251353598e+16
20660.0	5.891436694732798e+16
20670.0	6.603347407667199e+16
20680.0	6.373827582361598e+16
20690.0	5.811768393727999e+16
20700.0	6.854946730803199e+16
20710.0	6.508616384511999e+16
20720.0	5.737803907071999e+16
20730.0	6.073524276428798e+16
20740.0	5.959402638540798e+16
20750.0	5.967823018393598e+16
20760.0	6.521720314265598e+16
20770.0	6.367743652659199e+16
20780.0	6.489390278246399e+16
20790.0	6.325136248012798e+16
20800.0	6.231097003212798e+16
20810.0	6.332130734899199e+16
20820.0	6.453547879628798e+16
20830.0	6.047314280447999e+16
20840.0	6.297061543116798e+16
20850.0	6.361931697356798e+16
20860.0	6.533991930265598e+16
20870.0	5.861020860415999e+16
20880.0	6.591928310169598e+16
20890.0	6.337538831155199e+16
20900.0	6.054930874367999e+16
20910.0	7.047965061939199e+16
20920.0	6.473566676582399e+16
20930.0	7.016552333311998e+16
20940.0	6.037845809561598e+16
20950.0	6.549730348236798e+16
20960.0	6.452032988774399e+16
20970.0	6.459098542899199e+16
20980.0	6.459255763763199e+16
20990.0	6.558227824639999e+16
21000.0	6.419178219110399e+16
21010.0	6.878626801254399e+16
21020.0	6.537248610713598e+16
21030.0	6.570442253926399e+16
21040.0	6.873470035558399e+16
21050.0	6.277871475097598e+16
21060.0	6.840714120396798e+16
21070.0	6.910668858982399e+16
21080.0	6.488027535769598e+16
21090.0	6.509454622719999e+16
21100.0	7.002709911142399e+16
21110.0	7.044153907609598e+16
21120.0	6.184067858431999e+16
21130.0	6.781934252851199e+16
21140.0	7.128594146918399e+16
21150.0	6.950887410892798e+16
21160.0	7.002992816947199e+16
21170.0	6.251336420556798e+16
21180.0	6.765619786547199e+16
21190.0	6.741934355251199e+16
21200.0	6.922971748761598e+16
21210.0	6.968231644364798e+16
21220.0	6.875810824191998e+16
21230.0	6.978067588710399e+16
21240.0	6.868189918003199e+16
21250.0	7.287594300211198e+16
21260.0	6.795559685324798e+16
21270.0	6.939997804953598e+16
21280.0	6.558416882892798e+16
21290.0	6.563555075686399e+16
21300.0	6.864571465727998e+16
21310.0	7.020056228659199e+16
21320.0	6.975932714188798e+16
21330.0	7.210285950566398e+16
21340.0	6.911329160396798e+16
21350.0	7.137901517209598e+16
21360.0	7.173540832870399e+16
21370.0	6.925979785625598e+16
21380.0	6.951089314201598e+16
21390.0	7.044598713548798e+16
21400.0	6.751548918988798e+16
21410.0	6.860015665151998e+16
21420.0	6.950177511833598e+16
21430.0	6.972350595071998e+16
21440.0	7.520049797529598e+16
21450.0	7.428840017100798e+16
21460.0	7.373309516185598e+16
21470.0	7.311948355993598e+16
21480.0	7.146782536499199e+16
21490.0	7.014641736089598e+16
21500.0	6.680690910822399e+16
21510.0	7.276378587135998e+16
21520.0	7.009181263462399e+16
21530.0	6.902299610316798e+16
21540.0	7.243727188787198e+16
21550.0	7.347079177830398e+16
21560.0	7.124247393075199e+16
21570.0	7.312313260441598e+16
21580.0	7.369779288473598e+16
21590.0	7.344016667443198e+16
21600.0	7.127059320012798e+16
21610.0	7.445147235123198e+16
21620.0	7.116905368780798e+16
21630.0	6.973867910758399e+16
21640.0	7.322993321574398e+16
21650.0	7.436825985023998e+16
21660.0	7.111436481331199e+16
21670.0	7.270083290726398e+16
21680.0	7.455713080115198e+16
21690.0	7.621291173478398e+16
21700.0	7.390597742591998e+16
21710.0	7.137545958195199e+16
21720.0	7.242564291788798e+16
21730.0	7.226096261529598e+16
21740.0	7.237435667251198e+16
21750.0	7.452441549209598e+16
21760.0	6.962785786265598e+16
21770.0	7.294164991999998e+16
21780.0	7.185324100812798e+16
21790.0	7.038832698982399e+16
21800.0	7.275802800947198e+16
21810.0	7.344036970495998e+16
21820.0	7.279716990975998e+16
21830.0	7.159780356915199e+16
21840.0	7.265386587750398e+16
21850.0	7.358717388390398e+16
21860.0	7.155106552217598e+16
21870.0	7.350085471436798e+16
21880.0	7.306648158207998e+16
21890.0	7.407603495731198e+16
21900.0	7.075997142220798e+16
21910.0	7.497248931839998e+16
21920.0	7.370178691071998e+16
21930.0	7.048242410291199e+16
21940.0	7.294153405235198e+16
21950.0	7.427410244403198e+16
21960.0	7.323781641011198e+16
21970.0	7.233198384742398e+16
21980.0	7.442187000217598e+16
21990.0	7.272732557311998e+16
22000.0	7.405913466470398e+16
22010.0	7.420319839027198e+16
22020.0	7.240040343142398e+16
22030.0	7.083582396825598e+16
22040.0	7.075288475238399e+16
22050.0	6.978598535167998e+16
22060.0	6.179336382054399e+16
22070.0	6.803858115788798e+16
22080.0	6.984765302374399e+16
22090.0	6.297172901887999e+16
22100.0	7.211094559948798e+16
22110.0	7.052448825343998e+16
22120.0	7.500923810611198e+16
22130.0	7.276437320499198e+16
22140.0	7.446289986355198e+16
22150.0	7.337033924607998e+16
22160.0	7.286259109068798e+16
22170.0	7.211160004198398e+16
22180.0	7.425062037094398e+16
22190.0	7.186791399423998e+16
22200.0	6.977681057382399e+16
22210.0	7.036797714431998e+16
22220.0	7.255417448038398e+16
22230.0	7.386738982911998e+16
22240.0	7.432316059647998e+16
22250.0	7.622375427276798e+16
22260.0	7.508986691583998e+16
22270.0	7.173192194457598e+16
22280.0	7.202306903244798e+16
22290.0	7.031446726246399e+16
22300.0	7.199158016409598e+16
22310.0	7.559618455142398e+16
22320.0	7.543303608729598e+16
22330.0	7.077579535155199e+16
22340.0	7.332572980838398e+16
22350.0	6.971308926566399e+16
22360.0	6.976452742348798e+16
22370.0	7.431405214105598e+16
22380.0	7.359784891187198e+16
22390.0	7.138342626918399e+16
22400.0	7.570795344691198e+16
22410.0	7.529402793983998e+16
22420.0	7.073700603494399e+16
22430.0	7.072471161241598e+16
22440.0	7.176787578060798e+16
22450.0	7.290336811417598e+16
22460.0	7.533536726220798e+16
22470.0	7.195684778803199e+16
22480.0	7.145373106175998e+16
22490.0	7.502291415859198e+16
22500.0	6.845208435097598e+16
22510.0	7.473763608166398e+16
22520.0	7.174244414259199e+16
22530.0	7.262891566694398e+16
22540.0	7.138846192435199e+16
22550.0	7.008099526246399e+16
22560.0	7.240748957695998e+16
22570.0	7.453684714700798e+16
22580.0	6.937806464614399e+16
22590.0	7.240979749273598e+16
22600.0	7.193418583244798e+16
22610.0	7.179587066265598e+16
22620.0	7.113315083878399e+16
22630.0	6.869646114815998e+16
22640.0	6.966215717683199e+16
22650.0	6.763696344268798e+16
22660.0	7.169727293030399e+16
22670.0	7.132719559475199e+16
22680.0	7.284919094476798e+16
22690.0	7.127190103654399e+16
22700.0	6.896442959462399e+16
22710.0	7.029324002099199e+16
22720.0	6.872050945228798e+16
22730.0	7.129466719436798e+16
22740.0	7.151285357772798e+16
22750.0	7.162423712153598e+16
22760.0	7.167920557260798e+16
22770.0	7.360013271039998e+16
22780.0	7.266081007206398e+16
22790.0	6.719843454156798e+16
22800.0	6.786490551500798e+16
22810.0	6.738571624447998e+16
22820.0	7.320156189491198e+16
22830.0	7.148260294655998e+16
22840.0	6.859155544473598e+16
22850.0	6.963706737459199e+16
22860.0	7.185442288435199e+16
22870.0	7.170910086758399e+16
22880.0	7.354783668633598e+16
22890.0	6.961738520985598e+16
22900.0	7.214855972454398e+16
22910.0	7.134728421375998e+16
22920.0	6.592357623398399e+16
22930.0	6.506745298943999e+16
22940.0	3.876246074163199e+16
22950.0	4.729514452582399e+16
22960.0	5.103515100774399e+16
22970.0	5.257455232614399e+16
22980.0	5.390422874521598e+16
22990.0	5.664743056998399e+16
23000.0	5.886477362790399e+16
23010.0	5.150186235494399e+16
23020.0	6.023500752486399e+16
23030.0	5.770028541542399e+16
23040.0	6.057806292582399e+16
23050.0	5.694312854323199e+16
23060.0	5.794798069350399e+16
23070.0	5.876718115225598e+16
23080.0	5.760123476377598e+16
23090.0	5.962897253990399e+16
23100.0	5.493424737484799e+16
23110.0	5.660989036953598e+16
23120.0	5.874576110387199e+16
23130.0	6.409958961971199e+16
23140.0	5.501371541094399e+16
23150.0	5.278263417241598e+16
23160.0	5.875887197388798e+16
23170.0	6.302729528934399e+16
23180.0	5.567125815295999e+16
23190.0	6.010119035289598e+16
23200.0	6.286048991641598e+16
23210.0	5.661621452799999e+16
23220.0	5.635974411059199e+16
23230.0	3.936978075647999e+16
23240.0	4.340923642675199e+16
23250.0	4.629379055615999e+16
23260.0	4.922345901260799e+16
23270.0	4.997249328742399e+16
23280.0	5.092684306841598e+16
23290.0	5.073293679001598e+16
23300.0	4.879127281663999e+16
23310.0	5.165148871065598e+16
23320.0	5.316433962598399e+16
23330.0	5.601650914099199e+16
23340.0	5.098062911897598e+16
23350.0	5.125529613107199e+16
23360.0	5.009720069324799e+16
23370.0	4.928122801356799e+16
23380.0	5.194634421862399e+16
23390.0	4.792764963225598e+16
23400.0	5.077789848371199e+16
23410.0	5.200274486067199e+16
23420.0	5.696757448703999e+16
23430.0	5.401468927999999e+16
23440.0	4.928939360255999e+16
23450.0	4.471399297843199e+16
23460.0	5.912583385907199e+16
23470.0	5.415470569881598e+16
23480.0	5.468325917491199e+16
23490.0	5.857571025715199e+16
23500.0	5.220147606323199e+16
23510.0	4.893301250457598e+16
23520.0	4.919898511769598e+16
23530.0	3.959780612505599e+16
23540.0	4.116819725516799e+16
23550.0	4.860191703039999e+16
23560.0	4.425458751897599e+16
23570.0	4.968903370342399e+16
23580.0	4.641851709849598e+16
23590.0	4.090708525055999e+16
23600.0	5.099052217139199e+16
23610.0	4.508300633702399e+16
23620.0	4.750785223065598e+16
23630.0	4.487653215436799e+16
23640.0	4.900736545587199e+16
23650.0	5.068085270937598e+16
23660.0	4.947612775219199e+16
23670.0	4.776460982681598e+16
23680.0	4.548678942719999e+16
23690.0	4.754849791999999e+16
23700.0	4.848787265945598e+16
23710.0	4.695649058815999e+16
23720.0	5.456080135782399e+16
23730.0	4.983500957286399e+16
23740.0	4.803212043878399e+16
23750.0	5.072752961126399e+16
23760.0	4.806240645939199e+16
23770.0	4.664690815795199e+16
23780.0	4.848133898239999e+16
23790.0	4.452372499660799e+16
23800.0	5.334666706943999e+16
23810.0	4.292094178099199e+16
23820.0	4.880992527974399e+16
23830.0	4.022690840575999e+16
23840.0	3.861333960294399e+16
23850.0	4.703481443123199e+16
23860.0	4.061755883519999e+16
23870.0	3.931334498713599e+16
23880.0	3.901572880793599e+16
23890.0	4.253957508300799e+16
23900.0	5.041935535308799e+16
23910.0	4.792262891929598e+16
23920.0	3.816626703564799e+16
23930.0	4.287091533414399e+16
23940.0	5.266518546841598e+16
23950.0	4.050121975398399e+16
23960.0	4.411597625753599e+16
23970.0	4.398908506111999e+16
23980.0	4.101921334886399e+16
23990.0	4.534820031692799e+16
24000.0	4.376082448383999e+16
24010.0	3.958943586713599e+16
24020.0	4.304053069414399e+16
24030.0	4.176504677990399e+16
24040.0	4.163059187711999e+16
24050.0	4.142437597183999e+16
24060.0	4.148439161241599e+16
24070.0	4.159286568550399e+16
24080.0	3.745148423372799e+16
24090.0	3.848903720959999e+16
24100.0	3.806174740479999e+16
24110.0	4.089082072268799e+16
24120.0	4.160106607411199e+16
24130.0	3.686579915980799e+16
24140.0	3.189532092006399e+16
24150.0	4.271778489958399e+16
24160.0	3.979584910131199e+16
24170.0	3.3903398551551996e+16
24180.0	3.646368887603199e+16
24190.0	4.241764784537599e+16
24200.0	3.423846891519999e+16
24210.0	4.255554417459199e+16
24220.0	3.1443614826495996e+16
24230.0	3.584283869183999e+16
24240.0	4.127205811814399e+16
24250.0	3.5435544379391996e+16
24260.0	3.3685394358271996e+16
24270.0	3.186185922150399e+16
24280.0	3.385140494335999e+16
24290.0	3.978115825663999e+16
24300.0	3.613989365350399e+16
24310.0	3.316296253439999e+16
24320.0	3.594542645247999e+16
24330.0	3.599496596684799e+16
24340.0	3.121244359884799e+16
24350.0	3.4013638230015996e+16
24360.0	3.547060463206399e+16
24370.0	2.6105500205055996e+16
24380.0	3.364894264524799e+16
24390.0	4.003738117734399e+16
24400.0	3.2914161729535996e+16
24410.0	3.3587513655295996e+16
24420.0	3.2217633554431996e+16
24430.0	3.165890848358399e+16
24440.0	2.8235361288191996e+16
24450.0	3.399181651148799e+16
24460.0	3.4409505882111996e+16
24470.0	3.3990985875455996e+16
24480.0	2.5926858899455996e+16
24490.0	3.089488645324799e+16
24500.0	3.4619541159935996e+16
24510.0	3.4708507656191996e+16
24520.0	2.7153287970815996e+16
24530.0	2.6234951204863996e+16
24540.0	2.5073910382591996e+16
24550.0	2.8592455909375996e+16
24560.0	3.2569700515839996e+16
24570.0	3.644414512332799e+16
24580.0	3.607785439231999e+16
24590.0	3.342913896447999e+16
24600.0	2.8319463833599996e+16
24610.0	2.1792208453631996e+16
24620.0	3.211155557580799e+16
24630.0	3.1538951290879996e+16
24640.0	3.642975905382399e+16
24650.0	3.2053426061311996e+16
24660.0	2.9246117707775996e+16
24670.0	2.8169501868031996e+16
24680.0	2.2541484752895996e+16
24690.0	3.2243307642879996e+16
24700.0	2.8016974364671996e+16
24710.0	2.881459834060799e+16
24720.0	2.9028668211199996e+16
24730.0	2.900085689548799e+16
24740.0	2.3352876531711996e+16
24750.0	2.4026754383871996e+16
24760.0	2.4844000559103996e+16
24770.0	3.452504417894399e+16
24780.0	3.0329361334271996e+16
24790.0	2.4295370358783996e+16
24800.0	2.930367614156799e+16
24810.0	2.633367014604799e+16
24820.0	2.3298780004351996e+16
24830.0	2.5131809144831996e+16
24840.0	3.320701157375999e+16
24850.0	3.3607775485951996e+16
24860.0	3.0050297249791996e+16
24870.0	2.4139180539903996e+16
24880.0	2.4529299701759996e+16
24890.0	2.4342599335935996e+16
24900.0	2.2062947401727996e+16
24910.0	2.2529526005759996e+16
24920.0	2.803384247910399e+16
24930.0	2.7198193991679996e+16
24940.0	3.2373697871871996e+16
24950.0	2.903625983590399e+16
24960.0	2.4818464849919996e+16
24970.0	2.6358611247103996e+16
24980.0	2.0772292853759996e+16
24990.0	2.6424676155391996e+16
