# Flux units: erg / (cm m2 s)
# Wavelength units: Angstrom
wave	flux
9000.0	8095235047423999.0
9010.0	9696848035839998.0
9020.0	8833708965887999.0
9030.0	8220714860543999.0
9040.0	8777526476799998.0
9050.0	1.0399380013055998e+16
9060.0	8601275695103999.0
9070.0	9509692243967998.0
9080.0	1.2694410166271998e+16
9090.0	1.0950226378751998e+16
9100.0	1.0494742626303998e+16
9110.0	1.0291500744703998e+16
9120.0	1.2508193685503996e+16
9130.0	1.2095616122879998e+16
9140.0	1.1850347544575998e+16
9150.0	1.2899715104767998e+16
9160.0	1.3244023980031998e+16
9170.0	1.3646708146175998e+16
9180.0	1.2089328664575998e+16
9190.0	1.4993614536703996e+16
9200.0	1.2875921424383996e+16
9210.0	1.1149697908735998e+16
9220.0	1.1677172236287998e+16
9230.0	9148824698879998.0
9240.0	1.0617175638015998e+16
9250.0	1.1398742540287998e+16
9260.0	1.1519831900159998e+16
9270.0	1.0952793194495998e+16
9280.0	9372894953471998.0
9290.0	1.0966051586047998e+16
9300.0	9919571296255998.0
9310.0	9239220617215998.0
9320.0	1.1251493732351998e+16
9330.0	9849504301055998.0
9340.0	1.3086674468863996e+16
9350.0	8399489826815998.0
9360.0	1.1525708038143996e+16
9370.0	1.1401709715455998e+16
9380.0	1.3261978075135998e+16
9390.0	1.0613218639871998e+16
9400.0	1.1087856893951998e+16
9410.0	1.1267681812479998e+16
9420.0	1.4086929317887998e+16
9430.0	1.4058612981759998e+16
9440.0	1.3084540305407998e+16
9450.0	1.3806061944831998e+16
9460.0	1.3210064912383996e+16
9470.0	1.4253748649983996e+16
9480.0	1.7213641392127998e+16
9490.0	1.8236517122047996e+16
9500.0	1.0415906684927998e+16
9510.0	1.4167434526719998e+16
9520.0	1.7300564344831996e+16
9530.0	1.6288474857471996e+16
9540.0	1.7973496971263996e+16
9550.0	1.5231331729407998e+16
9560.0	1.8042777501695996e+16
9570.0	1.4741005008895998e+16
9580.0	1.8937247825919996e+16
9590.0	1.9412993900543996e+16
9600.0	1.6162839986175998e+16
9610.0	1.7651973652479996e+16
9620.0	1.5430245253119998e+16
9630.0	1.9492619550719996e+16
9640.0	1.2481725792255998e+16
9650.0	1.3892611014655998e+16
9660.0	1.8935216996351996e+16
9670.0	1.9933946970111996e+16
9680.0	1.5108252368895998e+16
9690.0	1.5883863654399998e+16
9700.0	1.9088925982719996e+16
9710.0	1.4611618725887998e+16
9720.0	1.8225024991231996e+16
9730.0	1.6526965342207998e+16
9740.0	1.6560172957695998e+16
9750.0	1.8226740789247996e+16
9760.0	1.9422073192447996e+16
9770.0	1.8705031626751996e+16
9780.0	1.8560636682239996e+16
9790.0	1.4562646556671996e+16
9800.0	1.9401589784575996e+16
9810.0	2.0392568160255996e+16
9820.0	1.8585417089023996e+16
9830.0	1.9156776452095996e+16
9840.0	2.1352904392703996e+16
9850.0	2.3373799686143996e+16
9860.0	2.2695631388671996e+16
9870.0	2.1880431050751996e+16
9880.0	2.2983514324991996e+16
9890.0	2.469823728844799e+16
9900.0	9075176079359998.0
9910.0	5624886132735999.0
9920.0	5460058210303999.0
9930.0	6038593830911998.0
9940.0	7512551423999999.0
9950.0	9342863540223998.0
9960.0	8962871558143999.0
9970.0	8756395900927999.0
9980.0	7239055638527999.0
9990.0	7381640708095998.0
10000.0	8313140625407999.0
10010.0	1.0146240806911998e+16
10020.0	1.0277933137919998e+16
10030.0	1.4613395832831996e+16
10040.0	1.0194503401471998e+16
10050.0	1.1525363318783996e+16
10060.0	6532387782655999.0
10070.0	9568721551359998.0
10080.0	1.2997577801727998e+16
10090.0	1.2647257669631998e+16
10100.0	1.4650546356223996e+16
10110.0	1.3431995170815998e+16
10120.0	1.0021014667263998e+16
10130.0	1.1237331468287998e+16
10140.0	9305115967487998.0
10150.0	1.0368577486847998e+16
10160.0	9676671680511998.0
10170.0	1.0238446370815998e+16
10180.0	1.2393350823935998e+16
10190.0	1.0930618236927998e+16
10200.0	1.1326829101055998e+16
10210.0	1.5062646325247998e+16
10220.0	1.0809667190783998e+16
10230.0	1.2700899606527998e+16
10240.0	1.5705798836223996e+16
10250.0	1.5895246733311996e+16
10260.0	1.0839659970559998e+16
10270.0	1.3660618096639998e+16
10280.0	1.3603491299327998e+16
10290.0	1.3831686504447998e+16
10300.0	1.2881719197695998e+16
10310.0	1.7264367861759996e+16
10320.0	1.4748182429695998e+16
10330.0	1.7992635449343996e+16
10340.0	1.4333515087871996e+16
10350.0	1.7319999045631996e+16
10360.0	2.0067443769343996e+16
10370.0	2.3243741921279996e+16
10380.0	1.9119161966591996e+16
10390.0	1.7419601117183996e+16
10400.0	1.9234330148863996e+16
10410.0	2.4296971862015996e+16
10420.0	1.8449415012351996e+16
10430.0	1.6588133040127998e+16
10440.0	2.4405947613183996e+16
10450.0	2.9779595821055996e+16
10460.0	3.1317508489215996e+16
10470.0	1.7768084996095998e+16
10480.0	2.253162958028799e+16
10490.0	2.765596167372799e+16
10500.0	2.3076676206591996e+16
10510.0	2.4620820889599996e+16
10520.0	2.1121649442815996e+16
10530.0	2.7211255611391996e+16
10540.0	3.242762430054399e+16
10550.0	3.0009754157055996e+16
10560.0	3.102581417574399e+16
10570.0	2.4779029348351996e+16
10580.0	2.7324711469055996e+16
10590.0	2.7129405702143996e+16
10600.0	3.2687769747455996e+16
10610.0	3.287540845772799e+16
10620.0	3.014464595558399e+16
10630.0	3.544213946367999e+16
10640.0	3.613897837772799e+16
10650.0	3.1198404935679996e+16
10660.0	2.8625524719615996e+16
10670.0	2.9558952165375996e+16
10680.0	3.088293422694399e+16
10690.0	3.3449617719295996e+16
10700.0	3.339421781196799e+16
10710.0	3.1625343696895996e+16
10720.0	3.3989926813695996e+16
10730.0	3.2319118835711996e+16
10740.0	2.965655096524799e+16
10750.0	3.396349273702399e+16
10760.0	3.194105662668799e+16
10770.0	3.743623328563199e+16
10780.0	4.182933644902399e+16
10790.0	3.869561972326399e+16
10800.0	3.919186886655999e+16
10810.0	3.646340330291199e+16
10820.0	3.337627618508799e+16
10830.0	3.732337609932799e+16
10840.0	4.413521965875199e+16
10850.0	3.834898992332799e+16
10860.0	3.615526708838399e+16
10870.0	3.786342088703999e+16
10880.0	4.132721695129599e+16
10890.0	3.074101847654399e+16
10900.0	3.892305939660799e+16
10910.0	3.613300319846399e+16
10920.0	3.971158474751999e+16
10930.0	4.361182963302399e+16
10940.0	3.922632789196799e+16
10950.0	3.970382689075199e+16
10960.0	3.637931474943999e+16
10970.0	4.041169600511999e+16
10980.0	3.515310968012799e+16
10990.0	3.827533748633599e+16
11000.0	3.695373585612799e+16
11010.0	4.057108247347199e+16
11020.0	3.617515690393599e+16
11030.0	3.3093172166655996e+16
11040.0	3.372035171942399e+16
11050.0	3.5552121618431996e+16
11060.0	3.654167284940799e+16
11070.0	3.2687580905471996e+16
11080.0	3.432697718374399e+16
11090.0	3.3189272682495996e+16
11100.0	3.143617275494399e+16
11110.0	3.0973242048511996e+16
11120.0	3.506385685708799e+16
11130.0	3.697001403187199e+16
11140.0	3.714796789759999e+16
11150.0	3.5623013974015996e+16
11160.0	3.676680087142399e+16
11170.0	3.725906844057599e+16
11180.0	4.082890781491199e+16
11190.0	3.660328461926399e+16
11200.0	3.609897392537599e+16
11210.0	3.5185337270271996e+16
11220.0	3.936535166975999e+16
11230.0	3.859685258035199e+16
11240.0	4.194673695129599e+16
11250.0	3.991983030271999e+16
11260.0	4.150823328153599e+16
11270.0	4.016320223641599e+16
11280.0	4.100636547481599e+16
11290.0	4.155403606425599e+16
11300.0	3.620144172236799e+16
11310.0	4.392508122726399e+16
11320.0	4.426498611609599e+16
11330.0	3.806353450598399e+16
11340.0	3.697051841331199e+16
11350.0	3.3961877635071996e+16
11360.0	3.732381125836799e+16
11370.0	3.583595302092799e+16
11380.0	2.4204824313855996e+16
11390.0	2.8363343593471996e+16
11400.0	2.765070929100799e+16
11410.0	2.0956084994047996e+16
11420.0	3.571309346815999e+16
11430.0	3.774810777190399e+16
11440.0	3.934431680921599e+16
11450.0	4.193311850495999e+16
11460.0	4.365026911846399e+16
11470.0	4.197663060787199e+16
11480.0	3.704022250291199e+16
11490.0	4.615038736793598e+16
11500.0	4.878020142694399e+16
11510.0	4.560919278387199e+16
11520.0	4.696921810534399e+16
11530.0	4.411649776025599e+16
11540.0	4.219522672230399e+16
11550.0	4.852185772851199e+16
11560.0	4.607896669388799e+16
11570.0	4.506310993510399e+16
11580.0	4.590608754278399e+16
11590.0	4.488996313497598e+16
11600.0	4.450869162803199e+16
11610.0	4.035527848755199e+16
11620.0	4.432264645836799e+16
11630.0	4.621596360703999e+16
11640.0	4.216539145830399e+16
11650.0	4.653405005414399e+16
11660.0	4.062849885798399e+16
11670.0	4.312659735347199e+16
11680.0	3.5117554466815996e+16
11690.0	1.7745708351487998e+16
11700.0	2.4845996294143996e+16
11710.0	3.751567818751999e+16
11720.0	4.333819835187199e+16
11730.0	4.418346608230399e+16
11740.0	4.060810877337599e+16
11750.0	3.933868254822399e+16
11760.0	3.202588953804799e+16
11770.0	1.8863695855615996e+16
11780.0	1.6677133189119996e+16
11790.0	3.1594294214655996e+16
11800.0	3.956687477145599e+16
11810.0	4.232340301414399e+16
11820.0	4.472899580723199e+16
11830.0	4.687596657049598e+16
11840.0	4.667386252492799e+16
11850.0	4.863679954943999e+16
11860.0	4.709599549849598e+16
11870.0	4.874101240627199e+16
11880.0	4.632328214937598e+16
11890.0	4.195952512204799e+16
11900.0	4.944550599065598e+16
11910.0	5.094440920678399e+16
11920.0	5.216746890854399e+16
11930.0	5.078588221030399e+16
11940.0	4.758623931596799e+16
11950.0	4.892746199859199e+16
11960.0	4.777192023654399e+16
11970.0	4.105994226892799e+16
11980.0	3.741904640409599e+16
11990.0	4.624108578406399e+16
12000.0	4.692808302591999e+16
12010.0	4.856378123878399e+16
12020.0	4.724274770739199e+16
12030.0	4.982754888908799e+16
12040.0	5.139862677094399e+16
12050.0	5.015159229644799e+16
12060.0	5.808305170022399e+16
12070.0	5.025355176345598e+16
12080.0	5.774094657126399e+16
12090.0	4.755145116876799e+16
12100.0	5.548768781926399e+16
12110.0	4.983247129804799e+16
12120.0	5.189325737164799e+16
12130.0	5.506252524748799e+16
12140.0	5.477307639398399e+16
12150.0	5.618492466790399e+16
12160.0	5.524495276441598e+16
12170.0	5.457016088166399e+16
12180.0	5.530919895039999e+16
12190.0	5.609242099711999e+16
12200.0	5.428298488217598e+16
12210.0	5.351035397734399e+16
12220.0	5.559410714214399e+16
12230.0	5.281515778867199e+16
12240.0	5.586635705548798e+16
12250.0	5.859583878758399e+16
12260.0	5.811446664396798e+16
12270.0	5.779937650278399e+16
12280.0	5.945943379148798e+16
12290.0	5.626289913855999e+16
12300.0	5.847934592614399e+16
12310.0	5.997140220313598e+16
12320.0	5.724706308095999e+16
12330.0	5.729306791116798e+16
12340.0	5.729388619366399e+16
12350.0	5.678613305753598e+16
12360.0	5.670415551692798e+16
12370.0	5.702417304780798e+16
12380.0	5.660744797388798e+16
12390.0	5.733659718451199e+16
12400.0	5.723418879590399e+16
12410.0	4.968681537535999e+16
12420.0	5.065099798118399e+16
12430.0	3.754460128870399e+16
12440.0	3.167531240652799e+16
12450.0	5.401466857062399e+16
12460.0	5.469437191782399e+16
12470.0	5.310328871321598e+16
12480.0	5.466823996211199e+16
12490.0	5.593791345459199e+16
12500.0	4.673662445158399e+16
12510.0	5.214490492927999e+16
12520.0	3.137189170380799e+16
12530.0	2.978181441126399e+16
12540.0	5.211497824255999e+16
12550.0	5.589049763430399e+16
12560.0	5.380247506124799e+16
12570.0	6.140709345689598e+16
12580.0	5.663800859033598e+16
12590.0	5.794599888486399e+16
12600.0	6.126027158323199e+16
12610.0	6.012759939481598e+16
12620.0	5.712543219711999e+16
12630.0	6.273066113433598e+16
12640.0	5.623573145190399e+16
12650.0	6.002667762483199e+16
12660.0	5.788254594662399e+16
12670.0	6.145185120255999e+16
12680.0	6.245438744166399e+16
12690.0	6.347240518451199e+16
12700.0	6.127051748147199e+16
12710.0	6.497035052646399e+16
12720.0	6.569920390758399e+16
12730.0	6.570557951180798e+16
12740.0	6.199164456140798e+16
12750.0	5.845884010495999e+16
12760.0	6.522515908198399e+16
12770.0	6.317692085862399e+16
12780.0	6.323306266623999e+16
12790.0	6.728439391846399e+16
12800.0	6.147470183628798e+16
12810.0	6.316679312179199e+16
12820.0	6.198519712972798e+16
12830.0	6.024285244620798e+16
12840.0	6.367954953830399e+16
12850.0	6.004731346943999e+16
12860.0	5.656353374207999e+16
12870.0	5.803919160115199e+16
12880.0	5.908145923686399e+16
12890.0	5.956953669631999e+16
12900.0	6.067453198335999e+16
12910.0	6.291098488012798e+16
12920.0	5.859172306124798e+16
12930.0	5.100199064371199e+16
12940.0	6.207691240243199e+16
12950.0	5.964703373721598e+16
12960.0	7.049953345535998e+16
12970.0	6.554767471411199e+16
12980.0	6.521635720396798e+16
12990.0	6.338407274905598e+16
13000.0	6.674525087334399e+16
13010.0	6.199218982092798e+16
13020.0	6.364877710950399e+16
13030.0	6.223799949721598e+16
13040.0	6.394279926169598e+16
13050.0	5.927913888153598e+16
13060.0	6.785711787212798e+16
13070.0	5.891658547199999e+16
13080.0	6.836213376614399e+16
13090.0	6.216761494732798e+16
13100.0	6.412997872844798e+16
13110.0	6.587176360345598e+16
13120.0	6.721127002931199e+16
13130.0	6.278331223244798e+16
13140.0	6.440554109337598e+16
13150.0	6.678818285158399e+16
13160.0	6.431699330662399e+16
13170.0	6.332452287283199e+16
13180.0	6.339216146431999e+16
13190.0	6.703277237862399e+16
13200.0	5.828183615078399e+16
13210.0	6.264924064972798e+16
13220.0	6.240403600179199e+16
13230.0	6.257756877619199e+16
13240.0	6.032865584742399e+16
13250.0	5.725431070719999e+16
13260.0	6.235540396441598e+16
13270.0	5.285024628735999e+16
13280.0	5.732697060147199e+16
13290.0	5.612060973465598e+16
13300.0	5.647620636671999e+16
13310.0	4.859112836300799e+16
13320.0	3.724061471539199e+16
13330.0	4.498747454259199e+16
13340.0	4.364068133273599e+16
13350.0	2.6972300705791996e+16
13360.0	2.7073479770111996e+16
13370.0	2.428724481228799e+16
13380.0	2.4311493656575996e+16
13390.0	2.6605635502079996e+16
13400.0	2.4671998279679996e+16
13410.0	3.245651404390399e+16
13420.0	2.3075103965183996e+16
13430.0	2.2348467339263996e+16
13440.0	2.7260866166783996e+16
13450.0	2.3628996739071996e+16
13460.0	3.1200913899519996e+16
13470.0	2.3481402507263996e+16
13480.0	1.8346688905215996e+16
13490.0	2.6709338357759996e+16
13500.0	2.6618206683135996e+16
13510.0	2.3956026261503996e+16
13520.0	2.2179732258815996e+16
13530.0	2.803152725606399e+16
13540.0	2.0621319831551996e+16
13550.0	2.0323474079743996e+16
13560.0	2.4456353218559996e+16
13570.0	2.4966695124991996e+16
13580.0	2.5714181570559996e+16
13590.0	2.666323889356799e+16
13600.0	2.7740592668671996e+16
13610.0	2.607384906956799e+16
13620.0	1.9985260150783996e+16
13630.0	3.1432297414655996e+16
13640.0	3.276241521868799e+16
13650.0	2.7450762919935996e+16
13660.0	3.561544895692799e+16
13670.0	3.1629788839935996e+16
13680.0	3.0593355513855996e+16
13690.0	2.897773536870399e+16
13700.0	3.2535740481535996e+16
13710.0	3.0238117855231996e+16
13720.0	3.336705540095999e+16
13730.0	3.204285975756799e+16
13740.0	3.367253861990399e+16
13750.0	3.513143846502399e+16
13760.0	3.5879504510975996e+16
13770.0	3.446165392588799e+16
13780.0	3.654630991462399e+16
13790.0	3.679784789606399e+16
13800.0	3.971308244172799e+16
13810.0	3.123249695948799e+16
13820.0	3.666435257139199e+16
13830.0	2.452279545036799e+16
13840.0	3.803478825369599e+16
13850.0	2.8626432983039996e+16
13860.0	2.807648996556799e+16
13870.0	3.932021076787199e+16
13880.0	2.6543954395135996e+16
13890.0	3.2865099186175996e+16
13900.0	3.128164181606399e+16
13910.0	2.765290006118399e+16
13920.0	2.6499758489599996e+16
13930.0	2.8813601144831996e+16
13940.0	2.8998404734975996e+16
13950.0	2.6995732709375996e+16
13960.0	2.642740497612799e+16
13970.0	2.7179347607551996e+16
13980.0	2.5640464154623996e+16
13990.0	3.0046627561471996e+16
14000.0	2.6545496195071996e+16
14010.0	2.396271103180799e+16
14020.0	3.2891577106431996e+16
14030.0	3.2981548400639996e+16
14040.0	2.9160696184831996e+16
14050.0	2.457229298892799e+16
14060.0	4.020856560025599e+16
14070.0	2.6492028813311996e+16
14080.0	2.881873317068799e+16
14090.0	2.435196513484799e+16
14100.0	2.8323450601471996e+16
14110.0	2.9040825139199996e+16
14120.0	2.2175589138431996e+16
14130.0	2.961014777446399e+16
14140.0	2.2523198013439996e+16
14150.0	2.739241962700799e+16
14160.0	3.2713444950015996e+16
14170.0	2.5665793622015996e+16
14180.0	2.4282594279423996e+16
14190.0	2.1679635660799996e+16
14200.0	2.773759577292799e+16
14210.0	2.929548732006399e+16
14220.0	2.778479627468799e+16
14230.0	2.5508299341823996e+16
14240.0	2.1488644587519996e+16
14250.0	2.8858555105279996e+16
14260.0	2.5029612666879996e+16
14270.0	2.8597030420479996e+16
14280.0	2.7159339171839996e+16
14290.0	1.9790710013951996e+16
14300.0	3.388007776255999e+16
14310.0	3.1912266432511996e+16
14320.0	2.644387876044799e+16
14330.0	2.958065683660799e+16
14340.0	1.9423591137279996e+16
14350.0	2.9202626707455996e+16
14360.0	3.1542523789311996e+16
14370.0	2.8575690326015996e+16
14380.0	2.9486064271359996e+16
14390.0	2.866252506726399e+16
14400.0	2.6533677367295996e+16
14410.0	2.6635216617471996e+16
14420.0	2.8917434417151996e+16
14430.0	3.2780700942335996e+16
14440.0	3.1839012585471996e+16
14450.0	2.2590799347711996e+16
14460.0	3.242474661478399e+16
14470.0	2.8289764032511996e+16
14480.0	3.135548083404799e+16
14490.0	3.437227370086399e+16
14500.0	2.776762345062399e+16
14510.0	2.3923247611903996e+16
14520.0	3.959053516799999e+16
14530.0	3.575279248998399e+16
14540.0	2.9766298894335996e+16
14550.0	3.4852604608511996e+16
14560.0	2.8518780108799996e+16
14570.0	2.4453897060351996e+16
14580.0	3.632000617676799e+16
14590.0	3.891024232447999e+16
14600.0	3.700258511257599e+16
14610.0	3.5627643109375996e+16
14620.0	2.9391323135999996e+16
14630.0	2.5117055385599996e+16
14640.0	3.573485063372799e+16
14650.0	3.547323098726399e+16
14660.0	3.726986838015999e+16
14670.0	3.728750025113599e+16
14680.0	2.9300211384319996e+16
14690.0	2.700257873100799e+16
14700.0	3.2874442391551996e+16
14710.0	3.330148007935999e+16
14720.0	3.734230781132799e+16
14730.0	3.917677638451199e+16
14740.0	3.2166436012031996e+16
14750.0	3.0828259311615996e+16
14760.0	3.367596254822399e+16
14770.0	3.573426218598399e+16
14780.0	3.614736973823999e+16
14790.0	4.018662644121599e+16
14800.0	3.1868612837375996e+16
14810.0	3.568578127462399e+16
14820.0	3.005498910310399e+16
14830.0	3.693643949670399e+16
14840.0	3.911487723929599e+16
14850.0	3.444462518271999e+16
14860.0	3.722578932531199e+16
14870.0	3.799725624524799e+16
14880.0	3.4530612477951996e+16
14890.0	3.4907338571775996e+16
14900.0	3.5195076018175996e+16
14910.0	3.963541841510399e+16
14920.0	3.866892101222399e+16
14930.0	3.889881966182399e+16
14940.0	3.6023571382271996e+16
14950.0	3.6008598372351996e+16
14960.0	3.593584404070399e+16
14970.0	3.908373735014399e+16
14980.0	3.975279771647999e+16
14990.0	4.070162694143999e+16
15000.0	3.962704350412799e+16
15010.0	3.883159211212799e+16
15020.0	3.419006520524799e+16
15030.0	4.191885931315199e+16
15040.0	4.001232460185599e+16
15050.0	4.230429940121599e+16
15060.0	4.056766958796799e+16
15070.0	4.144121138380799e+16
15080.0	3.813565851238399e+16
15090.0	4.151357387571199e+16
15100.0	3.977964440780799e+16
15110.0	3.991783754956799e+16
15120.0	4.283142746931199e+16
15130.0	3.971565171507199e+16
15140.0	4.037456966451199e+16
15150.0	4.607645450239999e+16
15160.0	4.154012454092799e+16
15170.0	3.588695654399999e+16
15180.0	3.900490036019199e+16
15190.0	4.278169029836799e+16
15200.0	4.218917453823999e+16
15210.0	4.542490004684799e+16
15220.0	4.342182622003199e+16
15230.0	4.452178526207999e+16
15240.0	4.511392635289598e+16
15250.0	4.161509398937599e+16
15260.0	4.202004899430399e+16
15270.0	4.358947484467199e+16
15280.0	4.381720523571199e+16
15290.0	4.427879337164799e+16
15300.0	4.650118532300799e+16
15310.0	4.583100841983999e+16
15320.0	4.104511540428799e+16
15330.0	4.261889559756799e+16
15340.0	4.859780110745598e+16
15350.0	4.527319167795199e+16
15360.0	4.682686359142399e+16
15370.0	4.561170582732799e+16
15380.0	4.501906469683199e+16
15390.0	4.901814507929598e+16
15400.0	4.540129614233598e+16
15410.0	4.458149111398399e+16
15420.0	4.658553002393598e+16
15430.0	4.622999080140799e+16
15440.0	4.477742166835199e+16
15450.0	4.746581940633598e+16
15460.0	4.965577103769598e+16
15470.0	4.700328545484799e+16
15480.0	4.653135652454399e+16
15490.0	4.765047704780799e+16
15500.0	4.827691935334399e+16
15510.0	4.552087679795199e+16
15520.0	4.824227486105598e+16
15530.0	4.854101717811199e+16
15540.0	4.856981317222399e+16
15550.0	4.795017029222399e+16
15560.0	4.780795284684799e+16
15570.0	4.766294173286399e+16
15580.0	4.582782441881598e+16
15590.0	4.769770071654399e+16
15600.0	4.908500071219199e+16
15610.0	4.786885217484799e+16
15620.0	4.925317500108799e+16
15630.0	4.879572179353598e+16
15640.0	4.944093315071999e+16
15650.0	4.779401451929598e+16
15660.0	4.701136971366399e+16
15670.0	5.058588232908799e+16
15680.0	5.140987340390399e+16
15690.0	4.894451315507199e+16
15700.0	4.922211028172799e+16
15710.0	5.002783660441598e+16
15720.0	4.967453412556799e+16
15730.0	4.993932918783999e+16
15740.0	5.075774459084799e+16
15750.0	5.020876826214399e+16
15760.0	5.049633957478399e+16
15770.0	5.114004465254399e+16
15780.0	4.911755060838399e+16
15790.0	5.082336788479999e+16
15800.0	5.019506861670399e+16
15810.0	5.024868519116799e+16
15820.0	5.033807118335999e+16
15830.0	5.135652172595199e+16
15840.0	4.973107006668799e+16
15850.0	5.031892195737598e+16
15860.0	5.175915800166399e+16
15870.0	5.109926055116799e+16
15880.0	5.166167975526399e+16
15890.0	5.204469547007999e+16
15900.0	5.042896751820799e+16
15910.0	5.190447765913598e+16
15920.0	5.105548840140799e+16
15930.0	5.075468065177598e+16
15940.0	5.123388250521598e+16
15950.0	5.157114439270399e+16
15960.0	5.248277597388799e+16
15970.0	5.170864953753598e+16
15980.0	5.093083303116799e+16
15990.0	5.072465087692799e+16
16000.0	5.144717924761598e+16
16010.0	5.215157629747199e+16
16020.0	5.048545417625598e+16
16030.0	5.212076651315199e+16
16040.0	5.143078607257598e+16
16050.0	5.138717907353598e+16
16060.0	5.077893487001598e+16
16070.0	5.165502182195199e+16
16080.0	5.174635724799999e+16
16090.0	5.123657511731199e+16
16100.0	5.174301818879999e+16
16110.0	5.104906403839999e+16
16120.0	5.156765630463999e+16
16130.0	5.162687410995199e+16
16140.0	5.154744683724799e+16
16150.0	5.103322909900799e+16
16160.0	5.218827409817598e+16
16170.0	5.274773500723199e+16
16180.0	5.236585306521598e+16
16190.0	5.061988882841598e+16
16200.0	5.145466542489598e+16
16210.0	5.058489824051199e+16
16220.0	5.164929017446399e+16
16230.0	5.182815377817598e+16
16240.0	5.208939298815999e+16
16250.0	5.126395343667199e+16
16260.0	5.193436771123199e+16
16270.0	5.210585405849598e+16
16280.0	5.167863195238399e+16
16290.0	5.101582417919999e+16
16300.0	5.207986470911999e+16
16310.0	5.132643768729598e+16
16320.0	5.123618426060799e+16
16330.0	5.191247842508799e+16
16340.0	5.204703091097598e+16
16350.0	5.192412404121598e+16
16360.0	5.193628594995199e+16
16370.0	5.172657297817598e+16
16380.0	5.159475740671999e+16
16390.0	5.160784048947199e+16
16400.0	5.137011992166399e+16
16410.0	5.140923586969598e+16
16420.0	5.066170525286399e+16
16430.0	5.100514967551999e+16
16440.0	5.097540419583999e+16
16450.0	5.154650403635199e+16
16460.0	5.125357096140799e+16
16470.0	5.101398851583999e+16
16480.0	5.121021509631999e+16
16490.0	5.138346475519999e+16
16500.0	5.082352608870399e+16
16510.0	5.093380862771199e+16
16520.0	5.101893962956799e+16
16530.0	5.043429690572799e+16
16540.0	5.123609618022399e+16
16550.0	5.061599258214399e+16
16560.0	5.079378978406399e+16
16570.0	5.095923711999999e+16
16580.0	5.069032849407999e+16
16590.0	5.011213529907199e+16
16600.0	5.015403233279999e+16
16610.0	5.013873059430399e+16
16620.0	4.953732585881598e+16
16630.0	5.065449065676799e+16
16640.0	5.066582052044799e+16
16650.0	5.040952980275199e+16
16660.0	5.067670290431999e+16
16670.0	4.996749249740799e+16
16680.0	4.984766044569598e+16
16690.0	5.000733183180799e+16
16700.0	5.013153277542399e+16
16710.0	5.008778815078399e+16
16720.0	4.960712510668799e+16
16730.0	4.971999854591999e+16
16740.0	4.979743339315199e+16
16750.0	5.005412060364799e+16
16760.0	5.034851722854399e+16
16770.0	4.935614975180799e+16
16780.0	4.977265383833598e+16
16790.0	4.946248164966399e+16
16800.0	4.946075569356799e+16
16810.0	4.943407546367999e+16
16820.0	4.962432634060799e+16
16830.0	4.944217243647999e+16
16840.0	4.906048395673598e+16
16850.0	4.936366201241598e+16
16860.0	4.894012905881598e+16
16870.0	4.836866811494399e+16
16880.0	4.862666788044799e+16
16890.0	4.779514763673598e+16
16900.0	4.826236059647999e+16
16910.0	4.900891328511999e+16
16920.0	4.747394265907199e+16
16930.0	4.801095853670399e+16
16940.0	4.776717293977598e+16
16950.0	4.742667003494399e+16
16960.0	4.737620482457598e+16
16970.0	4.655837963878399e+16
16980.0	4.679210906419199e+16
16990.0	4.658989105151999e+16
17000.0	4.644352871628799e+16
17010.0	4.649856165478399e+16
17020.0	4.703155021414399e+16
17030.0	4.652708115251199e+16
17040.0	4.559206265651199e+16
17050.0	4.560615505919999e+16
17060.0	4.622487964876799e+16
17070.0	4.575542693068799e+16
17080.0	4.376436434534399e+16
17090.0	4.433111888691199e+16
17100.0	4.628386755379199e+16
17110.0	4.365308113715199e+16
17120.0	4.358764108185599e+16
17130.0	4.342773448703999e+16
17140.0	4.308385975500799e+16
17150.0	4.256471737958399e+16
17160.0	4.217078395699199e+16
17170.0	4.120522411212799e+16
17180.0	4.067728628121599e+16
17190.0	3.942267092991999e+16
17200.0	4.131010176614399e+16
17210.0	4.113526816767999e+16
17220.0	4.237740068044799e+16
17230.0	3.993370165247999e+16
17240.0	4.025491705036799e+16
17250.0	4.168862695423999e+16
17260.0	4.070140805119999e+16
17270.0	3.616158259609599e+16
17280.0	4.007661227212799e+16
17290.0	3.941971827097599e+16
17300.0	3.950322207948799e+16
17310.0	4.005499450163199e+16
17320.0	3.501589875916799e+16
17330.0	3.819780374527999e+16
17340.0	3.860691353599999e+16
17350.0	3.707792621567999e+16
17360.0	3.736613788057599e+16
17370.0	3.592956333260799e+16
17380.0	3.788528359833599e+16
17390.0	3.769239339007999e+16
17400.0	3.450309856460799e+16
17410.0	3.2098965061631996e+16
17420.0	3.677690462207999e+16
17430.0	3.630337320550399e+16
17440.0	3.5619995779071996e+16
17450.0	3.4566343622655996e+16
17460.0	3.499558390988799e+16
17470.0	3.1872429391871996e+16
17480.0	3.358771662028799e+16
17490.0	3.530682787430399e+16
17500.0	3.4566258163711996e+16
17510.0	3.0269677240319996e+16
17520.0	3.345188913151999e+16
17530.0	3.591254527180799e+16
17540.0	2.984961238630399e+16
17550.0	3.2737009008639996e+16
17560.0	2.786233443942399e+16
17570.0	3.1467750490111996e+16
17580.0	2.8559265759231996e+16
17590.0	3.090222999142399e+16
17600.0	3.549345139916799e+16
17610.0	2.935696057958399e+16
17620.0	3.047915415142399e+16
17630.0	2.7238919962623996e+16
17640.0	3.2679119880191996e+16
17650.0	3.008612525670399e+16
17660.0	3.495902117887999e+16
17670.0	2.6525503913983996e+16
17680.0	2.4100966629375996e+16
17690.0	2.6334640144383996e+16
17700.0	3.0085551357951996e+16
17710.0	2.9337106251775996e+16
17720.0	2.6815955009535996e+16
17730.0	2.5237274951679996e+16
17740.0	3.2044756959231996e+16
17750.0	2.675557715148799e+16
17760.0	2.356485508300799e+16
17770.0	2.7132188688383996e+16
17780.0	2.7397539495935996e+16
17790.0	2.6702013530111996e+16
17800.0	2.765797838028799e+16
17810.0	2.396739718348799e+16
17820.0	2.6459676475391996e+16
17830.0	2.4816882745343996e+16
17840.0	2.7662110621695996e+16
17850.0	2.3572333330431996e+16
17860.0	2.2130157158399996e+16
17870.0	2.1837245087743996e+16
17880.0	2.472584842444799e+16
17890.0	2.7483906375679996e+16
17900.0	2.926229087846399e+16
17910.0	2.1598966120447996e+16
17920.0	2.2816038649855996e+16
17930.0	2.5854161977343996e+16
17940.0	2.2770150998015996e+16
17950.0	2.4471992729599996e+16
17960.0	2.2069109817343996e+16
17970.0	2.3420653043711996e+16
17980.0	2.7119366111231996e+16
17990.0	2.6819854401535996e+16
18000.0	2.2180147855359996e+16
18010.0	1.9312284008447996e+16
18020.0	2.1563592703999996e+16
18030.0	2.2475340775423996e+16
18040.0	2.7619617406975996e+16
18050.0	2.2700095209471996e+16
18060.0	1.9506106892287996e+16
18070.0	2.300210285772799e+16
18080.0	2.2693936955391996e+16
18090.0	2.411794402508799e+16
18100.0	2.733872319692799e+16
18110.0	1.8740109475839996e+16
18120.0	2.2876839870463996e+16
18130.0	2.1900093030399996e+16
18140.0	3.0456181882879996e+16
18150.0	2.3569133567999996e+16
18160.0	2.1547156078591996e+16
18170.0	2.1191751204863996e+16
18180.0	2.3795476529151996e+16
18190.0	2.2175158239231996e+16
18200.0	2.1520250503167996e+16
18210.0	2.1258914988031996e+16
18220.0	1.7755058995199996e+16
18230.0	2.5480699346943996e+16
18240.0	3.0759397425151996e+16
18250.0	2.6313540960255996e+16
18260.0	2.1371259617279996e+16
18270.0	2.1811226574847996e+16
18280.0	2.244320742604799e+16
18290.0	2.5696496975871996e+16
18300.0	2.4436290420735996e+16
18310.0	2.0279846502399996e+16
18320.0	2.2710578642943996e+16
18330.0	2.3035524546559996e+16
18340.0	2.6473161097215996e+16
18350.0	2.1176771280895996e+16
18360.0	2.1898399711231996e+16
18370.0	2.3794028937215996e+16
18380.0	2.1470769414143996e+16
18390.0	2.3445969240063996e+16
18400.0	2.1098324557823996e+16
18410.0	2.7655546601471996e+16
18420.0	2.0922893369343996e+16
18430.0	2.3336985690111996e+16
18440.0	2.0224710344703996e+16
18450.0	2.3055191343103996e+16
18460.0	2.2762837344255996e+16
18470.0	2.0455328186367996e+16
18480.0	2.0085384708095996e+16
18490.0	2.1687992877055996e+16
18500.0	1.9520623869951996e+16
18510.0	2.2949997707263996e+16
18520.0	2.4235023007743996e+16
18530.0	2.0801602191359996e+16
18540.0	1.9374703378431996e+16
18550.0	2.1517314949119996e+16
18560.0	2.242771143884799e+16
18570.0	1.8110840373247996e+16
18580.0	1.8428647669759996e+16
18590.0	2.0671687032831996e+16
18600.0	1.8540893667327996e+16
18610.0	1.7543372406783996e+16
18620.0	2.2197797355519996e+16
18630.0	2.1378844622847996e+16
18640.0	2.0071570079743996e+16
18650.0	1.8121686745087996e+16
18660.0	2.2344929902591996e+16
18670.0	2.1907130679295996e+16
18680.0	1.7190591135743996e+16
18690.0	2.4860785967103996e+16
18700.0	2.2817699004415996e+16
18710.0	1.9049701670911996e+16
18720.0	2.2337557200895996e+16
18730.0	1.8045236051967996e+16
18740.0	2.1715060097023996e+16
18750.0	2.2397097639935996e+16
18760.0	2.2810229866495996e+16
18770.0	1.9344855629823996e+16
18780.0	2.3001085804543996e+16
18790.0	2.1517333725183996e+16
18800.0	2.3849585475583996e+16
18810.0	2.0245972123647996e+16
18820.0	2.2911324913663996e+16
18830.0	2.6787793600511996e+16
18840.0	2.445498109132799e+16
18850.0	1.8960425353215996e+16
18860.0	2.4515591340031996e+16
18870.0	2.3416952651775996e+16
18880.0	2.5599877185535996e+16
18890.0	2.1183646597119996e+16
18900.0	2.3455570264063996e+16
18910.0	2.368150195404799e+16
18920.0	2.0151178428415996e+16
18930.0	2.3836740747263996e+16
18940.0	2.4039419019263996e+16
18950.0	2.4321966079999996e+16
18960.0	2.3960036966399996e+16
18970.0	2.5506221326335996e+16
18980.0	2.2832605757439996e+16
18990.0	2.4412039151615996e+16
19000.0	2.4183637868543996e+16
19010.0	2.2414422573055996e+16
19020.0	2.5682997346303996e+16
19030.0	2.3214734835711996e+16
19040.0	2.4660479574015996e+16
19050.0	2.394648464588799e+16
19060.0	2.1387727863807996e+16
19070.0	2.2077609345023996e+16
19080.0	2.684584611020799e+16
19090.0	2.6373904924671996e+16
19100.0	2.4651053268991996e+16
19110.0	2.2021137629183996e+16
19120.0	2.3698058772479996e+16
19130.0	2.5231094382591996e+16
19140.0	2.2392858968063996e+16
19150.0	2.663330499788799e+16
19160.0	2.2675821133823996e+16
19170.0	2.3530346807295996e+16
19180.0	2.5831778025471996e+16
19190.0	2.7451834695679996e+16
19200.0	2.0585368911871996e+16
19210.0	1.9314470879231996e+16
19220.0	2.5510246612991996e+16
19230.0	2.4349799350271996e+16
19240.0	2.0217003376639996e+16
19250.0	2.365130165452799e+16
19260.0	2.3837179576319996e+16
19270.0	2.1104848338943996e+16
19280.0	2.615874014412799e+16
19290.0	2.0799044550655996e+16
19300.0	2.257035988172799e+16
19310.0	1.9998947868671996e+16
19320.0	2.1382758629375996e+16
19330.0	2.3275686363135996e+16
19340.0	2.0108645400575996e+16
19350.0	2.4074376314879996e+16
19360.0	2.1555093176319996e+16
19370.0	2.2573618036735996e+16
19380.0	2.260134546636799e+16
19390.0	1.9807001509887996e+16
19400.0	1.8588734849023996e+16
19410.0	1.9181115146239996e+16
19420.0	2.2043401519103996e+16
19430.0	2.2334157455359996e+16
19440.0	2.2138021838847996e+16
19450.0	1.8860242862079996e+16
19460.0	1.9342773944319996e+16
19470.0	2.1949432463359996e+16
19480.0	1.9469055557631996e+16
19490.0	1.9720459976703996e+16
19500.0	2.2128802201599996e+16
19510.0	2.1128189378559996e+16
19520.0	2.2790677921791996e+16
19530.0	1.8839068475391996e+16
19540.0	2.1195464409087996e+16
19550.0	1.9439413460991996e+16
19560.0	1.9145664233471996e+16
19570.0	2.2196546699263996e+16
19580.0	2.0483371433983996e+16
19590.0	2.5068380880895996e+16
19600.0	2.0094897979391996e+16
19610.0	1.8957557268479996e+16
19620.0	2.0375871422463996e+16
19630.0	2.2177164034047996e+16
19640.0	2.0995967352831996e+16
19650.0	2.0372970438655996e+16
19660.0	2.248781532364799e+16
19670.0	2.3575424106495996e+16
19680.0	1.9414318415871996e+16
19690.0	2.1103739797503996e+16
19700.0	2.408540916940799e+16
19710.0	1.9245840334847996e+16
19720.0	2.1597155491839996e+16
19730.0	2.1083814887423996e+16
19740.0	1.9792858775551996e+16
19750.0	2.0498805948415996e+16
19760.0	1.7547749621759996e+16
19770.0	2.0533758230527996e+16
19780.0	1.9187745161215996e+16
19790.0	2.0305758912511996e+16
19800.0	1.8648123211775996e+16
19810.0	2.1561094176767996e+16
19820.0	1.9354102562815996e+16
19830.0	2.0675915612159996e+16
19840.0	2.0851503202303996e+16
19850.0	2.1622709551103996e+16
19860.0	2.1044542537727996e+16
19870.0	2.1476682104831996e+16
19880.0	2.1080646352895996e+16
19890.0	2.0384422494207996e+16
19900.0	1.8053450825727996e+16
19910.0	2.0303492120575996e+16
19920.0	1.9443344736255996e+16
19930.0	2.1118449549311996e+16
19940.0	2.2756884807679996e+16
19950.0	2.0471719755775996e+16
19960.0	2.2353829789695996e+16
19970.0	2.2326053732351996e+16
19980.0	1.9801058541567996e+16
19990.0	2.2166943793151996e+16
20000.0	1.8978041200639996e+16
20010.0	2.2242250260479996e+16
20020.0	2.1178995441663996e+16
20030.0	2.2432435404799996e+16
20040.0	2.2712932499455996e+16
20050.0	2.3376888135679996e+16
20060.0	2.1582275346431996e+16
20070.0	2.0875160125439996e+16
20080.0	2.3769694109695996e+16
20090.0	1.9022763098111996e+16
20100.0	2.0305055776767996e+16
20110.0	2.0546655027199996e+16
20120.0	2.2370500345855996e+16
20130.0	2.2625281605631996e+16
20140.0	2.2386904760319996e+16
20150.0	2.2974073208831996e+16
20160.0	2.0998483279871996e+16
20170.0	2.1134932770815996e+16
20180.0	2.339585051852799e+16
20190.0	2.2017606844415996e+16
20200.0	1.9166638473215996e+16
20210.0	2.3773202808831996e+16
20220.0	2.3749679513599996e+16
20230.0	2.2779873918975996e+16
20240.0	2.4384318668799996e+16
20250.0	2.2899980009471996e+16
20260.0	2.0597318057983996e+16
20270.0	2.2196169605119996e+16
20280.0	2.2664631549951996e+16
20290.0	2.0677612896255996e+16
20300.0	2.3073389543423996e+16
20310.0	2.0840992374783996e+16
20320.0	2.4560029138943996e+16
20330.0	2.3525517819903996e+16
20340.0	2.3143148355583996e+16
20350.0	2.3180376539135996e+16
20360.0	2.1021549068287996e+16
20370.0	2.4551528202239996e+16
20380.0	2.3577881083903996e+16
20390.0	2.2503043825663996e+16
20400.0	2.2603380293631996e+16
20410.0	2.2276581294079996e+16
20420.0	2.4031670042623996e+16
20430.0	2.5062316572671996e+16
20440.0	2.1990169444351996e+16
20450.0	2.2137652051967996e+16
20460.0	2.2704523313151996e+16
20470.0	2.415283162316799e+16
20480.0	2.4538355073023996e+16
20490.0	2.2419491618815996e+16
20500.0	2.239955471564799e+16
20510.0	2.5357429702655996e+16
20520.0	2.3206129106943996e+16
20530.0	2.3510709436415996e+16
20540.0	2.2751542542335996e+16
20550.0	2.3314438553599996e+16
20560.0	2.2798134050815996e+16
20570.0	2.4655205302271996e+16
20580.0	2.5326828584959996e+16
20590.0	2.4140941819903996e+16
20600.0	2.4640640942079996e+16
20610.0	2.2927229878271996e+16
20620.0	2.3905936408575996e+16
20630.0	2.3825235378175996e+16
20640.0	2.1687993827327996e+16
20650.0	2.4342420979711996e+16
20660.0	2.3950756151295996e+16
20670.0	2.4733661724671996e+16
20680.0	2.456933551308799e+16
20690.0	2.3706842562559996e+16
20700.0	2.5155016065023996e+16
20710.0	2.4341350121471996e+16
20720.0	2.3360232423423996e+16
20730.0	2.3786221993983996e+16
20740.0	2.4021992865791996e+16
20750.0	2.3705056641023996e+16
20760.0	2.4385229094911996e+16
20770.0	2.4180116094975996e+16
20780.0	2.4801778073599996e+16
20790.0	2.4472711069695996e+16
20800.0	2.4309760720895996e+16
20810.0	2.4360708603903996e+16
20820.0	2.4530926632959996e+16
20830.0	2.3910750683135996e+16
20840.0	2.4193284571135996e+16
20850.0	2.444599217356799e+16
20860.0	2.4597460877311996e+16
20870.0	2.3444912996351996e+16
20880.0	2.4776384643071996e+16
20890.0	2.449891970252799e+16
20900.0	2.3908153425919996e+16
20910.0	2.5205166702591996e+16
20920.0	2.4434621939711996e+16
20930.0	2.5153050968063996e+16
20940.0	2.3670374793215996e+16
20950.0	2.4493615153151996e+16
20960.0	2.4670460248063996e+16
20970.0	2.4410943979519996e+16
20980.0	2.4626908495871996e+16
20990.0	2.4415742853119996e+16
21000.0	2.4401707139071996e+16
21010.0	2.4955044298751996e+16
21020.0	2.4597541355519996e+16
21030.0	2.4522993762303996e+16
21040.0	2.4681188294655996e+16
21050.0	2.402673249484799e+16
21060.0	2.4787757367295996e+16
21070.0	2.4794632814591996e+16
21080.0	2.4610665660415996e+16
21090.0	2.4361238527999996e+16
21100.0	2.4956648947711996e+16
21110.0	2.4826399031295996e+16
21120.0	2.4081692491775996e+16
21130.0	2.4762641219583996e+16
21140.0	2.5140391510015996e+16
21150.0	2.4874483187711996e+16
21160.0	2.4824458182655996e+16
21170.0	2.402456227020799e+16
21180.0	2.4563885801471996e+16
21190.0	2.4490072080383996e+16
21200.0	2.4664677089279996e+16
21210.0	2.4622092582911996e+16
21220.0	2.467912797388799e+16
21230.0	2.4720829775871996e+16
21240.0	2.4662342303743996e+16
21250.0	2.4904761409535996e+16
21260.0	2.4739533029375996e+16
21270.0	2.466414775500799e+16
21280.0	2.4189133062143996e+16
21290.0	2.4205389987839996e+16
21300.0	2.4451962109951996e+16
21310.0	2.4699283505151996e+16
21320.0	2.4674409119743996e+16
21330.0	2.4720145514495996e+16
21340.0	2.442462448844799e+16
21350.0	2.4743452934143996e+16
21360.0	2.4651690541055996e+16
21370.0	2.439007423692799e+16
21380.0	2.446698466508799e+16
21390.0	2.4546140815359996e+16
21400.0	2.4191335727103996e+16
21410.0	2.424124755148799e+16
21420.0	2.4358419759103996e+16
21430.0	2.4385083277311996e+16
21440.0	2.4790934749183996e+16
21450.0	2.473329282252799e+16
21460.0	2.4752149364735996e+16
21470.0	2.4535373381631996e+16
21480.0	2.4400913432575996e+16
21490.0	2.4374406152191996e+16
21500.0	2.4044769705983996e+16
21510.0	2.450633903308799e+16
21520.0	2.4309062107135996e+16
21530.0	2.4091931770879996e+16
21540.0	2.442378693836799e+16
21550.0	2.4403887783935996e+16
21560.0	2.4266073440255996e+16
21570.0	2.4269510672383996e+16
21580.0	2.4442112901119996e+16
21590.0	2.431162862796799e+16
21600.0	2.4121736888319996e+16
21610.0	2.434044906700799e+16
21620.0	2.4110986428415996e+16
21630.0	2.4052016349183996e+16
21640.0	2.4239843966975996e+16
21650.0	2.4169193603071996e+16
21660.0	2.3955422707711996e+16
21670.0	2.409471265996799e+16
21680.0	2.4292636229631996e+16
21690.0	2.438707530956799e+16
21700.0	2.4104427192319996e+16
21710.0	2.3874885779455996e+16
21720.0	2.4068115005439996e+16
21730.0	2.3835519025151996e+16
21740.0	2.395306151116799e+16
21750.0	2.4125099278335996e+16
21760.0	2.371605515468799e+16
21770.0	2.3979212144639996e+16
21780.0	2.368606981324799e+16
21790.0	2.3664770154495996e+16
21800.0	2.3898792722431996e+16
21810.0	2.3967390498815996e+16
21820.0	2.3826066112511996e+16
21830.0	2.3601146036223996e+16
21840.0	2.3852956844031996e+16
21850.0	2.3636346732543996e+16
21860.0	2.351840152780799e+16
21870.0	2.3644957507583996e+16
21880.0	2.3722599710719996e+16
21890.0	2.3796152008703996e+16
21900.0	2.3650310029311996e+16
21910.0	2.3802572636159996e+16
21920.0	2.3634295324671996e+16
21930.0	2.3369129066495996e+16
21940.0	2.3587581526015996e+16
21950.0	2.3617427144703996e+16
21960.0	2.3457355857919996e+16
21970.0	2.3450576748543996e+16
21980.0	2.3512459182079996e+16
21990.0	2.3507642548223996e+16
22000.0	2.3496533999615996e+16
22010.0	2.3380421640191996e+16
22020.0	2.3347423543295996e+16
22030.0	2.3235184951295996e+16
22040.0	2.3168424345599996e+16
22050.0	2.3178154803199996e+16
22060.0	2.3401426255871996e+16
22070.0	2.3196314632191996e+16
22080.0	2.317304188108799e+16
22090.0	2.3270880772095996e+16
22100.0	2.3296450822143996e+16
22110.0	2.305273416908799e+16
22120.0	2.334207888588799e+16
22130.0	2.3104064782335996e+16
22140.0	2.323759025356799e+16
22150.0	2.3144652931071996e+16
22160.0	2.311810632908799e+16
22170.0	2.296374086860799e+16
22180.0	2.313202453708799e+16
22190.0	2.2798116847615996e+16
22200.0	2.2611502366719996e+16
22210.0	2.267735706828799e+16
22220.0	2.2942694572031996e+16
22230.0	2.3004419784703996e+16
22240.0	2.300231077068799e+16
22250.0	2.3103866273791996e+16
22260.0	2.301120367820799e+16
22270.0	2.268645838028799e+16
22280.0	2.266665012428799e+16
22290.0	2.2763708743679996e+16
22300.0	2.2691097608191996e+16
22310.0	2.2882341945343996e+16
22320.0	2.2935684710399996e+16
22330.0	2.2564396793855996e+16
22340.0	2.273749028044799e+16
22350.0	2.2454497116159996e+16
22360.0	2.238152068300799e+16
22370.0	2.273791069388799e+16
22380.0	2.2693261869055996e+16
22390.0	2.2398455250943996e+16
22400.0	2.275940486348799e+16
22410.0	2.2686032265215996e+16
22420.0	2.2285399490559996e+16
22430.0	2.2321067556863996e+16
22440.0	2.2353344102399996e+16
22450.0	2.2450888310783996e+16
22460.0	2.2700340346879996e+16
22470.0	2.2264119558143996e+16
22480.0	2.2370572959743996e+16
22490.0	2.2463259082751996e+16
22500.0	2.1943346593791996e+16
22510.0	2.2502552633343996e+16
22520.0	2.2237155819519996e+16
22530.0	2.2322667519999996e+16
22540.0	2.2148302995455996e+16
22550.0	2.2087250509823996e+16
22560.0	2.2206004199423996e+16
22570.0	2.2356823506943996e+16
22580.0	2.2044667215871996e+16
22590.0	2.2234198409215996e+16
22600.0	2.2205174546431996e+16
22610.0	2.2201595854847996e+16
22620.0	2.2207691882495996e+16
22630.0	2.1918330978303996e+16
22640.0	2.1935938043903996e+16
22650.0	2.1645395197951996e+16
22660.0	2.2079015813119996e+16
22670.0	2.2064565387263996e+16
22680.0	2.1996586991615996e+16
22690.0	2.1917495263231996e+16
22700.0	2.1701495521279996e+16
22710.0	2.1757472767999996e+16
22720.0	2.1624398741503996e+16
22730.0	2.1829910921215996e+16
22740.0	2.1944362893311996e+16
22750.0	2.1847256629247996e+16
22760.0	2.1822883561471996e+16
22770.0	2.1988170334207996e+16
22780.0	2.1932979519487996e+16
22790.0	2.1482715512831996e+16
22800.0	2.1281655652351996e+16
22810.0	2.1280926269439996e+16
22820.0	2.1863148617727996e+16
22830.0	2.1844833959935996e+16
22840.0	2.1402982711295996e+16
22850.0	2.1546951704575996e+16
22860.0	2.1727349637119996e+16
22870.0	2.1567087050751996e+16
22880.0	2.1895158333439996e+16
22890.0	2.1564669722623996e+16
22900.0	2.1609151561727996e+16
22910.0	2.1423339601919996e+16
22920.0	2.1033525149695996e+16
22930.0	2.0965145280511996e+16
22940.0	1.7418379493375998e+16
22950.0	1.8455969169407996e+16
22960.0	1.8915629727743996e+16
22970.0	1.8845751279615996e+16
22980.0	1.8932158398463996e+16
22990.0	1.9218344181759996e+16
23000.0	1.9407614541823996e+16
23010.0	1.8318362312703996e+16
23020.0	1.9518612144127996e+16
23030.0	1.9326052827135996e+16
23040.0	1.9592591048703996e+16
23050.0	1.9096982519807996e+16
23060.0	1.9216001302527996e+16
23070.0	1.9221322203135996e+16
23080.0	1.9070394630143996e+16
23090.0	1.9295539396607996e+16
23100.0	1.8780610789375996e+16
23110.0	1.9038322393087996e+16
23120.0	1.9334932692991996e+16
23130.0	2.0250223149055996e+16
23140.0	1.8862185021439996e+16
23150.0	1.8412187975679996e+16
23160.0	1.9272788279295996e+16
23170.0	2.0277759311871996e+16
23180.0	1.8826081533951996e+16
23190.0	1.9168880885759996e+16
23200.0	2.0355768352767996e+16
23210.0	1.9291630567423996e+16
23220.0	1.8843075346431996e+16
23230.0	1.7904576692223996e+16
23240.0	1.7717213724671996e+16
23250.0	1.7936489611263996e+16
23260.0	1.9077080842239996e+16
23270.0	1.8196742111231996e+16
23280.0	1.8484438974463996e+16
23290.0	1.8709247115263996e+16
23300.0	1.7953985101823996e+16
23310.0	1.8959595077631996e+16
23320.0	1.8571886493695996e+16
23330.0	1.9274193764351996e+16
23340.0	1.8493849632767996e+16
23350.0	1.8803532038143996e+16
23360.0	1.8365084336127996e+16
23370.0	1.8257873010687996e+16
23380.0	1.9113666412543996e+16
23390.0	1.8468554637311996e+16
23400.0	1.8693648515071996e+16
23410.0	1.8674320375807996e+16
23420.0	1.9472363716607996e+16
23430.0	1.8770102124543996e+16
23440.0	1.8643782598655996e+16
23450.0	1.7704174780415998e+16
23460.0	1.9700462747647996e+16
23470.0	1.9034510557183996e+16
23480.0	1.9119207120895996e+16
23490.0	1.9722982981631996e+16
23500.0	1.8759761854463996e+16
23510.0	1.8571230609407996e+16
23520.0	1.8749711253503996e+16
23530.0	1.7856537919487998e+16
23540.0	1.7754893516799996e+16
23550.0	1.9356826075135996e+16
23560.0	1.7978817609727998e+16
23570.0	1.9024343957503996e+16
23580.0	1.7844756152319996e+16
23590.0	1.7496512364543996e+16
23600.0	1.9063831232511996e+16
23610.0	1.7639838711807998e+16
23620.0	1.8816930840575996e+16
23630.0	1.7626922614783996e+16
23640.0	1.8542127415295996e+16
23650.0	1.8690665250815996e+16
23660.0	1.8376296169471996e+16
23670.0	1.8461072490495996e+16
23680.0	1.7696077709311996e+16
23690.0	1.8413465862143996e+16
23700.0	1.8324330184703996e+16
23710.0	1.7841673404415998e+16
23720.0	1.9403680317439996e+16
23730.0	1.7934923595775998e+16
23740.0	1.8735872802815996e+16
23750.0	1.8904780832767996e+16
23760.0	1.7977522323455998e+16
23770.0	1.8548888076287996e+16
23780.0	1.7886273011711996e+16
23790.0	1.7898702307327998e+16
23800.0	1.9273598697471996e+16
23810.0	1.6889242189823996e+16
23820.0	1.9105340588031996e+16
23830.0	1.7794717384703996e+16
23840.0	1.6778512334847998e+16
23850.0	1.9013180424191996e+16
23860.0	1.7176185634815998e+16
23870.0	1.7334345138175998e+16
23880.0	1.6971222679551996e+16
23890.0	1.7316175675391996e+16
23900.0	1.9092605435903996e+16
23910.0	1.8544964567039996e+16
23920.0	1.6642342584319996e+16
23930.0	1.7879543545855998e+16
23940.0	1.9275240800255996e+16
23950.0	1.6781100384255998e+16
23960.0	1.7907931873279996e+16
23970.0	1.8019879616511996e+16
23980.0	1.6938276126719996e+16
23990.0	1.8744082137087996e+16
24000.0	1.8191186657279996e+16
24010.0	1.6819175423999996e+16
24020.0	1.8159411298303996e+16
24030.0	1.7446801407999996e+16
24040.0	1.6870841384959996e+16
24050.0	1.7696643219455998e+16
24060.0	1.7926486851583996e+16
24070.0	1.7284182802431996e+16
24080.0	1.6459851235327998e+16
24090.0	1.7200796958719996e+16
24100.0	1.7039694135295998e+16
24110.0	1.7399215030271996e+16
24120.0	1.7820673277951996e+16
24130.0	1.6654448099327998e+16
24140.0	1.5006394253311996e+16
24150.0	1.8172761964543996e+16
24160.0	1.7355086364671996e+16
24170.0	1.6128235405311996e+16
24180.0	1.7205891792895998e+16
24190.0	1.6947434815487998e+16
24200.0	1.5462656933887998e+16
24210.0	1.8223671803903996e+16
24220.0	1.5769023053823996e+16
24230.0	1.6172441599999998e+16
24240.0	1.7186038317055998e+16
24250.0	1.6600738267135998e+16
24260.0	1.6252594192383996e+16
24270.0	1.5207196884991996e+16
24280.0	1.5829751136255998e+16
24290.0	1.7387772903423996e+16
24300.0	1.6274764300287998e+16
24310.0	1.5410602770431996e+16
24320.0	1.6574447386623996e+16
24330.0	1.6349550837759998e+16
24340.0	1.4991886286847998e+16
24350.0	1.5849792634879998e+16
24360.0	1.6029841522687998e+16
24370.0	1.3306249281535998e+16
24380.0	1.6171259428863996e+16
24390.0	1.7373967155199996e+16
24400.0	1.5695516270591996e+16
24410.0	1.5433500295167998e+16
24420.0	1.5238937903103996e+16
24430.0	1.5214564245503996e+16
24440.0	1.3928302870527998e+16
24450.0	1.5931384168447998e+16
24460.0	1.5687601520639998e+16
24470.0	1.5266027274239998e+16
24480.0	1.3257768730623996e+16
24490.0	1.5127475191807998e+16
24500.0	1.6707941335039996e+16
24510.0	1.5819173953535998e+16
24520.0	1.3511508000767998e+16
24530.0	1.2849582342143996e+16
24540.0	1.2529017552895998e+16
24550.0	1.4233278218239998e+16
24560.0	1.5518625529855998e+16
24570.0	1.6739903602687998e+16
24580.0	1.6783854895103996e+16
24590.0	1.5596241649663996e+16
24600.0	1.3545087729663996e+16
24610.0	1.1498180902911998e+16
24620.0	1.4792414789631996e+16
24630.0	1.5226645905407998e+16
24640.0	1.6905468313599996e+16
24650.0	1.5835776712703996e+16
24660.0	1.4082321973247998e+16
24670.0	1.3533922492415998e+16
24680.0	1.1772941074431998e+16
24690.0	1.4513181229055998e+16
24700.0	1.3787619033087998e+16
24710.0	1.4028584517631996e+16
24720.0	1.4369983791103996e+16
24730.0	1.4161641373695998e+16
24740.0	1.1998997086207998e+16
24750.0	1.1899745370111998e+16
24760.0	1.3118252384255998e+16
24770.0	1.5267686891519998e+16
24780.0	1.3988717314047998e+16
24790.0	1.2514690826239998e+16
24800.0	1.5302967984127998e+16
24810.0	1.3489655414783996e+16
24820.0	1.1710529978367998e+16
24830.0	1.2330174332927998e+16
24840.0	1.5627035049983996e+16
24850.0	1.5838567956479998e+16
24860.0	1.5078400524287998e+16
24870.0	1.2712617476095998e+16
24880.0	1.2578478587903996e+16
24890.0	1.1725560872959998e+16
24900.0	1.0965363949567998e+16
24910.0	1.1243843682303996e+16
24920.0	1.4642602672127998e+16
24930.0	1.3545429663743996e+16
24940.0	1.5643431993343996e+16
24950.0	1.4250051731455998e+16
24960.0	1.2628145831935998e+16
24970.0	1.2598570844159998e+16
24980.0	1.0438285262847998e+16
24990.0	1.3793776009215998e+16
