# Flux units: erg / (cm m2 s)
# Wavelength units: Angstrom
wave	flux
9000.0	3823623946239999.5
9010.0	4617739370495999.0
9020.0	4400632299519999.0
9030.0	3890117951487999.0
9040.0	3914353229823999.5
9050.0	5137133182975999.0
9060.0	4600815280127999.0
9070.0	4747110514687999.0
9080.0	7316849557503999.0
9090.0	5993333948415999.0
9100.0	5444478894079999.0
9110.0	5798067929087999.0
9120.0	7263132090367999.0
9130.0	6947968876543999.0
9140.0	6474718134271998.0
9150.0	7478174629887999.0
9160.0	8034311847935998.0
9170.0	8139026415615998.0
9180.0	7160212062207999.0
9190.0	9007116550143999.0
9200.0	7714717859839999.0
9210.0	5767469907967999.0
9220.0	5256600174591999.0
9230.0	4597865512959999.0
9240.0	4268480806911999.5
9250.0	4814593277951999.0
9260.0	4684336742399999.0
9270.0	4691961987071999.0
9280.0	3898727989247999.0
9290.0	4267495833599999.0
9300.0	4016232480767999.0
9310.0	3839304810495999.0
9320.0	4457769746431999.5
9330.0	4031558696959999.5
9340.0	5388790071295999.0
9350.0	3903390564351999.5
9360.0	4722067521535999.0
9370.0	4576196624383999.0
9380.0	5324060196863999.0
9390.0	4675408592895999.0
9400.0	5226201268223999.0
9410.0	5049958498303999.0
9420.0	6578094800895999.0
9430.0	6425410863103999.0
9440.0	5814726230015999.0
9450.0	5866791796735999.0
9460.0	6385850646527999.0
9470.0	6018530508799999.0
9480.0	7680251953151998.0
9490.0	8930804760575998.0
9500.0	5558855581695999.0
9510.0	6745291702271998.0
9520.0	8240246226943999.0
9530.0	7886995718143999.0
9540.0	9179556577279998.0
9550.0	7686831243263999.0
9560.0	8772504518655998.0
9570.0	7801394626559999.0
9580.0	1.0284895633407998e+16
9590.0	1.0139237416959998e+16
9600.0	8297916465151998.0
9610.0	9643135320063998.0
9620.0	8354036891647999.0
9630.0	1.1230455037951998e+16
9640.0	7605939404799999.0
9650.0	8524479135743999.0
9660.0	1.1017600860159998e+16
9670.0	1.1693148078079998e+16
9680.0	9718396682239998.0
9690.0	9806204665855998.0
9700.0	1.1636297826303996e+16
9710.0	9016450744319998.0
9720.0	1.1196974268415998e+16
9730.0	9323187503103998.0
9740.0	9274471841791998.0
9750.0	9465751633919998.0
9760.0	1.0333587144703998e+16
9770.0	9591905583103998.0
9780.0	1.0087079084031998e+16
9790.0	8415006818303999.0
9800.0	1.0841414500351998e+16
9810.0	1.0452986396671998e+16
9820.0	8767351783423999.0
9830.0	9361647697919998.0
9840.0	1.0578308792319998e+16
9850.0	1.0809852100607998e+16
9860.0	1.1251271073791998e+16
9870.0	1.1394392195071998e+16
9880.0	1.1095279468543998e+16
9890.0	1.2503310532607998e+16
9900.0	4358006947839999.0
9910.0	3391147671551999.5
9920.0	3389948870655999.0
9930.0	3627244142591999.5
9940.0	4001186660351999.5
9950.0	4332037111807999.0
9960.0	4306513903615999.0
9970.0	4590731067391999.0
9980.0	4065973714943999.5
9990.0	3982383464447999.0
10000.0	4359018053631999.5
10010.0	4661519949823999.0
10020.0	4711921754111999.0
10030.0	6221151010815999.0
10040.0	4750981070847999.0
10050.0	5484721766399999.0
10060.0	3936559865855999.0
10070.0	4889062850559999.0
10080.0	5731408519167999.0
10090.0	5723361460223999.0
10100.0	6895140536319999.0
10110.0	5781269061631998.0
10120.0	5064047321087999.0
10130.0	5560813158399999.0
10140.0	4768846495743999.0
10150.0	5582538227711998.0
10160.0	4977171865599999.0
10170.0	4860404473855999.0
10180.0	6120598265855999.0
10190.0	5346270937087999.0
10200.0	5086338490367999.0
10210.0	6612021903359999.0
10220.0	5087740215295999.0
10230.0	5831658602495999.0
10240.0	6827794956287999.0
10250.0	6827255554047999.0
10260.0	5054217150463999.0
10270.0	5816200527871998.0
10280.0	5451696529407999.0
10290.0	6174449623039999.0
10300.0	5679789899775999.0
10310.0	7247873753087999.0
10320.0	6030601535487999.0
10330.0	7725834387455998.0
10340.0	6108078653439999.0
10350.0	7542776020991998.0
10360.0	8224642613247999.0
10370.0	9771760107519998.0
10380.0	8120249597951998.0
10390.0	7090805030911998.0
10400.0	8976717103103999.0
10410.0	1.1295106400255998e+16
10420.0	7680458522623999.0
10430.0	6468790271999999.0
10440.0	1.0819987996671998e+16
10450.0	1.3460412563455998e+16
10460.0	1.6849139564543996e+16
10470.0	6946117500927999.0
10480.0	9012126089215998.0
10490.0	1.2999882784767998e+16
10500.0	1.1409591533567998e+16
10510.0	1.1161356582911998e+16
10520.0	8003281682431998.0
10530.0	1.3481655844863996e+16
10540.0	1.4475655872511996e+16
10550.0	1.4984791588863996e+16
10560.0	1.2032481099775998e+16
10570.0	9464389173247998.0
10580.0	1.5112215461887998e+16
10590.0	1.3978135887871996e+16
10600.0	1.6723498205183996e+16
10610.0	1.5048655110143996e+16
10620.0	1.2339770032127998e+16
10630.0	1.7019159576575998e+16
10640.0	2.0845925138431996e+16
10650.0	1.7996677218303996e+16
10660.0	1.5611494006783996e+16
10670.0	1.3251832905727998e+16
10680.0	1.7372467527679996e+16
10690.0	2.0424659730431996e+16
10700.0	1.8902706716671996e+16
10710.0	1.9393778434047996e+16
10720.0	2.1455238529023996e+16
10730.0	1.8278899548159996e+16
10740.0	1.9590024200191996e+16
10750.0	2.1694439817215996e+16
10760.0	2.1368373772287996e+16
10770.0	2.3963771699199996e+16
10780.0	2.6085336580095996e+16
10790.0	2.444112383180799e+16
10800.0	2.4464459431935996e+16
10810.0	2.2633325854719996e+16
10820.0	2.1832893726719996e+16
10830.0	2.493599747276799e+16
10840.0	2.889323423334399e+16
10850.0	2.5193423503359996e+16
10860.0	2.4212696842239996e+16
10870.0	2.4287549161471996e+16
10880.0	2.6659316105215996e+16
10890.0	1.9912393523199996e+16
10900.0	2.4707983671295996e+16
10910.0	2.3351523704831996e+16
10920.0	2.526141500620799e+16
10930.0	2.6557176020991996e+16
10940.0	2.4357124341759996e+16
10950.0	2.5073461264383996e+16
10960.0	2.2144286523391996e+16
10970.0	2.5114096730111996e+16
10980.0	2.234696289484799e+16
10990.0	2.3225002196991996e+16
11000.0	2.225045916876799e+16
11010.0	2.397631696076799e+16
11020.0	2.2526451548159996e+16
11030.0	1.9308821151743996e+16
11040.0	1.9526692405247996e+16
11050.0	2.0756817084415996e+16
11060.0	2.0007424884735996e+16
11070.0	1.8561956085759996e+16
11080.0	1.9330241036287996e+16
11090.0	1.9881876570111996e+16
11100.0	1.8159498248191996e+16
11110.0	1.7347698130943996e+16
11120.0	2.0414998708223996e+16
11130.0	2.1423571812351996e+16
11140.0	2.0169150218239996e+16
11150.0	2.0525361922047996e+16
11160.0	2.1631631556607996e+16
11170.0	2.0215846256639996e+16
11180.0	2.4157650960383996e+16
11190.0	2.1246016782335996e+16
11200.0	1.9846445924351996e+16
11210.0	2.0224746012671996e+16
11220.0	2.241432202444799e+16
11230.0	2.269753969868799e+16
11240.0	2.4461010796543996e+16
11250.0	2.3619788242943996e+16
11260.0	2.486578564300799e+16
11270.0	2.4047474606079996e+16
11280.0	2.478094519500799e+16
11290.0	2.497035586764799e+16
11300.0	2.1347982344191996e+16
11310.0	2.5871888121855996e+16
11320.0	2.5385258647551996e+16
11330.0	2.3120795140095996e+16
11340.0	2.0906992140287996e+16
11350.0	1.8179764387839996e+16
11360.0	2.2594619965439996e+16
11370.0	2.2736096133119996e+16
11380.0	1.7376367312895998e+16
11390.0	2.0760309596159996e+16
11400.0	2.1033336602623996e+16
11410.0	1.6455351861247998e+16
11420.0	2.4023295918079996e+16
11430.0	2.3330865053695996e+16
11440.0	2.1977816170495996e+16
11450.0	2.5803525914623996e+16
11460.0	2.6599970144255996e+16
11470.0	2.5098883465215996e+16
11480.0	2.2973252141055996e+16
11490.0	2.8805695897599996e+16
11500.0	2.885633353318399e+16
11510.0	2.737350855884799e+16
11520.0	2.8126839570431996e+16
11530.0	2.5942349578239996e+16
11540.0	2.476665982156799e+16
11550.0	2.970693756518399e+16
11560.0	2.780335164620799e+16
11570.0	2.7618389327871996e+16
11580.0	2.817810877644799e+16
11590.0	2.8177994350591996e+16
11600.0	2.566647729356799e+16
11610.0	2.4479295078399996e+16
11620.0	2.7180091080703996e+16
11630.0	2.971673372262399e+16
11640.0	2.4586444799999996e+16
11650.0	2.9994963238911996e+16
11660.0	2.5184271663103996e+16
11670.0	2.8694700490751996e+16
11680.0	2.6039049846783996e+16
11690.0	1.4908729786367998e+16
11700.0	2.0754465964031996e+16
11710.0	2.7463676329983996e+16
11720.0	2.9275895234559996e+16
11730.0	2.8663563288575996e+16
11740.0	2.7337028009983996e+16
11750.0	2.731187129548799e+16
11760.0	2.406639586508799e+16
11770.0	1.6576607961087998e+16
11780.0	1.4295644979199998e+16
11790.0	2.5059153674239996e+16
11800.0	2.8088105828351996e+16
11810.0	2.842990405222399e+16
11820.0	2.861737004236799e+16
11830.0	3.0628561223679996e+16
11840.0	2.9080355799039996e+16
11850.0	3.044996467916799e+16
11860.0	2.9697972436991996e+16
11870.0	3.117524903526399e+16
11880.0	3.062472690892799e+16
11890.0	2.661539925196799e+16
11900.0	3.0968998264831996e+16
11910.0	3.214103324262399e+16
11920.0	3.2897086554111996e+16
11930.0	3.3136688889855996e+16
11940.0	2.831211285708799e+16
11950.0	2.768224675430399e+16
11960.0	2.8803510763519996e+16
11970.0	2.5682003984383996e+16
11980.0	2.1980930801663996e+16
11990.0	2.4967164854271996e+16
12000.0	2.4210077515775996e+16
12010.0	2.4929767063551996e+16
12020.0	2.5010881232895996e+16
12030.0	2.6249470017535996e+16
12040.0	3.0797407846399996e+16
12050.0	2.876222269030399e+16
12060.0	3.700102902579199e+16
12070.0	2.9453543800831996e+16
12080.0	3.513453445119999e+16
12090.0	2.7617386627071996e+16
12100.0	3.3619755139071996e+16
12110.0	2.6904902369279996e+16
12120.0	3.0050139504639996e+16
12130.0	3.185068729958399e+16
12140.0	3.486048799948799e+16
12150.0	3.551948072550399e+16
12160.0	3.425650802687999e+16
12170.0	3.533735880294399e+16
12180.0	3.568367271935999e+16
12190.0	3.5652212293631996e+16
12200.0	3.2827606630399996e+16
12210.0	3.279443315916799e+16
12220.0	3.2179728220159996e+16
12230.0	3.1473088921599996e+16
12240.0	3.4757985697791996e+16
12250.0	3.898156004147199e+16
12260.0	3.777334365388799e+16
12270.0	3.748786562662399e+16
12280.0	3.942184340684799e+16
12290.0	3.705692861235199e+16
12300.0	3.714452239155199e+16
12310.0	3.871677245030399e+16
12320.0	3.517823470796799e+16
12330.0	3.591347725926399e+16
12340.0	3.683891511295999e+16
12350.0	3.4889970614271996e+16
12360.0	3.5261709811711996e+16
12370.0	3.707752238284799e+16
12380.0	3.648276955135999e+16
12390.0	3.453741419724799e+16
12400.0	3.602509430783999e+16
12410.0	2.9555313180671996e+16
12420.0	3.0345532702719996e+16
12430.0	2.777729797324799e+16
12440.0	2.364889550028799e+16
12450.0	3.736599828889599e+16
12460.0	3.633810610585599e+16
12470.0	3.628157894655999e+16
12480.0	3.4863497674751996e+16
12490.0	3.699609475481599e+16
12500.0	3.2118045736959996e+16
12510.0	3.657212074393599e+16
12520.0	2.6255787261951996e+16
12530.0	2.5673736093695996e+16
12540.0	3.819919746662399e+16
12550.0	3.629420874956799e+16
12560.0	3.664291187916799e+16
12570.0	4.214779936767999e+16
12580.0	3.734364894003199e+16
12590.0	3.811935459737599e+16
12600.0	4.011210126131199e+16
12610.0	4.216863752191999e+16
12620.0	3.761773916979199e+16
12630.0	3.980627011174399e+16
12640.0	3.631265900134399e+16
12650.0	3.890558238719999e+16
12660.0	3.987206425804799e+16
12670.0	4.235837997055999e+16
12680.0	4.120814832844799e+16
12690.0	4.405945506201599e+16
12700.0	4.126154109747199e+16
12710.0	4.309043432652799e+16
12720.0	4.540354291302399e+16
12730.0	4.472395045273598e+16
12740.0	4.113931186995199e+16
12750.0	3.906204257484799e+16
12760.0	4.436102866534399e+16
12770.0	4.278767013068799e+16
12780.0	4.257576661811199e+16
12790.0	4.539048342323199e+16
12800.0	4.258410237132799e+16
12810.0	4.276717417267199e+16
12820.0	4.315621313740799e+16
12830.0	3.998885884723199e+16
12840.0	4.313349088870399e+16
12850.0	4.143384172953599e+16
12860.0	3.835939572940799e+16
12870.0	4.168539747123199e+16
12880.0	4.182459364147199e+16
12890.0	4.207387030323199e+16
12900.0	4.387557985484799e+16
12910.0	4.403391011225599e+16
12920.0	4.165297890918399e+16
12930.0	3.815593888972799e+16
12940.0	4.539731836927999e+16
12950.0	4.185812126924799e+16
12960.0	4.910956583321598e+16
12970.0	4.654044427059199e+16
12980.0	4.726952519270399e+16
12990.0	4.492217404620799e+16
13000.0	4.745199760179199e+16
13010.0	4.446662092390399e+16
13020.0	4.657109440921598e+16
13030.0	4.526289675878399e+16
13040.0	4.678791829913598e+16
13050.0	4.405988982783999e+16
13060.0	4.952468946943999e+16
13070.0	4.210900965785599e+16
13080.0	4.813162695884799e+16
13090.0	4.458097940889598e+16
13100.0	4.551756283903999e+16
13110.0	4.759245225983999e+16
13120.0	4.806308292198399e+16
13130.0	4.504056142233598e+16
13140.0	4.601450974412799e+16
13150.0	4.701972371865598e+16
13160.0	4.618098075238399e+16
13170.0	4.574645996748799e+16
13180.0	4.389541642239999e+16
13190.0	4.705078424371199e+16
13200.0	4.207539978239999e+16
13210.0	4.449085082828799e+16
13220.0	4.309508915199999e+16
13230.0	4.414251388108799e+16
13240.0	4.158379838668799e+16
13250.0	3.759483499315199e+16
13260.0	4.256410402815999e+16
13270.0	3.607445058355199e+16
13280.0	3.842466480127999e+16
13290.0	3.842104472371199e+16
13300.0	3.5802971242495996e+16
13310.0	3.0969686589439996e+16
13320.0	2.1949252665343996e+16
13330.0	2.5205583314943996e+16
13340.0	2.629970676940799e+16
13350.0	1.4645432123391996e+16
13360.0	1.6461767507967998e+16
13370.0	1.4761232433151996e+16
13380.0	1.4717361586175998e+16
13390.0	1.6351391743999998e+16
13400.0	1.7717269757951996e+16
13410.0	1.9444310212607996e+16
13420.0	1.4386053447679998e+16
13430.0	1.3972982497279998e+16
13440.0	1.7285064032255998e+16
13450.0	1.5244300058623996e+16
13460.0	1.7753713311743996e+16
13470.0	1.5267262824447998e+16
13480.0	1.2561234919423996e+16
13490.0	1.6947694436351996e+16
13500.0	1.6529281482751996e+16
13510.0	1.5273961013247998e+16
13520.0	1.3806706982911998e+16
13530.0	1.6911555772415998e+16
13540.0	1.2479651872767998e+16
13550.0	1.3231921463295998e+16
13560.0	1.5347646922751996e+16
13570.0	1.5163871576063996e+16
13580.0	1.4944221839359998e+16
13590.0	1.5473942560767998e+16
13600.0	1.6272504750079998e+16
13610.0	1.5551341920255998e+16
13620.0	1.2515510648831998e+16
13630.0	1.7857649049599996e+16
13640.0	1.8184154021887996e+16
13650.0	1.5486238162943996e+16
13660.0	1.9072771391487996e+16
13670.0	1.7323536941055998e+16
13680.0	1.7018461831167998e+16
13690.0	1.5676328296447998e+16
13700.0	1.6778377166847998e+16
13710.0	1.6006530531327998e+16
13720.0	1.7232727670783996e+16
13730.0	1.6972408946687998e+16
13740.0	1.6913840635903996e+16
13750.0	1.7973951528959996e+16
13760.0	1.8622382800895996e+16
13770.0	1.7545929129983996e+16
13780.0	1.9782780223487996e+16
13790.0	1.8529590345727996e+16
13800.0	2.1435233861631996e+16
13810.0	1.7266145722367998e+16
13820.0	2.0842727931903996e+16
13830.0	1.4773049458687998e+16
13840.0	2.0474462765055996e+16
13850.0	1.7700375527423996e+16
13860.0	1.7029606277119996e+16
13870.0	2.0794343620607996e+16
13880.0	1.6229837635583996e+16
13890.0	2.0589976944639996e+16
13900.0	1.8091657232383996e+16
13910.0	1.5913248489471996e+16
13920.0	1.6472475156479998e+16
13930.0	1.7694385487871996e+16
13940.0	1.6876478070783996e+16
13950.0	1.6071834615807998e+16
13960.0	1.6342734618623996e+16
13970.0	1.6639151833087998e+16
13980.0	1.5074298429439998e+16
13990.0	1.7245430939647998e+16
14000.0	1.5821187776511996e+16
14010.0	1.4502076481535998e+16
14020.0	1.8594547892223996e+16
14030.0	1.7696623230975998e+16
14040.0	1.5766820257791996e+16
14050.0	1.5802203897855998e+16
14060.0	2.1869685440511996e+16
14070.0	1.5169649573887998e+16
14080.0	1.5788027478015998e+16
14090.0	1.5562975723519998e+16
14100.0	1.6194729558015998e+16
14110.0	1.6394210639871996e+16
14120.0	1.4097367498751996e+16
14130.0	1.7540429545471996e+16
14140.0	1.5143006306303996e+16
14150.0	1.5782945193983996e+16
14160.0	1.7939024183295998e+16
14170.0	1.5407523430399998e+16
14180.0	1.4220847349759998e+16
14190.0	1.4732815597567998e+16
14200.0	1.6240641212415998e+16
14210.0	1.6848323641343996e+16
14220.0	1.5566526513151996e+16
14230.0	1.5354526171135998e+16
14240.0	1.4133890580479998e+16
14250.0	1.6022021570559998e+16
14260.0	1.4442104160255998e+16
14270.0	1.6303898198015998e+16
14280.0	1.5484571844607998e+16
14290.0	1.3160753004543996e+16
14300.0	1.8691251273727996e+16
14310.0	1.8273208467455996e+16
14320.0	1.5040192053247998e+16
14330.0	1.6618496196607998e+16
14340.0	1.3122276622335998e+16
14350.0	1.7770699554815998e+16
14360.0	1.7455596175359996e+16
14370.0	1.6204270239743996e+16
14380.0	1.7317329960959996e+16
14390.0	1.7378625929215998e+16
14400.0	1.6084766769151996e+16
14410.0	1.5393453146111996e+16
14420.0	1.6060850110463996e+16
14430.0	1.8741653798911996e+16
14440.0	1.8303768756223996e+16
14450.0	1.4405444861951996e+16
14460.0	1.7996226920447998e+16
14470.0	1.5702925475839998e+16
14480.0	1.8033216192511996e+16
14490.0	1.9697741135871996e+16
14500.0	1.6667270971391996e+16
14510.0	1.5175536476159998e+16
14520.0	2.2401356005375996e+16
14530.0	2.0022023782399996e+16
14540.0	1.6316082880511996e+16
14550.0	2.0978400067583996e+16
14560.0	1.6785223417855998e+16
14570.0	1.5615694045183996e+16
14580.0	2.0178117394431996e+16
14590.0	2.1364767162367996e+16
14600.0	2.0633113886719996e+16
14610.0	1.9858484002815996e+16
14620.0	1.7479071727615998e+16
14630.0	1.5539075907583996e+16
14640.0	2.0067896328191996e+16
14650.0	1.9744345554943996e+16
14660.0	2.1566773526527996e+16
14670.0	2.1396495007743996e+16
14680.0	1.7052390096895998e+16
14690.0	1.6731036712959996e+16
14700.0	1.8900097531903996e+16
14710.0	1.9516188000255996e+16
14720.0	2.0358174048255996e+16
14730.0	2.1880118116351996e+16
14740.0	1.8370273279999996e+16
14750.0	1.8232070766591996e+16
14760.0	1.9309275086847996e+16
14770.0	2.0051298746367996e+16
14780.0	2.0588947243007996e+16
14790.0	2.3241585754111996e+16
14800.0	1.7937378377727998e+16
14810.0	2.0917579710463996e+16
14820.0	1.8047174770687996e+16
14830.0	2.0243930087423996e+16
14840.0	2.268035812556799e+16
14850.0	2.0166484656127996e+16
14860.0	2.0754960744447996e+16
14870.0	2.228958104780799e+16
14880.0	1.9869193469951996e+16
14890.0	2.0291033726975996e+16
14900.0	1.9815207960575996e+16
14910.0	2.3168696090623996e+16
14920.0	2.1809146101759996e+16
14930.0	2.1987812540415996e+16
14940.0	1.9768501338111996e+16
14950.0	2.0741826052095996e+16
14960.0	2.1168626073599996e+16
14970.0	2.2167235198975996e+16
14980.0	2.2801902796799996e+16
14990.0	2.320560393420799e+16
15000.0	2.2495232163839996e+16
15010.0	2.234043288780799e+16
15020.0	1.8645294186495996e+16
15030.0	2.5455322464255996e+16
15040.0	2.2647798890495996e+16
15050.0	2.4490179952639996e+16
15060.0	2.320624438476799e+16
15070.0	2.4698847690751996e+16
15080.0	2.1934067417087996e+16
15090.0	2.5124585537535996e+16
15100.0	2.2964193656831996e+16
15110.0	2.306072595660799e+16
15120.0	2.594678033612799e+16
15130.0	2.2805799993343996e+16
15140.0	2.3666910068735996e+16
15150.0	2.849255705804799e+16
15160.0	2.5922121891839996e+16
15170.0	2.1900804390911996e+16
15180.0	2.3782304743423996e+16
15190.0	2.5197742915583996e+16
15200.0	2.4931850584063996e+16
15210.0	2.787241315532799e+16
15220.0	2.5921826914303996e+16
15230.0	2.7232942424063996e+16
15240.0	2.7812745183231996e+16
15250.0	2.4366544388095996e+16
15260.0	2.5118045896703996e+16
15270.0	2.6441996533759996e+16
15280.0	2.679688465612799e+16
15290.0	2.7180662849535996e+16
15300.0	2.9493739651071996e+16
15310.0	2.821218690662399e+16
15320.0	2.4171779981311996e+16
15330.0	2.6178379055103996e+16
15340.0	3.1054620000255996e+16
15350.0	2.801532102246399e+16
15360.0	2.935881983590399e+16
15370.0	2.798170826342399e+16
15380.0	2.8001158168575996e+16
15390.0	3.2228723064831996e+16
15400.0	2.8405057585151996e+16
15410.0	2.7586532081663996e+16
15420.0	3.044230407782399e+16
15430.0	2.9244057419775996e+16
15440.0	2.7822587707391996e+16
15450.0	3.139120227942399e+16
15460.0	3.3872832561151996e+16
15470.0	2.986267823308799e+16
15480.0	3.0029743063039996e+16
15490.0	3.1025025581055996e+16
15500.0	3.222532246732799e+16
15510.0	2.9685371109375996e+16
15520.0	3.2726781853695996e+16
15530.0	3.296263628390399e+16
15540.0	3.319398780108799e+16
15550.0	3.2568091672575996e+16
15560.0	3.1340424200191996e+16
15570.0	3.209537250918399e+16
15580.0	2.9865459777535996e+16
15590.0	3.275661724876799e+16
15600.0	3.2761796755455996e+16
15610.0	3.2639642894335996e+16
15620.0	3.450799220326399e+16
15630.0	3.373462965452799e+16
15640.0	3.460264984575999e+16
15650.0	3.217645528678399e+16
15660.0	3.1366765346815996e+16
15670.0	3.680333719142399e+16
15680.0	3.790595280076799e+16
15690.0	3.427044281548799e+16
15700.0	3.461935890431999e+16
15710.0	3.5726703722495996e+16
15720.0	3.5174171344895996e+16
15730.0	3.5761941839871996e+16
15740.0	3.734161267097599e+16
15750.0	3.709089913241599e+16
15760.0	3.698897879039999e+16
15770.0	3.706238192844799e+16
15780.0	3.613733512806399e+16
15790.0	3.657431737958399e+16
15800.0	3.731183901081599e+16
15810.0	3.707466062233599e+16
15820.0	3.733616820223999e+16
15830.0	3.936333129318399e+16
15840.0	3.679384036966399e+16
15850.0	3.763592226406399e+16
15860.0	3.995879394508799e+16
15870.0	3.866805836185599e+16
15880.0	3.995326047846399e+16
15890.0	4.001757770547199e+16
15900.0	3.805105409228799e+16
15910.0	4.014375383859199e+16
15920.0	3.967760610099199e+16
15930.0	3.944618878566399e+16
15940.0	4.070603607244799e+16
15950.0	4.100378381516799e+16
15960.0	4.165754965196799e+16
15970.0	4.095107432447999e+16
15980.0	3.984434731417599e+16
15990.0	4.074787615539199e+16
16000.0	4.148808758067199e+16
16010.0	4.208652163481599e+16
16020.0	3.996249489407999e+16
16030.0	4.305999934259199e+16
16040.0	4.139478764748799e+16
16050.0	4.142589057433599e+16
16060.0	4.161492877311999e+16
16070.0	4.219982328627199e+16
16080.0	4.320470768025599e+16
16090.0	4.264282613350399e+16
16100.0	4.252480136806399e+16
16110.0	4.167220802355199e+16
16120.0	4.257190340198399e+16
16130.0	4.334512419635199e+16
16140.0	4.326211158015999e+16
16150.0	4.290364538879999e+16
16160.0	4.379429810995199e+16
16170.0	4.492015724134399e+16
16180.0	4.537102290124799e+16
16190.0	4.234889743564799e+16
16200.0	4.318836850687999e+16
16210.0	4.261684366540799e+16
16220.0	4.478888083455999e+16
16230.0	4.486934082355199e+16
16240.0	4.528560721100799e+16
16250.0	4.473263960883199e+16
16260.0	4.421071457484799e+16
16270.0	4.529824556646399e+16
16280.0	4.563955548159999e+16
16290.0	4.415343873228799e+16
16300.0	4.573051800780799e+16
16310.0	4.425852806758399e+16
16320.0	4.505767811481598e+16
16330.0	4.592747872255999e+16
16340.0	4.641751236607999e+16
16350.0	4.561852471705598e+16
16360.0	4.624627426918399e+16
16370.0	4.605436638003199e+16
16380.0	4.670858723327999e+16
16390.0	4.595183747071999e+16
16400.0	4.605714006015999e+16
16410.0	4.661552519577598e+16
16420.0	4.514677561753598e+16
16430.0	4.560204084019199e+16
16440.0	4.688672115916799e+16
16450.0	4.705480776089598e+16
16460.0	4.698718443929598e+16
16470.0	4.635829102182399e+16
16480.0	4.746409135308799e+16
16490.0	4.713191794278399e+16
16500.0	4.660780217139199e+16
16510.0	4.643066793164799e+16
16520.0	4.764353246003199e+16
16530.0	4.631368092876799e+16
16540.0	4.753419154227199e+16
16550.0	4.699781909708799e+16
16560.0	4.764574941183999e+16
16570.0	4.801456046079999e+16
16580.0	4.770728286617598e+16
16590.0	4.689277799628799e+16
16600.0	4.611389377740799e+16
16610.0	4.675415742873598e+16
16620.0	4.570968725913598e+16
16630.0	4.794492597043199e+16
16640.0	4.823815815167999e+16
16650.0	4.783267105996799e+16
16660.0	4.876095678054399e+16
16670.0	4.729288890777598e+16
16680.0	4.767058663833598e+16
16690.0	4.733788461465598e+16
16700.0	4.796168903065598e+16
16710.0	4.825438905958399e+16
16720.0	4.682622736793598e+16
16730.0	4.737780953907199e+16
16740.0	4.784745847193598e+16
16750.0	4.873025644134399e+16
16760.0	4.930402831564799e+16
16770.0	4.717214839603199e+16
16780.0	4.838398964531199e+16
16790.0	4.848650328473598e+16
16800.0	4.781681475583999e+16
16810.0	4.865927951155199e+16
16820.0	4.900542703206399e+16
16830.0	4.798534660915199e+16
16840.0	4.784558571519999e+16
16850.0	4.860230723174399e+16
16860.0	4.804164806246399e+16
16870.0	4.607022045593598e+16
16880.0	4.725227749375999e+16
16890.0	4.599433035775999e+16
16900.0	4.823526657228799e+16
16910.0	4.813271387340799e+16
16920.0	4.473543832371199e+16
16930.0	4.658371723263999e+16
16940.0	4.616593185177598e+16
16950.0	4.561519155609598e+16
16960.0	4.555635254886399e+16
16970.0	4.363733997977599e+16
16980.0	4.380610907340799e+16
16990.0	4.437691380531199e+16
17000.0	4.335351162470399e+16
17010.0	4.342977095270399e+16
17020.0	4.609533293363199e+16
17030.0	4.511765096038399e+16
17040.0	4.149941698559999e+16
17050.0	4.238875747942399e+16
17060.0	4.473483781734399e+16
17070.0	4.267249244569599e+16
17080.0	3.913237076377599e+16
17090.0	3.984539779071999e+16
17100.0	4.501867056332799e+16
17110.0	3.826136429363199e+16
17120.0	3.810190393343999e+16
17130.0	3.907592028159999e+16
17140.0	3.762161765580799e+16
17150.0	3.627747914547199e+16
17160.0	3.561749695692799e+16
17170.0	3.4767888449535996e+16
17180.0	3.349479640268799e+16
17190.0	3.142798141030399e+16
17200.0	3.514527835750399e+16
17210.0	3.581886129766399e+16
17220.0	3.783960684134399e+16
17230.0	3.2409800933375996e+16
17240.0	3.404481160806399e+16
17250.0	3.634002532761599e+16
17260.0	3.5556924588031996e+16
17270.0	2.7089942937599996e+16
17280.0	3.342628211916799e+16
17290.0	3.2480789528575996e+16
17300.0	3.2344697077759996e+16
17310.0	3.571064825446399e+16
17320.0	2.6468322508799996e+16
17330.0	3.2691008372735996e+16
17340.0	3.105821550182399e+16
17350.0	2.9041071620095996e+16
17360.0	3.060151504076799e+16
17370.0	2.6764251103231996e+16
17380.0	3.0945763983359996e+16
17390.0	3.1351613751295996e+16
17400.0	2.7686952763391996e+16
17410.0	2.4857614352383996e+16
17420.0	3.058568586854399e+16
17430.0	2.9791476514815996e+16
17440.0	2.749793717452799e+16
17450.0	2.570376793292799e+16
17460.0	2.8160469893119996e+16
17470.0	2.3632105439231996e+16
17480.0	2.5954697543679996e+16
17490.0	3.0002066554879996e+16
17500.0	2.7603495976959996e+16
17510.0	2.2977713897471996e+16
17520.0	2.6119624884223996e+16
17530.0	2.9439785664511996e+16
17540.0	2.318858734796799e+16
17550.0	2.6090995384319996e+16
17560.0	2.0774726533119996e+16
17570.0	2.4102066716671996e+16
17580.0	2.1958407618559996e+16
17590.0	2.2825595764735996e+16
17600.0	2.993378020556799e+16
17610.0	2.1666212478975996e+16
17620.0	2.475267361996799e+16
17630.0	1.9942585499647996e+16
17640.0	2.7596394594303996e+16
17650.0	2.3412516782079996e+16
17660.0	2.9386216964095996e+16
17670.0	2.1709725564927996e+16
17680.0	1.8042031865855996e+16
17690.0	1.9950377533439996e+16
17700.0	2.4579511091199996e+16
17710.0	2.3451074625535996e+16
17720.0	2.0926782078975996e+16
17730.0	1.8928279486463996e+16
17740.0	2.5639896285183996e+16
17750.0	2.0196589076479996e+16
17760.0	1.8874780696575996e+16
17770.0	2.0869759549439996e+16
17780.0	2.0635715862527996e+16
17790.0	2.1775583281151996e+16
17800.0	2.2461194371071996e+16
17810.0	1.8892713033727996e+16
17820.0	2.0671194333183996e+16
17830.0	1.9604183547903996e+16
17840.0	2.2549294252031996e+16
17850.0	1.8354141954047996e+16
17860.0	1.7513083174911996e+16
17870.0	1.6990958649343996e+16
17880.0	1.9650800484351996e+16
17890.0	2.1220126523391996e+16
17900.0	2.3174945013759996e+16
17910.0	1.7020872392703996e+16
17920.0	1.8149349720063996e+16
17930.0	1.9824213131263996e+16
17940.0	1.8007378919423996e+16
17950.0	1.9214201257983996e+16
17960.0	1.8213822726143996e+16
17970.0	1.9933002596351996e+16
17980.0	2.1236665745407996e+16
17990.0	2.1876136640511996e+16
18000.0	1.7013911846911996e+16
18010.0	1.6090115571711996e+16
18020.0	1.6847175516159996e+16
18030.0	1.8113401585663996e+16
18040.0	2.1937104683007996e+16
18050.0	1.8611440451583996e+16
18060.0	1.5655019053055998e+16
18070.0	1.8180828725247996e+16
18080.0	1.8152473001983996e+16
18090.0	1.8844785442815996e+16
18100.0	2.1054447714303996e+16
18110.0	1.5051415551999998e+16
18120.0	1.8111909691391996e+16
18130.0	1.7777062477823996e+16
18140.0	2.3660178046975996e+16
18150.0	1.9861247754239996e+16
18160.0	1.7536451969023996e+16
18170.0	1.8114673868799996e+16
18180.0	1.8323180306431996e+16
18190.0	1.7302980739071996e+16
18200.0	1.7268061274111996e+16
18210.0	1.7140071006207998e+16
18220.0	1.4771277332479998e+16
18230.0	2.0563268009983996e+16
18240.0	2.4404036255743996e+16
18250.0	1.9186790563839996e+16
18260.0	1.7646118600703996e+16
18270.0	1.7597341171711996e+16
18280.0	1.7308669444095998e+16
18290.0	2.0047667494911996e+16
18300.0	1.9680894943231996e+16
18310.0	1.6846978252799996e+16
18320.0	1.8756022403071996e+16
18330.0	1.7240934514687998e+16
18340.0	2.0198823067647996e+16
18350.0	1.7289196404735998e+16
18360.0	1.7427521077247998e+16
18370.0	1.9883304697855996e+16
18380.0	1.7418606231551996e+16
18390.0	1.8296401330175996e+16
18400.0	1.7255662452735998e+16
18410.0	2.1862440697855996e+16
18420.0	1.6246564356095998e+16
18430.0	1.7575029080063996e+16
18440.0	1.6056005525503996e+16
18450.0	1.8206469521407996e+16
18460.0	1.6987965751295998e+16
18470.0	1.5961967656959998e+16
18480.0	1.5988521697279998e+16
18490.0	1.7263177727999996e+16
18500.0	1.5560794406911996e+16
18510.0	1.8149996494847996e+16
18520.0	1.9438688468991996e+16
18530.0	1.6778382573567998e+16
18540.0	1.5759418458111996e+16
18550.0	1.8084758093823996e+16
18560.0	1.7280610205695998e+16
18570.0	1.5173589565439998e+16
18580.0	1.4581799747583996e+16
18590.0	1.5832162533375998e+16
18600.0	1.4927444869119998e+16
18610.0	1.4670914420735998e+16
18620.0	1.7180713795583996e+16
18630.0	1.6271722037247998e+16
18640.0	1.6246930472959998e+16
18650.0	1.4713744064511996e+16
18660.0	1.7419708006399996e+16
18670.0	1.7104753328127998e+16
18680.0	1.4713042403327998e+16
18690.0	1.9319202152447996e+16
18700.0	1.7690275381247998e+16
18710.0	1.6080318791679998e+16
18720.0	1.7594316587007998e+16
18730.0	1.4830098415615998e+16
18740.0	1.7688529567743996e+16
18750.0	1.7335832313855998e+16
18760.0	1.8306296315903996e+16
18770.0	1.5770481655807998e+16
18780.0	1.7643891982335998e+16
18790.0	1.6410187333631996e+16
18800.0	1.8568768815103996e+16
18810.0	1.6368912465919998e+16
18820.0	1.7857680801791996e+16
18830.0	2.0726234284031996e+16
18840.0	1.9681788526591996e+16
18850.0	1.5322814054399998e+16
18860.0	1.9099441430527996e+16
18870.0	1.8113233879039996e+16
18880.0	2.0513526644735996e+16
18890.0	1.6946559385599996e+16
18900.0	1.8294655582207996e+16
18910.0	1.8517738586111996e+16
18920.0	1.5580807757823996e+16
18930.0	1.8177278869503996e+16
18940.0	1.8272147046399996e+16
18950.0	1.9145853796351996e+16
18960.0	1.8651244756991996e+16
18970.0	2.0364860850175996e+16
18980.0	1.7265665081343996e+16
18990.0	1.9072233439231996e+16
19000.0	2.0356395040767996e+16
19010.0	1.7922565898239996e+16
19020.0	2.0755679051775996e+16
19030.0	1.9005089841151996e+16
19040.0	1.9462059130879996e+16
19050.0	1.9454167711743996e+16
19060.0	1.7221291474943996e+16
19070.0	1.7601993211903996e+16
19080.0	2.1619479642111996e+16
19090.0	2.0521545236479996e+16
19100.0	1.9640599674879996e+16
19110.0	1.7064295628799996e+16
19120.0	1.8962866831359996e+16
19130.0	2.0646521372671996e+16
19140.0	1.8840686428159996e+16
19150.0	2.1519307407359996e+16
19160.0	1.8384738516991996e+16
19170.0	1.8042111000575996e+16
19180.0	1.9984538468351996e+16
19190.0	2.3270512492543996e+16
19200.0	1.7705526099967998e+16
19210.0	1.6854611263487998e+16
19220.0	1.9977105506303996e+16
19230.0	2.0083988398079996e+16
19240.0	1.6738280308735998e+16
19250.0	1.9441434984447996e+16
19260.0	1.9655384334335996e+16
19270.0	1.7223030702079996e+16
19280.0	2.3102143987711996e+16
19290.0	1.7522226495487998e+16
19300.0	1.9016457617407996e+16
19310.0	1.6573692149759996e+16
19320.0	1.7991679639551996e+16
19330.0	1.9554316681215996e+16
19340.0	1.7364564082687998e+16
19350.0	1.9880083783679996e+16
19360.0	1.7951928352767998e+16
19370.0	1.9028717567999996e+16
19380.0	1.8705274339327996e+16
19390.0	1.6359849689087998e+16
19400.0	1.5731732643839998e+16
19410.0	1.5773003382783996e+16
19420.0	1.8328694489087996e+16
19430.0	1.8461947461631996e+16
19440.0	1.8780133359615996e+16
19450.0	1.6309400535039998e+16
19460.0	1.6391581663231996e+16
19470.0	1.8991368372223996e+16
19480.0	1.6358458818559998e+16
19490.0	1.6498090999807998e+16
19500.0	1.9002285457407996e+16
19510.0	1.7776928456703996e+16
19520.0	1.8913738620927996e+16
19530.0	1.5224615993343996e+16
19540.0	1.8278197886975996e+16
19550.0	1.6809247997951996e+16
19560.0	1.6063598395391996e+16
19570.0	1.8203091271679996e+16
19580.0	1.8047178440703996e+16
19590.0	2.1839720546303996e+16
19600.0	1.6435206422527998e+16
19610.0	1.5503640035327998e+16
19620.0	1.7406600740863996e+16
19630.0	1.8114868412415996e+16
19640.0	1.8315141545983996e+16
19650.0	1.6257333821439998e+16
19660.0	1.8430588649471996e+16
19670.0	1.8873427525631996e+16
19680.0	1.5867242610687998e+16
19690.0	1.7267939934207998e+16
19700.0	2.0295387447295996e+16
19710.0	1.6210620973055998e+16
19720.0	1.8829551665151996e+16
19730.0	1.7773833846783996e+16
19740.0	1.6810515922943996e+16
19750.0	1.7137337466879996e+16
19760.0	1.4661063376895998e+16
19770.0	1.7490677858303996e+16
19780.0	1.6420061773823996e+16
19790.0	1.7557552431103996e+16
19800.0	1.5734557638655998e+16
19810.0	1.7972508327935998e+16
19820.0	1.6071636713471996e+16
19830.0	1.6884105543679996e+16
19840.0	1.7068722716671996e+16
19850.0	1.7747548897279996e+16
19860.0	1.7117467344895998e+16
19870.0	1.7934027194367998e+16
19880.0	1.7104823320575998e+16
19890.0	1.7376349650943996e+16
19900.0	1.4833513496575998e+16
19910.0	1.6926531321855998e+16
19920.0	1.5766231056383996e+16
19930.0	1.7606031867903996e+16
19940.0	1.9472435642367996e+16
19950.0	1.6587728650239996e+16
19960.0	1.8155158274047996e+16
19970.0	1.8078967595007996e+16
19980.0	1.6232289763327998e+16
19990.0	1.7965864288255998e+16
20000.0	1.5933028007935998e+16
20010.0	1.7682904514559996e+16
20020.0	1.7082083606527998e+16
20030.0	1.8346816176127996e+16
20040.0	1.8421086584831996e+16
20050.0	1.8569556656127996e+16
20060.0	1.7287711227903996e+16
20070.0	1.6843725766655998e+16
20080.0	1.9948282019839996e+16
20090.0	1.5380716814335998e+16
20100.0	1.7052448555007998e+16
20110.0	1.6724017938431996e+16
20120.0	1.8107540242431996e+16
20130.0	1.8319771205631996e+16
20140.0	1.8468123410431996e+16
20150.0	1.9273191030783996e+16
20160.0	1.6763394064383996e+16
20170.0	1.6890669629439996e+16
20180.0	1.9146801217535996e+16
20190.0	1.7605257822207998e+16
20200.0	1.5481256673279998e+16
20210.0	1.9894840950783996e+16
20220.0	1.9454501027839996e+16
20230.0	1.8331230633983996e+16
20240.0	2.0391101136895996e+16
20250.0	1.8972625371135996e+16
20260.0	1.6607187304447998e+16
20270.0	1.7793512996863996e+16
20280.0	1.8729945333759996e+16
20290.0	1.6581228167167998e+16
20300.0	1.9735744511999996e+16
20310.0	1.6709355044863996e+16
20320.0	2.0834214739967996e+16
20330.0	1.9137156087807996e+16
20340.0	1.8788579213311996e+16
20350.0	1.9318603513855996e+16
20360.0	1.6868160438271996e+16
20370.0	2.1196543590399996e+16
20380.0	1.9642421510143996e+16
20390.0	1.8653318414335996e+16
20400.0	1.8659007889407996e+16
20410.0	1.7994952048639996e+16
20420.0	2.0478218633215996e+16
20430.0	2.2332637085695996e+16
20440.0	1.7360612950015998e+16
20450.0	1.7660598419455998e+16
20460.0	1.8795884380159996e+16
20470.0	2.0311059136511996e+16
20480.0	2.1233930534911996e+16
20490.0	1.8109381771263996e+16
20500.0	1.8751862046719996e+16
20510.0	2.2184003502079996e+16
20520.0	1.9166951358463996e+16
20530.0	1.9985320165375996e+16
20540.0	1.8644205469695996e+16
20550.0	1.9771138965503996e+16
20560.0	1.8923886510079996e+16
20570.0	2.1609412952063996e+16
20580.0	2.2118815301631996e+16
20590.0	2.1105860607999996e+16
20600.0	2.1505566474239996e+16
20610.0	1.8922085384191996e+16
20620.0	2.0134581698559996e+16
20630.0	2.0723522699263996e+16
20640.0	1.7822374166527998e+16
20650.0	2.0945975672831996e+16
20660.0	2.0271696510975996e+16
20670.0	2.2099005538303996e+16
20680.0	2.1602154086399996e+16
20690.0	1.9847737343999996e+16
20700.0	2.3103323242495996e+16
20710.0	2.1529065816063996e+16
20720.0	1.9608187764735996e+16
20730.0	2.0624036364287996e+16
20740.0	2.0609992851455996e+16
20750.0	2.0412101918719996e+16
20760.0	2.1868512313343996e+16
20770.0	2.1506536439807996e+16
20780.0	2.2168878678015996e+16
20790.0	2.1522931777535996e+16
20800.0	2.1328885219327996e+16
20810.0	2.1532774596607996e+16
20820.0	2.2150083280895996e+16
20830.0	2.0672372080639996e+16
20840.0	2.1453365772287996e+16
20850.0	2.1972862664703996e+16
20860.0	2.2619086028799996e+16
20870.0	1.9921192255487996e+16
20880.0	2.2736810082303996e+16
20890.0	2.2140049457151996e+16
20900.0	2.1034723901439996e+16
20910.0	2.405768121548799e+16
20920.0	2.2220041748479996e+16
20930.0	2.3908885594111996e+16
20940.0	2.0923267022847996e+16
20950.0	2.2583516790783996e+16
20960.0	2.2624043139071996e+16
20970.0	2.2195916832767996e+16
20980.0	2.2647716839423996e+16
20990.0	2.2485420081151996e+16
21000.0	2.2430405427199996e+16
21010.0	2.3893650046975996e+16
21020.0	2.2818330443775996e+16
21030.0	2.2843998797823996e+16
21040.0	2.3307154620415996e+16
21050.0	2.2027746607103996e+16
21060.0	2.3778041855999996e+16
21070.0	2.4053591965695996e+16
21080.0	2.2833806508031996e+16
21090.0	2.2698811064319996e+16
21100.0	2.384523283660799e+16
21110.0	2.432727698636799e+16
21120.0	2.1928418279423996e+16
21130.0	2.3831972216831996e+16
21140.0	2.4804323164159996e+16
21150.0	2.4286084792319996e+16
21160.0	2.4256711557119996e+16
21170.0	2.1971805011967996e+16
21180.0	2.346760195276799e+16
21190.0	2.3347211272191996e+16
21200.0	2.4063973588991996e+16
21210.0	2.4105879273471996e+16
21220.0	2.4112088612863996e+16
21230.0	2.4347395096575996e+16
21240.0	2.4000075268095996e+16
21250.0	2.5136376381439996e+16
21260.0	2.4316867313663996e+16
21270.0	2.4299482316799996e+16
21280.0	2.3276879347711996e+16
21290.0	2.314417753292799e+16
21300.0	2.3699999948799996e+16
21310.0	2.441633352908799e+16
21320.0	2.4345573064703996e+16
21330.0	2.4925063086079996e+16
21340.0	2.433049251020799e+16
21350.0	2.5004425150463996e+16
21360.0	2.510759414988799e+16
21370.0	2.422831303884799e+16
21380.0	2.4503787847679996e+16
21390.0	2.450235903180799e+16
21400.0	2.3872720404479996e+16
21410.0	2.3736838029311996e+16
21420.0	2.4130717581311996e+16
21430.0	2.4150932652031996e+16
21440.0	2.5849793871871996e+16
21450.0	2.565928176844799e+16
21460.0	2.5737192341503996e+16
21470.0	2.5106889506815996e+16
21480.0	2.4845383106559996e+16
21490.0	2.457347706060799e+16
21500.0	2.353256549580799e+16
21510.0	2.5030956285951996e+16
21520.0	2.4441206603775996e+16
21530.0	2.4190037000191996e+16
21540.0	2.5046766059519996e+16
21550.0	2.5333154054143996e+16
21560.0	2.4639998787583996e+16
21570.0	2.4989062987775996e+16
21580.0	2.5570632335359996e+16
21590.0	2.500164701388799e+16
21600.0	2.470705515724799e+16
21610.0	2.534949113036799e+16
21620.0	2.4737628880895996e+16
21630.0	2.4273282990079996e+16
21640.0	2.5290181967871996e+16
21650.0	2.5186917416959996e+16
21660.0	2.442516417740799e+16
21670.0	2.4821728542719996e+16
21680.0	2.5534622728191996e+16
21690.0	2.6095936077823996e+16
21700.0	2.5210627817471996e+16
21710.0	2.4398353989631996e+16
21720.0	2.5077083340799996e+16
21730.0	2.4662266281983996e+16
21740.0	2.4692666925055996e+16
21750.0	2.5619447414783996e+16
21760.0	2.4018831212543996e+16
21770.0	2.5024315457535996e+16
21780.0	2.4251927429119996e+16
21790.0	2.4112599007231996e+16
21800.0	2.4944702259199996e+16
21810.0	2.536476593356799e+16
21820.0	2.5162582327295996e+16
21830.0	2.4434959581183996e+16
21840.0	2.5052164194303996e+16
21850.0	2.4781243613183996e+16
21860.0	2.4073773318143996e+16
21870.0	2.4560878518271996e+16
21880.0	2.4808282095615996e+16
21890.0	2.5168361553919996e+16
21900.0	2.4526038630399996e+16
21910.0	2.5374687887359996e+16
21920.0	2.4886193291263996e+16
21930.0	2.3995345272831996e+16
21940.0	2.4672691224575996e+16
21950.0	2.5162829332479996e+16
21960.0	2.4356965974015996e+16
21970.0	2.4490917298175996e+16
21980.0	2.477646662860799e+16
21990.0	2.4719377825791996e+16
22000.0	2.4823252189183996e+16
22010.0	2.4515845750783996e+16
22020.0	2.4346346782719996e+16
22030.0	2.4011619500031996e+16
22040.0	2.3773672570879996e+16
22050.0	2.4158523686911996e+16
22060.0	2.4644393172991996e+16
22070.0	2.4234743955455996e+16
22080.0	2.415117421772799e+16
22090.0	2.4434068684799996e+16
22100.0	2.4792380014591996e+16
22110.0	2.3643311570943996e+16
22120.0	2.503632735436799e+16
22130.0	2.439367052492799e+16
22140.0	2.476711496908799e+16
22150.0	2.4356517642239996e+16
22160.0	2.4412595617791996e+16
22170.0	2.3914560946175996e+16
22180.0	2.4681009250303996e+16
22190.0	2.3678808883199996e+16
22200.0	2.277655203020799e+16
22210.0	2.311350275276799e+16
22220.0	2.4110764130303996e+16
22230.0	2.4443065466879996e+16
22240.0	2.4467549716479996e+16
22250.0	2.5068744867839996e+16
22260.0	2.4618275405823996e+16
22270.0	2.3456580304895996e+16
22280.0	2.362535218380799e+16
22290.0	2.355778637004799e+16
22300.0	2.3766900310015996e+16
22310.0	2.4569637208063996e+16
22320.0	2.4957448421375996e+16
22330.0	2.3178903486463996e+16
22340.0	2.431570136268799e+16
22350.0	2.2754332114943996e+16
22360.0	2.2680079368191996e+16
22370.0	2.4311166533631996e+16
22380.0	2.4034129739775996e+16
22390.0	2.2902559801343996e+16
22400.0	2.4660715831295996e+16
22410.0	2.4445202202623996e+16
22420.0	2.2989120405503996e+16
22430.0	2.2955297472511996e+16
22440.0	2.3199592415231996e+16
22450.0	2.3555115384831996e+16
22460.0	2.4776360394751996e+16
22470.0	2.2987242471423996e+16
22480.0	2.3343520612351996e+16
22490.0	2.4302921252863996e+16
22500.0	2.1983249235967996e+16
22510.0	2.4358289735679996e+16
22520.0	2.3225568919551996e+16
22530.0	2.3534871904255996e+16
22540.0	2.294239694028799e+16
22550.0	2.283075669196799e+16
22560.0	2.328910875852799e+16
22570.0	2.3965632364543996e+16
22580.0	2.267139067084799e+16
22590.0	2.3717290770431996e+16
22600.0	2.3558296764415996e+16
22610.0	2.3548281618431996e+16
22620.0	2.3493788762111996e+16
22630.0	2.2749468819455996e+16
22640.0	2.2696610758655996e+16
22650.0	2.1878830333951996e+16
22660.0	2.3274297720831996e+16
22670.0	2.332247395532799e+16
22680.0	2.3304037138431996e+16
22690.0	2.2860346294271996e+16
22700.0	2.2233681559551996e+16
22710.0	2.2636201508863996e+16
22720.0	2.2023520255999996e+16
22730.0	2.2849243381759996e+16
22740.0	2.348509973708799e+16
22750.0	2.3077586468863996e+16
22760.0	2.293657783500799e+16
22770.0	2.3681987510271996e+16
22780.0	2.3513368231935996e+16
22790.0	2.1754594131967996e+16
22800.0	2.1359383871487996e+16
22810.0	2.1553435246591996e+16
22820.0	2.349343329484799e+16
22830.0	2.3179246436351996e+16
22840.0	2.1982756896767996e+16
22850.0	2.2639470804991996e+16
22860.0	2.3110172147711996e+16
22870.0	2.2593441955839996e+16
22880.0	2.3860170522623996e+16
22890.0	2.2461061431295996e+16
22900.0	2.2836750811135996e+16
22910.0	2.2559172329471996e+16
22920.0	2.1082231668735996e+16
22930.0	2.1630141497343996e+16
22940.0	1.5075748380671996e+16
22950.0	1.7062989168639996e+16
22960.0	1.7866532618239996e+16
22970.0	1.8308619534335996e+16
22980.0	1.8349793705983996e+16
22990.0	1.9008940081151996e+16
23000.0	1.9829955723263996e+16
23010.0	1.7489671061503996e+16
23020.0	2.0063754649599996e+16
23030.0	1.9328342687743996e+16
23040.0	2.0408535318527996e+16
23050.0	1.8989054033919996e+16
23060.0	1.9344325246975996e+16
23070.0	1.9586114519039996e+16
23080.0	1.9323119403007996e+16
23090.0	1.9956090994687996e+16
23100.0	1.8196312850431996e+16
23110.0	1.9093098168319996e+16
23120.0	1.9238238846975996e+16
23130.0	2.1127075299327996e+16
23140.0	1.8632021606399996e+16
23150.0	1.7703168737279996e+16
23160.0	1.9760849485823996e+16
23170.0	2.0441139118079996e+16
23180.0	1.8642145968127996e+16
23190.0	1.9741398433791996e+16
23200.0	2.0676332781567996e+16
23210.0	1.9270678970367996e+16
23220.0	1.8962030067711996e+16
23230.0	1.5669135835135998e+16
23240.0	1.6368863084543996e+16
23250.0	1.7069346947071996e+16
23260.0	1.8273841774591996e+16
23270.0	1.7890998812671996e+16
23280.0	1.7711296708607998e+16
23290.0	1.8157944897535996e+16
23300.0	1.7344217677823996e+16
23310.0	1.8080759578623996e+16
23320.0	1.8485449261055996e+16
23330.0	1.9286045556735996e+16
23340.0	1.7992693350399996e+16
23350.0	1.8335776473087996e+16
23360.0	1.7767153893375998e+16
23370.0	1.7608918892543996e+16
23380.0	1.8995445792767996e+16
23390.0	1.7632427507711996e+16
23400.0	1.7569212661759996e+16
23410.0	1.7803141185535998e+16
23420.0	1.9217033461759996e+16
23430.0	1.8544279617535996e+16
23440.0	1.7612042043391996e+16
23450.0	1.5663140700159998e+16
23460.0	1.9673531940863996e+16
23470.0	1.8905559400447996e+16
23480.0	1.9064274714623996e+16
23490.0	1.9912428060671996e+16
23500.0	1.8135181492223996e+16
23510.0	1.7327062712319996e+16
23520.0	1.7456983408639996e+16
23530.0	1.5931515076607998e+16
23540.0	1.5932675031039998e+16
23550.0	1.8433456144383996e+16
23560.0	1.6622423310335998e+16
23570.0	1.7811915931647998e+16
23580.0	1.7098765598719996e+16
23590.0	1.5244612632575998e+16
23600.0	1.8077739450367996e+16
23610.0	1.6660009648127998e+16
23620.0	1.7241346867199996e+16
23630.0	1.6481280917503996e+16
23640.0	1.7129817341951996e+16
23650.0	1.8145501446143996e+16
23660.0	1.7425537466367998e+16
23670.0	1.7005852426239996e+16
23680.0	1.6535111630847998e+16
23690.0	1.7027510534143996e+16
23700.0	1.7267551797247998e+16
23710.0	1.6492986335231996e+16
23720.0	1.8928498966527996e+16
23730.0	1.7222912180223996e+16
23740.0	1.7360455761919996e+16
23750.0	1.8037501689855996e+16
23760.0	1.6928671006719996e+16
23770.0	1.6939210014719996e+16
23780.0	1.7106127159295998e+16
23790.0	1.6040965439487998e+16
23800.0	1.8717516234751996e+16
23810.0	1.5662933377023996e+16
23820.0	1.7730357723135998e+16
23830.0	1.5787607982079998e+16
23840.0	1.4912383778815998e+16
23850.0	1.7674457219071996e+16
23860.0	1.5418630586367998e+16
23870.0	1.5114578280447998e+16
23880.0	1.5014605062143996e+16
23890.0	1.6103159627775998e+16
23900.0	1.8883672899583996e+16
23910.0	1.7634807021567998e+16
23920.0	1.4606038138879998e+16
23930.0	1.6127578898431996e+16
23940.0	1.8642164056063996e+16
23950.0	1.5478061465599998e+16
23960.0	1.6314351452159998e+16
23970.0	1.6296124186623996e+16
23980.0	1.5658217603071996e+16
23990.0	1.7185782333439996e+16
24000.0	1.6727125032959996e+16
24010.0	1.5126324314111996e+16
24020.0	1.6310234906623996e+16
24030.0	1.5873500348415998e+16
24040.0	1.5674542686207998e+16
24050.0	1.6111637528575998e+16
24060.0	1.6351444303871996e+16
24070.0	1.5902575951871996e+16
24080.0	1.4244146413567998e+16
24090.0	1.5036419014655998e+16
24100.0	1.5129965887487998e+16
24110.0	1.5634525388799998e+16
24120.0	1.5691750080511996e+16
24130.0	1.4806771171327998e+16
24140.0	1.3277233217535998e+16
24150.0	1.6797152378879996e+16
24160.0	1.5240054996991996e+16
24170.0	1.4028564725759998e+16
24180.0	1.4807403986943996e+16
24190.0	1.5332693934079998e+16
24200.0	1.3953595047935998e+16
24210.0	1.6597274066943996e+16
24220.0	1.3370808958975998e+16
24230.0	1.4536826388479998e+16
24240.0	1.5457335640063996e+16
24250.0	1.4408268611583996e+16
24260.0	1.3989361876991996e+16
24270.0	1.3484451856383996e+16
24280.0	1.3743941419007998e+16
24290.0	1.5576520458239998e+16
24300.0	1.4597513183231996e+16
24310.0	1.3367823482879998e+16
24320.0	1.4702227472383996e+16
24330.0	1.4401941307391996e+16
24340.0	1.3255566753791998e+16
24350.0	1.3662232870911998e+16
24360.0	1.4201512755199998e+16
24370.0	1.1750641631231998e+16
24380.0	1.3987755655167998e+16
24390.0	1.5568803233791996e+16
24400.0	1.3819673608191996e+16
24410.0	1.3960824291327998e+16
24420.0	1.3589030273023996e+16
24430.0	1.3336248582143996e+16
24440.0	1.2339365314559998e+16
24450.0	1.4006217146367998e+16
24460.0	1.3910340337663996e+16
24470.0	1.3711384494079998e+16
24480.0	1.1594905927679998e+16
24490.0	1.3278900682751998e+16
24500.0	1.4406864125951996e+16
24510.0	1.4144788381695998e+16
24520.0	1.1992726470655998e+16
24530.0	1.1841391099903996e+16
24540.0	1.1300653727743996e+16
24550.0	1.2579492691967998e+16
24560.0	1.3709383630847998e+16
24570.0	1.4679092068351996e+16
24580.0	1.4631525187583996e+16
24590.0	1.3894279495679998e+16
24600.0	1.2549997854719998e+16
24610.0	1.0485502345215998e+16
24620.0	1.3724817162239998e+16
24630.0	1.3113898369023996e+16
24640.0	1.4662729727999998e+16
24650.0	1.3768295251967998e+16
24660.0	1.2832546783231998e+16
24670.0	1.2671987253247998e+16
24680.0	1.0722269790207998e+16
24690.0	1.3437575069695998e+16
24700.0	1.2305494015999998e+16
24710.0	1.2401271242751998e+16
24720.0	1.2543816171519998e+16
24730.0	1.2285966221311998e+16
24740.0	1.1062230548479998e+16
24750.0	1.1116870336511998e+16
24760.0	1.1335971012607998e+16
24770.0	1.4249197486079998e+16
24780.0	1.2871912538111998e+16
24790.0	1.1089791614975998e+16
24800.0	1.2907150901247998e+16
24810.0	1.2020744126463996e+16
24820.0	1.1027393265663998e+16
24830.0	1.1420343615487998e+16
24840.0	1.3526531145727998e+16
24850.0	1.4204760031231996e+16
24860.0	1.3076538474495998e+16
24870.0	1.1331494854655998e+16
24880.0	1.1268715577343996e+16
24890.0	1.1150399897599998e+16
24900.0	1.0434364211199998e+16
24910.0	1.0658742239231998e+16
24920.0	1.2562127847423996e+16
24930.0	1.1971006922751998e+16
24940.0	1.3974439886847998e+16
24950.0	1.2654246985727998e+16
24960.0	1.1462329958399998e+16
24970.0	1.1648953122815998e+16
24980.0	1.0165550710783998e+16
24990.0	1.1988198834175998e+16
