0.9	81401420.16601562
0.901	95785664.30664062
0.902	91086551.51367188
0.903	81962105.46875
0.904	82016833.0078125
0.905	103450656.00585938
0.906	94103762.45117188
0.907	95867550.78125
0.908	146236875.0
0.909	118865794.921875
0.91	109882745.60546875
0.911	117478478.02734375
0.912	144066480.46875
0.913	138426667.96875
0.914	130631765.13671875
0.915	146863814.69726562
0.916	158309445.55664062
0.917	160007755.37109375
0.918	142345022.94921875
0.919	175930858.88671875
0.92	153578810.546875
0.921	120253161.1328125
0.922	112402425.29296875
0.923	101449838.62304688
0.924	96612833.74023438
0.925	105248519.28710938
0.926	103391034.91210938
0.927	102223622.55859375
0.928	88195158.203125
0.929	96277819.3359375
0.93	90714671.875
0.931	86388631.8359375
0.932	99194977.29492188
0.933	89919746.33789062
0.934	115001447.50976562
0.935	86250471.19140625
0.936	101614113.52539062
0.937	98109591.55273438
0.938	113255862.54882812
0.939	102648968.75
0.94	111429270.5078125
0.941	108359862.79296875
0.942	133514884.27734375
0.943	133016544.921875
0.944	117859096.19140625
0.945	121621849.12109375
0.946	133212518.06640625
0.947	122125330.56640625
0.948	152984979.00390625
0.949	171152197.75390625
0.95	118785820.3125
0.951	133082408.203125
0.952	159437144.04296875
0.953	155435206.54296875
0.954	175739367.1875
0.955	157177782.2265625
0.956	167947717.7734375
0.957	153069812.5
0.958	207830471.6796875
0.959	195716307.6171875
0.96	170226653.3203125
0.961	190963797.36328125
0.962	174343832.51953125
0.963	218589742.1875
0.964	172177672.36328125
0.965	189634754.8828125
0.966	216487053.7109375
0.967	234478791.9921875
0.968	219287304.6875
0.969	211888506.8359375
0.97	242237274.4140625
0.971	206716973.6328125
0.972	222625136.71875
0.973	195957675.78125
0.974	188159388.671875
0.975	194283247.0703125
0.976	206682623.046875
0.977	193120275.390625
0.978	207063509.765625
0.979	194149876.953125
0.98	210030551.7578125
0.981	198187714.84375
0.982	168709754.8828125
0.983	178650837.890625
0.984	202495000.0
0.985	204941628.90625
0.986	213156085.9375
0.987	216971234.375
0.988	207765622.55859375
0.989	234848563.96484375
0.99	95828753.41796875
0.991	68920254.39453125
0.992	69229446.04492188
0.993	76372986.08398438
0.994	87357844.23828125
0.995	95266272.94921875
0.996	95549730.46875
0.997	103510071.2890625
0.998	89845090.33203125
0.999	85429076.171875
1.0	96586595.45898438
1.001	102062945.06835938
1.002	105043414.79492188
1.003	132763900.390625
1.004	104613715.57617188
1.005	119205810.30273438
1.006	83710922.11914062
1.007	108412051.87988281
1.008	126723348.75488281
1.009	124675243.65234375
1.01	149411748.046875
1.011	125027206.0546875
1.012	114964019.53125
1.013	128787107.91015625
1.014	104457230.22460938
1.015	128149739.2578125
1.016	110889080.56640625
1.017	107268412.59765625
1.018	137586775.14648438
1.019	119223436.76757812
1.02	112707718.01757812
1.021	146986140.13671875
1.022	111371521.24023438
1.023	131240813.4765625
1.024	151528127.44140625
1.025	146455093.75
1.026	108596815.67382812
1.027	123083458.25195312
1.028	115567381.34765625
1.029	130915496.58203125
1.03	121687618.1640625
1.031	154180305.90820312
1.032	129672498.046875
1.033	158047827.1484375
1.034	130773269.53125
1.035	150469858.64257812
1.036	169956769.28710938
1.037	191450567.87109375
1.038	165555374.26757812
1.039	149669351.5625
1.04	183246816.16210938
1.041	221364458.25195312
1.042	159513045.16601562
1.043	134303565.91796875
1.044	211133381.8359375
1.045	251130442.3828125
1.046	304567976.5625
1.047	140827453.85742188
1.048	177661033.203125
1.049	244783309.81445312
1.05	226278033.203125
1.051	213778036.62109375
1.052	159801370.60546875
1.053	253423861.328125
1.054	267012226.5625
1.055	271459951.171875
1.056	223268606.4453125
1.057	182378113.28125
1.058	278706009.27734375
1.059	267428207.03125
1.06	300758807.6171875
1.061	269036186.03515625
1.062	226462219.7265625
1.063	301328597.16796875
1.064	359967770.99609375
1.065	316943913.57421875
1.066	287399795.8984375
1.067	242371687.98828125
1.068	316697866.2109375
1.069	356637182.6171875
1.07	330562406.73828125
1.071	339105601.5625
1.072	380642883.7890625
1.073	341402048.828125
1.074	358177541.9921875
1.075	372652127.44140625
1.076	385793417.48046875
1.077	424112545.41015625
1.078	458694280.76171875
1.079	422787066.89453125
1.08	422026807.12890625
1.081	393951141.11328125
1.082	383544049.8046875
1.083	429614670.41015625
1.084	487918481.93359375
1.085	440679293.9453125
1.086	418957423.828125
1.087	425464228.02734375
1.088	480600706.0546875
1.089	367750424.8046875
1.09	440413129.8828125
1.091	418031417.96875
1.092	451886106.4453125
1.093	466771206.0546875
1.094	441131861.328125
1.095	446858465.33203125
1.096	396852120.1171875
1.097	444576955.078125
1.098	396303533.203125
1.099	414984709.47265625
1.1	398279408.69140625
1.101	431563515.13671875
1.102	393517674.31640625
1.103	341142494.62890625
1.104	350412574.21875
1.105	372264250.0
1.106	363837336.9140625
1.107	332767963.37890625
1.108	354245204.58984375
1.109	359668052.0019531
1.11	338426232.1777344
1.111	333752411.1328125
1.112	375061688.4765625
1.113	399633783.4472656
1.114	375925228.2714844
1.115	377076258.7890625
1.116	388319322.265625
1.117	379842999.51171875
1.118	435264658.69140625
1.119	384334576.66015625
1.12	373251958.984375
1.121	367397065.4296875
1.122	415342974.609375
1.123	408103947.75390625
1.124	446121464.84375
1.125	425957071.2890625
1.126	447578797.8515625
1.127	420902029.296875
1.128	445017823.2421875
1.129	440723014.6484375
1.13	392301959.47265625
1.131	466134362.79296875
1.132	458865693.84765625
1.133	426620884.27734375
1.134	410592816.40625
1.135	358872078.61328125
1.136	419349081.0546875
1.137	415349551.7578125
1.138	301916231.93359375
1.139	360489583.0078125
1.14	360774499.51171875
1.141	284344812.98828125
1.142	422466587.890625
1.143	414584555.6640625
1.144	407895307.6171875
1.145	463396036.1328125
1.146	478550106.4453125
1.147	445593586.9140625
1.148	410505535.15625
1.149	503840260.7421875
1.15	517787827.1484375
1.151	486564933.59375
1.152	498113628.90625
1.153	473507962.890625
1.154	450436241.2109375
1.155	523862337.890625
1.156	504109033.203125
1.157	493700996.09375
1.158	503761806.15234375
1.159	501567859.86328125
1.16	457290185.546875
1.161	423002515.625
1.162	491094542.48046875
1.163	519548485.83984375
1.164	428964604.4921875
1.165	525452211.9140625
1.166	455355207.03125
1.167	506778799.8046875
1.168	452894042.96875
1.169	264573324.21875
1.17	360811012.20703125
1.171	468906541.015625
1.172	507037990.234375
1.173	507725535.15625
1.174	484779970.703125
1.175	484152641.6015625
1.176	422278160.15625
1.177	284846636.4746094
1.178	251960490.47851562
1.179	420046357.421875
1.18	481390639.6484375
1.181	492706978.515625
1.182	498597572.265625
1.183	509011440.4296875
1.184	516213459.9609375
1.185	520299848.6328125
1.186	521152599.609375
1.187	531109469.7265625
1.188	516257691.40625
1.189	439162535.15625
1.19	538111328.125
1.191	549731788.0859375
1.192	560690172.8515625
1.193	555709300.78125
1.194	486441925.78125
1.195	476769124.0234375
1.196	483150517.578125
1.197	434869425.78125
1.198	372420221.6796875
1.199	436341150.390625
1.2	420096147.4609375
1.201	434000612.3046875
1.202	438750987.3046875
1.203	455464821.2890625
1.204	518903045.8984375
1.205	486853058.59375
1.206	608219114.2578125
1.207	502533438.4765625
1.208	592401744.140625
1.209	472203863.28125
1.21	567191067.3828125
1.211	465315734.375
1.212	508023573.2421875
1.213	540586741.2109375
1.214	577966076.171875
1.215	593992949.21875
1.216	573815290.0390625
1.217	588553831.0546875
1.218	595737346.6796875
1.219	592337036.1328125
1.22	550419767.578125
1.221	554335698.2421875
1.222	545765481.4453125
1.223	533038065.4296875
1.224	581991605.46875
1.225	642825855.46875
1.226	627278951.171875
1.227	626463261.71875
1.228	650119833.984375
1.229	611242306.640625
1.23	609890946.2890625
1.231	640043896.484375
1.232	582047979.4921875
1.233	596126085.9375
1.234	612074572.265625
1.235	582685613.28125
1.236	581663393.5546875
1.237	614067728.515625
1.238	597587302.734375
1.239	568507071.2890625
1.24	587290238.28125
1.241	487111625.0
1.242	486345189.453125
1.243	447012644.53125
1.244	387747675.78125
1.245	593528843.75
1.246	575361297.8515625
1.247	580046052.734375
1.248	561255540.0390625
1.249	597040056.640625
1.25	521449636.71875
1.251	583409861.328125
1.252	417333042.96875
1.253	408814623.53515625
1.254	599816601.5625
1.255	577517813.4765625
1.256	573027500.9765625
1.257	665665039.0625
1.258	588036398.4375
1.259	611509184.5703125
1.26	634239956.0546875
1.261	666966679.6875
1.262	591356268.5546875
1.263	627536704.1015625
1.264	582830565.4296875
1.265	617147579.1015625
1.266	629360542.96875
1.267	665885197.265625
1.268	632297118.1640625
1.269	694767329.1015625
1.27	645239115.234375
1.271	672536462.890625
1.272	712989787.109375
1.273	713686306.640625
1.274	651087000.9765625
1.275	615913166.9921875
1.276	698570096.6796875
1.277	668934277.34375
1.278	668864204.1015625
1.279	715998134.765625
1.28	680463450.1953125
1.281	670683618.1640625
1.282	682543890.625
1.283	653596618.1640625
1.284	689037854.4921875
1.285	679364014.6484375
1.286	606413722.65625
1.287	658872893.5546875
1.288	657877255.859375
1.289	664855569.3359375
1.29	692186281.25
1.291	688281164.0625
1.292	662498373.046875
1.293	602758134.765625
1.294	711089257.8125
1.295	660404036.1328125
1.296	774996417.96875
1.297	738564361.328125
1.298	741518759.765625
1.299	708113103.515625
1.3	753675914.0625
1.301	708444535.15625
1.302	736872294.921875
1.303	715145810.546875
1.304	740547318.359375
1.305	700712938.4765625
1.306	774816756.8359375
1.307	675874591.796875
1.308	758278599.609375
1.309	701065691.40625
1.31	724702583.984375
1.311	752760886.71875
1.312	761932443.359375
1.313	718426275.390625
1.314	729056789.0625
1.315	754440210.9375
1.316	738181820.3125
1.317	728995952.1484375
1.318	702071072.265625
1.319	754484576.171875
1.32	671516638.671875
1.321	708881089.84375
1.322	690325812.5
1.323	708264654.296875
1.324	670309169.921875
1.325	617931374.0234375
1.326	689472698.2421875
1.327	596105916.015625
1.328	629394199.21875
1.329	627752164.0625
1.33	597224510.7421875
1.331	527221837.890625
1.332	406272401.85546875
1.333	443162118.65234375
1.334	463898436.5234375
1.335	272911868.65234375
1.336	314585360.83984375
1.337	283690205.56640625
1.338	289934903.3203125
1.339	316552680.17578125
1.34	343952332.51953125
1.341	368380614.74609375
1.342	284838955.56640625
1.343	270746544.921875
1.344	336969699.70703125
1.345	299665530.76171875
1.346	345529820.3125
1.347	294443824.21875
1.348	252039765.13671875
1.349	338108415.52734375
1.35	317758449.70703125
1.351	294911930.6640625
1.352	275062143.06640625
1.353	330444505.859375
1.354	247591076.66015625
1.355	263875916.015625
1.356	303015480.46875
1.357	305194784.1796875
1.358	296690262.20703125
1.359	309096083.2519531
1.36	313983420.1660156
1.361	310748485.83984375
1.362	247903122.0703125
1.363	341130449.21875
1.364	343607381.8359375
1.365	307143112.3046875
1.366	357479305.17578125
1.367	328278004.8828125
1.368	329380875.0
1.369	302857838.37890625
1.37	326204864.2578125
1.371	308440221.19140625
1.372	333554045.41015625
1.373	328089016.11328125
1.374	327680777.34375
1.375	341144469.7265625
1.376	350850995.1171875
1.377	335795749.0234375
1.378	369949120.1171875
1.379	349813217.7734375
1.38	398392868.1640625
1.381	335027063.4765625
1.382	385075771.97265625
1.383	288385116.69921875
1.384	379440433.10546875
1.385	343605745.60546875
1.386	330756540.0390625
1.387	385457743.1640625
1.388	314853545.8984375
1.389	380450542.96875
1.39	336080736.81640625
1.391	302085694.82421875
1.392	319594454.1015625
1.393	327450206.54296875
1.394	317340733.3984375
1.395	310431712.40234375
1.396	312729100.5859375
1.397	318413919.43359375
1.398	289041341.796875
1.399	322654306.640625
1.4	299190187.01171875
1.401	283509385.7421875
1.402	343368560.546875
1.403	331667581.0546875
1.404	299024888.671875
1.405	303630897.94921875
1.406	396350476.5625
1.407	289793777.83203125
1.408	300536365.72265625
1.409	294043088.37890625
1.41	309048434.08203125
1.411	305038996.58203125
1.412	267541526.3671875
1.413	326712355.95703125
1.414	290676452.63671875
1.415	296907537.59765625
1.416	329723983.3984375
1.417	287151123.046875
1.418	265851332.51953125
1.419	280250328.125
1.42	305807594.23828125
1.421	313299991.2109375
1.422	290399016.6015625
1.423	292873738.76953125
1.424	266651350.09765625
1.425	297962174.8046875
1.426	271773808.59375
1.427	303937712.40234375
1.428	289388450.1953125
1.429	245737937.5
1.43	340225082.51953125
1.431	331392187.98828125
1.432	284214231.93359375
1.433	307823814.453125
1.434	246130634.765625
1.435	327599557.12890625
1.436	320921628.90625
1.437	299452522.4609375
1.438	319770635.7421875
1.439	319341361.328125
1.44	295914880.37109375
1.441	284837940.91796875
1.442	297300995.60546875
1.443	336071807.6171875
1.444	331746305.17578125
1.445	271707875.9765625
1.446	334153200.68359375
1.447	289872098.6328125
1.448	326770254.8828125
1.449	353061236.328125
1.45	306593603.02734375
1.451	280504449.21875
1.452	392455760.7421875
1.453	350182670.8984375
1.454	297990759.765625
1.455	373630765.625
1.456	309703479.4921875
1.457	286799615.234375
1.458	355922229.98046875
1.459	370573585.44921875
1.46	360841136.23046875
1.461	353515407.71484375
1.462	319000750.48828125
1.463	286138898.92578125
1.464	352802421.875
1.465	348786234.375
1.466	376984308.59375
1.467	372891645.5078125
1.468	306708797.8515625
1.469	303379739.2578125
1.47	335016342.7734375
1.471	345137764.6484375
1.472	353969347.65625
1.473	373900258.7890625
1.474	327432426.7578125
1.475	325080077.1484375
1.476	337808697.265625
1.477	351207290.0390625
1.478	353057560.546875
1.479	394854213.8671875
1.48	318018645.01953125
1.481	362023812.98828125
1.482	320499284.1796875
1.483	353698955.078125
1.484	385338545.8984375
1.485	350220087.890625
1.486	360322305.6640625
1.487	381932035.64453125
1.488	347113324.21875
1.489	352503640.13671875
1.49	350442720.703125
1.491	390119790.0390625
1.492	377465404.296875
1.493	370871155.2734375
1.494	343896232.421875
1.495	358125694.3359375
1.496	365870378.41796875
1.497	379649607.91015625
1.498	389010454.1015625
1.499	392422992.1875
1.5	379575315.4296875
1.501	379813956.0546875
1.502	325856363.28125
1.503	424541379.8828125
1.504	385900234.375
1.505	410899284.1796875
1.506	390533145.5078125
1.507	414999077.1484375
1.508	372466171.875
1.509	418067681.640625
1.51	384520441.40625
1.511	394506240.234375
1.512	427406318.359375
1.513	385918806.640625
1.514	394551837.890625
1.515	456140816.40625
1.516	422904716.796875
1.517	349702991.2109375
1.518	398716371.09375
1.519	416709676.7578125
1.52	409698612.3046875
1.521	456843639.6484375
1.522	431087821.77734375
1.523	442614716.30859375
1.524	445801323.2421875
1.525	401129596.6796875
1.526	409330352.5390625
1.527	433628265.625
1.528	435828197.265625
1.529	432039131.8359375
1.53	475796533.203125
1.531	455222646.484375
1.532	395805014.6484375
1.533	424396947.265625
1.534	488992423.828125
1.535	449893979.4921875
1.536	468977998.046875
1.537	450449997.0703125
1.538	450484632.8125
1.539	502558109.375
1.54	448436509.765625
1.541	436499148.4375
1.542	477733038.0859375
1.543	461296500.9765625
1.544	449595347.65625
1.545	487639808.59375
1.546	525126584.9609375
1.547	467442733.3984375
1.548	468803345.703125
1.549	484158327.1484375
1.55	501996918.9453125
1.551	467516718.75
1.552	511110072.265625
1.553	513019207.03125
1.554	509772918.9453125
1.555	504044825.1953125
1.556	486875008.7890625
1.557	496441024.4140625
1.558	467467713.8671875
1.559	509253903.3203125
1.56	506097000.0
1.561	505942766.6015625
1.562	527667108.3984375
1.563	520953988.28125
1.564	539374557.6171875
1.565	497739061.5234375
1.566	485558905.2734375
1.567	559036670.8984375
1.568	575599475.5859375
1.569	525903000.9765625
1.57	528910859.375
1.571	545975443.359375
1.572	544438100.5859375
1.573	545793803.7109375
1.574	564503366.2109375
1.575	566092309.5703125
1.576	559421234.375
1.577	561572653.3203125
1.578	552478693.359375
1.579	558173783.203125
1.58	568780477.5390625
1.581	571065561.5234375
1.582	568468366.2109375
1.583	596610582.03125
1.584	557550881.8359375
1.585	564555037.109375
1.586	610007714.84375
1.587	590031835.9375
1.588	603631447.265625
1.589	602892521.484375
1.59	570869875.9765625
1.591	608341459.9609375
1.592	597821124.0234375
1.593	595071952.1484375
1.594	614068161.1328125
1.595	622310374.0234375
1.596	634467915.0390625
1.597	619846994.140625
1.598	609329976.5625
1.599	616218841.796875
1.6	627995021.484375
1.601	637293950.1953125
1.602	602361819.3359375
1.603	658979136.71875
1.604	627821735.3515625
1.605	627105875.0
1.606	627312943.359375
1.607	641756115.234375
1.608	651889463.8671875
1.609	651815703.125
1.61	647124408.203125
1.611	635934385.7421875
1.612	646928162.109375
1.613	662267132.8125
1.614	654941533.203125
1.615	652924997.0703125
1.616	664019760.7421875
1.617	685030380.859375
1.618	693719169.921875
1.619	641974902.34375
1.62	657607066.40625
1.621	644265718.75
1.622	677601308.59375
1.623	682546253.90625
1.624	695943921.875
1.625	677916847.65625
1.626	669482773.4375
1.627	693354789.0625
1.628	695720990.234375
1.629	688175041.015625
1.63	702906484.375
1.631	684542253.90625
1.632	690955962.890625
1.633	708651308.59375
1.634	713412427.734375
1.635	699444632.8125
1.636	709699605.46875
1.637	707774798.828125
1.638	725029494.140625
1.639	719727863.28125
1.64	713241648.4375
1.641	718726470.703125
1.642	700754611.328125
1.643	710238503.90625
1.644	728764537.109375
1.645	739279396.484375
1.646	732095644.53125
1.647	739557556.640625
1.648	745532681.640625
1.649	733799115.234375
1.65	728662957.03125
1.651	728178070.3125
1.652	746158064.453125
1.653	732976574.21875
1.654	742614556.640625
1.655	741101468.75
1.656	760482671.875
1.657	761366695.3125
1.658	757738246.09375
1.659	737455242.1875
1.66	736487542.96875
1.661	735284687.5
1.662	736289392.578125
1.663	770240064.453125
1.664	771597142.578125
1.665	767162550.78125
1.666	775884636.71875
1.667	755859070.3125
1.668	753789869.140625
1.669	766685203.125
1.67	771689306.640625
1.671	771120347.65625
1.672	756231962.890625
1.673	765779408.203125
1.674	777309554.6875
1.675	788825158.203125
1.676	800304318.359375
1.677	760151978.515625
1.678	783411470.703125
1.679	791453574.21875
1.68	776001771.484375
1.681	779972408.203125
1.682	801426888.671875
1.683	781072039.0625
1.684	778262597.65625
1.685	788408121.09375
1.686	786554013.671875
1.687	754521986.328125
1.688	764818816.40625
1.689	743562474.609375
1.69	780538113.28125
1.691	792585332.03125
1.692	726285843.75
1.693	756442691.40625
1.694	759725376.953125
1.695	741795179.6875
1.696	734888142.578125
1.697	718016744.140625
1.698	705359830.078125
1.699	721165511.71875
1.7	700032033.203125
1.701	707168388.671875
1.702	752622314.453125
1.703	728784734.375
1.704	669268740.234375
1.705	681086632.8125
1.706	727846564.453125
1.707	690197566.40625
1.708	631887970.703125
1.709	644291130.859375
1.71	728919414.0625
1.711	611386345.703125
1.712	612867882.8125
1.713	637938704.1015625
1.714	600594547.8515625
1.715	586725379.8828125
1.716	575700588.8671875
1.717	566908113.28125
1.718	545301508.7890625
1.719	512512146.484375
1.72	571916266.6015625
1.721	579231428.7109375
1.722	615083795.8984375
1.723	529458317.3828125
1.724	556544791.9921875
1.725	599777726.5625
1.726	576435080.078125
1.727	440595857.421875
1.728	557657313.4765625
1.729	534450662.109375
1.73	532487633.7890625
1.731	588601441.40625
1.732	439098795.8984375
1.733	540186742.1875
1.734	507907519.53125
1.735	470383559.5703125
1.736	513671170.8984375
1.737	447234962.890625
1.738	509132627.9296875
1.739	514825504.8828125
1.74	460435264.6484375
1.741	422974758.7890625
1.742	509305622.0703125
1.743	486077256.8359375
1.744	451920174.31640625
1.745	426887661.62109375
1.746	469957383.7890625
1.747	400393390.625
1.748	431704178.7109375
1.749	501879970.21484375
1.75	455866047.36328125
1.751	388485403.3203125
1.752	433037859.86328125
1.753	488903915.52734375
1.754	391587712.890625
1.755	428484239.2578125
1.756	349562643.5546875
1.757	404610630.859375
1.758	376786719.7265625
1.759	377340711.9140625
1.76	486048175.78125
1.761	362233783.203125
1.762	408150673.828125
1.763	337059401.3671875
1.764	453479041.015625
1.765	388679444.3359375
1.766	479574443.359375
1.767	368461577.1484375
1.768	304482325.68359375
1.769	334317962.40234375
1.77	416222478.515625
1.771	394473612.3046875
1.772	345396964.35546875
1.773	319750783.203125
1.774	425688954.58984375
1.775	340113550.29296875
1.776	323024037.8417969
1.777	351677260.9863281
1.778	343303538.57421875
1.779	369786249.51171875
1.78	372469501.46484375
1.781	318660207.51953125
1.782	345202665.52734375
1.783	326843287.109375
1.784	385194287.59765625
1.785	310327017.578125
1.786	295139514.6484375
1.787	282896779.296875
1.788	329062626.953125
1.789	352550535.64453125
1.79	379003818.359375
1.791	283431472.16796875
1.792	309399844.23828125
1.793	332841441.89453125
1.794	304177328.125
1.795	316674449.21875
1.796	306762031.25
1.797	342680508.7890625
1.798	354745437.98828125
1.799	354729048.828125
1.8	288237037.59765625
1.801	272060822.75390625
1.802	283839871.09375
1.803	304426440.4296875
1.804	362152283.69140625
1.805	310613725.09765625
1.806	262415150.390625
1.807	307894567.87109375
1.808	302689039.0625
1.809	313994453.61328125
1.81	349779564.453125
1.811	247276903.80859375
1.812	302976155.2734375
1.813	293512104.00390625
1.814	381392674.8046875
1.815	334226805.6640625
1.816	296420794.43359375
1.817	304979281.73828125
1.818	301833426.26953125
1.819	284428659.1796875
1.82	286988551.7578125
1.821	286636724.12109375
1.822	241263033.203125
1.823	340910066.89453125
1.824	401868187.5
1.825	311356313.4765625
1.826	291038191.40625
1.827	295134520.5078125
1.828	285916564.453125
1.829	333630849.12109375
1.83	329653729.98046875
1.831	282316357.91015625
1.832	308892229.00390625
1.833	284433255.859375
1.834	332955503.90625
1.835	290583307.12890625
1.836	286689347.16796875
1.837	335311374.51171875
1.838	287751805.6640625
1.839	303065213.37890625
1.84	285405826.171875
1.841	361219263.671875
1.842	269094296.875
1.843	288421782.2265625
1.844	262148227.05078125
1.845	295976460.6933594
1.846	281425940.6738281
1.847	261668835.44921875
1.848	260722121.09375
1.849	281515318.359375
1.85	256401498.046875
1.851	299722295.8984375
1.852	318081119.62890625
1.853	275602928.7109375
1.854	261135180.17578125
1.855	296153417.96875
1.856	282932231.93359375
1.857	244479864.2578125
1.858	235833238.28125
1.859	253210470.703125
1.86	242399562.98828125
1.861	237519318.84765625
1.862	279185839.35546875
1.863	267065932.6171875
1.864	267192775.390625
1.865	239789358.3984375
1.866	282505505.37109375
1.867	283406892.578125
1.868	243740571.77734375
1.869	316251874.0234375
1.87	293974492.1875
1.871	263281837.40234375
1.872	287632184.5703125
1.873	239824949.95117188
1.874	288647253.1738281
1.875	281482858.88671875
1.876	299115030.76171875
1.877	257993198.73046875
1.878	286440218.75
1.879	263364351.5625
1.88	297583731.93359375
1.881	270272276.85546875
1.882	290152538.57421875
1.883	335047252.9296875
1.884	322682062.5
1.885	250330410.15625
1.886	307979845.21484375
1.887	291839418.9453125
1.888	333310333.0078125
1.889	275474976.07421875
1.89	300865073.73046875
1.891	299921180.17578125
1.892	249488667.48046875
1.893	289383470.703125
1.894	295124058.59375
1.895	306934945.80078125
1.896	297996530.76171875
1.897	328823981.93359375
1.898	278185376.46484375
1.899	308317242.67578125
1.9	329669356.4453125
1.901	293281861.81640625
1.902	335384016.11328125
1.903	306378601.5625
1.904	313840729.00390625
1.905	315794229.00390625
1.906	283456385.7421875
1.907	284952072.75390625
1.908	342002028.3203125
1.909	325404788.0859375
1.91	315419823.2421875
1.911	273305898.92578125
1.912	307454150.390625
1.913	332990591.30859375
1.914	312598033.203125
1.915	345070507.8125
1.916	295936886.23046875
1.917	288734781.73828125
1.918	315938705.56640625
1.919	367184115.234375
1.92	291653309.08203125
1.921	274122330.56640625
1.922	317728106.4453125
1.923	321950296.875
1.924	272791554.6875
1.925	312690958.984375
1.926	314410516.11328125
1.927	280903410.64453125
1.928	372184680.17578125
1.929	285008765.13671875
1.93	300610310.05859375
1.931	257938563.96484375
1.932	282492976.5625
1.933	313477774.90234375
1.934	283346444.82421875
1.935	324290228.02734375
1.936	297955805.6640625
1.937	308059331.54296875
1.938	302808935.05859375
1.939	266547653.80859375
1.94	257945571.04492188
1.941	260292854.24804688
1.942	298193104.98046875
1.943	296101843.75
1.944	297000455.078125
1.945	257452517.08984375
1.946	249384912.59765625
1.947	299364168.9453125
1.948	264834606.93359375
1.949	266744800.78125
1.95	306555095.703125
1.951	270510285.64453125
1.952	298046162.109375
1.953	243707841.30859375
1.954	296391187.5
1.955	273855459.47265625
1.956	260505798.33984375
1.957	295015607.421875
1.958	297464673.828125
1.959	361451312.01171875
1.96	264741288.57421875
1.961	249328657.71484375
1.962	286060090.33203125
1.963	294871950.1953125
1.964	295296713.8671875
1.965	261630147.94921875
1.966	299737735.3515625
1.967	305820331.0546875
1.968	256192263.18359375
1.969	280176944.82421875
1.97	330550309.08203125
1.971	262412848.14453125
1.972	305423007.8125
1.973	283442733.88671875
1.974	271044277.83203125
1.975	276767322.265625
1.976	229815160.40039062
1.977	271326216.5527344
1.978	247389688.4765625
1.979	270038888.18359375
1.98	248419292.96875
1.981	283757841.30859375
1.982	256835612.79296875
1.983	268894309.5703125
1.984	272343405.76171875
1.985	279797656.73828125
1.986	266983815.4296875
1.987	270588386.23046875
1.988	269593453.61328125
1.989	278332312.5
1.99	233846884.27734375
1.991	268321472.16796875
1.992	243391882.32421875
1.993	280701965.8203125
1.994	310666627.9296875
1.995	262997542.96875
1.996	290048410.64453125
1.997	287496265.625
1.998	256305443.84765625
1.999	283666898.92578125
2.0	252471148.92578125
2.001	280206922.8515625
2.002	268202880.859375
2.003	293927525.390625
2.004	290102894.04296875
2.005	290854152.83203125
2.006	272825170.41015625
2.007	265555015.13671875
2.008	317416412.109375
2.009	240863843.26171875
2.01	270209510.25390625
2.011	261497583.49609375
2.012	283358361.328125
2.013	285198721.6796875
2.014	288670517.08984375
2.015	301875352.05078125
2.016	263316604.00390625
2.017	264859937.98828125
2.018	300928922.36328125
2.019	275825754.39453125
2.02	239287083.49609375
2.021	314831884.27734375
2.022	300699104.98046875
2.023	285385605.46875
2.024	319841981.4453125
2.025	296013402.34375
2.026	257897996.58203125
2.027	275020461.9140625
2.028	292196652.34375
2.029	254679987.79296875
2.03	310270321.2890625
2.031	258507647.4609375
2.032	327914077.63671875
2.033	295964695.80078125
2.034	292427560.546875
2.035	298942706.0546875
2.036	259552710.9375
2.037	329887783.69140625
2.038	306150951.66015625
2.039	287850805.17578125
2.04	290378895.5078125
2.041	277780074.70703125
2.042	316811695.3125
2.043	352415792.48046875
2.044	265548165.52734375
2.045	268756454.58984375
2.046	290168841.30859375
2.047	314423933.59375
2.048	328455963.37890625
2.049	276597493.1640625
2.05	287527362.3046875
2.051	342087989.2578125
2.052	294904566.1621094
2.053	312845874.2675781
2.054	284675554.6875
2.055	304764536.1328125
2.056	290170652.34375
2.057	332324542.96875
2.058	343660576.171875
2.059	325582351.5625
2.06	331107738.76953125
2.061	286445906.73828125
2.062	309785859.375
2.063	318535891.11328125
2.064	271619698.73046875
2.065	317999248.046875
2.066	305892638.671875
2.067	342605364.74609375
2.068	330936898.4375
2.069	301808539.55078125
2.07	358648088.8671875
2.071	334278333.0078125
2.072	296563635.7421875
2.073	314706829.1015625
2.074	312620697.265625
2.075	311692649.90234375
2.076	340648247.55859375
2.077	330648378.90625
2.078	339580632.8125
2.079	329921062.98828125
2.08	325568037.59765625
2.081	330488237.79296875
2.082	339025811.03515625
2.083	316264994.62890625
2.084	329183203.61328125
2.085	333550437.01171875
2.086	346881597.16796875
2.087	306317665.0390625
2.088	348931927.734375
2.089	335463197.265625
2.09	318811956.0546875
2.091	375105453.61328125
2.092	341240321.77734375
2.093	376136574.21875
2.094	318255701.171875
2.095	346007888.671875
2.096	343670244.140625
2.097	339579581.0546875
2.098	344586560.546875
2.099	348980120.1171875
2.1	342423170.8984375
2.101	371538970.703125
2.102	349041670.8984375
2.103	350575038.0859375
2.104	365863639.6484375
2.105	338034934.5703125
2.106	367643005.859375
2.107	374895673.828125
2.108	348647373.53515625
2.109	346933944.82421875
2.11	376712760.7421875
2.111	383482258.7890625
2.112	332988248.046875
2.113	368554864.2578125
2.114	392359635.7421875
2.115	378335625.9765625
2.116	383311647.4609375
2.117	334177245.1171875
2.118	364877955.078125
2.119	363864735.3515625
2.12	378394868.1640625
2.121	382235722.65625
2.122	375572236.328125
2.123	383327873.53515625
2.124	375661715.33203125
2.125	405983529.296875
2.126	375665846.6796875
2.127	383606309.5703125
2.128	358174661.1328125
2.129	357282891.6015625
2.13	375955705.078125
2.131	388142505.859375
2.132	388235248.046875
2.133	401861346.6796875
2.134	384034336.9140625
2.135	400184253.90625
2.136	404083899.4140625
2.137	385632844.7265625
2.138	387977906.25
2.139	391056390.625
2.14	377314038.0859375
2.141	377533912.109375
2.142	385022066.40625
2.143	387348785.15625
2.144	431422883.7890625
2.145	425328187.5
2.146	422602113.28125
2.147	415554459.9609375
2.148	402909948.2421875
2.149	394257728.515625
2.15	370259111.328125
2.151	412080562.5
2.152	395198182.6171875
2.153	386959490.234375
2.154	414149186.5234375
2.155	417789956.0546875
2.156	401206737.3046875
2.157	415603917.96875
2.158	425309536.1328125
2.159	417607563.4765625
2.16	404005045.8984375
2.161	427675449.21875
2.162	404107852.5390625
2.163	395052363.28125
2.164	422637744.140625
2.165	426396183.59375
2.166	402958000.9765625
2.167	416043908.203125
2.168	434182634.765625
2.169	449497812.5
2.17	427917321.2890625
2.171	406322686.5234375
2.172	419043304.6875
2.173	412536916.015625
2.174	413976899.4140625
2.175	437250175.78125
2.176	393241537.109375
2.177	421527740.234375
2.178	408937664.0625
2.179	405747341.796875
2.18	422333728.515625
2.181	430831135.7421875
2.182	425853833.0078125
2.183	410997238.28125
2.184	425223530.2734375
2.185	425020911.1328125
2.186	407847502.9296875
2.187	424301417.96875
2.188	423641027.34375
2.189	436632055.6640625
2.19	413947863.28125
2.191	443135742.1875
2.192	431188880.859375
2.193	401781397.4609375
2.194	422527244.140625
2.195	440380771.484375
2.196	423228375.9765625
2.197	420749663.0859375
2.198	435666997.0703125
2.199	427251585.9375
2.2	436476295.8984375
2.201	433394670.8984375
2.202	423829526.3671875
2.203	410654105.46875
2.204	407731896.484375
2.205	414446092.7734375
2.206	395809337.890625
2.207	413328517.578125
2.208	415109374.0234375
2.209	398293396.484375
2.21	435256168.9453125
2.211	407940451.171875
2.212	451753210.9375
2.213	427079502.9296875
2.214	441765081.0546875
2.215	430611951.171875
2.216	428721297.8515625
2.217	419878888.671875
2.218	441465547.8515625
2.219	417175826.171875
2.22	394144673.828125
2.221	402898579.1015625
2.222	427876315.4296875
2.223	438298742.1875
2.224	445460572.265625
2.225	460084975.5859375
2.226	448581610.3515625
2.227	416721369.140625
2.228	421700125.0
2.229	407303472.65625
2.23	422006997.0703125
2.231	455245283.203125
2.232	458947528.3203125
2.233	406836615.234375
2.234	437188305.6640625
2.235	396538155.2734375
2.236	397989115.234375
2.237	443985750.0
2.238	436136833.0078125
2.239	410756734.375
2.24	460959335.9375
2.241	454542543.9453125
2.242	409658777.34375
2.243	409871908.203125
2.244	419224505.859375
2.245	431382295.8984375
2.246	461813718.75
2.247	419440475.5859375
2.248	419017744.140625
2.249	456118390.625
2.25	385405429.6875
2.251	454364295.8984375
2.252	422328087.890625
2.253	430124736.328125
2.254	415825674.8046875
2.255	408378990.234375
2.256	427420340.8203125
2.257	451496165.0390625
2.258	403578637.6953125
2.259	436404817.3828125
2.26	430436250.0
2.261	433141170.8984375
2.262	427480118.1640625
2.263	407394890.625
2.264	409189347.65625
2.265	391924079.1015625
2.266	433379421.875
2.267	427919254.8828125
2.268	438999964.84375
2.269	421751767.578125
2.27	403515583.984375
2.271	414244848.6328125
2.272	398414990.234375
2.273	420764386.71875
2.274	428348253.90625
2.275	430226938.4765625
2.276	425381663.0859375
2.277	448907581.0546875
2.278	438589606.4453125
2.279	383953085.9375
2.28	385737546.875
2.281	391293517.578125
2.282	445490329.1015625
2.283	429546946.2890625
2.284	400193766.6015625
2.285	418735249.0234375
2.286	431773513.671875
2.287	426212754.8828125
2.288	454586549.8046875
2.289	410291590.8203125
2.29	433185781.25
2.291	426051073.2421875
2.292	377920547.8515625
2.293	382810324.70703125
2.294	225793339.84375
2.295	269090856.4453125
2.296	286851791.50390625
2.297	300734333.984375
2.298	305136245.60546875
2.299	323136318.84765625
2.3	342850592.28515625
2.301	288187158.203125
2.302	351338364.2578125
2.303	330486334.47265625
2.304	358047215.8203125
2.305	323134538.57421875
2.306	334135761.23046875
2.307	341036022.4609375
2.308	336866512.20703125
2.309	348845491.69921875
2.31	306531653.80859375
2.311	323929464.84375
2.312	334685025.87890625
2.313	375168045.8984375
2.314	313633853.02734375
2.315	295224453.61328125
2.316	344114284.1796875
2.317	360119778.3203125
2.318	319922590.33203125
2.319	351128335.44921875
2.32	362456338.8671875
2.321	324170305.17578125
2.322	324221258.30078125
2.323	233057917.48046875
2.324	253228924.8046875
2.325	269051437.01171875
2.326	286335504.39453125
2.327	290555952.1484375
2.328	289395566.1621094
2.329	293345598.14453125
2.33	281394469.9707031
2.331	294378818.359375
2.332	305760944.3359375
2.333	324883020.99609375
2.334	291844703.125
2.335	299377490.234375
2.336	291564198.2421875
2.337	283256015.13671875
2.338	308246260.7421875
2.339	282435679.19921875
2.34	284361007.8125
2.341	293026793.7011719
2.342	327413742.4316406
2.343	310336391.6015625
2.344	277594077.1484375
2.345	246176791.9921875
2.346	341812734.86328125
2.347	313616024.4140625
2.348	318033770.5078125
2.349	343234182.12890625
2.35	298920982.421875
2.351	273468725.5859375
2.352	280914086.9140625
2.353	235257215.33203125
2.354	239002203.61328125
2.355	283902984.375
2.356	256433021.484375
2.357	282395282.2265625
2.358	270172985.3515625
2.359	230434459.9609375
2.36	290913451.171875
2.361	259653831.0546875
2.362	271597953.61328125
2.363	260244456.0546875
2.364	274658169.43359375
2.365	293232903.80859375
2.366	282064361.0839844
2.367	269581077.8808594
2.368	261228447.75390625
2.369	269083721.6796875
2.37	276412711.6699219
2.371	266391758.54492188
2.372	314060396.97265625
2.373	282934830.078125
2.374	274857352.05078125
2.375	289279726.5625
2.376	271078404.78515625
2.377	268508594.7265625
2.378	278928433.59375
2.379	248756560.05859375
2.38	309648511.23046875
2.381	245725698.2421875
2.382	276214875.9765625
2.383	236302669.43359375
2.384	224368409.66796875
2.385	275406073.2421875
2.386	235844992.43164062
2.387	225730973.38867188
2.388	228614680.6640625
2.389	248514022.4609375
2.39	300308189.453125
2.391	280537433.59375
2.392	220072118.65234375
2.393	244956743.65234375
2.394	306749081.54296875
2.395	236593208.0078125
2.396	252196919.921875
2.397	254325288.0859375
2.398	238259331.0546875
2.399	262076434.08203125
2.4	254919844.7265625
2.401	228459536.62109375
2.402	246795288.0859375
2.403	244915476.07421875
2.404	242175673.33984375
2.405	243434383.7890625
2.406	243656863.76953125
2.407	240654749.51171875
2.408	215454345.21484375
2.409	224357000.9765625
2.41	224008928.7109375
2.411	236649277.83203125
2.412	237178711.42578125
2.413	220370902.58789062
2.414	194588008.54492188
2.415	254224292.48046875
2.416	229603950.1953125
2.417	204431391.11328125
2.418	216831474.12109375
2.419	242142747.0703125
2.42	207979266.11328125
2.421	249394739.2578125
2.422	193781816.89453125
2.423	216170414.0625
2.424	237313953.61328125
2.425	212051247.55859375
2.426	204034355.46875
2.427	196701855.95703125
2.428	201927213.8671875
2.429	233228921.875
2.43	215939861.328125
2.431	198116618.40820312
2.432	216824705.32226562
2.433	213406281.73828125
2.434	193328056.15234375
2.435	202430320.80078125
2.436	211831271.484375
2.437	168530720.703125
2.438	204112507.32421875
2.439	232730251.46484375
2.44	200914332.03125
2.441	205197275.390625
2.442	198705508.7890625
2.443	194235127.44140625
2.444	178238861.328125
2.445	206126745.60546875
2.446	205672038.57421875
2.447	204549115.72265625
2.448	166422441.89453125
2.449	192335125.9765625
2.45	209247875.73242188
2.451	209399117.91992188
2.452	172335293.70117188
2.453	170999421.63085938
2.454	162197140.86914062
2.455	181466299.56054688
2.456	199662051.26953125
2.457	215324874.51171875
2.458	214002908.69140625
2.459	203451179.6875
2.46	181462814.94140625
2.461	146875018.06640625
2.462	199635861.328125
2.463	191591855.22460938
2.464	216182920.16601562
2.465	198687270.5078125
2.466	185621790.0390625
2.467	183057218.75
2.468	151513185.05859375
2.469	198546004.39453125
2.47	177121370.1171875
2.471	179375639.16015625
2.472	181703096.19140625
2.473	178885890.13671875
2.474	156547146.484375
2.475	157877004.39453125
2.476	161489222.16796875
2.477	210708988.28125
2.478	188516797.60742188
2.479	158736951.41601562
2.48	183871589.84375
2.481	171670129.39453125
2.482	156500984.375
2.483	163457656.25
2.484	198792390.13671875
2.485	207016210.44921875
2.486	187925817.62695312
2.487	160470828.125
2.488	160650032.95898438
2.489	160895236.57226562
2.49	148523776.3671875
2.491	150817145.75195312
2.492	179051316.89453125
2.493	172115901.3671875
2.494	201558076.66015625
2.495	182867027.83203125
2.496	163299235.3515625
2.497	169010574.21875
2.498	144029486.81640625
2.499	170803432.37304688
