0.9	5681676.7578125
0.901	5809754.241943359
0.902	5757235.504150391
0.903	5800520.355224609
0.904	5754417.175292969
0.905	6058376.037597656
0.906	6241328.857421875
0.907	6119686.309814453
0.908	6955773.773193359
0.909	6674913.269042969
0.91	6433780.8837890625
0.911	6702724.456787109
0.912	7069882.019042969
0.913	7082644.4091796875
0.914	7178417.022705078
0.915	7318285.125732422
0.916	7652243.621826172
0.917	7620022.857666016
0.918	7684997.955322266
0.919	8285191.619873047
0.92	7949893.6767578125
0.921	7187053.802490234
0.922	6800019.622802734
0.923	6703363.037109375
0.924	6732611.480712891
0.925	6859198.3642578125
0.926	6888568.542480469
0.927	6979411.468505859
0.928	6883202.331542969
0.929	6936263.122558594
0.93	7033343.994140625
0.931	7067870.300292969
0.932	7181639.801025391
0.933	7197625.793457031
0.934	7336776.763916016
0.935	7393255.0048828125
0.936	7441575.927734375
0.937	7453683.502197266
0.938	7655080.2001953125
0.939	7688306.243896484
0.94	7878396.881103516
0.941	7927103.057861328
0.942	8255180.17578125
0.943	8188040.252685547
0.944	8155445.1904296875
0.945	8167292.8466796875
0.946	8510610.626220703
0.947	8262659.942626953
0.948	8606448.760986328
0.949	9060848.937988281
0.95	8762569.763183594
0.951	8834389.251708984
0.952	9099114.501953125
0.953	9134113.006591797
0.954	9572219.024658203
0.955	9373187.469482422
0.956	9372648.010253906
0.957	9756680.633544922
0.958	10469710.968017578
0.959	10347803.680419922
0.96	10130547.119140625
0.961	10685026.85546875
0.962	10122645.5078125
0.963	10961411.315917969
0.964	10487883.056640625
0.965	11360276.062011719
0.966	11529143.432617188
0.967	11628637.817382812
0.968	12019547.424316406
0.969	12572387.20703125
0.97	12540027.648925781
0.971	12525441.772460938
0.972	12880536.560058594
0.973	11205751.159667969
0.974	11118755.432128906
0.975	11365313.720703125
0.976	11682351.867675781
0.977	11676290.405273438
0.978	11908326.232910156
0.979	13188616.821289062
0.98	12715184.692382812
0.981	12144686.645507812
0.982	11562219.055175781
0.983	12003829.528808594
0.984	12406856.567382812
0.985	12559805.603027344
0.986	12782315.612792969
0.987	13296000.48828125
0.988	12653745.178222656
0.989	14291117.67578125
0.99	12459676.147460938
0.991	11639627.258300781
0.992	12112027.83203125
0.993	12317159.973144531
0.994	13011479.187011719
0.995	13545223.510742188
0.996	13745318.725585938
0.997	14642551.330566406
0.998	14267048.278808594
0.999	13316134.094238281
1.0	14015580.474853516
1.001	14070613.067626953
1.002	14181916.778564453
1.003	14626208.557128906
1.004	14107926.086425781
1.005	15177059.997558594
1.006	14335729.278564453
1.007	15120360.321044922
1.008	15481379.699707031
1.009	15162975.067138672
1.01	16271594.08569336
1.011	15667709.045410156
1.012	16942649.07836914
1.013	17617561.279296875
1.014	15499192.779541016
1.015	16121158.05053711
1.016	15936623.504638672
1.017	15929231.658935547
1.018	17084102.325439453
1.019	16149513.458251953
1.02	17093995.056152344
1.021	17588944.366455078
1.022	16420062.591552734
1.023	17865225.677490234
1.024	18311195.587158203
1.025	17325099.27368164
1.026	16166666.107177734
1.027	16571111.66381836
1.028	16490762.756347656
1.029	17385562.5
1.03	17104292.205810547
1.031	18520684.356689453
1.032	17636948.39477539
1.033	17686607.91015625
1.034	18761373.22998047
1.035	19096624.542236328
1.036	20245827.209472656
1.037	20231910.614013672
1.038	19217844.08569336
1.039	19767930.02319336
1.04	20011887.115478516
1.041	20987716.888427734
1.042	20645822.265625
1.043	19854467.529296875
1.044	22595264.83154297
1.045	23013322.75390625
1.046	23012031.005859375
1.047	20004653.3203125
1.048	21610101.318359375
1.049	22621141.11328125
1.05	22290337.890625
1.051	22144216.00341797
1.052	21236618.286132812
1.053	23732952.63671875
1.054	24770759.12475586
1.055	23824942.840576172
1.056	22911650.57373047
1.057	22752975.524902344
1.058	24743968.139648438
1.059	24346039.611816406
1.06	26265497.192382812
1.061	24629336.791992188
1.062	25380515.380859375
1.063	25962486.572265625
1.064	28414371.27685547
1.065	27245366.455078125
1.066	27073569.3359375
1.067	26248899.169921875
1.068	27549175.29296875
1.069	29437029.846191406
1.07	28783219.848632812
1.071	28754299.01123047
1.072	31944490.783691406
1.073	29907521.728515625
1.074	32344236.206054688
1.075	32709786.499023438
1.076	34414531.55517578
1.077	35270265.25878906
1.078	35539748.596191406
1.079	33860599.24316406
1.08	34749760.7421875
1.081	33943680.05371094
1.082	34148992.431640625
1.083	38806497.37548828
1.084	41792166.87011719
1.085	39848755.49316406
1.086	38748821.77734375
1.087	36056055.54199219
1.088	38706936.279296875
1.089	32954716.61376953
1.09	35697096.49658203
1.091	36393254.76074219
1.092	37314944.94628906
1.093	34356355.895996094
1.094	35295353.39355469
1.095	37088318.359375
1.096	33030431.94580078
1.097	35945532.653808594
1.098	34924019.287109375
1.099	33589963.74511719
1.1	33995140.31982422
1.101	34572392.27294922
1.102	38277936.03515625
1.103	30924774.10888672
1.104	31073259.765625
1.105	31003561.34033203
1.106	30530868.774414062
1.107	30336729.370117188
1.108	31331444.580078125
1.109	32773014.404296875
1.11	30475282.2265625
1.111	31534786.80419922
1.112	32365435.302734375
1.113	33479067.810058594
1.114	31976697.143554688
1.115	32655403.442382812
1.116	34741723.693847656
1.117	32296169.067382812
1.118	37295972.595214844
1.119	34677362.060546875
1.12	33475501.098632812
1.121	35549385.498046875
1.122	37392662.841796875
1.123	35797469.36035156
1.124	38036257.20214844
1.125	39179548.889160156
1.126	37672377.9296875
1.127	38848651.48925781
1.128	40299004.08935547
1.129	39799809.75341797
1.13	38819337.52441406
1.131	40148372.19238281
1.132	38286202.087402344
1.133	39097728.576660156
1.134	38661322.021484375
1.135	32364557.373046875
1.136	40420314.14794922
1.137	39725107.78808594
1.138	36491004.76074219
1.139	38919206.23779297
1.14	41482440.55175781
1.141	39457912.23144531
1.142	40483277.34375
1.143	42192582.64160156
1.144	35933853.02734375
1.145	41370091.67480469
1.146	42526606.32324219
1.147	41565010.86425781
1.148	42296533.08105469
1.149	44679575.31738281
1.15	44909947.14355469
1.151	43999013.18359375
1.152	44166157.34863281
1.153	45032240.72265625
1.154	42770811.15722656
1.155	47272478.02734375
1.156	48505000.732421875
1.157	44068413.57421875
1.158	47399174.62158203
1.159	51276904.357910156
1.16	44878394.89746094
1.161	46842159.1796875
1.162	48144691.58935547
1.163	47683660.94970703
1.164	43521905.39550781
1.165	53562502.07519531
1.166	46148563.232421875
1.167	48208592.7734375
1.168	49511252.9296875
1.169	42454885.55908203
1.17	47758568.786621094
1.171	47874340.20996094
1.172	51250888.916015625
1.173	49279924.560546875
1.174	46762143.798828125
1.175	51403914.67285156
1.176	46356248.291015625
1.177	46662652.282714844
1.178	43734002.13623047
1.179	48146647.58300781
1.18	49295397.705078125
1.181	48727410.27832031
1.182	48131534.30175781
1.183	53752379.638671875
1.184	52880624.63378906
1.185	53878040.16113281
1.186	51733145.38574219
1.187	56977951.904296875
1.188	53551829.345703125
1.189	52241215.087890625
1.19	54691301.87988281
1.191	53182428.40576172
1.192	54141192.810058594
1.193	58814174.43847656
1.194	54426342.7734375
1.195	54364409.05761719
1.196	55133655.029296875
1.197	53179553.7109375
1.198	52102775.390625
1.199	55398280.39550781
1.2	51716047.119140625
1.201	56934792.236328125
1.202	55955026.85546875
1.203	55141266.845703125
1.204	59256346.31347656
1.205	60187626.46484375
1.206	67405945.67871094
1.207	56600119.62890625
1.208	63020396.60644531
1.209	59330324.82910156
1.21	63963475.46386719
1.211	60987257.568359375
1.212	61062181.27441406
1.213	60366510.009765625
1.214	66148366.57714844
1.215	68364507.08007812
1.216	68946394.28710938
1.217	64089653.19824219
1.218	70462908.203125
1.219	71502939.08691406
1.22	68251075.80566406
1.221	69055483.52050781
1.222	68737648.92578125
1.223	68341056.640625
1.224	71101212.52441406
1.225	74054446.89941406
1.226	75048431.51855469
1.227	72515898.4375
1.228	76031384.27734375
1.229	78649420.8984375
1.23	74838930.41992188
1.231	79010536.86523438
1.232	74094694.82421875
1.233	76445854.12597656
1.234	80757578.73535156
1.235	77284932.73925781
1.236	81692260.62011719
1.237	80528803.58886719
1.238	78776712.890625
1.239	76200992.06542969
1.24	82768724.97558594
1.241	71213207.64160156
1.242	65540344.11621094
1.243	71505835.9375
1.244	67676164.0625
1.245	76986196.89941406
1.246	72862287.71972656
1.247	77995126.46484375
1.248	73789261.59667969
1.249	82480865.60058594
1.25	79070361.328125
1.251	81772534.66796875
1.252	77765839.72167969
1.253	78242067.26074219
1.254	84687278.56445312
1.255	78044414.91699219
1.256	80674363.03710938
1.257	83363335.69335938
1.258	76619002.44140625
1.259	82677238.76953125
1.26	81914299.31640625
1.261	88479373.046875
1.262	76872035.64453125
1.263	86265435.30273438
1.264	86053579.58984375
1.265	85255692.3828125
1.266	86698125.9765625
1.267	89575803.46679688
1.268	90058598.02246094
1.269	92595820.67871094
1.27	90610569.3359375
1.271	91094261.23046875
1.272	93156012.93945312
1.273	94948714.72167969
1.274	89297920.04394531
1.275	89176328.61328125
1.276	93737110.10742188
1.277	96199960.32714844
1.278	92223712.52441406
1.279	96310990.234375
1.28	94054265.86914062
1.281	95268226.31835938
1.282	100232154.05273438
1.283	93109603.14941406
1.284	97696512.32910156
1.285	98119371.09375
1.286	90440600.09765625
1.287	96300082.51953125
1.288	97377099.609375
1.289	96379257.8125
1.29	102895199.46289062
1.291	98225776.12304688
1.292	94959238.76953125
1.293	99091563.72070312
1.294	107504292.72460938
1.295	94018081.78710938
1.296	102938838.62304688
1.297	106193238.03710938
1.298	107352267.578125
1.299	103235495.36132812
1.3	106844084.22851562
1.301	102531326.41601562
1.302	107344420.8984375
1.303	103595835.44921875
1.304	113440123.77929688
1.305	109540349.36523438
1.306	108695408.69140625
1.307	103686580.56640625
1.308	103368624.26757812
1.309	101571875.73242188
1.31	102730203.85742188
1.311	104919898.19335938
1.312	112370094.23828125
1.313	104622223.38867188
1.314	103470880.37109375
1.315	106793354.24804688
1.316	106566597.90039062
1.317	106837499.51171875
1.318	100527002.19726562
1.319	108334562.25585938
1.32	105977538.0859375
1.321	101593189.453125
1.322	106849205.32226562
1.323	105372984.375
1.324	104896771.484375
1.325	90566574.46289062
1.326	102357826.90429688
1.327	96211191.40625
1.328	91502534.1796875
1.329	97254787.35351562
1.33	92004052.734375
1.331	81335471.6796875
1.332	77667063.23242188
1.333	68343054.6875
1.334	77542198.36425781
1.335	55810333.984375
1.336	67598349.12109375
1.337	64715563.35449219
1.338	64820224.48730469
1.339	66113034.30175781
1.34	69872045.8984375
1.341	70831722.77832031
1.342	59600523.07128906
1.343	56006181.76269531
1.344	66834847.77832031
1.345	60952684.08203125
1.346	63364850.46386719
1.347	60995374.38964844
1.348	57544816.162109375
1.349	70747842.65136719
1.35	64687443.359375
1.351	60403596.435546875
1.352	59642431.884765625
1.353	64399768.67675781
1.354	54936963.25683594
1.355	61119913.20800781
1.356	65786661.49902344
1.357	63391194.64111328
1.358	60785791.564941406
1.359	60189459.77783203
1.36	61878377.13623047
1.361	62996470.58105469
1.362	54667801.87988281
1.363	67667970.21484375
1.364	62057212.76855469
1.365	63219166.015625
1.366	64255584.228515625
1.367	59740595.21484375
1.368	60485240.53955078
1.369	63589893.85986328
1.37	60070605.83496094
1.371	56315420.53222656
1.372	60298299.92675781
1.373	61599130.859375
1.374	56924671.38671875
1.375	59346742.55371094
1.376	61148942.87109375
1.377	58018925.65917969
1.378	68824668.27392578
1.379	61963096.37451172
1.38	66868006.103515625
1.381	66255143.798828125
1.382	69996374.87792969
1.383	62135320.251464844
1.384	67817945.7397461
1.385	65216037.841796875
1.386	66935321.533203125
1.387	63786095.947265625
1.388	61775183.47167969
1.389	67714397.70507812
1.39	64630086.181640625
1.391	62844877.31933594
1.392	63409622.43652344
1.393	65299176.513671875
1.394	63338608.52050781
1.395	63092767.21191406
1.396	65549956.42089844
1.397	65725049.072265625
1.398	62286145.69091797
1.399	67482797.4243164
1.4	61446410.64453125
1.401	61155126.34277344
1.402	69679596.31347656
1.403	64266473.876953125
1.404	62744319.70214844
1.405	63283531.12792969
1.406	70351316.77246094
1.407	61547170.53222656
1.408	65411295.53222656
1.409	64290189.208984375
1.41	61655611.20605469
1.411	64751417.724609375
1.412	62924235.595703125
1.413	67750556.640625
1.414	65331807.861328125
1.415	61255271.36230469
1.416	66307288.69628906
1.417	62221045.77636719
1.418	60878931.396484375
1.419	64472297.97363281
1.42	62766554.931640625
1.421	64652923.95019531
1.422	64186644.287109375
1.423	62824042.35839844
1.424	65303300.537109375
1.425	64609100.95214844
1.426	61894038.20800781
1.427	65912474.853515625
1.428	62274473.14453125
1.429	57925820.3125
1.43	72134566.04003906
1.431	70716081.0546875
1.432	63589876.34277344
1.433	63035748.41308594
1.434	61036223.876953125
1.435	68641033.44726562
1.436	67962207.03125
1.437	67448927.97851562
1.438	68080532.83691406
1.439	68768319.94628906
1.44	65026442.26074219
1.441	64044937.744140625
1.442	65154529.78515625
1.443	73214289.18457031
1.444	69553678.10058594
1.445	65946777.70996094
1.446	68545580.32226562
1.447	65294187.98828125
1.448	71055190.67382812
1.449	75308070.3125
1.45	72983584.35058594
1.451	66826307.25097656
1.452	78162846.92382812
1.453	72888077.63671875
1.454	67754773.55957031
1.455	77351112.18261719
1.456	70263571.77734375
1.457	69162929.6875
1.458	73145062.01171875
1.459	77391873.16894531
1.46	76767520.75195312
1.461	75526231.93359375
1.462	71251446.16699219
1.463	70417123.53515625
1.464	75979483.15429688
1.465	75582099.73144531
1.466	79363789.91699219
1.467	75250002.56347656
1.468	73168978.14941406
1.469	70662823.36425781
1.47	73031956.42089844
1.471	75708779.17480469
1.472	74969461.30371094
1.473	78556279.05273438
1.474	74332787.71972656
1.475	73191149.78027344
1.476	74600765.625
1.477	77496839.72167969
1.478	78116785.03417969
1.479	83075632.56835938
1.48	73405190.55175781
1.481	80101689.33105469
1.482	75660649.65820312
1.483	74463400.63476562
1.484	83767232.66601562
1.485	76314476.07421875
1.486	78451814.81933594
1.487	83103938.72070312
1.488	78913535.27832031
1.489	81533618.65234375
1.49	77357882.8125
1.491	84595333.49609375
1.492	83300024.4140625
1.493	79365480.59082031
1.494	75110265.13671875
1.495	82047875.61035156
1.496	83448283.32519531
1.497	81900054.80957031
1.498	83400082.03125
1.499	85079595.33691406
1.5	82135267.21191406
1.501	82505144.77539062
1.502	74467027.09960938
1.503	91182246.33789062
1.504	82192621.58203125
1.505	89744298.33984375
1.506	85637360.10742188
1.507	88415011.35253906
1.508	82398393.67675781
1.509	90470693.60351562
1.51	85493717.52929688
1.511	88306030.02929688
1.512	91881575.56152344
1.513	86307419.18945312
1.514	87736281.61621094
1.515	93356969.7265625
1.516	91559487.79296875
1.517	90327092.40722656
1.518	89338324.58496094
1.519	87033564.33105469
1.52	88208852.17285156
1.521	93366576.90429688
1.522	89153756.8359375
1.523	97881182.49511719
1.524	92622460.81542969
1.525	88982725.09765625
1.526	90116899.65820312
1.527	95200929.6875
1.528	97083028.93066406
1.529	93728235.47363281
1.53	100556053.95507812
1.531	91776773.19335938
1.532	86724648.4375
1.533	93513405.51757812
1.534	101742283.203125
1.535	97931589.59960938
1.536	97941862.06054688
1.537	91506712.15820312
1.538	97034443.359375
1.539	102538968.99414062
1.54	99382140.86914062
1.541	97322986.81640625
1.542	103369875.0
1.543	100731111.328125
1.544	101225599.609375
1.545	103456879.8828125
1.546	111295335.44921875
1.547	98481947.99804688
1.548	104557086.9140625
1.549	102001452.63671875
1.55	107284741.57714844
1.551	100560727.90527344
1.552	106615442.13867188
1.553	108359940.67382812
1.554	112183998.77929688
1.555	107316669.43359375
1.556	104328560.546875
1.557	104941283.44726562
1.558	99116132.56835938
1.559	105812398.68164062
1.56	112491721.92382812
1.561	110543500.9765625
1.562	113751557.37304688
1.563	112925593.99414062
1.564	117952426.26953125
1.565	107983636.47460938
1.566	105818334.47265625
1.567	117085110.10742188
1.568	122761818.359375
1.569	112228523.92578125
1.57	114281443.359375
1.571	116105146.484375
1.572	116037374.26757812
1.573	116678910.15625
1.574	120327284.42382812
1.575	117738495.60546875
1.576	121423252.19726562
1.577	122727332.03125
1.578	119212340.8203125
1.579	117834578.36914062
1.58	121556207.03125
1.581	122025002.19726562
1.582	122639985.10742188
1.583	127631750.24414062
1.584	119632175.29296875
1.585	120193850.5859375
1.586	128830064.453125
1.587	131528111.328125
1.588	127844911.86523438
1.589	132397947.99804688
1.59	124754670.65429688
1.591	131282881.34765625
1.592	129133316.40625
1.593	130896329.83398438
1.594	138552135.49804688
1.595	139035793.21289062
1.596	136875003.17382812
1.597	134608502.44140625
1.598	131352849.36523438
1.599	137321470.45898438
1.6	139347222.16796875
1.601	146003496.82617188
1.602	132623559.5703125
1.603	146456174.8046875
1.604	139169010.00976562
1.605	141568102.78320312
1.606	137045852.29492188
1.607	141303348.14453125
1.608	144736870.84960938
1.609	141761863.03710938
1.61	142138977.78320312
1.611	145237526.61132812
1.612	145271546.14257812
1.613	146197991.45507812
1.614	141973450.1953125
1.615	143760191.16210938
1.616	151366243.89648438
1.617	157326491.2109375
1.618	158197602.29492188
1.619	147977115.47851562
1.62	146799343.26171875
1.621	145680303.22265625
1.622	159799714.84375
1.623	155929813.96484375
1.624	154507388.91601562
1.625	155850325.68359375
1.626	160424874.75585938
1.627	164301963.8671875
1.628	163259678.22265625
1.629	157149699.70703125
1.63	165064975.5859375
1.631	157601364.2578125
1.632	158336687.25585938
1.633	165893033.93554688
1.634	169748794.921875
1.635	165679431.15234375
1.636	165443692.87109375
1.637	164782166.9921875
1.638	171741201.171875
1.639	168327690.67382812
1.64	166990834.71679688
1.641	170619898.4375
1.642	165076938.4765625
1.643	165047127.9296875
1.644	173517300.78125
1.645	173607636.23046875
1.646	171902108.64257812
1.647	172106662.84179688
1.648	173536847.65625
1.649	181780610.3515625
1.65	176305266.6015625
1.651	176299072.265625
1.652	175314977.29492188
1.653	175432340.57617188
1.654	183119844.23828125
1.655	174431878.41796875
1.656	177911645.26367188
1.657	186842683.34960938
1.658	183796890.38085938
1.659	173645011.47460938
1.66	173269364.74609375
1.661	178478634.765625
1.662	176425098.14453125
1.663	187697763.18359375
1.664	188379117.67578125
1.665	190454714.84375
1.666	192790166.9921875
1.667	183448695.80078125
1.668	186088394.53125
1.669	188215981.93359375
1.67	188186350.5859375
1.671	199977586.9140625
1.672	186007642.08984375
1.673	186981271.97265625
1.674	189969424.31640625
1.675	202522086.42578125
1.676	204083460.44921875
1.677	187403915.52734375
1.678	193371668.9453125
1.679	195831759.765625
1.68	192891194.3359375
1.681	199882138.18359375
1.682	205643598.14453125
1.683	198968487.3046875
1.684	196577474.609375
1.685	204188844.7265625
1.686	196829991.69921875
1.687	191238964.35546875
1.688	200207437.25585938
1.689	187100328.85742188
1.69	197866900.87890625
1.691	206855351.07421875
1.692	190024281.49414062
1.693	196175592.04101562
1.694	194598331.54296875
1.695	192432601.07421875
1.696	194251379.39453125
1.697	186267136.23046875
1.698	184847401.3671875
1.699	186245818.84765625
1.7	183888498.53515625
1.701	183783059.5703125
1.702	191664302.734375
1.703	189400910.64453125
1.704	172100420.41015625
1.705	179881464.84375
1.706	195847826.171875
1.707	188178940.91796875
1.708	173724806.640625
1.709	170394441.40625
1.71	191556898.4375
1.711	176880630.859375
1.712	169077259.765625
1.713	176417763.18359375
1.714	163976867.1875
1.715	166606213.8671875
1.716	157113103.515625
1.717	164275389.16015625
1.718	151195063.96484375
1.719	145590667.72460938
1.72	159771865.96679688
1.721	157613562.98828125
1.722	173559634.27734375
1.723	152847411.86523438
1.724	145575485.10742188
1.725	161258800.78125
1.726	170291528.3203125
1.727	134137514.6484375
1.728	165899035.64453125
1.729	158048543.21289062
1.73	152825067.62695312
1.731	163070187.5
1.732	140439365.47851562
1.733	158783339.59960938
1.734	146258712.40234375
1.735	139713752.19726562
1.736	155164888.91601562
1.737	137898177.49023438
1.738	159304340.57617188
1.739	154107074.70703125
1.74	145840167.72460938
1.741	146875280.02929688
1.742	156525377.68554688
1.743	150623233.64257812
1.744	145705763.30566406
1.745	151659387.32910156
1.746	154221381.10351562
1.747	132059034.30175781
1.748	142957561.15722656
1.749	152029814.69726562
1.75	146259924.07226562
1.751	139192998.53515625
1.752	142240219.23828125
1.753	161192018.5546875
1.754	142835707.76367188
1.755	145670543.70117188
1.756	123585974.36523438
1.757	137221400.87890625
1.758	133093353.515625
1.759	137739019.53125
1.76	158442184.08203125
1.761	128446569.09179688
1.762	137269541.74804688
1.763	117272834.9609375
1.764	153339198.97460938
1.765	147883024.16992188
1.766	153880287.59765625
1.767	135188849.12109375
1.768	116507902.83203125
1.769	125557585.9375
1.77	144383546.63085938
1.771	136230102.05078125
1.772	126130480.10253906
1.773	118354869.75097656
1.774	137094000.73242188
1.775	120255722.65625
1.776	124971240.96679688
1.777	122722188.96484375
1.778	127941150.14648438
1.779	130322872.0703125
1.78	123644421.75292969
1.781	121389497.68066406
1.782	124898133.05664062
1.783	119459891.6015625
1.784	142945807.86132812
1.785	119269204.1015625
1.786	115929026.12304688
1.787	104709867.67578125
1.788	122908635.98632812
1.789	126327294.18945312
1.79	124582698.73046875
1.791	114676929.93164062
1.792	115753362.06054688
1.793	118116913.0859375
1.794	118357257.32421875
1.795	115557104.24804688
1.796	114018819.09179688
1.797	130430297.11914062
1.798	124721722.65625
1.799	129275701.90429688
1.8	106542378.78417969
1.801	109010372.68066406
1.802	110702115.72265625
1.803	112975919.67773438
1.804	124326155.2734375
1.805	122217221.19140625
1.806	104964193.60351562
1.807	111225595.21484375
1.808	113806252.19726562
1.809	106207833.25195312
1.81	116911432.6171875
1.811	100754284.91210938
1.812	114835771.60644531
1.813	108141062.37792969
1.814	128124240.234375
1.815	125148591.55273438
1.816	117921033.93554688
1.817	116007133.05664062
1.818	110399046.02050781
1.819	105139812.13378906
1.82	108331978.515625
1.821	109003341.55273438
1.822	95742421.875
1.823	117984972.90039062
1.824	131378882.8125
1.825	113531698.97460938
1.826	105673650.87890625
1.827	121820354.98046875
1.828	110542460.20507812
1.829	114952059.81445312
1.83	121718911.62109375
1.831	113489275.14648438
1.832	117127124.75585938
1.833	101497489.74609375
1.834	116907919.921875
1.835	109166796.38671875
1.836	117929128.78417969
1.837	126450508.66699219
1.838	108364924.8046875
1.839	109142804.93164062
1.84	110989087.890625
1.841	124391620.36132812
1.842	102186445.3125
1.843	111295393.5546875
1.844	109257855.22460938
1.845	111124314.57519531
1.846	104629727.17285156
1.847	102460377.68554688
1.848	100933557.98339844
1.849	105468694.70214844
1.85	101889404.296875
1.851	114446014.40429688
1.852	119245517.33398438
1.853	107290027.58789062
1.854	101836253.41796875
1.855	114047638.18359375
1.856	108424864.2578125
1.857	101560045.16601562
1.858	89963675.29296875
1.859	97707219.48242188
1.86	94093705.078125
1.861	96563777.58789062
1.862	105627404.66308594
1.863	102618341.43066406
1.864	101404689.453125
1.865	97229993.65234375
1.866	111205188.72070312
1.867	106509197.02148438
1.868	96863347.16796875
1.869	110882921.875
1.87	110975794.43359375
1.871	107950652.83203125
1.872	110962438.96484375
1.873	94306377.68554688
1.874	110169868.89648438
1.875	108306786.86523438
1.876	113244247.55859375
1.877	105393587.15820312
1.878	106077498.77929688
1.879	102370619.140625
1.88	109521947.75390625
1.881	109009974.12109375
1.882	115831999.0234375
1.883	118209167.96875
1.884	124323733.64257812
1.885	103573831.78710938
1.886	114549310.30273438
1.887	108643607.91015625
1.888	124738604.4921875
1.889	112314346.6796875
1.89	119428397.70507812
1.891	114966594.97070312
1.892	100143946.53320312
1.893	108574598.87695312
1.894	110776413.0859375
1.895	113121820.06835938
1.896	111179316.89453125
1.897	123596835.44921875
1.898	105310387.45117188
1.899	115096664.79492188
1.9	126787895.26367188
1.901	110892869.140625
1.902	125173369.62890625
1.903	111916609.61914062
1.904	116461453.36914062
1.905	116977703.61328125
1.906	113394783.44726562
1.907	111170590.8203125
1.908	125957318.359375
1.909	117031456.78710938
1.91	117132665.0390625
1.911	108717952.88085938
1.912	117729802.49023438
1.913	122673290.52734375
1.914	122955659.66796875
1.915	124728326.41601562
1.916	112059642.45605469
1.917	111012655.39550781
1.918	112128436.27929688
1.919	130110845.703125
1.92	118802212.40234375
1.921	112759635.7421875
1.922	119668830.078125
1.923	122597171.63085938
1.924	109010634.27734375
1.925	121888644.53125
1.926	118110105.22460938
1.927	108240734.13085938
1.928	131134982.421875
1.929	118022360.83984375
1.93	116486524.53613281
1.931	107531798.46191406
1.932	119101690.18554688
1.933	117677537.71972656
1.934	111758617.30957031
1.935	118314197.75390625
1.936	120185185.546875
1.937	121293142.82226562
1.938	118028204.83398438
1.939	108962781.73828125
1.94	106670821.04492188
1.941	108166541.74804688
1.942	119401353.27148438
1.943	119877273.19335938
1.944	116700597.90039062
1.945	114412996.33789062
1.946	115513291.74804688
1.947	124511924.92675781
1.948	109665066.28417969
1.949	112002991.45507812
1.95	126638078.85742188
1.951	124299187.5
1.952	116738923.828125
1.953	100745757.56835938
1.954	120158817.62695312
1.955	119126556.15234375
1.956	107493028.80859375
1.957	116489583.984375
1.958	119931075.92773438
1.959	135952904.05273438
1.96	115244934.08203125
1.961	110313858.3984375
1.962	118280123.29101562
1.963	122607139.6484375
1.964	118586798.33984375
1.965	110208529.78515625
1.966	120623720.703125
1.967	122253308.22753906
1.968	105482366.82128906
1.969	117109957.51953125
1.97	131734884.27734375
1.971	113528995.84960938
1.972	127723890.625
1.973	115016669.921875
1.974	112938998.77929688
1.975	126620171.26464844
1.976	102350275.390625
1.977	118045944.45800781
1.978	118961797.36328125
1.979	124998248.046875
1.98	111561958.984375
1.981	118880304.19921875
1.982	110705296.63085938
1.983	113718229.61425781
1.984	116641163.20800781
1.985	112279131.59179688
1.986	117063134.03320312
1.987	120383522.21679688
1.988	109010213.13476562
1.989	119431188.11035156
1.99	106223387.08496094
1.991	110530002.9296875
1.992	109075643.5546875
1.993	123024459.71679688
1.994	130704365.234375
1.995	114891198.73046875
1.996	117401243.1640625
1.997	120553686.5234375
1.998	113231375.24414062
1.999	119914130.12695312
2.0	110663757.08007812
2.001	112153531.98242188
2.002	118351773.4375
2.003	118524665.52734375
2.004	120133150.87890625
2.005	118517262.93945312
2.006	112665302.00195312
2.007	112525991.94335938
2.008	136353660.40039062
2.009	109601697.50976562
2.01	120306701.66015625
2.011	112043001.953125
2.012	124140214.59960938
2.013	118631726.31835938
2.014	121023710.44921875
2.015	122910612.79296875
2.016	114641827.1484375
2.017	112289050.29296875
2.018	122065056.88476562
2.019	116816484.61914062
2.02	105552441.40625
2.021	127985201.41601562
2.022	121774970.45898438
2.023	119417890.13671875
2.024	133759602.5390625
2.025	124164895.5078125
2.026	116412647.4609375
2.027	120044633.05664062
2.028	127227908.69140625
2.029	107957366.94335938
2.03	131078837.40234375
2.031	112959479.73632812
2.032	132173853.02734375
2.033	121088647.94921875
2.034	119031211.18164062
2.035	128761737.06054688
2.036	112549116.69921875
2.037	132359154.296875
2.038	129056218.01757812
2.039	122456651.24511719
2.04	116637843.62792969
2.041	115343654.54101562
2.042	128904137.93945312
2.043	135544549.56054688
2.044	113005742.67578125
2.045	115127853.75976562
2.046	127588875.9765625
2.047	133304007.32421875
2.048	131089946.04492188
2.049	115938720.703125
2.05	124261045.8984375
2.051	135501037.35351562
2.052	120156678.58886719
2.053	130373374.63378906
2.054	118925289.30664062
2.055	126185465.33203125
2.056	122084924.31640625
2.057	130978361.81640625
2.058	135191220.94726562
2.059	132420659.66796875
2.06	138025221.19140625
2.061	118764171.38671875
2.062	126695606.93359375
2.063	126048983.64257812
2.064	114449337.890625
2.065	127646393.5546875
2.066	125686001.46484375
2.067	145502321.77734375
2.068	127423699.21875
2.069	125594436.27929688
2.07	142461853.02734375
2.071	131238365.96679688
2.072	121202079.34570312
2.073	129108900.63476562
2.074	129983274.4140625
2.075	127344825.92773438
2.076	136132199.95117188
2.077	130820645.26367188
2.078	138727712.64648438
2.079	133700377.19726562
2.08	128549797.11914062
2.081	131862789.0625
2.082	136846401.61132812
2.083	136811333.25195312
2.084	134421718.99414062
2.085	133992505.37109375
2.086	137236184.32617188
2.087	128414723.38867188
2.088	140424230.95703125
2.089	137087193.84765625
2.09	131516433.10546875
2.091	147070489.50195312
2.092	132111154.296875
2.093	147359577.88085938
2.094	132083975.5859375
2.095	141947875.24414062
2.096	138168814.69726562
2.097	135715060.79101562
2.098	150771746.58203125
2.099	139444127.9296875
2.1	139543672.60742188
2.101	149828311.03515625
2.102	140476266.84570312
2.103	139869006.59179688
2.104	141740889.6484375
2.105	137345557.37304688
2.106	148738379.15039062
2.107	143898605.71289062
2.108	142939683.10546875
2.109	138005029.54101562
2.11	145883615.234375
2.111	151321432.12890625
2.112	141292525.87890625
2.113	147077403.80859375
2.114	153377582.03125
2.115	148752258.7890625
2.116	150354944.09179688
2.117	145795425.29296875
2.118	144299866.2109375
2.119	144309542.96875
2.12	146662227.29492188
2.121	150076388.42773438
2.122	153173775.14648438
2.123	154364125.73242188
2.124	150213671.14257812
2.125	159659778.80859375
2.126	153103474.609375
2.127	151120933.59375
2.128	147427198.73046875
2.129	144896632.8125
2.13	149067724.12109375
2.131	154546330.078125
2.132	158713234.375
2.133	156341819.09179688
2.134	151152767.33398438
2.135	157781058.34960938
2.136	160199947.02148438
2.137	156695463.8671875
2.138	154251918.45703125
2.139	158103295.8984375
2.14	153251389.6484375
2.141	150701691.89453125
2.142	153945975.09765625
2.143	153937493.65234375
2.144	166932099.12109375
2.145	167344656.49414062
2.146	167209637.45117188
2.147	162009977.05078125
2.148	158308607.91015625
2.149	160488106.93359375
2.15	150388078.61328125
2.151	163518229.4921875
2.152	161688825.43945312
2.153	154318855.71289062
2.154	164280319.3359375
2.155	165503126.953125
2.156	157617388.18359375
2.157	162657270.75195312
2.158	167835341.55273438
2.159	165070169.67773438
2.16	162170679.6875
2.161	171661153.07617188
2.162	159403613.76953125
2.163	159889114.01367188
2.164	167855447.265625
2.165	167670248.29101562
2.166	156561083.49609375
2.167	164447469.23828125
2.168	172954280.76171875
2.169	180538276.3671875
2.17	167416973.87695312
2.171	160895423.09570312
2.172	166788550.78125
2.173	162874327.63671875
2.174	168187814.94140625
2.175	176091914.0625
2.176	159553448.73046875
2.177	170792516.11328125
2.178	158067405.76171875
2.179	161567265.13671875
2.18	168841834.47265625
2.181	173783520.01953125
2.182	172849568.359375
2.183	162724965.33203125
2.184	172848518.5546875
2.185	165101855.46875
2.186	165997646.24023438
2.187	171493644.28710938
2.188	171832946.77734375
2.189	176573404.78515625
2.19	169228820.80078125
2.191	179745227.5390625
2.192	169790937.98828125
2.193	162941340.33203125
2.194	170928067.87109375
2.195	180279296.38671875
2.196	172584859.375
2.197	171145872.55859375
2.198	176157970.21484375
2.199	172048604.98046875
2.2	178892154.78515625
2.201	177346864.99023438
2.202	179119776.12304688
2.203	172034827.88085938
2.204	162135535.88867188
2.205	165241866.69921875
2.206	184107123.046875
2.207	172146327.39257812
2.208	170754647.70507812
2.209	177725957.03125
2.21	180084498.53515625
2.211	167625314.453125
2.212	185608148.19335938
2.213	174771620.36132812
2.214	185392546.63085938
2.215	174730716.06445312
2.216	176234342.28515625
2.217	170792675.29296875
2.218	182373266.6015625
2.219	168654071.2890625
2.22	162921040.0390625
2.221	169368436.03515625
2.222	184979442.3828125
2.223	181227587.890625
2.224	178124518.06640625
2.225	191638262.20703125
2.226	186003165.52734375
2.227	172141239.99023438
2.228	171015379.15039062
2.229	166881192.87109375
2.23	173357926.26953125
2.231	188985607.421875
2.232	190272630.37109375
2.233	179576664.55078125
2.234	180885829.1015625
2.235	171730410.64453125
2.236	165530709.47265625
2.237	186630850.5859375
2.238	183980840.33203125
2.239	173534943.359375
2.24	189200672.36328125
2.241	188558414.0625
2.242	181738186.03515625
2.243	177537299.31640625
2.244	176655582.03125
2.245	182698957.03125
2.246	194077404.296875
2.247	177883460.9375
2.248	181282251.953125
2.249	193672488.28125
2.25	171854138.18359375
2.251	194501243.65234375
2.252	180485176.26953125
2.253	188434894.53125
2.254	174406545.16601562
2.255	172309107.17773438
2.256	184019803.7109375
2.257	191399986.328125
2.258	171602011.23046875
2.259	187296234.13085938
2.26	179411163.33007812
2.261	180646403.80859375
2.262	183386575.68359375
2.263	183290482.421875
2.264	178105933.10546875
2.265	179889403.3203125
2.266	182972801.26953125
2.267	183408746.09375
2.268	190823203.125
2.269	182514978.515625
2.27	173982913.57421875
2.271	188367640.13671875
2.272	176354033.203125
2.273	181573472.65625
2.274	181652820.3125
2.275	196991427.734375
2.276	180068402.34375
2.277	188373919.43359375
2.278	188435208.49609375
2.279	168384372.55859375
2.28	175221194.58007812
2.281	180662962.40234375
2.282	182521442.87109375
2.283	186070998.046875
2.284	175826420.16601562
2.285	187201773.4375
2.286	183902130.61523438
2.287	180237715.33203125
2.288	200108725.09765625
2.289	170144321.2890625
2.29	201048043.9453125
2.291	192655285.64453125
2.292	180730323.48632812
2.293	178012895.99609375
2.294	116638625.48828125
2.295	141915521.97265625
2.296	143235344.97070312
2.297	157627260.49804688
2.298	149611619.140625
2.299	166940005.859375
2.3	178134127.44140625
2.301	142475251.22070312
2.302	182591931.15234375
2.303	159033509.765625
2.304	179972591.30859375
2.305	155757461.42578125
2.306	165516974.36523438
2.307	172286438.23242188
2.308	168396141.84570312
2.309	178479582.03125
2.31	154233977.29492188
2.311	158686419.67773438
2.312	156033841.796875
2.313	171556478.27148438
2.314	170773575.1953125
2.315	146030545.16601562
2.316	155799511.47460938
2.317	168342998.046875
2.318	161778156.98242188
2.319	177248819.09179688
2.32	177829943.11523438
2.321	154855833.0078125
2.322	161586063.23242188
2.323	121252622.31445312
2.324	140188281.00585938
2.325	149359516.84570312
2.326	148940258.30078125
2.327	147912409.66796875
2.328	153589707.27539062
2.329	154607824.46289062
2.33	148947383.05664062
2.331	142713561.76757812
2.332	152581415.0390625
2.333	162038758.54492188
2.334	145601434.81445312
2.335	149206049.8046875
2.336	148981119.62890625
2.337	143548022.94921875
2.338	154463756.59179688
2.339	143098797.8515625
2.34	134602578.85742188
2.341	150397788.57421875
2.342	155849787.59765625
2.343	159063513.671875
2.344	141573802.00195312
2.345	128008947.50976562
2.346	162920082.03125
2.347	158632843.26171875
2.348	157288443.359375
2.349	151954903.56445312
2.35	148558964.59960938
2.351	136419790.52734375
2.352	129945439.453125
2.353	119549502.44140625
2.354	122166214.35546875
2.355	143971245.36132812
2.356	129339627.9296875
2.357	146156408.69140625
2.358	139028485.59570312
2.359	118445265.38085938
2.36	152378813.23242188
2.361	133091347.41210938
2.362	136163434.32617188
2.363	130659706.29882812
2.364	138161506.8359375
2.365	144063797.36328125
2.366	148555812.25585938
2.367	140794996.82617188
2.368	133185036.37695312
2.369	142243881.10351562
2.37	157517173.21777344
2.371	136344524.2919922
2.372	151087439.453125
2.373	140930089.84375
2.374	141891152.34375
2.375	145266105.46875
2.376	139467627.9296875
2.377	128308949.21875
2.378	141055629.63867188
2.379	135775857.05566406
2.38	146443031.1279297
2.381	133218320.06835938
2.382	135641227.78320312
2.383	120245371.33789062
2.384	115478750.24414062
2.385	143300320.80078125
2.386	124787933.22753906
2.387	113757482.05566406
2.388	121674951.66015625
2.389	129853340.8203125
2.39	144773222.41210938
2.391	134977138.91601562
2.392	117313035.40039062
2.393	116697191.89453125
2.394	158784037.84179688
2.395	127217041.50390625
2.396	137485213.13476562
2.397	131528139.6484375
2.398	120953443.359375
2.399	127983142.33398438
2.4	133319781.25
2.401	121031940.4296875
2.402	127836829.83398438
2.403	132798510.49804688
2.404	121889333.25195312
2.405	129012762.20703125
2.406	128036580.078125
2.407	121042016.6015625
2.408	116707465.08789062
2.409	118257535.40039062
2.41	116319199.70703125
2.411	122400375.24414062
2.412	120114630.12695312
2.413	118926516.11328125
2.414	104727419.67773438
2.415	128417943.359375
2.416	113235602.29492188
2.417	110354174.8046875
2.418	112996685.18066406
2.419	123399613.89160156
2.42	117898478.27148438
2.421	125873609.13085938
2.422	104565419.43359375
2.423	117929961.79199219
2.424	126550835.57128906
2.425	113118847.90039062
2.426	107307178.95507812
2.427	116051713.37890625
2.428	105397623.16894531
2.429	118413653.19824219
2.43	115879784.1796875
2.431	101961914.67285156
2.432	118005359.00878906
2.433	108949488.28125
2.434	106329814.453125
2.435	109483140.38085938
2.436	119459012.6953125
2.437	92463700.43945312
2.438	111950029.05273438
2.439	122929923.09570312
2.44	112397754.8828125
2.441	119086984.86328125
2.442	107062191.16210938
2.443	100454941.16210938
2.444	98381697.02148438
2.445	109547147.21679688
2.446	108684451.41601562
2.447	120228976.68457031
2.448	92134279.90722656
2.449	105816898.4375
2.45	108361450.1953125
2.451	118512006.10351562
2.452	91112591.43066406
2.453	99384273.07128906
2.454	91807976.5625
2.455	98175063.4765625
2.456	111628850.09765625
2.457	108014052.97851562
2.458	109121067.3828125
2.459	108765633.7890625
2.46	107020007.32421875
2.461	79833014.89257812
2.462	112060734.61914062
2.463	103653191.52832031
2.464	113660471.31347656
2.465	109875127.9296875
2.466	102656631.10351562
2.467	112604732.91015625
2.468	84854553.22265625
2.469	111910357.421875
2.47	99610026.61132812
2.471	96950005.12695312
2.472	98193013.91601562
2.473	98129290.52734375
2.474	90702931.88476562
2.475	88829142.82226562
2.476	88332553.22265625
2.477	113378556.88476562
2.478	106081899.29199219
2.479	86266181.39648438
2.48	98195880.98144531
2.481	97378910.88867188
2.482	90044506.46972656
2.483	93169061.15722656
2.484	105456520.26367188
2.485	114208633.7890625
2.486	101890737.06054688
2.487	89098775.63476562
2.488	88974507.32421875
2.489	94791237.42675781
2.49	86212326.04980469
2.491	86153373.046875
2.492	96961957.27539062
2.493	92586767.08984375
2.494	112044180.17578125
2.495	99386990.234375
2.496	93561492.67578125
2.497	100290456.0546875
2.498	85586442.87109375
2.499	92876965.8203125
