# Flux units: erg / (cm m2 s)
# Wavelength units: Angstrom
wave	flux
9000.0	7749122010.955299
9010.0	7922847676.412766
9020.0	7799530042.286401
9030.0	7904525477.376451
9040.0	8017600764.072603
9050.0	8096325385.591365
9060.0	8068903701.48996
9070.0	8131337440.933549
9080.0	8139388952.642261
9090.0	7753936532.193567
9100.0	8067483038.020948
9110.0	8033484989.54248
9120.0	8130596954.334449
9130.0	8196513003.982854
9140.0	8164845474.91672
9150.0	8160596283.235431
9160.0	8199460497.972339
9170.0	8121342649.71749
9180.0	8132008763.865578
9190.0	8227894647.717975
9200.0	8185478695.85589
9210.0	8019248979.910188
9220.0	8104847651.855727
9230.0	8071654840.370129
9240.0	8058671006.576326
9250.0	7997852258.918999
9260.0	7934906563.358679
9270.0	8056601389.408328
9280.0	8024549665.679014
9290.0	7907984504.555143
9300.0	7932923805.890407
9310.0	8015450632.778112
9320.0	7998773447.647909
9330.0	8040406333.2740555
9340.0	8032148944.464238
9350.0	7940655687.511074
9360.0	7860274655.643102
9370.0	7979463917.397364
9380.0	7949217592.570271
9390.0	7981384168.053107
9400.0	7965423831.458345
9410.0	7927263697.791312
9420.0	7817746995.827279
9430.0	7984078992.361787
9440.0	7888379115.746444
9450.0	7780874472.272296
9460.0	7939441516.991695
9470.0	7973043656.821005
9480.0	7994605596.599869
9490.0	8010480676.712486
9500.0	8000506551.203189
9510.0	7932607093.117317
9520.0	7983668367.684898
9530.0	7989963055.295332
9540.0	7912877589.879555
9550.0	7741305499.69643
9560.0	7934541834.869808
9570.0	7899232641.895121
9580.0	7893587152.216163
9590.0	8006293640.081633
9600.0	7788484869.667703
9610.0	7923172578.118002
9620.0	7995697452.110311
9630.0	7979015786.694637
9640.0	7555098313.434631
9650.0	7682776524.6221895
9660.0	7759353978.291091
9670.0	7733059428.967221
9680.0	7578546642.614043
9690.0	7752674264.235524
9700.0	7921390421.974512
9710.0	7633965387.37228
9720.0	7707687510.082
9730.0	7598845123.310319
9740.0	7670605082.94764
9750.0	7540606765.9327755
9760.0	7852321389.054187
9770.0	7617441753.569068
9780.0	7884009565.372147
9790.0	7281494461.674911
9800.0	7833417214.873578
9810.0	7829662449.267682
9820.0	7783432559.012287
9830.0	7648655618.409451
9840.0	7769445042.408883
9850.0	7807699992.418455
9860.0	7834143286.452663
9870.0	7812323570.825357
9880.0	7826358649.830549
9890.0	7825704322.258527
9900.0	7608391843.597795
9910.0	7412620528.960969
9920.0	7362755319.941139
9930.0	7418285200.224847
9940.0	7533861411.659882
9950.0	7576388745.879863
9960.0	7569694642.04929
9970.0	7643729166.780246
9980.0	7602186485.062669
9990.0	7483387139.129762
10000.0	7544606906.88579
10010.0	7437418662.10603
10020.0	7636738936.7977295
10030.0	7638331704.723044
10040.0	7485703079.083884
10050.0	7465883624.918715
10060.0	7304921439.863477
10070.0	7460791174.102704
10080.0	7570974805.382806
10090.0	7521233832.1335125
10100.0	7602565178.654574
10110.0	7528211442.414344
10120.0	7520073832.350323
10130.0	7620861092.257291
10140.0	7506568400.997311
10150.0	7400728057.637018
10160.0	7427333665.61473
10170.0	7422070741.113701
10180.0	7566812079.989909
10190.0	7432456946.333119
10200.0	7430806473.22774
10210.0	7439392754.432206
10220.0	7345445778.567331
10230.0	7543600532.570017
10240.0	7588954308.042469
10250.0	7534622545.908881
10260.0	7387742695.695611
10270.0	7343096452.899297
10280.0	7406065873.532303
10290.0	7339440826.167717
10300.0	7417954567.408937
10310.0	7506933961.386735
10320.0	7504657515.408705
10330.0	7326810580.731331
10340.0	7365080443.880694
10350.0	7084150167.298746
10360.0	7513585924.458463
10370.0	7444115874.150564
10380.0	7374228576.687687
10390.0	7445755941.546317
10400.0	7175340742.274414
10410.0	7513269892.87994
10420.0	7367576415.653907
10430.0	7272608920.498809
10440.0	7478281481.539496
10450.0	7465270694.0824375
10460.0	7459695460.306822
10470.0	7292176052.583019
10480.0	7406436164.456533
10490.0	7408708281.120919
10500.0	7318696766.764645
10510.0	7353723064.741131
10520.0	7344990112.98014
10530.0	7408594286.054009
10540.0	7378816227.960173
10550.0	7416814605.833344
10560.0	7364399243.266523
10570.0	7327858961.17218
10580.0	7388244148.549122
10590.0	7154625429.90459
10600.0	7412656024.848866
10610.0	7164279240.205873
10620.0	7365792512.322749
10630.0	7372581609.595994
10640.0	7381156762.00471
10650.0	7330652663.17027
10660.0	7122570920.389007
10670.0	7286071579.908583
10680.0	7207271165.947636
10690.0	7238324959.628835
10700.0	7300197273.739287
10710.0	7232801474.375353
10720.0	7282388596.857276
10730.0	7116144805.03068
10740.0	7196783537.850675
10750.0	7213686152.169021
10760.0	7252893225.452332
10770.0	7281064819.993534
10780.0	7207414146.858129
10790.0	7181756393.4361725
10800.0	7138430496.665948
10810.0	6936204930.02055
10820.0	7126059149.236959
10830.0	7143563665.531927
10840.0	7184948217.786452
10850.0	7156517549.622333
10860.0	7216818608.571223
10870.0	7105027059.964929
10880.0	7167467533.155373
10890.0	7090178578.496802
10900.0	7181858132.134381
10910.0	7114148044.767613
10920.0	7107342893.977194
10930.0	7140584182.904764
10940.0	7173693389.242449
10950.0	7180842598.377924
10960.0	7051025494.466911
10970.0	6989062597.580499
10980.0	6995488633.610564
10990.0	7037745164.763705
11000.0	7076521628.026741
11010.0	7097128219.038579
11020.0	6944257889.548708
11030.0	7004928823.665873
11040.0	6974307712.035865
11050.0	6927388962.594486
11060.0	6975983564.133807
11070.0	6937043749.052988
11080.0	6968927359.494202
11090.0	6977074637.70877
11100.0	6974452011.848025
11110.0	6976158809.688916
11120.0	6903788283.20749
11130.0	6950247804.802967
11140.0	6990390277.236938
11150.0	6950983904.648092
11160.0	6872419679.582585
11170.0	6955751960.508023
11180.0	6969924004.458935
11190.0	6901172896.967524
11200.0	6884706851.853865
11210.0	6941357121.751668
11220.0	6933882839.457898
11230.0	6893714949.904373
11240.0	6987305642.460151
11250.0	6715407251.964802
11260.0	6520051315.866867
11270.0	6967620965.382731
11280.0	6887703546.587737
11290.0	6910141784.444864
11300.0	6767814587.63891
11310.0	6857014225.355176
11320.0	6921280226.143778
11330.0	6904093947.636933
11340.0	6808437969.696005
11350.0	6918135163.249431
11360.0	6855976058.907002
11370.0	6913479878.311759
11380.0	6480437614.650428
11390.0	6757182642.597062
11400.0	6794038350.603998
11410.0	6562863042.082269
11420.0	6866946191.991746
11430.0	6735444768.282119
11440.0	6692102541.501579
11450.0	6859196721.29272
11460.0	6845899820.082626
11470.0	6844451893.323101
11480.0	6741889414.666543
11490.0	6773375596.214149
11500.0	6867924274.344588
11510.0	6813221741.351316
11520.0	6848505808.965134
11530.0	6819192799.873905
11540.0	6799304435.708266
11550.0	6828588444.337395
11560.0	6815378173.735501
11570.0	6793173673.541685
11580.0	6783520078.231752
11590.0	6789226807.542637
11600.0	6610651400.452901
11610.0	6346002141.597893
11620.0	6788253885.274246
11630.0	6773893763.963292
11640.0	6499189910.068808
11650.0	6770168174.0954075
11660.0	6749844931.210994
11670.0	6724797406.170885
11680.0	6733720402.866386
11690.0	6414679300.912945
11700.0	6732177551.913532
11710.0	6730463339.583647
11720.0	6712419077.650052
11730.0	6723764217.666802
11740.0	6692753650.861873
11750.0	6704005868.685112
11760.0	6708413191.754284
11770.0	6593734781.398246
11780.0	6441859480.839774
11790.0	6466493271.115701
11800.0	6624965283.584178
11810.0	6648938247.726286
11820.0	6651635334.381363
11830.0	6128814098.446152
11840.0	6625036296.940168
11850.0	6642442089.258351
11860.0	6648039698.077916
11870.0	6646597559.388751
11880.0	6592625759.088374
11890.0	6035165130.505635
11900.0	6527307549.937741
11910.0	6604394543.549504
11920.0	6593633397.85596
11930.0	6615266080.642471
11940.0	6587070416.55108
11950.0	6464451499.292218
11960.0	6453337227.480089
11970.0	6491922577.064062
11980.0	6003449311.26499
11990.0	6371928900.843957
12000.0	6522489133.674541
12010.0	6523737363.072504
12020.0	6517615788.445727
12030.0	6400806123.545444
12040.0	6470615240.606988
12050.0	6516531713.18527
12060.0	6524684014.500325
12070.0	6479284164.836265
12080.0	6458558666.939276
12090.0	6145181922.45141
12100.0	6509758047.171936
12110.0	6422792727.211705
12120.0	6483977343.113244
12130.0	6488177453.0258875
12140.0	6497278936.802634
12150.0	6494539004.237794
12160.0	6471571805.144906
12170.0	6442791746.230037
12180.0	6487500426.186013
12190.0	6441599237.299134
12200.0	6437962109.165651
12210.0	6448738042.309273
12220.0	6438874195.610499
12230.0	6428205471.809112
12240.0	6416031180.259573
12250.0	6413598837.344182
12260.0	6430012012.234951
12270.0	6351196279.168085
12280.0	6425132827.817443
12290.0	6410539997.600771
12300.0	6399214732.7257
12310.0	6388093316.763809
12320.0	6367826082.68282
12330.0	6357569178.501726
12340.0	6361233881.8370695
12350.0	6369270480.829745
12360.0	6325194193.073272
12370.0	6341576484.598677
12380.0	6377053359.645227
12390.0	6321209976.674156
12400.0	6323224772.488243
12410.0	6291802537.899158
12420.0	6270209517.201951
12430.0	6233540481.543229
12440.0	6161122779.803348
12450.0	6303548685.406611
12460.0	6294081706.495912
12470.0	6283978025.674365
12480.0	6275918235.557035
12490.0	6267384296.607052
12500.0	6264456802.393171
12510.0	6262837897.419404
12520.0	6206946740.724953
12530.0	6088553287.6098
12540.0	6207625465.313021
12550.0	6248527788.38133
12560.0	6205143360.219408
12570.0	6181854341.130211
12580.0	6223722052.263127
12590.0	6226765634.475836
12600.0	6169973645.227568
12610.0	6196424352.708511
12620.0	6201871297.974681
12630.0	6224835528.701322
12640.0	6131611970.200284
12650.0	6172211507.97367
12660.0	6213504605.83581
12670.0	6135845281.686855
12680.0	6077998890.785181
12690.0	6197381614.306805
12700.0	6178608272.787274
12710.0	6164800092.6946945
12720.0	6196591167.073158
12730.0	6186169065.442133
12740.0	6053459311.010777
12750.0	6081784178.871415
12760.0	6164186889.865601
12770.0	6156368271.409945
12780.0	6144096549.894931
12790.0	6158305155.143172
12800.0	6150031090.570044
12810.0	6067835534.155875
12820.0	5996128373.738675
12830.0	5784996015.446533
12840.0	6044423796.997788
12850.0	6010578237.06674
12860.0	6112212833.381091
12870.0	6110368188.038456
12880.0	6028626615.535351
12890.0	6073865546.537047
12900.0	5798369531.289291
12910.0	5958050262.926495
12920.0	6030192677.105213
12930.0	6039822733.999308
12940.0	6015598944.44259
12950.0	6016728670.110047
12960.0	6076607399.598976
12970.0	6060873100.986406
12980.0	5957519604.954343
12990.0	6034439025.442494
13000.0	6055970463.690593
13010.0	5988301095.462864
13020.0	5978523655.3315525
13030.0	6047635603.049283
13040.0	5962948335.606588
13050.0	6028051350.366965
13060.0	6017075950.850021
13070.0	6008690688.801625
13080.0	5955204966.634724
13090.0	6006143778.914443
13100.0	5990965586.160412
13110.0	5989680507.7859745
13120.0	5913432444.655742
13130.0	5361803787.69403
13140.0	5881636111.357326
13150.0	5577097217.679139
13160.0	5877459874.164099
13170.0	5983495175.163425
13180.0	5968986622.829478
13190.0	5987338993.401394
13200.0	5900491757.967572
13210.0	5966741203.968741
13220.0	5879484281.961639
13230.0	5960218696.337458
13240.0	5962084893.883028
13250.0	5916180718.7057
13260.0	5930352563.392346
13270.0	5895282662.314
13280.0	5916277636.857807
13290.0	5752119712.47684
13300.0	5783579295.046888
13310.0	5846519577.346578
13320.0	5528155714.567795
13330.0	5888941545.59719
13340.0	5839238413.242229
13350.0	5768253296.192831
13360.0	5785418465.368284
13370.0	5801883756.412591
13380.0	5801716073.492928
13390.0	5736203085.766386
13400.0	5746315097.550132
13410.0	5745233941.386821
13420.0	5731814439.397686
13430.0	5769108562.754855
13440.0	5841285457.215531
13450.0	5752165021.887162
13460.0	5822270053.416544
13470.0	5743823790.034109
13480.0	5760970076.851132
13490.0	5816508495.881787
13500.0	5680867503.8119135
13510.0	5771323450.19981
13520.0	5768712335.293002
13530.0	5768325080.067666
13540.0	5762440295.626561
13550.0	5675013927.687671
13560.0	5757310954.428483
13570.0	5708042193.129465
13580.0	5755961107.7804165
13590.0	5716846331.675562
13600.0	5649946146.953881
13610.0	5720504529.209194
13620.0	5711946188.337745
13630.0	5580837385.186912
13640.0	5754836035.236777
13650.0	5623567922.559787
13660.0	5724900289.118713
13670.0	5690012611.904958
13680.0	5756926922.9993925
13690.0	5660132530.631266
13700.0	5730939108.208798
13710.0	5714652597.339297
13720.0	5731893939.428834
13730.0	5679997514.037157
13740.0	5696997403.71437
13750.0	5732589935.575334
13760.0	5679001711.795524
13770.0	5726583948.263741
13780.0	5681324789.33146
13790.0	5671900810.319433
13800.0	5744169885.179106
13810.0	5722358977.568606
13820.0	5704945216.31904
13830.0	5663396864.786669
13840.0	5714828577.987246
13850.0	5556075902.326523
13860.0	5692310547.47574
13870.0	5543045754.411595
13880.0	5661412047.613006
13890.0	5664920828.23596
13900.0	5584967272.672664
13910.0	5156991673.820601
13920.0	5153275035.111356
13930.0	5312006809.299137
13940.0	5408455031.682708
13950.0	5436215153.442503
13960.0	5500510544.438494
13970.0	5513721374.909628
13980.0	5291475914.269676
13990.0	5619275426.381877
14000.0	5380309868.682205
14010.0	5373794475.040526
14020.0	5492267563.622032
14030.0	5613497819.489788
14040.0	5343186224.390069
14050.0	5608732234.681711
14060.0	5493773034.752521
14070.0	5516856173.986864
14080.0	5499930270.4171
14090.0	5393291411.153271
14100.0	5573956037.973564
14110.0	5422855321.937944
14120.0	5430256193.923813
14130.0	5232626906.786652
14140.0	5497056947.643795
14150.0	5520592630.811526
14160.0	5422748122.565952
14170.0	5500560241.921459
14180.0	5480188658.620623
14190.0	5289276868.327911
14200.0	5486091652.319611
14210.0	5471587203.8936205
14220.0	5477572059.401472
14230.0	5365372412.762684
14240.0	5291670145.147647
14250.0	5473916686.84669
14260.0	5013336693.251312
14270.0	5250169418.313681
14280.0	5472422948.901496
14290.0	5304224510.403718
14300.0	5366580892.744099
14310.0	5394620198.295842
14320.0	5473851372.767996
14330.0	5499084234.431806
14340.0	5218141956.941014
14350.0	5420369713.53063
14360.0	5328146589.145287
14370.0	5392438100.212639
14380.0	5429582015.495883
14390.0	5488234167.246685
14400.0	5179659415.302615
14410.0	5418101701.589024
14420.0	5416269883.366485
14430.0	5411402717.31578
14440.0	5368585043.268235
14450.0	5352469579.389965
14460.0	5425113460.067856
14470.0	5292034399.011807
14480.0	5473430804.429832
14490.0	5422420859.501155
14500.0	5366468806.672547
14510.0	5328476131.016048
14520.0	5231505423.783518
14530.0	5391652649.136222
14540.0	5392855569.181732
14550.0	5368529065.673687
14560.0	5182930987.016717
14570.0	5312407608.153232
14580.0	5401347063.886111
14590.0	5448576623.133005
14600.0	5258962707.519757
14610.0	4731459283.247961
14620.0	5099243835.904698
14630.0	4975500830.086006
14640.0	5428898077.849238
14650.0	5001176065.382345
14660.0	5199181150.851699
14670.0	5185143922.547868
14680.0	5150933406.411416
14690.0	5284240830.699156
14700.0	5076598331.349609
14710.0	5149470267.715923
14720.0	5213319439.407219
14730.0	5375995158.423112
14740.0	5166562231.811088
14750.0	5293911733.986933
14760.0	5165262174.157166
14770.0	5130681571.928817
14780.0	5198412716.508579
14790.0	5447643155.110544
14800.0	5200697708.592876
14810.0	5192211173.016222
14820.0	5341406733.770654
14830.0	5158904108.687964
14840.0	5372322254.781051
14850.0	5288030663.5019865
14860.0	5348018792.750338
14870.0	5258666559.86895
14880.0	4545624777.455738
14890.0	5027694999.726902
14900.0	5370901061.347771
14910.0	5131785944.986088
14920.0	5381170062.639196
14930.0	5330462500.655322
14940.0	5333669768.604824
14950.0	5400903491.878086
14960.0	5271504343.033237
14970.0	5418884978.823531
14980.0	5369755644.710075
14990.0	5327900947.033328
15000.0	5422487350.221807
15010.0	5138774713.00234
15020.0	5167366970.988042
15030.0	4347590047.788006
15040.0	4789136939.796069
15050.0	4643978050.821645
15060.0	5128463446.867534
15070.0	5319421857.400793
15080.0	5271517753.448285
15090.0	5376512106.592369
15100.0	5272405444.637508
15110.0	5393367796.114482
15120.0	5289433837.387022
15130.0	5202962607.602372
15140.0	5225529430.600896
15150.0	5204625517.136315
15160.0	5329488520.6212
15170.0	5216509630.3322935
15180.0	5370171576.263559
15190.0	5265904714.163758
15200.0	5335532466.029668
15210.0	5325535255.260003
15220.0	5258046569.370852
15230.0	5384740139.867005
15240.0	5294260555.0664215
15250.0	5385419800.442935
15260.0	5407951299.359851
15270.0	5150066086.841957
15280.0	5354088679.786615
15290.0	5195443369.010138
15300.0	5134555301.608833
15310.0	5451735525.772121
15320.0	5368413522.08621
15330.0	5263396286.956534
15340.0	5248815233.940351
15350.0	5408716006.945881
15360.0	5449331186.320122
15370.0	5371472279.591733
15380.0	5011458371.786983
15390.0	5027132737.829872
15400.0	5031155763.969608
15410.0	5030902891.577877
15420.0	5360938640.924449
15430.0	4922256661.408634
15440.0	5351028783.18526
15450.0	5526170022.257324
15460.0	5391744135.73098
15470.0	5285136607.237013
15480.0	5424232044.869376
15490.0	5451033522.311027
15500.0	5332291735.396278
15510.0	5191933750.127123
15520.0	5348618435.743878
15530.0	5524065236.683317
15540.0	5111015431.480849
15550.0	5195528082.439211
15560.0	5114427427.076532
15570.0	5274402865.132184
15580.0	5240480391.330005
15590.0	5313548278.368965
15600.0	5204162611.291995
15610.0	5394160549.477295
15620.0	5360757556.762563
15630.0	5070877492.617141
15640.0	5287998033.218439
15650.0	5365070290.626662
15660.0	5172791623.536402
15670.0	5350188635.444686
15680.0	5289688130.165896
15690.0	5381574530.941003
15700.0	5173809188.072787
15710.0	5494783429.035027
15720.0	5159720270.270821
15730.0	5102929721.027462
15740.0	5321271358.792718
15750.0	4725438257.888149
15760.0	5191272118.723307
15770.0	4502535162.585772
15780.0	4943846070.238236
15790.0	5309049789.269126
15800.0	5372809186.556555
15810.0	5453188791.122121
15820.0	5184966198.822816
15830.0	5157559178.581937
15840.0	5225454794.856281
15850.0	5403172557.115748
15860.0	5397336090.181833
15870.0	5251270717.715004
15880.0	5339122906.7268
15890.0	4780665416.523726
15900.0	4835704323.367884
15910.0	5147282354.501214
15920.0	5188443602.866202
15930.0	5360526282.348009
15940.0	5495595643.07786
15950.0	5480291686.359571
15960.0	5146684382.31594
15970.0	5249331830.883786
15980.0	5266442795.050965
15990.0	5226321815.593598
16000.0	5425578845.476376
16010.0	5174573793.645262
16020.0	5352222895.027335
16030.0	5396754350.093892
16040.0	5067361874.169389
16050.0	5344865665.362684
16060.0	5160069215.463219
16070.0	5102222763.877468
16080.0	5163720502.302158
16090.0	5530298579.905009
16100.0	5305119540.874855
16110.0	5344864882.360828
16120.0	5489656449.578007
16130.0	5263462781.568703
16140.0	5229761690.7800455
16150.0	5383137290.314055
16160.0	4561262228.131582
16170.0	5357988969.486935
16180.0	5432891884.636325
16190.0	4959088581.935084
16200.0	4629859051.231432
16210.0	4766993154.177161
16220.0	5102217358.053769
16230.0	5037423438.592565
16240.0	5191234752.623694
16250.0	5063087200.419179
16260.0	5078097762.723544
16270.0	5333509304.17787
16280.0	5440685653.79952
16290.0	5438006283.012035
16300.0	5185087026.53914
16310.0	5448366800.495854
16320.0	5098443864.852093
16330.0	5384265142.722852
16340.0	5247319124.923233
16350.0	5297137863.061009
16360.0	5162727781.786357
16370.0	4969552511.425619
16380.0	5284554817.384553
16390.0	5093498946.781845
16400.0	4901847087.593551
16410.0	5039171475.154961
16420.0	5246398431.138407
16430.0	5337997248.267078
16440.0	5166672199.149884
16450.0	4671479036.925332
16460.0	5106044410.633941
16470.0	5309207768.02943
16480.0	5040013200.534002
16490.0	5015892220.142107
16500.0	5258299580.888287
16510.0	5315571527.527138
16520.0	5302483453.000077
16530.0	5002446795.044404
16540.0	4987544948.520682
16550.0	5146484739.954431
16560.0	5247363990.835257
16570.0	5172515741.378871
16580.0	5232471229.633134
16590.0	5011422470.37285
16600.0	5251268827.07842
16610.0	5062641937.431227
16620.0	4943741869.588302
16630.0	5045952750.534392
16640.0	4958687643.795019
16650.0	4824801708.632492
16660.0	4865140604.327156
16670.0	4939855431.252851
16680.0	5034823424.867394
16690.0	4986315138.047231
16700.0	5129404476.468914
16710.0	4852086906.320731
16720.0	4490607499.641291
16730.0	4808745646.488999
16740.0	5115600106.835286
16750.0	4734584957.452455
16760.0	4591740983.84579
16770.0	4831654668.315023
16780.0	5114381793.120897
16790.0	5078056816.568371
16800.0	5020620697.870057
16810.0	5060178737.271875
16820.0	4936576494.934813
16830.0	4929952805.336181
16840.0	4863481069.214891
16850.0	4931958677.927172
16860.0	4865227493.749571
16870.0	4790715031.071873
16880.0	4646893290.256216
16890.0	4755281019.26319
16900.0	4708193350.316255
16910.0	4470319626.1767
16920.0	4956615044.65053
16930.0	4930650304.651485
16940.0	4951267050.99698
16950.0	4925555199.355683
16960.0	4835894283.567429
16970.0	4842533561.700193
16980.0	4834129940.580028
16990.0	4841777958.743678
17000.0	4714843274.927016
17010.0	4584756861.950219
17020.0	4705613092.620104
17030.0	4783015956.340881
17040.0	4807903131.975729
17050.0	4755678858.639877
17060.0	4748814910.2009325
17070.0	4451750247.447237
17080.0	4653505644.256511
17090.0	4722984441.469868
17100.0	4421929548.954814
17110.0	3708975536.1955357
17120.0	4379348271.880831
17130.0	4662119716.714356
17140.0	4682290149.240154
17150.0	4759485434.711515
17160.0	4687062165.2439375
17170.0	4520209328.362296
17180.0	4608027975.313855
17190.0	4591444009.391471
17200.0	4618491729.770627
17210.0	4448744516.065993
17220.0	4649642454.876258
17230.0	4331363573.44165
17240.0	4473153199.278844
17250.0	4460258712.809323
17260.0	4587406789.637124
17270.0	4499150809.121743
17280.0	4487898833.620926
17290.0	4499615508.073797
17300.0	4517395135.501357
17310.0	4366385732.04471
17320.0	4346940589.195152
17330.0	4184689583.073866
17340.0	4249830625.369155
17350.0	4323183068.179833
17360.0	4490453844.638579
17370.0	4455837471.310516
17380.0	4370939044.639301
17390.0	4394404737.448483
17400.0	4418728373.999379
17410.0	4188787234.1324363
17420.0	4283372476.5940113
17430.0	4160639292.7501197
17440.0	4436543773.738848
17450.0	4404773269.233156
17460.0	4419641568.818538
17470.0	4226895194.9816527
17480.0	4396962009.30852
17490.0	4441065729.158943
17500.0	4191588130.332495
17510.0	4266384917.8464737
17520.0	4350588695.294691
17530.0	4286288530.1464834
17540.0	4085067896.557569
17550.0	4229402378.965195
17560.0	4253532812.777644
17570.0	4300748746.983429
17580.0	4300314610.94029
17590.0	4136737335.964433
17600.0	4165395451.822591
17610.0	4125644397.748863
17620.0	4018238470.200404
17630.0	4141806561.089528
17640.0	4239834732.8833604
17650.0	4129699586.8452682
17660.0	4146768035.8873377
17670.0	4085513654.599708
17680.0	4007028515.186159
17690.0	4056995176.3857455
17700.0	4141229501.912876
17710.0	4049417574.931768
17720.0	4074054566.761567
17730.0	3986217640.6649923
17740.0	4154140018.3850017
17750.0	4050440852.3499436
17760.0	4057835113.073602
17770.0	3970948902.8027167
17780.0	3873661771.8173866
17790.0	3992355653.3277407
17800.0	4072013288.57112
17810.0	4038507904.8297606
17820.0	3935104902.120789
17830.0	3846869679.6390347
17840.0	3993892047.1509075
17850.0	3837961071.5791836
17860.0	3837639570.371295
17870.0	3898532008.531439
17880.0	3978626218.5846877
17890.0	4037294538.8623304
17900.0	4047598652.584815
17910.0	3887383184.2073407
17920.0	3972227432.343775
17930.0	3939805545.02571
17940.0	3797514537.790638
17950.0	3915515714.997165
17960.0	3906496250.8424506
17970.0	3982851598.4667544
17980.0	3951555115.908627
17990.0	3852609582.9291553
18000.0	3915102368.941247
18010.0	3718207304.5241275
18020.0	3820974568.771261
18030.0	3517993490.1131907
18040.0	3716121811.9543395
18050.0	3669487948.4992967
18060.0	3797118642.08435
18070.0	3817759380.6759953
18080.0	3793923457.1683407
18090.0	3801132147.4721975
18100.0	3782373506.4769754
18110.0	3655109338.1066556
18120.0	3721986283.237143
18130.0	3740399284.476351
18140.0	3785761472.3126273
18150.0	3767158167.627117
18160.0	3684183327.022679
18170.0	3778397564.382993
18180.0	3718334156.6555953
18190.0	3689564380.320163
18200.0	3657588576.8680787
18210.0	3756255607.3549137
18220.0	3571099095.9571176
18230.0	3698448880.4855614
18240.0	3806424875.8976784
18250.0	3696295817.908933
18260.0	3629685556.311671
18270.0	3608063410.7071075
18280.0	3569306938.6969314
18290.0	3484106853.823154
18300.0	3596797333.1510887
18310.0	3561958052.455951
18320.0	3665864978.072942
18330.0	3660523479.040718
18340.0	3702897746.6061006
18350.0	3549202722.0663567
18360.0	3548691509.95542
18370.0	3631330735.8359523
18380.0	3442961214.5421677
18390.0	3645831203.9277163
18400.0	3406989951.3303995
18410.0	3595420036.001288
18420.0	3335036902.1604333
18430.0	3378366365.6067963
18440.0	3491947657.296188
18450.0	3498744065.822315
18460.0	3569673745.186909
18470.0	3151639377.6830454
18480.0	3455174585.6980286
18490.0	3512192134.3374233
18500.0	3476784251.034278
18510.0	3545717363.644291
18520.0	3435628080.4493074
18530.0	3305082831.478187
18540.0	3507410123.2786403
18550.0	3471902429.1458607
18560.0	3261061552.7846866
18570.0	3336879963.012172
18580.0	3372892873.9097004
18590.0	3256381152.325354
18600.0	3393712525.9866176
18610.0	3386852011.1753063
18620.0	3394824064.7228346
18630.0	3371174851.205629
18640.0	3369724017.3724113
18650.0	3406584605.416063
18660.0	3307141788.685276
18670.0	3406731166.487015
18680.0	3375001082.472753
18690.0	3460711307.240833
18700.0	3398755294.828151
18710.0	3372763353.5479503
18720.0	3343379976.2176213
18730.0	3126421153.1524215
18740.0	3329845523.818898
18750.0	3276408584.8956165
18760.0	3264691714.3318524
18770.0	3310018761.149448
18780.0	3199771177.218892
18790.0	3261709109.856629
18800.0	3361484082.456856
18810.0	3345469610.648335
18820.0	3353385081.7651563
18830.0	3386646599.680798
18840.0	3350821408.175625
18850.0	3150792239.9294815
18860.0	3024255921.804866
18870.0	3271078154.1522336
18880.0	3321567024.791828
18890.0	3138921398.568561
18900.0	3117428116.022204
18910.0	3204468100.3913083
18920.0	3119808138.644732
18930.0	3062048067.306728
18940.0	3242179098.163046
18950.0	3223507749.764555
18960.0	3248058847.1716905
18970.0	3265687294.315028
18980.0	3148988566.844031
18990.0	3099917262.9678416
19000.0	3286311728.722044
19010.0	3217888577.732996
19020.0	3285520129.5333123
19030.0	3201351904.1065664
19040.0	3181542168.84923
19050.0	3015430542.185721
19060.0	3148745585.941276
19070.0	3171774290.4919972
19080.0	3239404740.7945437
19090.0	3057174401.2871203
19100.0	3186734968.6934457
19110.0	3067993310.202191
19120.0	3046397771.3755937
19130.0	3178353127.412186
19140.0	3211314980.002442
19150.0	3139233066.6594415
19160.0	3107298989.814557
19170.0	3140660317.9483266
19180.0	3148406199.7168994
19190.0	3195987747.8972206
19200.0	2986042826.0073886
19210.0	3104243059.0966654
19220.0	3099709895.549453
19230.0	3160046171.5401883
19240.0	3119796086.8105063
19250.0	3126743073.9227595
19260.0	3042620882.555934
19270.0	3057753945.9941993
19280.0	3153163919.3489285
19290.0	3038899856.971354
19300.0	3043641239.7710357
19310.0	2587019870.0399055
19320.0	2782731809.570161
19330.0	3065981335.0590487
19340.0	2928087914.0037084
19350.0	2948949149.23729
19360.0	3087785206.7347693
19370.0	3081924148.4155564
19380.0	3068852346.533146
19390.0	3017095479.003234
19400.0	2954116538.5975347
19410.0	2992233493.475479
19420.0	3051757168.6314063
19430.0	2972128700.9384985
19440.0	2901315810.509533
19450.0	2827586042.9337835
19460.0	2181415867.224266
19470.0	2916843012.2245865
19480.0	2916616564.319126
19490.0	2898853322.798778
19500.0	2930803490.843006
19510.0	2391867526.797705
19520.0	2905951829.8782973
19530.0	2946658017.2572756
19540.0	2919187674.90037
19550.0	2937439164.9901385
19560.0	2941094224.220777
19570.0	2972925151.876357
19580.0	2976246434.144614
19590.0	2976095994.1224337
19600.0	2886875326.7336497
19610.0	2884745416.859153
19620.0	2833711306.9544086
19630.0	2843041235.445141
19640.0	2792709793.40392
19650.0	2892458422.3296566
19660.0	2954949696.914753
19670.0	2957013907.30269
19680.0	2894732232.644599
19690.0	2909401981.9601846
19700.0	2935652153.635373
19710.0	2885844495.455398
19720.0	2863816494.670653
19730.0	2707648512.7032995
19740.0	2790923340.0524197
19750.0	2837998759.2592516
19760.0	2721837822.9738474
19770.0	2724730990.2283273
19780.0	1923484916.0569582
19790.0	2588064991.156176
19800.0	2704702906.2494874
19810.0	2798442139.6948752
19820.0	2702486288.323859
19830.0	2819090760.627599
19840.0	2827954661.9308186
19850.0	2736470365.7402124
19860.0	2420500145.483829
19870.0	2316613269.1043525
19880.0	2790141473.67567
19890.0	2780846706.4468493
19900.0	2726630767.22715
19910.0	2729117373.635951
19920.0	2585416755.3789444
19930.0	2710240794.506657
19940.0	2545995987.609228
19950.0	2707992702.9457316
19960.0	2739349699.330628
19970.0	2575847143.716145
19980.0	2652729367.659547
19990.0	2748291607.5881486
20000.0	2691727567.1802216
20010.0	2728591972.5421796
20020.0	2718846403.9536576
20030.0	2653523879.356413
20040.0	2715799171.0285974
20050.0	2746157142.6853213
20060.0	2653553360.862678
20070.0	2710328924.1179185
20080.0	2737676193.181094
20090.0	2632422422.2287426
20100.0	2667770762.438414
20110.0	2667244375.498505
20120.0	2688283986.8078446
20130.0	2649720701.43645
20140.0	2657243993.7818604
20150.0	2677798029.733625
20160.0	2642156861.529295
20170.0	2636616859.110143
20180.0	2605892451.3894825
20190.0	2629438982.822749
20200.0	2535399958.065284
20210.0	2590445364.7396855
20220.0	2573251159.832301
20230.0	2636461017.43
20240.0	2612082829.0840273
20250.0	2575040614.8661423
20260.0	2600556628.3339925
20270.0	2570367969.396333
20280.0	2578934975.406169
20290.0	2464487634.6361322
20300.0	2578640775.6135554
20310.0	2509111024.036343
20320.0	2623578304.9040585
20330.0	2616802271.1930637
20340.0	2595025324.2267065
20350.0	2542406906.394227
20360.0	2480561049.305656
20370.0	2600399941.9130077
20380.0	2542523526.459987
20390.0	2545422808.2743077
20400.0	2554956549.283199
20410.0	2514055424.005661
20420.0	2536681458.8793797
20430.0	2603569880.705787
20440.0	2526240974.534563
20450.0	2502377466.1399612
20460.0	2527346169.612893
20470.0	2509640374.3839793
20480.0	2555034443.019801
20490.0	2510431746.956114
20500.0	2510803782.923857
20510.0	2564693900.459607
20520.0	2470530260.1693172
20530.0	2482443703.2500505
20540.0	2428206508.592562
20550.0	2476688295.1457553
20560.0	2445828648.4902005
20570.0	2486233938.1582556
20580.0	2477231739.0276413
20590.0	2467993228.9569874
20600.0	2486395488.4493704
20610.0	2406471109.206224
20620.0	2468158141.513607
20630.0	2446084374.0438023
20640.0	2162532413.0057683
20650.0	2439858670.9440036
20660.0	2424779938.783498
20670.0	2466171181.5848064
20680.0	2412382955.1656003
20690.0	2428533110.172939
20700.0	2410734230.684308
20710.0	2447541771.859094
20720.0	2369760930.4309034
20730.0	2435164182.5599523
20740.0	2376595059.237059
20750.0	2415375716.724422
20760.0	2433267837.798765
20770.0	2400023085.73469
20780.0	2404983933.490424
20790.0	2427296788.416489
20800.0	2378989652.659451
20810.0	2400423787.127778
20820.0	2393749113.9400587
20830.0	2377128693.4462366
20840.0	2331287588.1148853
20850.0	2326705808.9108343
20860.0	2341285118.545142
20870.0	2351178804.629031
20880.0	2347938763.6807494
20890.0	2364618406.8576503
20900.0	2355631599.7732368
20910.0	2391278694.9343925
20920.0	2313008236.269932
20930.0	2391577364.9392033
20940.0	2307521705.638076
20950.0	2361793246.9112377
20960.0	2306900286.951194
20970.0	2277182164.415033
20980.0	2275419746.3020415
20990.0	2342031278.3325367
21000.0	2339527583.8797483
21010.0	2339752895.7006993
21020.0	2314982481.265833
21030.0	2315847239.299516
21040.0	2353213636.2853103
21050.0	2314387139.2275114
21060.0	2341068274.6999226
21070.0	2302842695.08965
21080.0	2291482587.9490776
21090.0	2295057514.723185
21100.0	2180039395.4290833
21110.0	2325933966.2810636
21120.0	2264328739.4007516
21130.0	2289752471.3609185
21140.0	2319165482.834592
21150.0	2293773317.7433987
21160.0	2300329813.2413783
21170.0	2075965523.0856526
21180.0	2260764726.1494412
21190.0	2239657281.663234
21200.0	2255221989.6618533
21210.0	2266621850.0368295
21220.0	2249969100.2430024
21230.0	2234194027.341856
21240.0	2199249885.751258
21250.0	2275654356.7383423
21260.0	2264632026.49496
21270.0	2236047386.764525
21280.0	2221923290.3689265
21290.0	2235454352.7248535
21300.0	2264725277.9245763
21310.0	2244563267.8773117
21320.0	2246446649.98026
21330.0	2247259471.83603
21340.0	2226090777.33439
21350.0	2238203367.0866013
21360.0	2174035240.6373487
21370.0	2229615102.404364
21380.0	2212996755.732118
21390.0	2223294561.3668013
21400.0	2211361227.76597
21410.0	2223361592.3072634
21420.0	2202476778.0186286
21430.0	2205289247.0834503
21440.0	2223473642.3444667
21450.0	2218890681.835942
21460.0	2153365421.0855227
21470.0	2211131502.4498305
21480.0	2209418917.8497663
21490.0	2192002498.195877
21500.0	2168039364.5003138
21510.0	2201169013.1309724
21520.0	2183018277.19543
21530.0	2154578825.840223
21540.0	2141726333.2138913
21550.0	2177062587.1187143
21560.0	2180229980.9326415
21570.0	2160026412.3691297
21580.0	2159666416.539315
21590.0	2163201618.5732374
21600.0	2142224101.4700441
21610.0	2168828668.723612
21620.0	2152376180.290414
21630.0	2155013218.2079883
21640.0	2160941360.262102
21650.0	2146324178.6482997
21660.0	2118432969.4840431
21670.0	2139643242.4899
21680.0	2133674903.9825723
21690.0	2148943367.5051513
21700.0	2138935231.8552756
21710.0	2119272325.9969022
21720.0	2129884790.248963
21730.0	2133979343.7321987
21740.0	2102979311.7866807
21750.0	2118759127.3754194
21760.0	2093050004.55295
21770.0	2074126996.5358887
21780.0	2100428026.3527992
21790.0	1955230257.8484607
21800.0	2097613509.267301
21810.0	2111078590.3364677
21820.0	2062511905.0471632
21830.0	2059956308.7778697
21840.0	2086425264.9082
21850.0	2090013612.5469933
21860.0	2082770685.355085
21870.0	2076986203.8058233
21880.0	2042653244.880627
21890.0	2036252416.8803947
21900.0	1977516265.7768517
21910.0	2080325163.7302876
21920.0	2081763935.785059
21930.0	2074186251.9557636
21940.0	2067219376.3803542
21950.0	2049099518.659404
21960.0	2064281907.7963638
21970.0	2063101330.4045355
21980.0	2058894929.6939874
21990.0	2044231588.11674
22000.0	2033986824.587386
22010.0	2009762797.2646375
22020.0	2036411375.7940207
22030.0	2033609912.6004546
22040.0	2039433050.394636
22050.0	2016326665.0216298
22060.0	1816869996.7383611
22070.0	1915281776.8542383
22080.0	2026834320.6383247
22090.0	1897051142.3600397
22100.0	2004706435.4867249
22110.0	2013520590.583106
22120.0	2003772596.4689052
22130.0	2021301930.5092418
22140.0	2022931863.1264966
22150.0	2012348755.7258365
22160.0	2013417579.3432376
22170.0	2010886922.2213843
22180.0	2005576525.163409
22190.0	2007304766.8763483
22200.0	1995715331.5912747
22210.0	1974992411.2080019
22220.0	1943138486.439209
22230.0	1997655980.9981856
22240.0	1940060782.6031954
22250.0	1989597003.7956965
22260.0	1949832032.4143808
22270.0	1907066368.257536
22280.0	1858513814.0117545
22290.0	1941015079.9135637
22300.0	1923816765.243072
22310.0	1938884376.9987674
22320.0	1922569596.499503
22330.0	1959151080.0204134
22340.0	1951515185.8286538
22350.0	1942457063.5986834
22360.0	1950021547.0692825
22370.0	1961260383.329775
22380.0	1945510934.4343894
22390.0	1890598669.084548
22400.0	1887639906.9908264
22410.0	1947361464.1243618
22420.0	1936334576.8187234
22430.0	1914927957.6392028
22440.0	1924247727.236207
22450.0	1902466866.597048
22460.0	1924141441.1009483
22470.0	1926446021.9934325
22480.0	1871623454.3961985
22490.0	1909978417.1595995
22500.0	1910237773.0438893
22510.0	1920408997.612839
22520.0	1907354913.020778
22530.0	1915701603.2232685
22540.0	1869885283.056758
22550.0	1865029472.268219
22560.0	1901804389.3852472
22570.0	1903630471.8153496
22580.0	1885942037.9279375
22590.0	1895424269.0712075
22600.0	1892313702.219672
22610.0	1840632651.0366805
22620.0	1861633665.3619108
22630.0	1717019925.490603
22640.0	1853721478.9197752
22650.0	1873720717.7227595
22660.0	1763737148.2617319
22670.0	1866535154.4620893
22680.0	1860630355.139864
22690.0	1862247206.3128655
22700.0	1843614880.3301253
22710.0	1852038071.4067163
22720.0	1848262725.3499823
22730.0	1860475957.9888098
22740.0	1846489550.665257
22750.0	1824404713.0406377
22760.0	1836242279.6828768
22770.0	1839437063.6850975
22780.0	1842884069.392076
22790.0	1821443804.5238018
22800.0	1827345043.0821855
22810.0	1722507298.0477118
22820.0	1779696805.805308
22830.0	1759413978.358484
22840.0	1812495734.4848251
22850.0	1811976319.479832
22860.0	1821306744.9858353
22870.0	1816386735.5570552
22880.0	1815677057.1559727
22890.0	1799983790.2416012
22900.0	1811532549.3811266
22910.0	1810829985.6066978
22920.0	1798495976.6160495
22930.0	1791342234.9177182
22940.0	1248504553.3237932
22950.0	1496387577.6965325
22960.0	1580768996.675749
22970.0	1541178235.2716262
22980.0	1598856591.5228105
22990.0	1653147992.3730392
23000.0	1672168549.236707
23010.0	1632082972.132031
23020.0	1718366837.3109193
23030.0	1708735933.4637415
23040.0	1692226285.579049
23050.0	1646724798.6101499
23060.0	1682002196.844036
23070.0	1679847511.2001357
23080.0	1672946004.100776
23090.0	1672640219.6434152
23100.0	1662489991.3543186
23110.0	1687428243.0782535
23120.0	1672849127.001267
23130.0	1712939989.3634338
23140.0	1652470019.8621795
23150.0	1650441467.937862
23160.0	1659705224.352272
23170.0	1700808343.5324163
23180.0	1636313633.6176438
23190.0	1676857114.5616963
23200.0	1708512444.7124777
23210.0	1634776975.5645304
23220.0	1668240133.7117028
23230.0	1186532836.1854703
23240.0	1402265990.6296473
23250.0	1460806959.6914852
23260.0	1489110313.656684
23270.0	1509280056.026583
23280.0	1570042554.4652379
23290.0	1537577466.132539
23300.0	1528543064.8777063
23310.0	1576588144.601026
23320.0	1568576123.630654
23330.0	1598242283.6014085
23340.0	1561402506.190501
23350.0	1563827686.683748
23360.0	1539216314.7328515
23370.0	1548851751.3319309
23380.0	1558059267.4874914
23390.0	1458117415.3263254
23400.0	1579565459.5947027
23410.0	1567830587.5959654
23420.0	1617273243.1458638
23430.0	1563130131.9270327
23440.0	1567823954.038427
23450.0	1489120974.9244273
23460.0	1596680861.8119836
23470.0	1549457371.884073
23480.0	1553446423.687274
23490.0	1572048250.518458
23500.0	1534320886.0268843
23510.0	1561018000.5433354
23520.0	1503738063.2960813
23530.0	1123193122.342539
23540.0	1253069326.7503526
23550.0	1433633511.916641
23560.0	1359730481.1404033
23570.0	1477726813.9086013
23580.0	1418978556.8198366
23590.0	1459458930.085305
23600.0	1517794079.4776204
23610.0	1418246266.6331809
23620.0	1473675143.2041652
23630.0	1424670195.6054482
23640.0	1500446595.6999886
23650.0	1471560816.9452221
23660.0	1504739289.5514574
23670.0	1514338941.4673464
23680.0	1479934773.1024892
23690.0	1484176090.6601593
23700.0	1496231453.3910348
23710.0	1441106083.1771178
23720.0	1538952652.9020898
23730.0	1438636115.5024521
23740.0	1400714702.8385587
23750.0	1432659479.0391634
23760.0	1501230388.5527258
23770.0	1476993024.9338763
23780.0	1438851535.8891976
23790.0	1469010957.8488433
23800.0	1502968820.7772346
23810.0	1426333077.6312528
23820.0	1485561712.370469
23830.0	1156631574.4888213
23840.0	1167677467.3933845
23850.0	1320244974.839675
23860.0	1284194560.293974
23870.0	1306732463.272597
23880.0	1328710896.4005089
23890.0	1314191205.9378753
23900.0	1417963280.371599
23910.0	1397614929.2958717
23920.0	1379703660.272958
23930.0	1346034716.4615922
23940.0	1452786944.2427597
23950.0	1328365556.3147311
23960.0	1413423211.7325575
23970.0	1413993948.5865662
23980.0	1350436517.6373205
23990.0	1396046595.8407955
24000.0	1373798177.3089201
24010.0	1399903973.4163268
24020.0	1433061432.775952
24030.0	1378654120.319929
24040.0	1333456428.240555
24050.0	1417827296.1153772
24060.0	1357205403.174845
24070.0	1363288368.340282
24080.0	1357394746.9205656
24090.0	1399401166.655669
24100.0	1350250915.7727582
24110.0	1406631224.2499835
24120.0	1381706101.0386891
24130.0	1388854946.9258645
24140.0	1111477187.9181445
24150.0	1176311556.973257
24160.0	1177950011.1807637
24170.0	1234365008.4639666
24180.0	1233797566.4940317
24190.0	1370961436.0717778
24200.0	1212116242.0850668
24210.0	1348052198.40507
24220.0	1261115404.597795
24230.0	1279436034.391843
24240.0	1345689684.3086245
24250.0	1323620622.0597894
24260.0	1284628564.798434
24270.0	1299203022.03468
24280.0	1247022376.7717705
24290.0	1312879056.658019
24300.0	1312449358.235558
24310.0	1293823976.0814555
24320.0	1342664221.289398
24330.0	1328191904.3043785
24340.0	1246654230.0904796
24350.0	1266534417.5319495
24360.0	1320372127.2292733
24370.0	1254094886.8307438
24380.0	1258342552.6779299
24390.0	1347847115.217274
24400.0	1289653953.3394294
24410.0	1246834093.2291193
24420.0	1281144466.71434
24430.0	1288001139.0577397
24440.0	1252999031.358335
24450.0	1274041706.3001003
24460.0	1175726670.9725494
24470.0	1145915666.2474205
24480.0	1079781717.37741
24490.0	1196803019.7760336
24500.0	1170441345.0133457
24510.0	1208575312.4892838
24520.0	1168124173.6189208
24530.0	1167806872.1196
24540.0	1193340377.8687305
24550.0	1179878948.304698
24560.0	1199568897.274182
24570.0	1175033927.939107
24580.0	1246250949.9002028
24590.0	1231089502.817173
24600.0	1226536322.120482
24610.0	1087487761.631713
24620.0	1243847228.5829816
24630.0	1191026121.619841
24640.0	1296308539.1316237
24650.0	1197859922.9616747
24660.0	1221412265.0322495
24670.0	1231154838.4889836
24680.0	1134952854.365136
24690.0	1234674632.9577646
24700.0	1186442238.1924899
24710.0	1218711038.9174333
24720.0	1164778115.1962278
24730.0	1222000369.0776553
24740.0	1159284933.3860016
24750.0	1150254091.5129375
24760.0	1096294283.3432786
24770.0	1265791953.7918978
24780.0	1260768530.9282823
24790.0	981764776.9229325
24800.0	1095558622.1793172
24810.0	1084955486.9181244
24820.0	1053252369.6082212
24830.0	1061337105.847617
24840.0	1203428287.8817122
24850.0	912343947.983054
24860.0	841467678.9877715
24870.0	807316720.6495475
24880.0	828487564.8828034
24890.0	832190060.1246009
24900.0	847709116.6138116
24910.0	832680471.938185
24920.0	849849521.6107472
24930.0	848891731.2741556
24940.0	883595851.2447478
24950.0	858426941.5908461
24960.0	865135669.3143585
24970.0	868108569.7867788
24980.0	846905351.7587094
24990.0	874653645.0268439
