# Flux units: erg / (cm m2 s)
# Wavelength units: Angstrom
wave	flux
9000.0	904518609.7795968
9010.0	1009190874.9173951
9020.0	900846436.0278997
9030.0	900647074.3002385
9040.0	962276431.3280984
9050.0	1009799579.0429229
9060.0	1027897822.4937584
9070.0	1080176298.844379
9080.0	1111557986.885147
9090.0	1128443501.253772
9100.0	1183923849.4489172
9110.0	1171893503.0293605
9120.0	1232192628.9411206
9130.0	1230754614.3242111
9140.0	1285744822.4023473
9150.0	1339415280.1424627
9160.0	1362759597.8964565
9170.0	1384768172.0407252
9180.0	1353976462.360283
9190.0	1451177395.96671
9200.0	1439947257.3711693
9210.0	1145389997.2615626
9220.0	1040856032.1768332
9230.0	895942576.6337422
9240.0	919890894.5667598
9250.0	962380065.373512
9260.0	1019325576.5665988
9270.0	1009785434.6398731
9280.0	863418645.2041266
9290.0	848009505.2730775
9300.0	792119225.9023192
9310.0	870185110.9407333
9320.0	845941647.6638749
9330.0	951067618.3850716
9340.0	912486874.011295
9350.0	891268606.5576057
9360.0	941560149.4162979
9370.0	885627441.3891382
9380.0	976349111.6383219
9390.0	988575160.646948
9400.0	1057001095.2221961
9410.0	1032539359.25166
9420.0	997869678.9320261
9430.0	1022675037.3926219
9440.0	973530934.3534763
9450.0	1016453574.2706312
9460.0	1066210811.0666044
9470.0	1130138664.8358197
9480.0	1165320493.968319
9490.0	1185928004.8372085
9500.0	1164949207.7331216
9510.0	1145222724.5087519
9520.0	1174783543.7095244
9530.0	1243281502.7068977
9540.0	1230321913.9210136
9550.0	1241760888.5293493
9560.0	1278770351.8266602
9570.0	1300439324.4450505
9580.0	1313140186.0239823
9590.0	1315662428.623374
9600.0	1272977069.8356514
9610.0	1339424294.6151037
9620.0	1356667514.4486632
9630.0	1418665973.1413586
9640.0	1266990269.44874
9650.0	1358929948.3986566
9660.0	1425807465.969428
9670.0	1399556118.4597929
9680.0	1353081837.6264043
9690.0	1442291953.2676315
9700.0	1520488325.8931446
9710.0	1409347252.6120572
9720.0	1353954959.9623442
9730.0	1191532143.6434827
9740.0	1200914498.1448762
9750.0	1191340732.3514555
9760.0	1292713880.176656
9770.0	1295072967.574305
9780.0	1367458905.4099753
9790.0	1259732167.1711636
9800.0	1410366809.2551484
9810.0	1230626213.6243563
9820.0	1233742252.6646183
9830.0	1234590797.968102
9840.0	1275763383.0450382
9850.0	1308178868.9651427
9860.0	1402551216.4002864
9870.0	1395258936.5563684
9880.0	1441419869.3964949
9890.0	1493447252.8662434
9900.0	1247219021.5142496
9910.0	1174630278.7667577
9920.0	1145890322.9911876
9930.0	1256004125.9699688
9940.0	1289623866.6045706
9950.0	1396585950.311319
9960.0	1365389847.4736876
9970.0	1412570398.5946174
9980.0	1406554729.1254942
9990.0	1263317550.679568
10000.0	1340590401.1445522
10010.0	1330654625.5681734
10020.0	1367684263.6973782
10030.0	1392007785.5387235
10040.0	1261321089.0885537
10050.0	1283035556.6202414
10060.0	1246312560.3648765
10070.0	1315894586.9312255
10080.0	1391718617.9002106
10090.0	1346016603.8665802
10100.0	1422485372.891593
10110.0	1418097449.7540705
10120.0	1454694360.718683
10130.0	1506209701.6794283
10140.0	1448734149.5036614
10150.0	1360988221.2641547
10160.0	1370305056.0677733
10170.0	1374562688.3475688
10180.0	1439183592.1295457
10190.0	1407493741.748502
10200.0	1437848781.866374
10210.0	1486600797.5368342
10220.0	1437006564.081
10230.0	1472785544.0370827
10240.0	1544769012.4471736
10250.0	1497222991.0432644
10260.0	1372196920.2487721
10270.0	1356891857.7455468
10280.0	1387791877.757826
10290.0	1394734271.104329
10300.0	1447874245.206119
10310.0	1534850211.412231
10320.0	1538703000.6191115
10330.0	1462289050.1902592
10340.0	1533290299.266513
10350.0	1375436093.0895548
10360.0	1594893276.7966485
10370.0	1583306495.4468822
10380.0	1537880914.634998
10390.0	1574153695.9735425
10400.0	1528718374.6215703
10410.0	1645558681.612618
10420.0	1598383669.2697008
10430.0	1554758244.4795864
10440.0	1677994277.0173867
10450.0	1664155184.9078825
10460.0	1710418683.4592264
10470.0	1606497344.3593628
10480.0	1619812029.890889
10490.0	1687249326.995165
10500.0	1652101321.3285704
10510.0	1650441401.067442
10520.0	1651834045.0258555
10530.0	1650025475.2064402
10540.0	1670854729.7802885
10550.0	1770943995.6368692
10560.0	1690042198.1228967
10570.0	1639335539.2157176
10580.0	1752128816.6642814
10590.0	1664307339.5839436
10600.0	1753071729.0793028
10610.0	1671383431.1020637
10620.0	1750210105.222387
10630.0	1782931693.6201138
10640.0	1738462261.4291961
10650.0	1743760258.333326
10660.0	1691523879.8016398
10670.0	1761689085.3838463
10680.0	1737767050.7996652
10690.0	1806691701.5337229
10700.0	1793930360.7087946
10710.0	1793713107.2015028
10720.0	1827200207.5122073
10730.0	1808325744.7481592
10740.0	1837040998.8021736
10750.0	1815261895.9245348
10760.0	1803372793.651543
10770.0	1856559416.6533673
10780.0	1851976809.295414
10790.0	1852980630.8209183
10800.0	1814574594.557756
10810.0	1788207647.7326865
10820.0	1836909072.8427973
10830.0	1921112908.7587006
10840.0	1905894373.4145062
10850.0	1812618954.4142518
10860.0	1815187471.081524
10870.0	1852393350.2196538
10880.0	1850051925.1345968
10890.0	1822008042.3313484
10900.0	1809065643.8073747
10910.0	1787658683.9961226
10920.0	1799348497.0983863
10930.0	1786445777.1585407
10940.0	1786433346.9701123
10950.0	1766922966.6706948
10960.0	1651486749.1392796
10970.0	1693044192.492805
10980.0	1716334258.4592109
10990.0	1675800150.4797814
11000.0	1690573951.5771687
11010.0	1727684973.0039961
11020.0	1687332158.1573088
11030.0	1600623070.9499216
11040.0	1431219067.7611513
11050.0	1404892003.4124064
11060.0	1475497106.0213506
11070.0	1452149900.4430592
11080.0	1443795193.952574
11090.0	1484349802.4393363
11100.0	1506653546.4552202
11110.0	1413097302.9764705
11120.0	1598527088.0564852
11130.0	1545145402.2331698
11140.0	1587281260.6672747
11150.0	1545102915.7450147
11160.0	1505100169.291624
11170.0	1496578275.5383022
11180.0	1530887925.9488661
11190.0	1496441075.8139994
11200.0	1452473317.3005996
11210.0	1535224169.0906103
11220.0	1557766046.2808132
11230.0	1558266415.6561816
11240.0	1578449131.0575392
11250.0	1541500234.7682734
11260.0	1577945481.8022683
11270.0	1615860858.7308984
11280.0	1595927384.0460553
11290.0	1628249677.828111
11300.0	1499290643.968885
11310.0	1570919130.4366207
11320.0	1594785879.7175126
11330.0	1616028395.2480412
11340.0	1508119881.8591263
11350.0	1471866191.3848612
11360.0	1622613038.1739006
11370.0	1589091821.6148667
11380.0	1433820300.7901034
11390.0	1506626814.6816158
11400.0	1527215096.5846648
11410.0	1308724196.487542
11420.0	1609292026.3965254
11430.0	1585741323.5221684
11440.0	1484455911.0507145
11450.0	1578890034.6469705
11460.0	1594749208.06826
11470.0	1633951363.7513556
11480.0	1569087452.052125
11490.0	1674877089.0430067
11500.0	1664025388.3463857
11510.0	1634590147.0692887
11520.0	1587964651.7966406
11530.0	1613725580.3046384
11540.0	1605362709.4791136
11550.0	1638397347.8276215
11560.0	1657735833.5825863
11570.0	1627166316.839581
11580.0	1634337214.6071744
11590.0	1661787139.866223
11600.0	1566740531.8320794
11610.0	1539267498.0100846
11620.0	1640302197.5460856
11630.0	1704104755.032458
11640.0	1583301435.6257088
11650.0	1723493857.8775578
11660.0	1618229149.934535
11670.0	1634714222.8263357
11680.0	1682887735.9832745
11690.0	1402718999.1557052
11700.0	1626480722.3471985
11710.0	1665325588.6343157
11720.0	1645526397.0212352
11730.0	1683777412.46298
11740.0	1557923178.589293
11750.0	1586828547.6756425
11760.0	1566311291.4295332
11770.0	1489473125.44433
11780.0	1321731433.0872266
11790.0	1612172967.3323665
11800.0	1621269974.6346228
11810.0	1597502913.3058882
11820.0	1585872985.258367
11830.0	1594571038.1843438
11840.0	1611128955.5487432
11850.0	1632320041.955487
11860.0	1611390891.4143405
11870.0	1650795229.4282713
11880.0	1616310771.3403068
11890.0	1468964807.6347585
11900.0	1594927592.2471058
11910.0	1625248898.8025794
11920.0	1612482355.4004319
11930.0	1658166028.8642466
11940.0	1591910191.2698765
11950.0	1598185816.9564564
11960.0	1606709978.6591744
11970.0	1623536936.0822651
11980.0	1478482750.899635
11990.0	1591631562.0780199
12000.0	1608404800.0808709
12010.0	1664135239.7339213
12020.0	1614635277.5658422
12030.0	1580355548.0722885
12040.0	1665874910.4724047
12050.0	1637257393.4075763
12060.0	1721937440.5861404
12070.0	1624233398.5078351
12080.0	1642655017.2991645
12090.0	1609510470.1584554
12100.0	1717606700.421129
12110.0	1624614320.0775695
12120.0	1654265693.9362738
12130.0	1628605696.3437269
12140.0	1729542387.5004697
12150.0	1741604143.9431207
12160.0	1706874185.6787813
12170.0	1678793397.476122
12180.0	1751377407.1166444
12190.0	1707031920.5460122
12200.0	1734005230.8637998
12210.0	1698056152.0438883
12220.0	1701342234.8448715
12230.0	1738113212.4347916
12240.0	1721693099.649041
12250.0	1760771311.6521225
12260.0	1737179936.5492795
12270.0	1768073369.406959
12280.0	1739709585.645667
12290.0	1775361766.1784217
12300.0	1729390286.3349955
12310.0	1755851749.528246
12320.0	1706474144.9014835
12330.0	1735171293.113295
12340.0	1738761754.8585207
12350.0	1744613622.2865715
12360.0	1753502986.5734608
12370.0	1757709889.899736
12380.0	1779010040.3762696
12390.0	1735384804.9827878
12400.0	1774863128.075667
12410.0	1616537539.3740835
12420.0	1573822119.4932013
12430.0	1602993227.4360232
12440.0	1506127691.0573072
12450.0	1690605782.5493026
12460.0	1646866092.6754355
12470.0	1684753363.8818073
12480.0	1656181436.788878
12490.0	1685809439.6919923
12500.0	1681003714.5055568
12510.0	1728856685.8754807
12520.0	1643813867.3030236
12530.0	1581374906.975975
12540.0	1725726915.1383777
12550.0	1645899354.000852
12560.0	1662514602.9912832
12570.0	1631327493.10263
12580.0	1642221697.188992
12590.0	1641716032.9363136
12600.0	1614378035.4967911
12610.0	1669354967.044442
12620.0	1643916014.5950089
12630.0	1668172416.3463492
12640.0	1608198544.9096603
12650.0	1697276005.6364946
12660.0	1681796428.227063
12670.0	1685638986.2574956
12680.0	1658860064.2469745
12690.0	1724903391.2397587
12700.0	1646381596.5343394
12710.0	1652135557.2890651
12720.0	1713092128.165167
12730.0	1695186478.066307
12740.0	1676269485.7430973
12750.0	1692113603.9438639
12760.0	1728977255.6082401
12770.0	1720753095.4947035
12780.0	1727683138.7162538
12790.0	1706240224.5150788
12800.0	1721603665.316316
12810.0	1711443882.932368
12820.0	1711412690.6080418
12830.0	1633700284.659084
12840.0	1654247173.422306
12850.0	1703332668.5581162
12860.0	1668627970.8183885
12870.0	1723592337.2282891
12880.0	1693780741.5636992
12890.0	1695007003.2896595
12900.0	1652919937.9317982
12910.0	1709425859.7740536
12920.0	1720111286.5301237
12930.0	1726864158.9077554
12940.0	1759027504.5449069
12950.0	1736615548.7648764
12960.0	1751486180.673484
12970.0	1723405395.9390333
12980.0	1730517647.9141812
12990.0	1704593797.931094
13000.0	1744544059.6836214
13010.0	1713540242.423242
13020.0	1754707475.6379588
13030.0	1749370731.149854
13040.0	1748342511.6563346
13050.0	1735714592.3705533
13060.0	1760053616.9567811
13070.0	1686997041.1157491
13080.0	1694357017.3121107
13090.0	1675532643.6174686
13100.0	1678253025.1735718
13110.0	1728458319.8493373
13120.0	1675731478.607653
13130.0	1543307505.4817505
13140.0	1671767340.5180814
13150.0	1616764026.4190702
13160.0	1649543689.0297127
13170.0	1682306255.7508075
13180.0	1654290669.0122187
13190.0	1688833814.8360298
13200.0	1654681288.920313
13210.0	1667527681.796792
13220.0	1625731668.7861822
13230.0	1658974950.2826107
13240.0	1642320300.4273484
13250.0	1564085087.1963487
13260.0	1641724911.2814696
13270.0	1552637803.3352757
13280.0	1566169892.3202226
13290.0	1571410841.4230082
13300.0	1479939720.0674136
13310.0	1447078043.979863
13320.0	1290277968.7794845
13330.0	1341633201.1265383
13340.0	1325777440.009483
13350.0	999307693.2718047
13360.0	1160775957.922155
13370.0	1049216636.0487258
13380.0	1156229068.467375
13390.0	1128594983.7217922
13400.0	1272351690.066039
13410.0	1162164898.4728591
13420.0	1014517817.2207534
13430.0	975464671.62033
13440.0	1176530322.5515294
13450.0	1055382870.5320909
13460.0	1181418023.0336094
13470.0	1011772340.7095132
13480.0	1023292652.1013954
13490.0	1186397085.393603
13500.0	1061335068.2422386
13510.0	1034453078.8780437
13520.0	1038276774.3738832
13530.0	1073547277.3770648
13540.0	1022012698.7044667
13550.0	1002701714.2362813
13560.0	1084229270.53784
13570.0	1060436291.5099967
13580.0	1001765509.0502303
13590.0	1021492771.8030373
13600.0	1019088839.684926
13610.0	1021045041.2055274
13620.0	904832243.4009835
13630.0	1018461106.0806866
13640.0	1011403813.0141934
13650.0	975995079.9344612
13660.0	1042305370.4954377
13670.0	998587834.1199672
13680.0	965508363.8109407
13690.0	974425563.7816294
13700.0	989791805.8521377
13710.0	914992966.3324325
13720.0	969042336.4712472
13730.0	961622960.790866
13740.0	927074881.4124179
13750.0	994102993.026716
13760.0	983003964.9544379
13770.0	992601173.2803236
13780.0	1021131842.9130079
13790.0	967024083.6136544
13800.0	1022461851.4171672
13810.0	983203168.209443
13820.0	1063364029.3656192
13830.0	966303531.299513
13840.0	1026082810.7727739
13850.0	1038610723.6053652
13860.0	971691000.8529036
13870.0	1003062602.4838722
13880.0	955810403.7603518
13890.0	1079091183.061082
13900.0	918788884.9117066
13910.0	893503571.6029459
13920.0	957762570.3702966
13930.0	895753740.4640197
13940.0	928415113.1702161
13950.0	939286127.4359971
13960.0	960655244.6342523
13970.0	940668033.360428
13980.0	869527026.1039528
13990.0	931319715.5456266
14000.0	894094478.1698261
14010.0	850004797.5854994
14020.0	956614399.1617196
14030.0	936946890.4965477
14040.0	902240864.063137
14050.0	910350798.8438985
14060.0	974805381.3764262
14070.0	851969159.3543092
14080.0	889688040.0884483
14090.0	843766456.4857837
14100.0	879836995.479198
14110.0	854393336.766101
14120.0	843302891.871189
14130.0	912565537.8910687
14140.0	858824257.7987239
14150.0	779821881.9992719
14160.0	884276717.964153
14170.0	804017771.6423411
14180.0	788076431.0761648
14190.0	794496602.6506579
14200.0	883912907.5001212
14210.0	858909117.1665003
14220.0	794546324.7498908
14230.0	842209256.5457003
14240.0	804875607.3713322
14250.0	821426711.3460038
14260.0	806143296.4396746
14270.0	818688059.0003335
14280.0	819967513.8421876
14290.0	735823023.0968928
14300.0	889009796.470374
14310.0	867859272.4794995
14320.0	800362844.4900602
14330.0	836333742.7751943
14340.0	765414705.4411479
14350.0	863046613.386854
14360.0	822500923.3914759
14370.0	809260567.5319798
14380.0	841647139.6092583
14390.0	843240254.1042303
14400.0	846505688.132883
14410.0	797162680.8294963
14420.0	830554153.7408841
14430.0	881835254.5539519
14440.0	866744955.1342226
14450.0	820843866.0704265
14460.0	878676073.4971561
14470.0	801038211.2164754
14480.0	838728880.772179
14490.0	919613076.8298963
14500.0	823778731.2756959
14510.0	814302863.2984818
14520.0	932338403.232486
14530.0	857083641.9158587
14540.0	823148138.3846014
14550.0	934596579.4183426
14560.0	829688518.6522096
14570.0	824856730.728349
14580.0	873955465.8531519
14590.0	882835631.5172293
14600.0	885456406.8460602
14610.0	847616023.7127542
14620.0	856929093.4601142
14630.0	794607882.8742694
14640.0	880160364.2034025
14650.0	848782997.9915962
14660.0	876267472.2223262
14670.0	858518237.5067356
14680.0	805880392.4588113
14690.0	799442272.4093268
14700.0	800658859.7692509
14710.0	847089825.8619828
14720.0	836175265.8427724
14730.0	852446967.2387319
14740.0	815233894.2360299
14750.0	809278840.8002889
14760.0	826304208.1825325
14770.0	829677030.217931
14780.0	816740756.2132279
14790.0	899741577.6913186
14800.0	791056328.249349
14810.0	846109211.1057475
14820.0	789244533.7197453
14830.0	838123729.9010335
14840.0	889521542.1993892
14850.0	819898744.0902654
14860.0	839955493.1762516
14870.0	875152345.8180417
14880.0	840688924.3444331
14890.0	848136639.9234651
14900.0	836567598.3347217
14910.0	873336170.1059119
14920.0	839607077.8402586
14930.0	842882090.9095963
14940.0	809304535.180196
14950.0	872183459.4025342
14960.0	850058100.3946049
14970.0	876705041.7942107
14980.0	869780247.3718059
14990.0	897695366.1504875
15000.0	834922359.084688
15010.0	857707502.4360379
15020.0	804812252.8723184
15030.0	916734544.9104106
15040.0	844655373.4200324
15050.0	872587426.2921693
15060.0	855214451.4960369
15070.0	914613377.1570027
15080.0	841181110.7410508
15090.0	903379377.3786896
15100.0	863845068.1022227
15110.0	887420133.4728231
15120.0	907184574.8246218
15130.0	842159956.4245229
15140.0	871357866.3161527
15150.0	932439502.2435625
15160.0	897185742.3822885
15170.0	845817611.843509
15180.0	895219720.1072865
15190.0	886952020.9109913
15200.0	875321607.6639645
15210.0	931163092.324884
15220.0	920181873.987838
15230.0	918836526.1495621
15240.0	894016946.8716763
15250.0	863052513.6366779
15260.0	860662989.4663079
15270.0	880490085.8334217
15280.0	900968658.2409517
15290.0	901747437.0887364
15300.0	960212697.700197
15310.0	906586520.3956271
15320.0	827925889.5220596
15330.0	877047678.3671294
15340.0	942087301.8387781
15350.0	903758167.5335633
15360.0	918893766.3815653
15370.0	884475420.7340343
15380.0	889570972.965184
15390.0	934814627.9666191
15400.0	889965173.9077522
15410.0	858204039.1072484
15420.0	933885999.8387759
15430.0	900165351.1327662
15440.0	889309477.4203953
15450.0	925176836.5535777
15460.0	967533399.9384497
15470.0	904928381.6736944
15480.0	897819660.5953715
15490.0	927414063.1864221
15500.0	943584587.81812
15510.0	888354493.3800536
15520.0	936822038.0367055
15530.0	953901021.7730377
15540.0	937807739.4123676
15550.0	920054367.106961
15560.0	930726110.8194269
15570.0	926275791.7581017
15580.0	880594552.4563801
15590.0	923427764.6810694
15600.0	937971231.4669318
15610.0	944180168.8828114
15620.0	955405577.3281715
15630.0	970992814.3958918
15640.0	968813660.467406
15650.0	920173347.7392735
15660.0	877551866.3379246
15670.0	978942604.0076768
15680.0	1005088755.7937257
15690.0	960318327.4943055
15700.0	939115584.0550313
15710.0	970600055.627691
15720.0	958599335.5223964
15730.0	967947965.2272497
15740.0	990168424.0528189
15750.0	989794899.8356913
15760.0	967855101.9052969
15770.0	985609366.6067798
15780.0	964732241.7692732
15790.0	977315559.2943345
15800.0	971835581.5029124
15810.0	1003832453.0429144
15820.0	983381836.3414223
15830.0	1012905896.8048742
15840.0	972768653.4043727
15850.0	970717680.0109522
15860.0	1037235751.9477379
15870.0	1013684868.4588127
15880.0	1007724341.2106142
15890.0	1016812303.0168163
15900.0	958995916.2909908
15910.0	1025745922.8780181
15920.0	996683317.8537049
15930.0	998168688.279422
15940.0	1026099704.6906871
15950.0	1028473841.5377576
15960.0	1042645478.2048377
15970.0	1025175341.458847
15980.0	1021855948.369387
15990.0	1027707087.4479091
16000.0	1033090018.2977268
16010.0	1043647361.7831539
16020.0	997700544.7057722
16030.0	1076210383.1374419
16040.0	1024280336.6978444
16050.0	1037220720.0829964
16060.0	1021540658.8269852
16070.0	1044157330.4818836
16080.0	1052702000.6057062
16090.0	1053056829.2368338
16100.0	1054193517.9614903
16110.0	1025772674.2843608
16120.0	1051485255.0090898
16130.0	1068212945.5608507
16140.0	1042252255.8893411
16150.0	1050449688.7035589
16160.0	1051874871.9715945
16170.0	1102006241.1314309
16180.0	1095098749.930376
16190.0	1026170492.42116
16200.0	1044861264.522273
16210.0	1034001936.6967431
16220.0	1087387672.9307928
16230.0	1074942646.831944
16240.0	1101253724.6311467
16250.0	1067100904.6641406
16260.0	1054655711.3394578
16270.0	1098214835.7110941
16280.0	1095306488.210712
16290.0	1087506744.4744184
16300.0	1090098198.9540193
16310.0	1073300053.6155021
16320.0	1076086600.3883307
16330.0	1106301243.1648207
16340.0	1109152667.0979536
16350.0	1080639963.971666
16360.0	1094205062.1112127
16370.0	1107365448.9526725
16380.0	1126277406.7389314
16390.0	1110118592.842851
16400.0	1100369902.6424732
16410.0	1103804526.1581907
16420.0	1104264190.0806048
16430.0	1108643933.1464825
16440.0	1120904759.9528599
16450.0	1119754372.1692603
16460.0	1122980078.503057
16470.0	1135640098.2615917
16480.0	1139314254.1446366
16490.0	1131794799.6536727
16500.0	1124337272.2328744
16510.0	1108078876.6587923
16520.0	1127392471.9432292
16530.0	1125135995.2033682
16540.0	1115016640.2704217
16550.0	1134216491.527677
16560.0	1168676285.3436213
16570.0	1157052159.4674895
16580.0	1142859741.6827078
16590.0	1126253914.0013957
16600.0	1126781658.7852442
16610.0	1114403682.8586102
16620.0	1122340778.7618542
16630.0	1171151234.6145747
16640.0	1162792470.0603845
16650.0	1164352756.705478
16660.0	1160627460.9267588
16670.0	1134932271.2376444
16680.0	1138967283.7900765
16690.0	1160500639.5231128
16700.0	1150251920.7473116
16710.0	1161666872.6973178
16720.0	1126955781.077903
16730.0	1150891686.0030038
16740.0	1169993360.4762537
16750.0	1170050731.2860637
16760.0	1169307019.1487558
16770.0	1137547676.089487
16780.0	1170395029.1505167
16790.0	1181501554.8697662
16800.0	1158981836.5141678
16810.0	1174851250.1590762
16820.0	1179926266.6887329
16830.0	1174908804.4004567
16840.0	1152914282.1989617
16850.0	1173942053.416354
16860.0	1164028503.0043871
16870.0	1132952177.4105303
16880.0	1141113533.6102488
16890.0	1114289634.999913
16900.0	1155162482.9423733
16910.0	1162935061.5658662
16920.0	1113759710.905901
16930.0	1144752071.2189384
16940.0	1147261557.3403761
16950.0	1128145572.4951196
16960.0	1120849425.438444
16970.0	1117732416.907105
16980.0	1094338018.4109204
16990.0	1113728895.5892954
17000.0	1090225369.9921556
17010.0	1107519499.4854038
17020.0	1126068152.648159
17030.0	1105571789.9231849
17040.0	1064520598.9382912
17050.0	1070997467.2374421
17060.0	1103178102.8366494
17070.0	1064726969.9878647
17080.0	1041942315.4532995
17090.0	1026204703.5492136
17100.0	1081609835.437281
17110.0	1004125436.9854034
17120.0	1013246165.289249
17130.0	1058219360.6680179
17140.0	986575746.9567438
17150.0	1019565213.4753093
17160.0	997183369.2575263
17170.0	990807883.3627385
17180.0	944886498.0142635
17190.0	928206150.966218
17200.0	968961935.2466428
17210.0	969258364.0330911
17220.0	1029223150.1977339
17230.0	955735065.5815566
17240.0	924223485.3772697
17250.0	1013555698.8951507
17260.0	993714336.7500901
17270.0	855936902.2150962
17280.0	1014408590.9527814
17290.0	969560167.7185036
17300.0	949783780.8118651
17310.0	1003527490.7292581
17320.0	890397086.2670507
17330.0	961151372.9150745
17340.0	910269765.1365106
17350.0	851431709.5729213
17360.0	949897305.5615869
17370.0	885031924.0087744
17380.0	944561404.1162604
17390.0	938007040.222157
17400.0	888559750.1135297
17410.0	908576356.2510623
17420.0	969108045.9312572
17430.0	869742612.6083826
17440.0	888911100.9735575
17450.0	890093325.2981038
17460.0	913145029.4556633
17470.0	866008659.2215148
17480.0	853246044.8204168
17490.0	916619376.4512993
17500.0	857913401.0439385
17510.0	843155211.02238
17520.0	857410688.9472984
17530.0	929369616.3269396
17540.0	834250336.7460415
17550.0	867395510.9360522
17560.0	759394989.074085
17570.0	833482340.1612288
17580.0	817731484.7715632
17590.0	801593326.1417934
17600.0	899351122.7100797
17610.0	783908980.2253577
17620.0	818165411.5125977
17630.0	762242244.3268152
17640.0	854106790.735688
17650.0	844794790.9024268
17660.0	875728167.7105175
17670.0	796287451.4533541
17680.0	738609669.506986
17690.0	762652516.8928161
17700.0	850497426.354643
17710.0	811903270.0953666
17720.0	745815453.1033784
17730.0	728162327.5716907
17740.0	810237229.5992905
17750.0	728612815.3892125
17760.0	760712659.4394387
17770.0	734353596.5887611
17780.0	747473828.678938
17790.0	765189286.1776172
17800.0	717921672.7965416
17810.0	734675659.872709
17820.0	735651698.5239259
17830.0	717040694.0051945
17840.0	807708836.5431683
17850.0	738008530.7618372
17860.0	697646440.38976
17870.0	652124921.497832
17880.0	740640776.5374212
17890.0	713351600.4977779
17900.0	750300198.4424267
17910.0	702437940.1615545
17920.0	685876228.1718144
17930.0	693469668.6375942
17940.0	714411147.6780347
17950.0	668911453.3175076
17960.0	673104300.8317862
17970.0	753770659.5663906
17980.0	715953491.9926614
17990.0	710953080.8667192
18000.0	640718015.2755959
18010.0	636529427.659116
18020.0	670969919.525484
18030.0	644093232.1991493
18040.0	712366547.2507738
18050.0	697042102.3479208
18060.0	636002522.62681
18070.0	675087907.3497914
18080.0	667354825.3587868
18090.0	632121874.6965028
18100.0	702005457.308485
18110.0	597925725.2248884
18120.0	684037602.6849753
18130.0	609930244.81594
18140.0	725970552.028331
18150.0	711938410.200648
18160.0	682280056.2853992
18170.0	648866696.9479809
18180.0	643809350.8677483
18190.0	648267449.7375388
18200.0	626293111.7210854
18210.0	647363285.988417
18220.0	567752891.763043
18230.0	678328160.1985501
18240.0	738870700.417687
18250.0	635128201.5076461
18260.0	586127004.653654
18270.0	667961702.6967025
18280.0	636248047.1077856
18290.0	660249464.9308779
18300.0	662757343.25354
18310.0	635821615.902955
18320.0	645704482.2481091
18330.0	586776377.956065
18340.0	661747147.3710496
18350.0	620092022.4042557
18360.0	634708678.730878
18370.0	668017492.4040082
18380.0	599862367.6664643
18390.0	635560959.5251507
18400.0	590350937.1176716
18410.0	677161617.726703
18420.0	582986335.4297341
18430.0	605158966.3035626
18440.0	593974963.7741102
18450.0	586823553.2419736
18460.0	598855129.8692502
18470.0	557264534.2737484
18480.0	561963543.2267265
18490.0	571476497.0387286
18500.0	556395822.3030511
18510.0	622140731.1279588
18520.0	645934318.8459846
18530.0	585251346.2470713
18540.0	581813398.726136
18550.0	592520505.4380574
18560.0	596360002.3418499
18570.0	528063711.8683467
18580.0	505188256.2071843
18590.0	524806830.7215838
18600.0	526871840.9841902
18610.0	517449407.4142574
18620.0	585672176.2826835
18630.0	558549034.3994106
18640.0	584195013.5380577
18650.0	518450639.75063473
18660.0	596283825.7702065
18670.0	580793690.1010919
18680.0	535253932.45905185
18690.0	592827853.3583863
18700.0	596065691.5641043
18710.0	560794480.0229121
18720.0	596705303.29706
18730.0	513631723.5907011
18740.0	582516278.883341
18750.0	558359160.9617
18760.0	584622822.94941
18770.0	560184740.3610988
18780.0	557062583.959957
18790.0	525326904.0761418
18800.0	569561172.8046376
18810.0	583785746.8242791
18820.0	591582962.4659128
18830.0	632755884.8645438
18840.0	629400148.8223401
18850.0	544642564.7126435
18860.0	596180573.6885153
18870.0	573702669.3819206
18880.0	624275923.6953189
18890.0	558400059.9731677
18900.0	611252776.7866282
18910.0	594729340.2754257
18920.0	506668462.5295451
18930.0	539719273.6974212
18940.0	572792475.9537189
18950.0	586259746.5643414
18960.0	562383174.6557097
18970.0	626704430.1455046
18980.0	554037383.8191268
18990.0	580819966.3311919
19000.0	633143532.3664002
19010.0	567996888.225452
19020.0	625251863.1559541
19030.0	573188854.5767511
19040.0	583172819.4952612
19050.0	583619599.0995513
19060.0	588255205.9247084
19070.0	577940115.6493748
19080.0	615035552.4647207
19090.0	592790467.3392496
19100.0	591908049.3079723
19110.0	530888143.4184843
19120.0	573378768.3537972
19130.0	599035837.5924664
19140.0	616147547.897947
19150.0	615328526.8079665
19160.0	555918125.1401771
19170.0	550657831.7184693
19180.0	563696346.946836
19190.0	609721496.1315325
19200.0	588351978.6594315
19210.0	555009587.7318108
19220.0	581931541.6824024
19230.0	594760579.1943411
19240.0	546653499.6289726
19250.0	598981071.5044794
19260.0	567644320.0804002
19270.0	527876967.4491647
19280.0	624376091.4997551
19290.0	563803933.5523508
19300.0	551116797.9587433
19310.0	503660539.2293784
19320.0	555214792.7265997
19330.0	582958532.7962607
19340.0	552430267.7312789
19350.0	586762796.699283
19360.0	596022311.1104745
19370.0	587085285.1451988
19380.0	572303940.6392404
19390.0	532562639.3170056
19400.0	549056367.679737
19410.0	565127840.8693564
19420.0	583227555.6908178
19430.0	559429000.389252
19440.0	565267948.2201526
19450.0	536531962.54438186
19460.0	505639602.9597728
19470.0	581810508.6099294
19480.0	546416062.8230457
19490.0	547075066.9870241
19500.0	589691111.4031141
19510.0	538188601.1374103
19520.0	562646555.5268142
19530.0	514134446.5502626
19540.0	582858705.3029797
19550.0	572892194.6944737
19560.0	509450935.24545395
19570.0	550854966.2505562
19580.0	586335374.8265278
19590.0	638802686.9027182
19600.0	552146907.9885594
19610.0	521931097.6961217
19620.0	567648621.131002
19630.0	586241354.2813939
19640.0	553547744.5237805
19650.0	533937585.3360509
19660.0	566073231.3535177
19670.0	589302783.3639758
19680.0	521856757.85618794
19690.0	570271568.5346531
19700.0	598779808.9698913
19710.0	537603024.6176136
19720.0	579335361.5382245
19730.0	546580705.0324574
19740.0	547054909.4054363
19750.0	589361382.5308905
19760.0	476003942.8323149
19770.0	546773065.9460013
19780.0	491246407.93754524
19790.0	554825094.0738636
19800.0	510533796.2350681
19810.0	553699226.3062067
19820.0	523252272.38069165
19830.0	542712777.4434365
19840.0	544919216.6800542
19850.0	533423398.7593013
19860.0	516470640.381713
19870.0	519776423.2011108
19880.0	529927104.47003925
19890.0	555842156.513224
19900.0	505531778.9105557
19910.0	512805438.4132902
19920.0	499191613.21886855
19930.0	554647946.6215155
19940.0	563818978.4062643
19950.0	527633457.96500367
19960.0	552164513.3918959
19970.0	537049637.2733977
19980.0	509639760.55422866
19990.0	541400973.4501936
20000.0	495056332.5509522
20010.0	520501967.0775402
20020.0	521375853.01090467
20030.0	539066546.2926127
20040.0	532617428.7530121
20050.0	533799768.26226366
20060.0	523380171.238023
20070.0	518847064.4796865
20080.0	592045963.7127136
20090.0	488325529.8330602
20100.0	524391721.92069364
20110.0	493229536.734988
20120.0	539381711.1949542
20130.0	518384541.18134475
20140.0	543185771.9608015
20150.0	534340529.3223984
20160.0	510117564.98931223
20170.0	500934803.4800052
20180.0	537464343.409833
20190.0	518738240.2708962
20200.0	470001992.6310073
20210.0	556400841.5901746
20220.0	516979330.37669367
20230.0	527999255.197802
20240.0	562544730.3933803
20250.0	527808606.0451112
20260.0	505844510.57858473
20270.0	507875380.07498497
20280.0	536030418.5510731
20290.0	468837834.16221744
20300.0	558931287.2417125
20310.0	495012460.462718
20320.0	560425961.5491252
20330.0	526133828.80129236
20340.0	521445506.5864471
20350.0	535793233.2251212
20360.0	467779174.7346791
20370.0	543926726.7189652
20380.0	538448496.7961287
20390.0	513594403.5630001
20400.0	498506298.1696311
20410.0	487979267.8990921
20420.0	529762042.97568387
20430.0	572365307.8127669
20440.0	486855443.3584715
20450.0	489647790.7480466
20460.0	523490976.0783722
20470.0	546244086.2711823
20480.0	536812157.7450574
20490.0	488967918.16531134
20500.0	502315939.50181687
20510.0	544138840.3019786
20520.0	516500376.0880067
20530.0	548987271.6904814
20540.0	490823429.6415084
20550.0	518744014.47232646
20560.0	506771612.3466734
20570.0	533508818.99402255
20580.0	543239052.0198517
20590.0	528944409.6082182
20600.0	545115483.059097
20610.0	490325188.2918441
20620.0	520042639.0834331
20630.0	519423100.2965126
20640.0	480435479.33128995
20650.0	507870102.32285136
20660.0	503313872.0835411
20670.0	561524206.0851755
20680.0	515015443.252429
20690.0	498789790.01544565
20700.0	553699231.898124
20710.0	532355065.5946709
20720.0	500221255.7243839
20730.0	518070669.20904016
20740.0	502303326.46302795
20750.0	511066362.3157432
20760.0	529578664.70003504
20770.0	521567355.8499031
20780.0	534373412.4401585
20790.0	514628216.79278195
20800.0	512022086.60423905
20810.0	525976602.9859665
20820.0	520086109.6728413
20830.0	522928547.04346454
20840.0	519009914.3013251
20850.0	523423442.82386976
20860.0	526148103.5170614
20870.0	501951706.99563605
20880.0	529986342.82828605
20890.0	517152281.21609885
20900.0	505397284.982192
20910.0	558272743.0843265
20920.0	513898189.66227216
20930.0	548677168.7449541
20940.0	505522367.3983741
20950.0	535316715.33885884
20960.0	516004261.2828972
20970.0	514394193.2075759
20980.0	546769373.9935349
20990.0	521437071.99250025
21000.0	527431471.2079967
21010.0	541693967.8006415
21020.0	523050802.48613024
21030.0	522979162.0829809
21040.0	537954539.1783404
21050.0	513817918.3881589
21060.0	538243191.1852852
21070.0	529820092.43618083
21080.0	523896661.6376172
21090.0	514136185.9868601
21100.0	545397346.8268396
21110.0	544723333.375333
21120.0	513855174.0902258
21130.0	529779751.85171646
21140.0	546858887.0271536
21150.0	539720418.7415681
21160.0	549140384.7412355
21170.0	527046889.53809386
21180.0	527921724.4300839
21190.0	525660166.0278926
21200.0	541051061.7119241
21210.0	536973789.1705378
21220.0	542454887.2508636
21230.0	538504189.4398375
21240.0	536522243.18083036
21250.0	563049458.685282
21260.0	534637231.3534467
21270.0	536408108.09317863
21280.0	522931281.41195345
21290.0	518964767.6309711
21300.0	534562022.9986063
21310.0	543147879.1296096
21320.0	544533864.9919136
21330.0	549243406.3300918
21340.0	533839889.24231327
21350.0	546632290.9678749
21360.0	550134231.6835604
21370.0	546721265.7051842
21380.0	535234716.65134686
21390.0	545595751.0224661
21400.0	526270993.2726273
21410.0	537522764.7268978
21420.0	541327169.7660526
21430.0	539738197.6623477
21440.0	575767325.4070067
21450.0	567666518.366582
21460.0	556873784.7483715
21470.0	558315606.3211752
21480.0	540993884.0311006
21490.0	545647027.6087681
21500.0	519179996.2670412
21510.0	554373076.269815
21520.0	549183933.2927945
21530.0	529709255.46454155
21540.0	554281811.8982216
21550.0	562967350.8897505
21560.0	540712371.9550014
21570.0	553410854.161576
21580.0	561133779.5813962
21590.0	552474649.7708044
21600.0	550020289.8790792
21610.0	574041974.2597442
21620.0	541534015.9013618
21630.0	544871443.1578668
21640.0	564298192.2791579
21650.0	566626179.4599291
21660.0	542568612.062334
21670.0	552948117.3236787
21680.0	569562367.7639332
21690.0	578897075.2685193
21700.0	563463164.070263
21710.0	543159409.380356
21720.0	552406207.7023474
21730.0	548981121.6737034
21740.0	562728715.501423
21750.0	569749676.9829612
21760.0	537379915.1578846
21770.0	561815200.0304252
21780.0	543597660.0532644
21790.0	543797004.3126025
21800.0	558583597.9653127
21810.0	559182074.3123419
21820.0	561329908.7570581
21830.0	551235440.1974641
21840.0	558734074.1164972
21850.0	560719280.4877981
21860.0	558337559.8806224
21870.0	567152602.074484
21880.0	559244786.6302993
21890.0	567134207.6236478
21900.0	547899827.1042858
21910.0	576147412.197667
21920.0	561690666.9615016
21930.0	540072797.4665735
21940.0	559316131.1420982
21950.0	575127861.5495223
21960.0	563510013.1443185
21970.0	559224233.1406603
21980.0	576802761.3695433
21990.0	557440360.545996
22000.0	573007799.4975026
22010.0	577714039.5285676
22020.0	568169330.3471628
22030.0	551590646.6102309
22040.0	554875600.4744811
22050.0	552019640.3841048
22060.0	555421808.9078763
22070.0	559370120.0917689
22080.0	558170147.4478023
22090.0	554573981.6534076
22100.0	570435823.7504858
22110.0	549636528.9298431
22120.0	583425960.9457067
22130.0	563004033.9314635
22140.0	583834736.654531
22150.0	571421776.6939617
22160.0	567310148.9357578
22170.0	556950188.3074569
22180.0	577337839.0726749
22190.0	556376061.1624637
22200.0	546183655.2279267
22210.0	553404537.8661901
22220.0	569325707.337754
22230.0	573403894.5207603
22240.0	575375037.7132376
22250.0	589864895.7771128
22260.0	587348733.6184704
22270.0	560442982.7928424
22280.0	562353620.7185075
22290.0	545947027.5260625
22300.0	565689488.5952833
22310.0	589992616.6968704
22320.0	575725830.2338043
22330.0	561903910.4141932
22340.0	570762388.7746118
22350.0	554073039.8443213
22360.0	550265132.2630076
22370.0	581969072.1439164
22380.0	574375780.4536638
22390.0	563020365.3406647
22400.0	587638382.9658636
22410.0	586961956.103145
22420.0	567859667.5923789
22430.0	557626189.6018157
22440.0	565114753.169492
22450.0	576895843.8648188
22460.0	586332715.6261709
22470.0	570672255.2692336
22480.0	570450867.289657
22490.0	591570167.9258204
22500.0	554201491.058275
22510.0	591707310.2250022
22520.0	564204974.5617672
22530.0	578970415.4820386
22540.0	566801019.0886811
22550.0	554992582.0937811
22560.0	569439918.6694602
22570.0	583267251.953899
22580.0	552795026.5327262
22590.0	569977934.140199
22600.0	560991892.4410291
22610.0	570086478.1786901
22620.0	564733092.9109771
22630.0	562509415.7731059
22640.0	563735864.434159
22650.0	565828743.6153406
22660.0	575701022.4090688
22670.0	569596695.4890081
22680.0	580374887.9109215
22690.0	569136021.2453082
22700.0	549262973.609347
22710.0	574992048.6062953
22720.0	551774521.3616117
22730.0	572309831.5648894
22740.0	561900347.5579269
22750.0	579563119.7993655
22760.0	564392192.5360307
22770.0	578533965.6352797
22780.0	571264005.4601053
22790.0	543133879.9617318
22800.0	555227703.4522231
22810.0	559121561.3923702
22820.0	573246715.8383288
22830.0	562169538.4844003
22840.0	551967379.3712507
22850.0	565603137.0130969
22860.0	566827696.2761067
22870.0	569173816.8183937
22880.0	579728730.2705235
22890.0	545637853.2462982
22900.0	585843364.0935351
22910.0	576169955.5732101
22920.0	552938949.5632521
22930.0	548284026.8505272
22940.0	409539458.89583635
22950.0	469235470.0828778
22960.0	485629293.9346421
22970.0	502071591.55186474
22980.0	493106590.3417432
22990.0	522142246.0038806
23000.0	542479946.599111
23010.0	474816415.44444704
23020.0	543754801.0708272
23030.0	511271695.1443835
23040.0	535374023.60775965
23050.0	505791959.5295584
23060.0	522467212.65360075
23070.0	525847454.5435133
23080.0	523036896.68074465
23090.0	536945796.0648917
23100.0	494824048.63705397
23110.0	498521271.39476985
23120.0	502783337.04669887
23130.0	533357260.4960876
23140.0	522118467.5471526
23150.0	480231832.3791894
23160.0	496774155.5862595
23170.0	532516904.89983135
23180.0	502840037.0665314
23190.0	534733332.8114847
23200.0	532969089.4418737
23210.0	491530328.1205349
23220.0	502734410.98564833
23230.0	405161818.59421444
23240.0	464181437.2519797
23250.0	467052521.47456753
23260.0	454399646.5542567
23270.0	478904630.5047957
23280.0	491325673.23654646
23290.0	486001105.2311677
23300.0	470639169.7019976
23310.0	460617711.35633606
23320.0	479981161.18646264
23330.0	499647730.7537791
23340.0	467420368.444267
23350.0	472056738.8958697
23360.0	474898562.0113311
23370.0	468319819.5023091
23380.0	486191973.1777166
23390.0	456471939.96751374
23400.0	450211080.2473892
23410.0	488989807.55981094
23420.0	489076957.0571273
23430.0	498978409.1079315
23440.0	452468014.18925726
23450.0	430192188.8918142
23460.0	513428998.32950145
23470.0	493528011.72231233
23480.0	487430020.8931816
23490.0	487367359.88740146
23500.0	467817416.4429463
23510.0	450197373.76431036
23520.0	430237032.9561592
23530.0	390276775.6188397
23540.0	402066136.32654303
23550.0	451956087.2244797
23560.0	423821070.7082527
23570.0	473889518.65202904
23580.0	453232243.6895829
23590.0	407225674.2969649
23600.0	481219165.1491914
23610.0	426994807.29620314
23620.0	440865475.9186585
23630.0	430870470.2264431
23640.0	460747052.16341406
23650.0	469934473.5216216
23660.0	465285264.6584133
23670.0	450655797.2760828
23680.0	431480025.53571886
23690.0	448288766.6698268
23700.0	478091227.0701718
23710.0	444003230.2846332
23720.0	468056975.0993673
23730.0	457692563.47126156
23740.0	445851026.3599341
23750.0	456373296.6685156
23760.0	446302797.4602007
23770.0	430773721.00505143
23780.0	447703858.41980183
23790.0	433642827.25976104
23800.0	455357382.4239829
23810.0	423282147.77122325
23820.0	435119519.86208946
23830.0	382649580.7816191
23840.0	378499670.3849166
23850.0	435864859.8123135
23860.0	404176411.1641886
23870.0	380351882.1409203
23880.0	399744774.58459586
23890.0	405452796.3369182
23900.0	437126441.3427123
23910.0	424598073.1273135
23920.0	380392015.61067903
23930.0	382722957.59418434
23940.0	466943441.26302403
23950.0	403400007.8067062
23960.0	424647050.1932495
23970.0	412201226.44086236
23980.0	396349345.6243694
23990.0	413810324.6874034
24000.0	410714803.94629776
24010.0	394344580.5632835
24020.0	404943305.0622811
24030.0	409148898.1350411
24040.0	387536293.15991086
24050.0	399561096.4412508
24060.0	397055567.4357908
24070.0	377797787.70819306
24080.0	371426537.92434615
24090.0	376441575.8161262
24100.0	375500899.4733363
24110.0	388999547.90792525
24120.0	385720697.92866915
24130.0	383069816.9660257
24140.0	336719520.41800725
24150.0	391865082.0581035
24160.0	367439376.2023512
24170.0	356931253.3337178
24180.0	365043222.2156866
24190.0	402065529.03111887
24200.0	361101228.0411665
24210.0	391756299.19812083
24220.0	341713490.8419874
24230.0	378220440.13840276
24240.0	392579862.45325786
24250.0	360574337.28503215
24260.0	346305386.9497021
24270.0	364349829.3355942
24280.0	338057614.01429
24290.0	371540919.3262052
24300.0	360100272.4940812
24310.0	343271880.5512004
24320.0	364531938.3905597
24330.0	366732808.64112085
24340.0	338811903.1639631
24350.0	346713695.05269897
24360.0	372823283.10740626
24370.0	303452154.3552791
24380.0	350891485.45909446
24390.0	378732682.92750907
24400.0	349940415.80593944
24410.0	368031449.9653655
24420.0	336212725.13062054
24430.0	327639332.01854527
24440.0	322472588.77876246
24450.0	347990687.8852649
24460.0	348832162.19065285
24470.0	369004314.5656457
24480.0	304198990.7829644
24490.0	334090720.58162427
24500.0	337883831.692966
24510.0	360100189.9594669
24520.0	295479677.7085551
24530.0	317531013.678597
24540.0	301234412.8625993
24550.0	309620484.46070623
24560.0	349517436.5136174
24570.0	338741184.5106624
24580.0	340137293.5109146
24590.0	340596762.3731183
24600.0	330106743.8877765
24610.0	247048896.30935016
24620.0	340361783.1928998
24630.0	326784253.8135328
24640.0	348952167.608614
24650.0	329579860.5254249
24660.0	321074298.504523
24670.0	345772911.0633677
24680.0	278398194.7837559
24690.0	335444827.7617596
24700.0	317430926.8695644
24710.0	311476925.0327932
24720.0	307676600.84069604
24730.0	308160537.35408217
24740.0	288644574.09899694
24750.0	290921098.82296467
24760.0	281408534.3604678
24770.0	336771336.7489561
24780.0	334144772.31059074
24790.0	273749886.83612704
24800.0	303246219.34765834
24810.0	296713096.67929244
24820.0	278728741.0847437
24830.0	289321169.0014024
24840.0	330115038.4066825
24850.0	331043472.0998803
24860.0	316725112.57216203
24870.0	273858995.44969845
24880.0	273546454.8394819
24890.0	291411977.68506616
24900.0	273009254.15973383
24910.0	274034673.21050394
24920.0	286510332.8289199
24930.0	293092319.5186717
24940.0	325415078.83651
24950.0	298472698.83549136
24960.0	291249684.50780207
24970.0	310391692.52836275
24980.0	260784128.32065642
24990.0	288483679.3529528
