# Flux units: erg / (cm m2 s)
# Wavelength units: Angstrom
wave	flux
9000.0	6299322921.812955
9010.0	6421323473.439606
9020.0	6291343655.349081
9030.0	6387362307.312761
9040.0	6502689292.092494
9050.0	6591818964.927528
9060.0	6588254705.181456
9070.0	6654796922.341276
9080.0	6673105852.456551
9090.0	6318478153.925379
9100.0	6627255711.936523
9110.0	6589476440.729619
9120.0	6661874536.317893
9130.0	6749990962.343728
9140.0	6703662827.541616
9150.0	6686340490.651354
9160.0	6742640365.480754
9170.0	6628687448.841246
9180.0	6661644145.651735
9190.0	6769792306.438578
9200.0	6716228556.547562
9210.0	6530750063.801599
9220.0	6648984332.872581
9230.0	6596926190.924748
9240.0	6576356064.282397
9250.0	6547779697.55149
9260.0	6514760473.25281
9270.0	6616532395.122564
9280.0	6567329894.961075
9290.0	6482541378.056529
9300.0	6479887941.668393
9310.0	6564728423.478536
9320.0	6552974685.120959
9330.0	6615106387.74231
9340.0	6603158354.041396
9350.0	6513473634.21475
9360.0	6421179475.8877325
9370.0	6549286741.061611
9380.0	6514262653.908697
9390.0	6557450845.25852
9400.0	6555140765.100734
9410.0	6501386141.7455
9420.0	6430544255.37185
9430.0	6575067402.370859
9440.0	6489666693.267628
9450.0	6389352446.952182
9460.0	6550324268.54869
9470.0	6588828934.281539
9480.0	6605968158.833069
9490.0	6629056190.925053
9500.0	6621015217.445451
9510.0	6544463252.655855
9520.0	6618292888.549153
9530.0	6632533800.48373
9540.0	6573904178.942269
9550.0	6409664361.682186
9560.0	6584026042.197623
9570.0	6549919464.059434
9580.0	6566849484.658667
9590.0	6670012639.32905
9600.0	6487905539.381245
9610.0	6601141855.184479
9620.0	6673000302.013793
9630.0	6663489468.055995
9640.0	6327256272.116947
9650.0	6396518667.09658
9660.0	6414573525.695711
9670.0	6433134183.0884495
9680.0	6333726831.578635
9690.0	6469375748.398535
9700.0	6623293923.054796
9710.0	6399134439.015497
9720.0	6404862212.853415
9730.0	6333400629.901533
9740.0	6370831422.892633
9750.0	6274414552.000942
9760.0	6552049699.665588
9770.0	6326923722.663253
9780.0	6603265029.687273
9790.0	6057691943.416923
9800.0	6557524551.389833
9810.0	6540674087.255587
9820.0	6495201322.529206
9830.0	6347872873.119381
9840.0	6499276866.170971
9850.0	6523767632.135084
9860.0	6571474745.900827
9870.0	6550069911.771695
9880.0	6556681923.153184
9890.0	6573260679.93837
9900.0	6349057743.967549
9910.0	6191930127.396521
9920.0	6148463723.804417
9930.0	6180845416.735292
9940.0	6309116264.820989
9950.0	6337830638.645274
9960.0	6353011191.638355
9970.0	6416919914.291749
9980.0	6384437188.136286
9990.0	6281590117.1073885
10000.0	6324670214.329596
10010.0	6205524157.793889
10020.0	6433837785.828382
10030.0	6427493431.724498
10040.0	6267855949.999747
10050.0	6255713522.099202
10060.0	6097321062.129498
10070.0	6259913213.293214
10080.0	6347204124.5511675
10090.0	6307632772.255999
10100.0	6405852639.846464
10110.0	6320823095.117273
10120.0	6323576853.500461
10130.0	6435587066.441738
10140.0	6339468326.151435
10150.0	6202190457.958532
10160.0	6233140205.21334
10170.0	6228961725.881157
10180.0	6388068359.164604
10190.0	6244044723.356958
10200.0	6241626910.525877
10210.0	6290600142.650363
10220.0	6195839361.229945
10230.0	6387851770.7012415
10240.0	6427052304.507399
10250.0	6385495035.683791
10260.0	6254201923.062965
10270.0	6186086963.25739
10280.0	6276616864.000386
10290.0	6212242155.371784
10300.0	6288357891.681373
10310.0	6363423075.5957575
10320.0	6374346279.758834
10330.0	6180248542.1256275
10340.0	6235366106.1462
10350.0	6064108773.241725
10360.0	6385966761.371687
10370.0	6322728499.624338
10380.0	6247451117.728928
10390.0	6318167851.125539
10400.0	6076503915.823179
10410.0	6393796169.237654
10420.0	6256019676.79652
10430.0	6154807031.560206
10440.0	6372619350.858933
10450.0	6364608509.663892
10460.0	6347419060.417192
10470.0	6203082723.364484
10480.0	6314731834.090699
10490.0	6321252838.381818
10500.0	6245269770.9323435
10510.0	6264368432.312497
10520.0	6260558103.681823
10530.0	6322700516.327609
10540.0	6299619470.180322
10550.0	6321812630.969139
10560.0	6278943497.380433
10570.0	6248246833.865166
10580.0	6301844359.059387
10590.0	6092680313.271093
10600.0	6349038127.630007
10610.0	6074001003.215568
10620.0	6297424903.169759
10630.0	6309948643.349241
10640.0	6323860591.984448
10650.0	6269689998.461442
10660.0	6080300164.604715
10670.0	6236880195.742053
10680.0	6162084038.433727
10690.0	6152665671.128152
10700.0	6252059526.365053
10710.0	6180351663.024669
10720.0	6234878159.1856165
10730.0	6057126975.706984
10740.0	6141099020.356636
10750.0	6181160729.66869
10760.0	6210756468.717234
10770.0	6249184257.798191
10780.0	6153321817.14361
10790.0	6152430467.831613
10800.0	6096414633.918005
10810.0	5967549509.7540045
10820.0	6093258965.988096
10830.0	6126460150.099235
10840.0	6183023663.448835
10850.0	6126396741.152458
10860.0	6206219421.076749
10870.0	6105907138.056422
10880.0	6128721271.906057
10890.0	6061216260.099014
10900.0	6161970600.025897
10910.0	6120795544.503236
10920.0	6092649454.118055
10930.0	6087575420.063506
10940.0	6146345697.870474
10950.0	6165828295.555008
10960.0	6050164111.911791
10970.0	5943538223.989688
10980.0	5946637602.733346
10990.0	5998010061.199475
11000.0	6028286534.009867
11010.0	6056830005.04135
11020.0	5916497145.916217
11030.0	5967871562.292609
11040.0	5929583822.35739
11050.0	5893646046.5611925
11060.0	5928333833.08513
11070.0	5900158115.187081
11080.0	5930448551.255348
11090.0	5947705337.468798
11100.0	5958444510.92627
11110.0	5958641521.064424
11120.0	5913143617.095388
11130.0	5948888638.327761
11140.0	5992210753.110936
11150.0	5954853712.845921
11160.0	5869966613.271684
11170.0	5959975126.772397
11180.0	5979663068.795203
11190.0	5899724174.053759
11200.0	5917419858.506201
11210.0	5969672654.37766
11220.0	5957778038.883745
11230.0	5904675677.205092
11240.0	6028930975.517185
11250.0	5761274400.97595
11260.0	5665335711.012858
11270.0	6020477382.356953
11280.0	5919018513.156912
11290.0	5957408851.561994
11300.0	5817707445.115602
11310.0	5897206055.3105955
11320.0	5973647137.467829
11330.0	5957286703.932822
11340.0	5869439583.074035
11350.0	5988397198.270821
11360.0	5905291334.544115
11370.0	5992868417.132751
11380.0	5593130020.361939
11390.0	5848621675.085772
11400.0	5875643258.32178
11410.0	5752832531.425515
11420.0	5944155739.039133
11430.0	5837989606.083882
11440.0	5797167416.076092
11450.0	5955450491.960226
11460.0	5939088833.849236
11470.0	5936171098.376945
11480.0	5837333461.445204
11490.0	5887529433.806903
11500.0	5972019442.377931
11510.0	5905919913.44249
11520.0	5958360768.79991
11530.0	5917413449.091157
11540.0	5905267275.645157
11550.0	5954602661.164
11560.0	5931563137.194098
11570.0	5916274373.140614
11580.0	5897142577.535252
11590.0	5905359893.252516
11600.0	5757744028.8399
11610.0	5525788401.936578
11620.0	5920527545.111999
11630.0	5901136348.392769
11640.0	5657949634.949718
11650.0	5909681232.515784
11660.0	5886380232.16553
11670.0	5847067971.765757
11680.0	5870286051.5585
11690.0	5612078223.836987
11700.0	5876831356.844613
11710.0	5875282399.181626
11720.0	5864471612.181627
11730.0	5872685240.488733
11740.0	5845588083.668935
11750.0	5862097206.610476
11760.0	5869044355.115282
11770.0	5762375065.588824
11780.0	5627816267.501075
11790.0	5666383738.593374
11800.0	5777192783.167532
11810.0	5822006716.904536
11820.0	5835132896.628453
11830.0	5426929229.139111
11840.0	5817424454.139203
11850.0	5823304956.287785
11860.0	5827894292.007443
11870.0	5832637868.152751
11880.0	5785535549.546304
11890.0	5298954204.140689
11900.0	5713766181.781843
11910.0	5785411072.201982
11920.0	5776867070.709508
11930.0	5806958943.3311
11940.0	5783234710.243164
11950.0	5655449042.09016
11960.0	5684759242.598856
11970.0	5710159245.239326
11980.0	5283202199.927904
11990.0	5596125499.818769
12000.0	5733973528.15353
12010.0	5720646254.249895
12020.0	5723023530.502355
12030.0	5621371573.339504
12040.0	5693145697.76591
12050.0	5729935483.990816
12060.0	5738784887.621056
12070.0	5693084191.759649
12080.0	5689893512.422805
12090.0	5451295951.035736
12100.0	5731845267.542194
12110.0	5653997983.10627
12120.0	5708549624.0323515
12130.0	5719198898.886806
12140.0	5729876729.057574
12150.0	5727459392.248653
12160.0	5704829832.939312
12170.0	5676681418.749398
12180.0	5728779769.836922
12190.0	5674162797.498593
12200.0	5679122761.786172
12210.0	5695011374.303389
12220.0	5680252576.748027
12230.0	5670410858.357121
12240.0	5660870740.488441
12250.0	5651391936.857607
12260.0	5680813710.158122
12270.0	5601130363.4460745
12280.0	5689447055.013351
12290.0	5671497370.420616
12300.0	5659185188.151607
12310.0	5651165539.012487
12320.0	5634400489.5064945
12330.0	5618301230.90218
12340.0	5610505131.285788
12350.0	5638067524.580754
12360.0	5581710791.305894
12370.0	5608626105.449923
12380.0	5655171411.840172
12390.0	5590919499.896505
12400.0	5591003480.752099
12410.0	5567409289.844675
12420.0	5545357156.269272
12430.0	5511289772.425963
12440.0	5445411836.774523
12450.0	5582370542.238385
12460.0	5579852901.181608
12470.0	5571411095.911585
12480.0	5560549730.5257845
12490.0	5546710171.399448
12500.0	5552741656.569746
12510.0	5547307083.840971
12520.0	5498626001.403994
12530.0	5377357455.869489
12540.0	5506057870.77975
12550.0	5547430676.512948
12560.0	5497457177.693483
12570.0	5464738521.508716
12580.0	5524418527.689716
12590.0	5529905706.002769
12600.0	5471549455.675125
12610.0	5499378882.1487875
12620.0	5510146381.352666
12630.0	5540915796.252353
12640.0	5450138839.329461
12650.0	5485435150.250327
12660.0	5539736967.527173
12670.0	5448926367.121244
12680.0	5427212773.97864
12690.0	5523411628.2045145
12700.0	5505931499.476112
12710.0	5494336307.797275
12720.0	5531499623.588525
12730.0	5519743956.071838
12740.0	5372849424.544826
12750.0	5405573354.619148
12760.0	5505626810.085302
12770.0	5502657922.710442
12780.0	5485567635.589357
12790.0	5506535929.518393
12800.0	5499739036.198056
12810.0	5407718232.931042
12820.0	5364225040.354721
12830.0	5139841585.6614685
12840.0	5390516595.253018
12850.0	5371074398.73115
12860.0	5480461938.387203
12870.0	5472569173.799437
12880.0	5379346680.524011
12890.0	5443050584.412812
12900.0	5183461686.403375
12910.0	5338826364.703417
12920.0	5399067032.837255
12930.0	5401362970.778218
12940.0	5373868741.019379
12950.0	5389222483.81245
12960.0	5458947940.867996
12970.0	5443244373.344089
12980.0	5346329468.934209
12990.0	5411900049.847175
13000.0	5446640686.221033
13010.0	5348044445.446661
13020.0	5358434575.997104
13030.0	5441071785.318783
13040.0	5371338445.867422
13050.0	5417724197.306568
13060.0	5419234225.937063
13070.0	5413187311.681098
13080.0	5351744094.169203
13090.0	5416180364.093069
13100.0	5394316107.433597
13110.0	5394187054.982406
13120.0	5360638997.0404215
13130.0	4939389437.401736
13140.0	5331753945.460436
13150.0	5083712413.162885
13160.0	5347696432.794553
13170.0	5415594123.940027
13180.0	5396181592.877577
13190.0	5412883530.042034
13200.0	5319320300.73537
13210.0	5397345915.896824
13220.0	5289002518.00738
13230.0	5393799356.393201
13240.0	5400768250.439276
13250.0	5349627340.602205
13260.0	5363005739.890541
13270.0	5334349922.102431
13280.0	5364104456.5956545
13290.0	5167577793.970189
13300.0	5245943400.041955
13310.0	5279136818.647678
13320.0	5048472422.875839
13330.0	5360857658.655623
13340.0	5303128489.003534
13350.0	5266072662.002408
13360.0	5267558507.5260515
13370.0	5306747473.752911
13380.0	5274910404.326455
13390.0	5208906429.120653
13400.0	5222652484.139608
13410.0	5224917496.678862
13420.0	5233205419.7148285
13430.0	5284130120.471196
13440.0	5344966551.085511
13450.0	5258749810.810283
13460.0	5317815171.892227
13470.0	5253910828.02794
13480.0	5282289870.629517
13490.0	5325543508.352063
13500.0	5185067903.003303
13510.0	5289314151.832887
13520.0	5295252918.0899315
13530.0	5278390973.346025
13540.0	5296561541.483122
13550.0	5187933487.627001
13560.0	5279830565.91566
13570.0	5240172795.107935
13580.0	5285192055.367429
13590.0	5241973040.784814
13600.0	5167378812.35915
13610.0	5248104037.3061495
13620.0	5264906382.592872
13630.0	5136996264.896137
13640.0	5300002546.896623
13650.0	5173966978.233443
13660.0	5252907747.872694
13670.0	5223750478.006691
13680.0	5314522867.723089
13690.0	5194788062.183029
13700.0	5272562792.898597
13710.0	5259987131.540259
13720.0	5288726240.23881
13730.0	5222639506.411472
13740.0	5248074732.785243
13750.0	5292982729.949887
13760.0	5237912546.283886
13770.0	5293724242.07241
13780.0	5225653997.552045
13790.0	5226510195.654306
13800.0	5316584485.1601095
13810.0	5303778473.672257
13820.0	5279794729.36161
13830.0	5235409766.547625
13840.0	5296474321.992333
13850.0	5124097871.355979
13860.0	5282705962.858754
13870.0	5124922644.653468
13880.0	5255944034.402756
13890.0	5244637849.47996
13900.0	5183467164.985183
13910.0	4676362593.757759
13920.0	4657715725.63736
13930.0	4862918726.636013
13940.0	4975848360.091983
13950.0	4999821737.411253
13960.0	5086093451.254755
13970.0	5100715539.98853
13980.0	4846511388.034175
13990.0	5230255900.429216
14000.0	4982414706.879119
14010.0	4976660485.919226
14020.0	5086445439.183429
14030.0	5231475091.04819
14040.0	4913181470.403532
14050.0	5240597010.616709
14060.0	5090340582.87174
14070.0	5077107112.870121
14080.0	5087334975.366164
14090.0	4989646402.341839
14100.0	5175440915.388641
14110.0	5022423802.744977
14120.0	5041464101.097283
14130.0	4755335949.13422
14140.0	5093148757.427245
14150.0	5129381770.764223
14160.0	5012145468.933161
14170.0	5124514321.804158
14180.0	5102364834.803231
14190.0	4845850807.244207
14200.0	5071155953.211714
14210.0	5090882641.858137
14220.0	5100462252.946522
14230.0	4951473321.500458
14240.0	4923707243.467588
14250.0	5110003161.9571
14260.0	4679853857.869297
14270.0	4930324770.015128
14280.0	5146519204.446946
14290.0	4958144128.550658
14300.0	4981274569.956214
14310.0	5035444432.632672
14320.0	5120313131.11655
14330.0	5142636177.752405
14340.0	4827431571.102978
14350.0	5051988387.888248
14360.0	4941303486.051802
14370.0	5040820470.374879
14380.0	5058893595.996859
14390.0	5162553036.791652
14400.0	4810235742.46217
14410.0	5128921201.214463
14420.0	5042042694.187956
14430.0	5060537931.099111
14440.0	4982080302.290666
14450.0	5045678428.450485
14460.0	5076141715.074168
14470.0	4933546590.001533
14480.0	5175427107.057173
14490.0	5097641646.204555
14500.0	5064160527.490389
14510.0	5003043977.811969
14520.0	4918638369.47995
14530.0	5060051561.636934
14540.0	5038473989.065454
14550.0	5002650893.5231
14560.0	4887231361.259627
14570.0	5016102704.83861
14580.0	5060745868.233194
14590.0	5151982504.879209
14600.0	4883804677.736353
14610.0	4248608641.791233
14620.0	4733165253.765723
14630.0	4586791529.051236
14640.0	5139813951.408895
14650.0	4637231315.458638
14660.0	4838852968.133135
14670.0	4838310289.160325
14680.0	4809496652.302016
14690.0	4967058845.614354
14700.0	4760789102.296771
14710.0	4833250821.923169
14720.0	4905827757.774192
14730.0	5101276224.232033
14740.0	4800575352.186977
14750.0	5024629144.470238
14760.0	4857374708.583679
14770.0	4799145015.00021
14780.0	4920733643.993017
14790.0	5201714941.551862
14800.0	4920414929.62086
14810.0	4861538010.741341
14820.0	5104463540.377978
14830.0	4915585280.749244
14840.0	5099928333.825672
14850.0	5026033824.223844
14860.0	5116817847.092097
14870.0	4994221818.554267
14880.0	4391888987.655399
14890.0	4797140276.291951
14900.0	5157161206.703486
14910.0	4823181820.942448
14920.0	5156344426.599739
14930.0	5086758201.885446
14940.0	5082159135.974749
14950.0	5178704929.26826
14960.0	5038270051.938613
14970.0	5241840959.633772
14980.0	5139780084.196437
14990.0	5125568491.664085
15000.0	5234986764.622418
15010.0	4885811584.884654
15020.0	5028448221.574855
15030.0	4239254965.0959044
15040.0	4704401438.270788
15050.0	4591312195.704002
15060.0	4937980436.23363
15070.0	5099050307.533923
15080.0	5074646118.239397
15090.0	5173283546.172117
15100.0	5050351533.697941
15110.0	5182939366.435788
15120.0	5076554885.74694
15130.0	4985255812.053603
15140.0	4998701582.4405775
15150.0	5000597518.975215
15160.0	5146797997.265418
15170.0	5051288111.971612
15180.0	5175369508.126741
15190.0	5027486461.865575
15200.0	5125996707.890704
15210.0	5196743952.595732
15220.0	5088927155.640903
15230.0	5213502216.814559
15240.0	5101202132.77889
15250.0	5251788121.748661
15260.0	5241949114.540264
15270.0	4945646741.411081
15280.0	5192662412.661405
15290.0	5000876347.622779
15300.0	4998791840.085553
15310.0	5322223760.246919
15320.0	5234588781.291155
15330.0	5074851164.649153
15340.0	5139957329.173582
15350.0	5282823478.394578
15360.0	5297288377.496162
15370.0	5232488485.642444
15380.0	4761947248.165666
15390.0	4748781684.486782
15400.0	4857083307.184816
15410.0	4829975127.861078
15420.0	5246559669.55514
15430.0	4666661621.114583
15440.0	5201594952.735091
15450.0	5458656672.997211
15460.0	5266320184.312805
15470.0	5134714633.489903
15480.0	5297969484.318552
15490.0	5352841222.834597
15500.0	5203338545.32398
15510.0	5035587316.407751
15520.0	5200709703.741177
15530.0	5470854800.000621
15540.0	4964307221.713771
15550.0	5100811560.973218
15560.0	4929988338.133198
15570.0	5146180668.169669
15580.0	4967828838.852995
15590.0	5086973609.681034
15600.0	4998269381.428512
15610.0	5262106702.458291
15620.0	5221784643.552878
15630.0	4982901841.587003
15640.0	5188259945.301071
15650.0	5275424541.4119835
15660.0	5021599176.491215
15670.0	5309403155.979867
15680.0	5182061140.370373
15690.0	5305699259.832637
15700.0	5029558031.793905
15710.0	5433771226.216914
15720.0	5072665321.719778
15730.0	5033783272.777612
15740.0	5354182898.635172
15750.0	4778026193.234314
15760.0	5208197200.865371
15770.0	4525032121.739223
15780.0	4644097966.174841
15790.0	5069767120.106536
15800.0	5179974110.893131
15810.0	5302459453.024816
15820.0	5088480159.734802
15830.0	5018785051.550198
15840.0	5097699991.484524
15850.0	5285291582.108401
15860.0	5323528340.293856
15870.0	5170576715.486695
15880.0	5293731045.051368
15890.0	4657863468.915296
15900.0	4676971798.718565
15910.0	5042159474.789496
15920.0	5115573104.259358
15930.0	5296012795.655901
15940.0	5485103324.520254
15950.0	5488757749.808166
15960.0	5113642531.8150215
15970.0	5231108177.888412
15980.0	5038441414.900694
15990.0	4942156021.649576
16000.0	5259885960.89749
16010.0	5015025366.472547
16020.0	5213808076.506252
16030.0	5281958781.525672
16040.0	4910366335.706879
16050.0	5314867499.580489
16060.0	5105922117.184004
16070.0	4956625153.322813
16080.0	5042409242.329248
16090.0	5531822651.419513
16100.0	5264788933.70635
16110.0	5324204863.164234
16120.0	5454076885.645514
16130.0	5203517379.80926
16140.0	5271084138.720156
16150.0	5454037317.185444
16160.0	4748543867.793412
16170.0	5391949307.333521
16180.0	5438901699.312619
16190.0	4623167492.361074
16200.0	4576015924.20821
16210.0	4572762733.359545
16220.0	4923845072.087783
16230.0	4851819678.750067
16240.0	5095724969.955633
16250.0	4912735760.330046
16260.0	4945622423.214508
16270.0	5244053920.510069
16280.0	5452547038.872378
16290.0	5392004519.357068
16300.0	5124444004.830467
16310.0	5461807640.908227
16320.0	5089801161.560844
16330.0	5402178734.932214
16340.0	5191837228.523797
16350.0	5292412471.922498
16360.0	5111072142.8247795
16370.0	4946660031.822115
16380.0	5332282320.059316
16390.0	5047355667.851537
16400.0	4702262565.261596
16410.0	4803050087.09212
16420.0	5093740835.709845
16430.0	5246024714.099263
16440.0	5078454506.429709
16450.0	4590020684.077574
16460.0	5021125536.94829
16470.0	5263463621.432737
16480.0	4939327349.404299
16490.0	5061838567.50381
16500.0	5233130418.420057
16510.0	5379903680.573443
16520.0	5286407119.206149
16530.0	5002570544.432547
16540.0	4949553433.767588
16550.0	5103394322.187957
16560.0	5278782209.013347
16570.0	5212998667.180427
16580.0	5226648120.544478
16590.0	4992361919.170201
16600.0	5257983726.058608
16610.0	5038021380.702843
16620.0	4692063816.9741
16630.0	4906684029.527405
16640.0	4884895614.321424
16650.0	4696332556.4569845
16660.0	4785899831.504587
16670.0	4884701946.210221
16680.0	5009363982.853688
16690.0	4936067631.817703
16700.0	5115732828.246645
16710.0	4826106494.6503315
16720.0	4576172696.991448
16730.0	4760672833.194133
16740.0	5159057801.624078
16750.0	4820907751.196565
16760.0	4671533948.104924
16770.0	4907657331.512889
16780.0	5156586668.121935
16790.0	5091083527.53331
16800.0	5017160091.158645
16810.0	5006660324.835055
16820.0	4887976825.232611
16830.0	4966405249.043364
16840.0	4710189701.683365
16850.0	4836676214.455874
16860.0	4807708841.840338
16870.0	4681949303.832885
16880.0	4559702416.284153
16890.0	4667415126.891228
16900.0	4648136877.749133
16910.0	4410931841.963553
16920.0	4967514718.402793
16930.0	4943364060.672266
16940.0	4965730533.545686
16950.0	4934639578.558064
16960.0	4828723507.882957
16970.0	4868743058.735822
16980.0	4853803590.697858
16990.0	4830796947.676352
17000.0	4715391593.17042
17010.0	4532613044.116012
17020.0	4720005360.808086
17030.0	4799559562.835289
17040.0	4813093949.592091
17050.0	4790866470.080296
17060.0	4759714547.740295
17070.0	4293119206.930695
17080.0	4613833586.95925
17090.0	4676933062.527571
17100.0	4382804426.983113
17110.0	3746848690.052504
17120.0	4445128255.460926
17130.0	4671682719.374281
17140.0	4689467922.861853
17150.0	4814246755.984542
17160.0	4695148023.6033125
17170.0	4518282427.367458
17180.0	4601102329.032004
17190.0	4599276667.815651
17200.0	4617855933.341209
17210.0	4427859409.833804
17220.0	4670970383.122042
17230.0	4344628600.69736
17240.0	4464526299.739086
17250.0	4433653131.806476
17260.0	4611742694.524622
17270.0	4524247632.353549
17280.0	4498644294.413761
17290.0	4523790970.305023
17300.0	4474009199.50272
17310.0	4329334572.193278
17320.0	4309239264.058625
17330.0	4166712009.0609207
17340.0	4174492911.284351
17350.0	4295593164.336527
17360.0	4470109124.107265
17370.0	4392302776.485971
17380.0	4357881315.421053
17390.0	4373741532.66809
17400.0	4448408723.158166
17410.0	4194235017.6826487
17420.0	4274309631.599302
17430.0	4094385740.3349414
17440.0	4477496763.363038
17450.0	4421487688.924208
17460.0	4451615649.846309
17470.0	4240867089.5592813
17480.0	4443934365.719446
17490.0	4500923607.520546
17500.0	4193973381.265829
17510.0	4300398185.911175
17520.0	4381971199.420955
17530.0	4283204746.186065
17540.0	4028153223.417386
17550.0	4196366528.830012
17560.0	4284487630.415082
17570.0	4335033559.664406
17580.0	4330483638.795619
17590.0	4150473506.692527
17600.0	4144066108.6978292
17610.0	4121501299.6255937
17620.0	4009943491.2282944
17630.0	4162144131.334145
17640.0	4257603121.2116714
17650.0	4144260954.707766
17660.0	4157792881.0682697
17670.0	4097851615.051201
17680.0	4031522212.7291636
17690.0	4077463082.740191
17700.0	4179031450.8715563
17710.0	4042246665.869018
17720.0	4129934872.5470223
17730.0	4020005435.992254
17740.0	4184973243.278021
17750.0	4073263023.452929
17760.0	4094189458.5057926
17770.0	4002806942.8591533
17780.0	3867901865.3831654
17790.0	3953824929.5277896
17800.0	4115576969.970668
17810.0	4072164495.612778
17820.0	3919223173.847172
17830.0	3848982370.977217
17840.0	3984977770.9134145
17850.0	3836030791.852317
17860.0	3829065202.687508
17870.0	3938968579.778901
17880.0	4013368332.463878
17890.0	4092041957.51042
17900.0	4100437164.21285
17910.0	3917590210.358255
17920.0	4014376225.7967386
17930.0	3977672107.552541
17940.0	3835592331.4069467
17950.0	3974817110.6920137
17960.0	3973358351.9288087
17970.0	4019259228.7887683
17980.0	3993592842.4061832
17990.0	3867609636.1829157
18000.0	3971345521.202768
18010.0	3720301580.8818564
18020.0	3848112941.1403027
18030.0	3466008714.405655
18040.0	3703342880.957667
18050.0	3668862834.842492
18060.0	3836153952.726659
18070.0	3825399366.911475
18080.0	3842574093.0739517
18090.0	3849071897.536957
18100.0	3784000756.1279163
18110.0	3688724674.176672
18120.0	3726741041.404007
18130.0	3783550264.5335135
18140.0	3800253877.7817802
18150.0	3792716519.3068852
18160.0	3715924260.9289994
18170.0	3819130136.1064734
18180.0	3678517475.8065376
18190.0	3722342670.3480716
18200.0	3690033737.871196
18210.0	3809992340.772176
18220.0	3608909860.5824327
18230.0	3723127843.479987
18240.0	3831736747.820314
18250.0	3737635967.573924
18260.0	3675318637.428334
18270.0	3624829277.7102494
18280.0	3581721721.546187
18290.0	3426147560.738501
18300.0	3583651011.1611276
18310.0	3566425477.517222
18320.0	3706969804.479048
18330.0	3710359879.7293077
18340.0	3743381427.0699973
18350.0	3583256222.6943116
18360.0	3577498306.0981054
18370.0	3662032902.142646
18380.0	3502412733.4071784
18390.0	3699402548.087195
18400.0	3413144009.4805303
18410.0	3616459322.3064027
18420.0	3337846147.4939346
18430.0	3376830751.831444
18440.0	3522160520.539426
18450.0	3531727010.6914783
18460.0	3631031183.5288363
18470.0	3314175765.1151185
18480.0	3504066733.111918
18490.0	3573845707.0334563
18500.0	3513179718.2478237
18510.0	3589269122.057595
18520.0	3455378308.1850553
18530.0	3269744703.0375743
18540.0	3553564679.487103
18550.0	3508016107.981686
18560.0	3229942278.611792
18570.0	3385729087.5686874
18580.0	3436533847.4828
18590.0	3317210589.5402637
18600.0	3449147779.5900836
18610.0	3440374223.0607786
18620.0	3413749403.7768106
18630.0	3379162659.915953
18640.0	3392824684.7551856
18650.0	3463992248.330541
18660.0	3350884083.7223835
18670.0	3447833005.65303
18680.0	3421829340.2236147
18690.0	3503765173.968827
18700.0	3425366603.3027053
18710.0	3433244637.4926615
18720.0	3405914494.4894667
18730.0	3156300567.7882333
18740.0	3346486371.1197376
18750.0	3274535897.1424727
18760.0	3234582926.4406796
18770.0	3344917041.537797
18780.0	3217333248.557699
18790.0	3298944811.9310737
18800.0	3407549349.6937256
18810.0	3397366695.4663653
18820.0	3391328352.38394
18830.0	3417220504.909086
18840.0	3377568933.828908
18850.0	3150863037.624451
18860.0	3052447653.609254
18870.0	3298680753.120578
18880.0	3345451176.5252547
18890.0	3140694095.956568
18900.0	3184591467.693449
18910.0	3231477779.9270725
18920.0	3147463879.3524246
18930.0	3127210940.089627
18940.0	3260082568.517704
18950.0	3238887445.4049907
18960.0	3273531270.6355176
18970.0	3293464212.134085
18980.0	3188580217.149341
18990.0	3156035831.582963
19000.0	3343951066.974686
19010.0	3247709150.400029
19020.0	3310619487.0365996
19030.0	3245031964.73894
19040.0	3206431637.4286914
19050.0	3039444442.0396376
19060.0	3163700353.2760577
19070.0	3206997362.4004154
19080.0	3273089235.873814
19090.0	3045511129.581868
19100.0	3216051724.091562
19110.0	3075540949.155894
19120.0	3092924858.4038577
19130.0	3223305475.4716163
19140.0	3249942661.3147836
19150.0	3144334855.007552
19160.0	3123913308.9904704
19170.0	3180425931.026864
19180.0	3180466363.244919
19190.0	3241154772.344054
19200.0	3043676433.0927114
19210.0	3141850696.1481967
19220.0	3124949053.490349
19230.0	3207009050.1422544
19240.0	3165331643.7922425
19250.0	3157924621.5815706
19260.0	3063225049.657151
19270.0	3089288475.721112
19280.0	3186072671.582504
19290.0	3074639281.5204983
19300.0	3078987050.038386
19310.0	2678903645.4169946
19320.0	2879821238.0923896
19330.0	3102142481.043671
19340.0	2933691638.0465927
19350.0	2938673488.7626877
19360.0	3116864854.374869
19370.0	3124693958.929068
19380.0	3109833248.9171357
19390.0	3056353017.295407
19400.0	2963304645.2601213
19410.0	3016583895.89639
19420.0	3084425695.010203
19430.0	3021884490.29032
19440.0	2924094813.5902905
19450.0	2871098491.7293043
19460.0	2321349233.6352367
19470.0	2957316800.107087
19480.0	2922793166.0073547
19490.0	2932789394.581673
19500.0	2966651850.0085125
19510.0	2481271567.2401385
19520.0	2936539792.254338
19530.0	2988471754.040592
19540.0	2937249739.193377
19550.0	2965277884.978351
19560.0	2977506429.523209
19570.0	3009228430.945986
19580.0	3006775000.3591022
19590.0	2974712752.1856484
19600.0	2899461697.1499066
19610.0	2918671232.346451
19620.0	2838103701.458623
19630.0	2824070974.0333457
19640.0	2775030867.957428
19650.0	2919096351.778558
19660.0	2984385487.5468683
19670.0	2987188219.283019
19680.0	2920233644.8366904
19690.0	2932016186.097829
19700.0	2954946829.098583
19710.0	2916478898.754974
19720.0	2872849291.988902
19730.0	2696593278.7379875
19740.0	2805085258.842477
19750.0	2836246119.2872515
19760.0	2742293372.4151306
19770.0	2773552273.529001
19780.0	2025598006.718096
19790.0	2713852003.7544537
19800.0	2753082319.4599223
19810.0	2810107431.3518105
19820.0	2726139732.6821175
19830.0	2849055497.9767594
19840.0	2866608877.1850114
19850.0	2769107210.6349077
19860.0	2538550310.5249095
19870.0	2413284443.1542807
19880.0	2816182729.4036684
19890.0	2793306441.557685
19900.0	2742022439.6225967
19910.0	2727529451.1908784
19920.0	2626297590.973779
19930.0	2716270787.9577446
19940.0	2638510259.743121
19950.0	2719405331.650023
19960.0	2741839632.3033295
19970.0	2617687438.6979504
19980.0	2640176422.73152
19990.0	2764252684.9477563
20000.0	2712002258.987044
20010.0	2732345817.333878
20020.0	2750100102.1424427
20030.0	2653515274.6420865
20040.0	2717904503.360135
20050.0	2779418740.442829
20060.0	2641831969.7268367
20070.0	2736655069.790601
20080.0	2750059728.404937
20090.0	2648593467.1716323
20100.0	2683344524.567484
20110.0	2692292380.0970893
20120.0	2708452266.330431
20130.0	2660186527.900319
20140.0	2659967849.080009
20150.0	2697333316.4459047
20160.0	2653472070.95762
20170.0	2653359662.4759936
20180.0	2582316540.613218
20190.0	2630389183.5578246
20200.0	2548526539.1241846
20210.0	2571675586.4584484
20220.0	2564790354.4366426
20230.0	2647493942.108661
20240.0	2612900787.083766
20250.0	2557759282.4496174
20260.0	2622798957.8328667
20270.0	2581255590.1138077
20280.0	2588640339.5454807
20290.0	2457582454.9977374
20300.0	2567507571.570363
20310.0	2522218889.914059
20320.0	2627233721.869975
20330.0	2632918653.7904096
20340.0	2600836497.103474
20350.0	2544297316.057358
20360.0	2489098039.0813556
20370.0	2608959524.0978513
20380.0	2536703385.700719
20390.0	2557526586.270688
20400.0	2571896918.4751625
20410.0	2526368022.154395
20420.0	2534189627.99434
20430.0	2608731058.609003
20440.0	2551943985.5797462
20450.0	2515360593.165301
20460.0	2536128336.713724
20470.0	2524790739.5595207
20480.0	2571351651.6871934
20490.0	2539876001.6365633
20500.0	2525581674.583966
20510.0	2579923715.6135664
20520.0	2472924004.0665193
20530.0	2472684646.7721906
20540.0	2427613095.1456537
20550.0	2478157353.9148555
20560.0	2444641553.824084
20570.0	2479803086.3229256
20580.0	2468356118.797972
20590.0	2470823853.7498984
20600.0	2481717497.098085
20610.0	2411266450.6285453
20620.0	2479442386.897574
20630.0	2476409929.283426
20640.0	2179521769.4745517
20650.0	2444969235.0480475
20660.0	2442173389.497473
20670.0	2465826344.513415
20680.0	2387720653.92324
20690.0	2445015622.3547482
20700.0	2386448568.5215964
20710.0	2450444344.1275992
20720.0	2373266782.8605824
20730.0	2447890576.8579817
20740.0	2372948716.219146
20750.0	2421994834.855689
20760.0	2441200742.4628534
20770.0	2380670233.836498
20780.0	2396014105.1883836
20790.0	2438684403.634358
20800.0	2375768561.9577646
20810.0	2404358702.013432
20820.0	2386795599.5149913
20830.0	2387627554.370187
20840.0	2315009290.3287215
20850.0	2321681528.138776
20860.0	2332461985.8880644
20870.0	2359348118.7525983
20880.0	2331228988.843801
20890.0	2370576195.626011
20900.0	2360447867.1317654
20910.0	2383281251.424871
20920.0	2329952972.164236
20930.0	2400416003.6127295
20940.0	2310704922.443674
20950.0	2372733441.9804745
20960.0	2301831709.4735518
20970.0	2302658678.2743154
20980.0	2292909694.354489
20990.0	2341050142.45427
21000.0	2349704332.534265
21010.0	2340042221.857021
21020.0	2307434250.533623
21030.0	2318078683.250501
21040.0	2367598026.9474573
21050.0	2324114544.437463
21060.0	2350204375.6512265
21070.0	2286254730.4738474
21080.0	2287688822.1111007
21090.0	2297085534.125724
21100.0	2211473627.372441
21110.0	2335483429.025897
21120.0	2272035505.5490885
21130.0	2288873858.2344017
21140.0	2327630193.9864125
21150.0	2295213962.2456584
21160.0	2306950465.9541087
21170.0	2118434641.848336
21180.0	2259284181.3451157
21190.0	2215838989.852262
21200.0	2238816596.908552
21210.0	2261643384.121773
21220.0	2245577787.162467
21230.0	2228066958.2092195
21240.0	2166919132.6758757
21250.0	2273800935.0734777
21260.0	2278726848.37779
21270.0	2226020076.239552
21280.0	2218235649.3395243
21290.0	2232729324.2757406
21300.0	2270229060.2083488
21310.0	2245915418.2812357
21320.0	2252746376.068054
21330.0	2243024226.8006983
21340.0	2222930409.9672976
21350.0	2237790735.316961
21360.0	2172922851.79733
21370.0	2237047302.979323
21380.0	2215626148.1546826
21390.0	2216681626.2801976
21400.0	2218294814.7964597
21410.0	2231550765.1195865
21420.0	2200888650.6619334
21430.0	2204197081.783104
21440.0	2217546439.419989
21450.0	2216228166.54442
21460.0	2139722848.5881658
21470.0	2213618240.906836
21480.0	2216775540.0554376
21490.0	2184174864.0560207
21500.0	2166649254.5836143
21510.0	2202738938.864874
21520.0	2185603437.025992
21530.0	2144912662.3413785
21540.0	2120056306.1125097
21550.0	2167402007.1499324
21560.0	2183719203.4397707
21570.0	2147958864.9915533
21580.0	2152316781.771743
21590.0	2156412792.6259074
21600.0	2126309373.5161917
21610.0	2165995901.1018367
21620.0	2141543274.8046193
21630.0	2154607494.061536
21640.0	2159165434.4282846
21650.0	2122069599.407248
21660.0	2079782553.6577182
21670.0	2125750882.0623188
21680.0	2121284204.3483036
21690.0	2143681453.855035
21700.0	2129670708.044139
21710.0	2107054824.3180885
21720.0	2127783159.5458274
21730.0	2135320242.4900765
21740.0	2088347116.355585
21750.0	2102312613.5945835
21760.0	2087821035.2796052
21770.0	2043236217.1329575
21780.0	2103405987.7124217
21790.0	1935241764.9651918
21800.0	2089948530.477085
21810.0	2111998283.0105934
21820.0	2043739041.9077258
21830.0	2040975923.4758096
21840.0	2084007779.9641724
21850.0	2077605832.405606
21860.0	2073881475.4786572
21870.0	2067055619.1004121
21880.0	2024347926.9547465
21890.0	2023904286.599061
21900.0	1961661910.223773
21910.0	2074262308.7460108
21920.0	2079172185.7995014
21930.0	2074650573.891789
21940.0	2057076531.7726533
21950.0	2033438470.705246
21960.0	2058892042.696602
21970.0	2062025535.3225334
21980.0	2049374107.8188283
21990.0	2037332058.1377969
22000.0	2021949589.3175986
22010.0	1992478334.8102782
22020.0	2021929584.815244
22030.0	2026784393.8123078
22040.0	2038541499.7920778
22050.0	2006713998.2939794
22060.0	1834550042.8769274
22070.0	1891021420.2761288
22080.0	2024423821.2678537
22090.0	1912547460.500022
22100.0	1990219494.5631995
22110.0	2002922741.5563781
22120.0	1993989592.890441
22130.0	2018648760.731565
22140.0	2018071580.5327988
22150.0	2000836923.2015
22160.0	2009443300.4924366
22170.0	2004948566.8159184
22180.0	1997141750.8392634
22190.0	2007145604.8372843
22200.0	1986111768.2450488
22210.0	1956221694.447137
22220.0	1927389139.697192
22230.0	1992475680.3401055
22240.0	1927817347.6683962
22250.0	1978653031.5426826
22260.0	1942644316.9931264
22270.0	1881267952.3266296
22280.0	1845756328.5783925
22290.0	1932743331.2624784
22300.0	1914683201.7278683
22310.0	1927349354.7630475
22320.0	1904334485.4297144
22330.0	1952056266.7722678
22340.0	1940931289.2412903
22350.0	1929990839.3898847
22360.0	1939792124.6062212
22370.0	1956196176.488528
22380.0	1935046439.5351148
22390.0	1874177770.1511154
22400.0	1856632251.0105562
22410.0	1937947604.2275343
22420.0	1926105963.0412748
22430.0	1899925288.9776592
22440.0	1910507316.9660382
22450.0	1884214007.422624
22460.0	1911341073.4511743
22470.0	1917475482.915587
22480.0	1864584412.2655375
22490.0	1891762090.533828
22500.0	1898873479.2396111
22510.0	1910642219.1293132
22520.0	1891316322.0444782
22530.0	1908063256.9556332
22540.0	1848968917.9679484
22550.0	1840569248.7605524
22560.0	1889840363.1476417
22570.0	1892999760.7048397
22580.0	1867714703.596336
22590.0	1888219319.6715963
22600.0	1882839856.6089637
22610.0	1840779538.291196
22620.0	1847590412.5606787
22630.0	1700850903.0809367
22640.0	1825234179.562833
22650.0	1867786277.9369931
22660.0	1752992243.445534
22670.0	1853562512.6136844
22680.0	1845601180.2840924
22690.0	1852300630.2537446
22700.0	1823112482.332721
22710.0	1838222213.9559674
22720.0	1832171766.7964406
22730.0	1851602947.4840977
22740.0	1832850567.8617783
22750.0	1808539883.985539
22760.0	1815918730.091985
22770.0	1822796215.1998787
22780.0	1832311823.9694164
22790.0	1803775600.318686
22800.0	1811342359.622183
22810.0	1713122978.574188
22820.0	1778262471.758509
22830.0	1759049305.0787356
22840.0	1800857089.2507668
22850.0	1796697191.6581864
22860.0	1807560837.7995853
22870.0	1798898874.3096244
22880.0	1801547832.2740688
22890.0	1772349204.6220222
22900.0	1795257279.4942849
22910.0	1798411570.2490263
22920.0	1784706124.1392736
22930.0	1776727060.16998
22940.0	1096702416.9211946
22950.0	1388321533.6391287
22960.0	1486708291.3041615
22970.0	1452035114.8944907
22980.0	1525110113.7943616
22990.0	1594838970.3746119
23000.0	1620886908.3696237
23010.0	1586771511.7261722
23020.0	1691033427.5288792
23030.0	1681172647.841916
23040.0	1658003795.626189
23050.0	1591351252.402423
23060.0	1637805603.370952
23070.0	1636979452.1321194
23080.0	1629029052.8226335
23090.0	1627473010.0134223
23100.0	1615674357.8678923
23110.0	1660375697.1371922
23120.0	1630540665.873572
23130.0	1679476526.6344955
23140.0	1597148441.6706345
23150.0	1623369569.6937854
23160.0	1616421479.0546355
23170.0	1671112317.8236856
23180.0	1582852746.8739479
23190.0	1643138734.3746393
23200.0	1684880262.8381295
23210.0	1585845194.228166
23220.0	1641254537.9138029
23230.0	1042766573.3183984
23240.0	1296180293.0402
23250.0	1378185276.2894316
23260.0	1406365879.7130306
23270.0	1435585298.9125097
23280.0	1517654449.516283
23290.0	1466952089.8967865
23300.0	1464666973.8622606
23310.0	1532046882.3447397
23320.0	1513349953.4272366
23330.0	1554325913.3400824
23340.0	1514669012.8175228
23350.0	1544627433.5941248
23360.0	1485218361.7521017
23370.0	1493610681.2970638
23380.0	1521908588.1616778
23390.0	1407830767.92787
23400.0	1533383881.5515902
23410.0	1516275544.842027
23420.0	1578988438.6883008
23430.0	1505113643.259382
23440.0	1525942496.447581
23450.0	1379744799.0105517
23460.0	1522363249.8719814
23470.0	1477942795.3321705
23480.0	1490815168.616133
23490.0	1486242955.2551181
23500.0	1452351442.2230456
23510.0	1511639653.2181802
23520.0	1434481677.3774712
23530.0	977033615.6078022
23540.0	1111595418.539063
23550.0	1348673413.2227304
23560.0	1257484744.9445164
23570.0	1403408269.9327161
23580.0	1333367569.3453026
23590.0	1393065842.4631243
23600.0	1451910995.6867845
23610.0	1333094569.000211
23620.0	1413561000.0736578
23630.0	1336564184.5065238
23640.0	1432590520.765197
23650.0	1388334414.534367
23660.0	1445987173.0279012
23670.0	1457333623.5853248
23680.0	1435220137.4754155
23690.0	1442071540.078332
23700.0	1444061236.1103241
23710.0	1364796244.2725062
23720.0	1502937740.8053782
23730.0	1351354693.4469855
23740.0	1297318936.6568677
23750.0	1336935418.941429
23760.0	1434675684.618636
23770.0	1414539139.7030022
23780.0	1341532213.4976244
23790.0	1380771697.3959687
23800.0	1447332476.5349622
23810.0	1356535306.7929847
23820.0	1416316726.5559433
23830.0	1030701231.6286322
23840.0	1033169895.567091
23850.0	1236028012.001156
23860.0	1191786865.3098779
23870.0	1227102955.7358153
23880.0	1243817200.0958617
23890.0	1217066056.3981786
23900.0	1357587917.5949693
23910.0	1314870919.0077083
23920.0	1316495506.2707028
23930.0	1270972262.9880815
23940.0	1391432633.1040988
23950.0	1244364994.2609398
23960.0	1348911314.9727821
23970.0	1367383324.423088
23980.0	1277797239.9690437
23990.0	1329596712.7302427
24000.0	1310192095.0104911
24010.0	1337072550.6930802
24020.0	1392355734.5803607
24030.0	1338512308.1812232
24040.0	1213088234.87107
24050.0	1344331498.3944263
24060.0	1287742366.5579014
24070.0	1290380185.1780612
24080.0	1291903344.0229034
24090.0	1334649907.6264277
24100.0	1285885896.9458516
24110.0	1358400516.7734723
24120.0	1319530476.3230355
24130.0	1341678206.7639437
24140.0	994926548.182789
24150.0	1051563217.275683
24160.0	1071197424.0457218
24170.0	1141220497.1671207
24180.0	1139246871.6394472
24190.0	1310804343.5841396
24200.0	1114741195.8381963
24210.0	1288961278.8795655
24220.0	1195568652.5863216
24230.0	1200276539.0109644
24240.0	1290970676.3824503
24250.0	1269331238.2004375
24260.0	1223212627.7865193
24270.0	1248692555.6816466
24280.0	1177667412.0451279
24290.0	1257405605.513713
24300.0	1256846540.30321
24310.0	1233201285.158294
24320.0	1307679297.7421548
24330.0	1274069344.1025848
24340.0	1174634926.8741205
24350.0	1189182291.614071
24360.0	1245303360.4872224
24370.0	1203675518.139653
24380.0	1190284039.1705434
24390.0	1281475823.26515
24400.0	1224389281.7857106
24410.0	1173662522.0088754
24420.0	1224443818.9494348
24430.0	1241884266.7057052
24440.0	1204919868.2217612
24450.0	1205171025.194486
24460.0	1096028677.9145038
24470.0	1031655390.9645969
24480.0	985150127.286362
24490.0	1121920008.8233202
24500.0	1077672927.9142473
24510.0	1142162172.5321488
24520.0	1105185257.1127536
24530.0	1088353581.639153
24540.0	1148388098.5955243
24550.0	1122613884.5386653
24560.0	1137744344.0435708
24570.0	1122142717.5218067
24580.0	1187890122.2641406
24590.0	1165799514.5656414
24600.0	1179146566.4470086
24610.0	1053122713.6088308
24620.0	1201547451.081704
24630.0	1121340410.166312
24640.0	1262808894.1974711
24650.0	1128324419.8687396
24660.0	1163018173.63355
24670.0	1164006721.8463628
24680.0	1091143502.21894
24690.0	1184302479.9661317
24700.0	1132177948.8076673
24710.0	1170407928.1998596
24720.0	1091028261.7860096
24730.0	1183028935.122149
24740.0	1128380449.4250169
24750.0	1095577824.3774188
24760.0	1017564718.750438
24770.0	1234894720.374396
24780.0	1211962061.0571764
24790.0	888553735.8953747
24800.0	1024221891.4780787
24810.0	1014033717.6886078
24820.0	978141388.7543633
24830.0	1000062550.6160651
24840.0	1139969775.081309
24850.0	805703841.8346817
24860.0	718340275.2799907
24870.0	705223851.4043527
24880.0	712594059.5139843
24890.0	713291199.7595757
24900.0	732245250.4243321
24910.0	716351464.0407368
24920.0	731611093.9158437
24930.0	726245751.6420461
24940.0	755765690.3246069
24950.0	736721751.8623148
24960.0	743561198.9369087
24970.0	740664849.2213892
24980.0	733723322.0003583
24990.0	753202593.0282005
