1.0	3438529594.0610323
1.01	3490593358.020495
1.02	3630494760.7373376
1.03	3365730890.2658753
1.04	3608363647.872263
1.05	3664267064.834161
1.06	3765344191.106342
1.07	3687673815.9920173
1.08	3725862235.6600313
1.09	3735983268.9927816
1.1	3628107747.960149
1.11	3539324873.805148
1.12	3578052693.377036
1.13	3590122432.58808
1.14	3499710271.0830736
1.15	3620563062.188167
1.16	3576790747.376975
1.17	3553323473.6320834
1.18	3477234714.320882
1.19	3501165039.7678857
1.2	3450083621.835495
1.21	3516047614.5549912
1.22	3499808018.1651516
1.23	3491459177.442689
1.24	3421915321.954648
1.25	3404594315.8340526
1.26	3389623557.128534
1.27	3364044043.99834
1.28	3323400146.568451
1.29	3300057513.9669857
1.3	3315399720.3599553
1.31	3214661729.447905
1.32	3223455316.0813584
1.33	3002824729.873201
1.34	2695000775.83135
1.35	2651654336.18397
1.36	2631976781.6745014
1.37	2625249171.0448456
1.38	2663608278.9903526
1.39	2502522495.5000076
1.4	2435148130.5159802
1.41	2415637436.467284
1.42	2338404149.590551
1.43	2293093907.524762
1.44	2300286656.4873805
1.45	2321310173.9843645
1.46	2246336629.0497994
1.47	2235499951.4814973
1.48	2221470047.088026
1.49	2244254739.4277263
1.5	2235685435.447804
1.51	2258368268.338421
1.52	2255923350.924423
1.53	2240469765.7943106
1.54	2216399861.7816267
1.55	2249449077.67878
1.56	2262046643.913731
1.57	2259439547.41112
1.58	2275981512.5672846
1.59	2310080719.5454926
1.6	2338785850.518793
1.61	2309098150.415923
1.62	2234642999.594671
1.63	2328878923.2958465
1.64	2317353248.230388
1.65	2342106387.712674
1.66	2360838418.695654
1.67	2310520670.512431
1.68	2340383626.2981343
1.69	2284666403.0512896
1.7	2244206554.859452
1.71	2102725361.7930558
1.72	2016588376.9736416
1.73	1966264458.204318
1.74	1903387787.7149222
1.75	1855139085.2605982
1.76	1740055169.5439517
1.77	1693535894.9109743
1.78	1599734366.8702023
1.79	1527470885.292933
1.8	1498198762.3095896
1.81	1443546734.7330108
1.82	1421973365.4313023
1.83	1386944664.8429656
1.84	1364828371.3492925
1.85	1299687900.634041
1.86	1210955525.037554
1.87	1245908533.2761195
1.88	1265366181.8611908
1.89	1239314977.0470257
1.9	1269440662.7252517
1.91	1247525578.6473188
1.92	1227427095.8394403
1.93	1187182864.8455758
1.94	1197155247.2750244
1.95	1128677243.2197838
1.96	1180321687.8001924
1.97	1186513810.211585
1.98	1061758108.4027556
1.99	1073475086.2534857
2.0	1105517357.472605
2.01	1097706500.6390758
2.02	1079951399.3331928
2.03	1071374661.4715848
2.04	1056231057.6933644
2.05	1044442446.5969526
2.06	1044934921.5662534
2.07	1030322801.9683547
2.08	1027272067.5614625
2.09	1025750776.1709683
2.1	1031028976.920422
2.11	1031327338.6205199
2.12	1027507273.5158314
2.13	1028189424.1480988
2.14	1034432757.7913836
2.15	1039071116.1891633
2.16	1041733645.8392941
2.17	1049430043.527671
2.18	1034559691.879531
2.19	1044631276.151679
2.2	1048644360.0254225
2.21	1025617682.7644879
2.22	1048856725.2409769
2.23	1043381111.4658442
2.24	1046126723.454338
2.25	1047295345.522915
2.26	1026204557.0541736
2.27	1026242932.1551996
2.28	1018244691.3700931
2.29	982974919.2230139
2.3	914684961.8586332
2.31	926561068.0360633
2.32	885920925.0790685
2.33	852768040.5850135
2.34	842907693.2182394
2.35	818019528.3249909
2.36	797191486.1155567
2.37	818998181.3680968
2.38	768463262.8240534
2.39	732138478.0586226
