0.9	1685580715.1136715
0.901	2026821744.915635
0.902	1854239064.6945796
0.903	1879741935.0196528
0.904	1574905204.8502455
0.905	1917516764.036315
0.906	1954820676.5514116
0.907	1875888518.257878
0.908	2600023583.9765186
0.909	2204989068.5202227
0.91	2068894031.1119118
0.911	2333029294.554288
0.912	2491366639.3083277
0.913	2504382650.230248
0.914	2478616094.169128
0.915	2534817484.3437986
0.916	2613153512.91947
0.917	2555943175.0017095
0.918	2669808668.250254
0.919	2724917837.343748
0.92	2651220073.868791
0.921	2282996840.3759646
0.922	2183387392.485205
0.923	1990829461.2164595
0.924	1838685207.8963065
0.925	1997648988.8029711
0.926	1947287219.8908455
0.927	1930830516.308359
0.928	1693291609.2803578
0.929	1743319155.224153
0.93	1731208842.7188509
0.931	1657957751.558324
0.932	1790904519.5758965
0.933	1703086923.6127818
0.934	2016830281.967107
0.935	1942173674.9506733
0.936	1796015372.1807256
0.937	1746540816.6978934
0.938	1874301147.6062138
0.939	1843961728.2306316
0.94	2050183824.7883399
0.941	1955022512.386336
0.942	2176065327.4873567
0.943	2141461875.42339
0.944	2006791213.6485538
0.945	1940204795.104248
0.946	2212717568.5342035
0.947	1994639040.073051
0.948	2210704150.270868
0.949	2426119593.6180367
0.95	2215333431.137517
0.951	2202396718.30301
0.952	2381200848.810829
0.953	2405333599.990104
0.954	2471526629.841029
0.955	2271945858.0973077
0.956	2422157336.2984104
0.957	2553326684.8575444
0.958	2573125534.7727566
0.959	2664431688.3302026
0.96	2568835401.700142
0.961	2659509543.44202
0.962	2649134890.676447
0.963	2813564898.599991
0.964	2378190441.5332274
0.965	2620181721.4895754
0.966	2670388900.1914883
0.967	2814939852.4427156
0.968	2688841822.469532
0.969	2909401577.218304
0.97	2909998015.149323
0.971	2827865347.240696
0.972	3015944000.877992
0.973	2388309954.490616
0.974	2426274309.2577643
0.975	2445892528.412436
0.976	2606891828.1872263
0.977	2278661549.376892
0.978	2538423838.625284
0.979	2607158262.7453446
0.98	2596057793.971583
0.981	2564300602.9002686
0.982	2335429735.269243
0.983	2360724767.6636496
0.984	2508630505.751095
0.985	2434891274.657645
0.986	2563038908.2506347
0.987	2589606133.835009
0.988	2524221884.156646
0.989	2688027126.272208
0.99	2206349714.8707886
0.991	1930212192.7262442
0.992	2320473336.268276
0.993	2160878168.266523
0.994	2442222787.392529
0.995	2432159154.8179173
0.996	2494894206.1079144
0.997	2737350204.290978
0.998	2747431611.4328203
0.999	2257614727.034252
1.0	2408534168.764203
1.001	2362475581.140612
1.002	2485337539.936615
1.003	2483552647.138786
1.004	2324555678.720923
1.005	2488457068.0076437
1.006	2352692619.8301105
1.007	2514702250.786188
1.008	2492633639.1781926
1.009	2456824891.928823
1.01	2635399872.8089724
1.011	2478767983.6427355
1.012	2668373896.37186
1.013	2711104872.105912
1.014	2505601469.9683433
1.015	2449552692.2086735
1.016	2542309496.5766296
1.017	2517854797.843744
1.018	2706592607.556646
1.019	2529167401.1735764
1.02	2710924451.5268445
1.021	2741769493.5277233
1.022	2497885196.51691
1.023	2833997988.1843634
1.024	2738988233.997115
1.025	2576368857.2865353
1.026	2381905902.760259
1.027	2371441957.8040895
1.028	2492355687.865794
1.029	2476517631.7838225
1.03	2392258339.320801
1.031	2796878513.5996695
1.032	2490930107.959575
1.033	2477854798.0795665
1.034	2736343462.6764193
1.035	2423007213.33929
1.036	2837065254.1802077
1.037	2699972941.2616754
1.038	2668658037.3736525
1.039	2813036361.8805366
1.04	2637466179.8538513
1.041	2773550865.8671584
1.042	2686346828.738602
1.043	2615700520.489227
1.044	2914315912.558622
1.045	2857047817.836662
1.046	2803489373.0716133
1.047	2646322596.9564962
1.048	2795838276.282198
1.049	2829793493.1648836
1.05	2745017119.670089
1.051	2748595822.913355
1.052	2745755903.610542
1.053	2807585757.398979
1.054	2890970366.4718204
1.055	2889378278.76056
1.056	2944998972.617226
1.057	2784427737.0954247
1.058	2911748023.1993885
1.059	2811303696.096366
1.06	2947695278.5925455
1.061	2873362301.4681535
1.062	2875554776.804375
1.063	2936201552.5438337
1.064	2912214582.071737
1.065	2916432501.6097317
1.066	2800617113.356012
1.067	2857029252.9068604
1.068	2868717025.2937236
1.069	2868979401.2491302
1.07	2884551291.4762106
1.071	2811448627.5479307
1.072	3005649686.568029
1.073	2906332803.5985913
1.074	3047276745.064395
1.075	2949495616.998738
1.076	2985374187.7701774
1.077	3008785069.419433
1.078	3008547047.606923
1.079	3082176394.972747
1.08	2956038705.6140904
1.081	2948454079.9238677
1.082	3006974392.7407203
1.083	3059673336.8806205
1.084	3127444854.9879365
1.085	2989610585.1822824
1.086	2947318209.9263334
1.087	2975757108.2523737
1.088	2982600196.947426
1.089	2865748074.5092387
1.09	3034131809.902943
1.091	2933569358.3844376
1.092	2987483701.9811225
1.093	2963319943.6611843
1.094	2973582032.350765
1.095	3001150855.958815
1.096	2792340765.599738
1.097	2902848500.774672
1.098	2868277219.0765066
1.099	2831832509.335031
1.1	2907510959.442584
1.101	2895154437.1958327
1.102	2887399746.976097
1.103	2653682666.515748
1.104	2670771520.9209647
1.105	2657067078.831062
1.106	2691566176.6429243
1.107	2582382152.589352
1.108	2638962875.6815863
1.109	2623904983.585245
1.11	2534763272.192509
1.111	2695013821.808797
1.112	2646268049.495744
1.113	2750376377.4760265
1.114	2647262389.284375
1.115	2673981334.774876
1.116	2746268099.044395
1.117	2700944949.8412304
1.118	2770497320.892491
1.119	2686531302.468105
1.12	2671419355.3247952
1.121	2653583181.5554285
1.122	2759730027.1136045
1.123	2716086253.1898828
1.124	2861359410.268217
1.125	2676231267.8795114
1.126	2745359549.4455023
1.127	2745068808.3969865
1.128	2833144161.7189126
1.129	2715310338.065751
1.13	2647125814.0812297
1.131	2843881437.202858
1.132	2801680411.8518133
1.133	2820063772.5994916
1.134	2810478689.6046705
1.135	2696972482.7938304
1.136	2813221016.193143
1.137	2791353773.592471
1.138	2585671723.2050433
1.139	2741662764.613307
1.14	2846466340.7086744
1.141	2595460652.2109823
1.142	2817910414.144372
1.143	2775498612.816023
1.144	2693054274.9800496
1.145	2816426844.641479
1.146	2893037532.5150824
1.147	2752024988.599497
1.148	2843899544.4037104
1.149	2845269320.517841
1.15	2845896956.6176496
1.151	2886891665.4921217
1.152	2826050454.2433267
1.153	2854813162.088638
1.154	2815776353.5468187
1.155	2879205172.1604924
1.156	2939331924.9939833
1.157	2880002133.7332377
1.158	2902406388.1620007
1.159	2944163046.040659
1.16	2753798738.556726
1.161	2752979634.062228
1.162	2907184639.554264
1.163	2883607762.632494
1.164	2708785033.8445373
1.165	2946666253.068198
1.166	2751716647.9503307
1.167	2914480781.701962
1.168	2830167585.6148486
1.169	2638097805.648361
1.17	2874542446.0009317
1.171	2822073312.733392
1.172	2908884068.1973157
1.173	2777246259.162221
1.174	2830109663.069026
1.175	2896168988.4031277
1.176	2795000613.313255
1.177	2765464721.1874313
1.178	2635371094.7330565
1.179	2687974320.6479716
1.18	2802579498.7729235
1.181	2813551296.8460484
1.182	2755623013.8007174
1.183	2777643168.955111
1.184	2831081162.4070983
1.185	2815335225.9025693
1.186	2840001973.9678354
1.187	2854459441.1757383
1.188	2803631241.865676
1.189	2625484662.819211
1.19	2796181592.8049946
1.191	2830724185.3581038
1.192	2818362254.1008368
1.193	2843369620.826136
1.194	2841645205.0329423
1.195	2709861359.2666516
1.196	2764030472.7264605
1.197	2702469271.855239
1.198	2537583697.6009603
1.199	2772456749.711648
1.2	2661375633.3251896
1.201	2737455089.834669
1.202	2772912152.429478
1.203	2730400485.344847
1.204	2805592638.4018517
1.205	2759330507.888967
1.206	2845651643.5326047
1.207	2759387592.9828606
1.208	2804477017.657594
1.209	2716849584.2971177
1.21	2850659267.057345
1.211	2731535405.374756
1.212	2825357949.74424
1.213	2733709376.0616384
1.214	2813855080.4282846
1.215	2896468810.345939
1.216	2829157107.913893
1.217	2798016359.179036
1.218	2838061569.064472
1.219	2830055465.5791774
1.22	2887113233.417779
1.221	2800609489.6283216
1.222	2792541830.8328667
1.223	2792328630.091055
1.224	2767399548.3278966
1.225	2822692255.4085555
1.226	2836862480.0846295
1.227	2790763477.196715
1.228	2834774829.887341
1.229	2857787061.907467
1.23	2795974479.855959
1.231	2870634240.553017
1.232	2770982822.931491
1.233	2809897856.48175
1.234	2892110917.4596663
1.235	2803176871.387105
1.236	2886755379.186027
1.237	2818444097.533902
1.238	2769286243.5261555
1.239	2744346753.7080603
1.24	2836868327.731149
1.241	2702375997.151147
1.242	2650940806.654901
1.243	2682900937.1055675
1.244	2623124906.4192314
1.245	2700273258.5530543
1.246	2685197569.979993
1.247	2769309640.623297
1.248	2640485038.643553
1.249	2735063170.0579576
1.25	2783186300.3915462
1.251	2764488499.106739
1.252	2782068406.6672797
1.253	2663260130.045933
1.254	2793711279.74921
1.255	2709792783.1015735
1.256	2657279858.3390646
1.257	2730802725.3365207
1.258	2648817670.062378
1.259	2714263841.6361356
1.26	2758585718.689608
1.261	2772773476.219861
1.262	2658171910.1715307
1.263	2765169084.0496354
1.264	2753701226.5112505
1.265	2673337819.8413167
1.266	2771232386.2692776
1.267	2692148911.1477056
1.268	2713024493.433553
1.269	2721528315.804898
1.27	2721033249.3151426
1.271	2773359090.7165847
1.272	2753418707.534218
1.273	2770006422.017127
1.274	2693600387.915803
1.275	2657946449.7290373
1.276	2765994732.3156805
1.277	2727285578.073548
1.278	2708597465.541387
1.279	2747883550.7737947
1.28	2721923575.2317915
1.281	2698376701.5979686
1.282	2682112410.0441985
1.283	2593250365.862187
1.284	2736994938.0205746
1.285	2665724405.0205154
1.286	2669617215.180964
1.287	2769671318.8448863
1.288	2722581750.8729563
1.289	2708482282.028274
1.29	2729367372.6200137
1.291	2695624297.564436
1.292	2730467028.92359
1.293	2746847752.080994
1.294	2746220388.471933
1.295	2694559020.7339153
1.296	2761617058.373584
1.297	2751100182.554005
1.298	2753908911.481599
1.299	2687579199.8484917
1.3	2787981786.295833
1.301	2714517176.368141
1.302	2697954296.122169
1.303	2792834892.489051
1.304	2751275772.667859
1.305	2762708436.31959
1.306	2762283109.1380057
1.307	2684174000.9286165
1.308	2717836558.926967
1.309	2668513375.281348
1.31	2649670731.368091
1.311	2647484582.235497
1.312	2698006260.428941
1.313	2443648074.6796823
1.314	2674624807.882156
1.315	2537847671.431455
1.316	2684375000.3883233
1.317	2667995780.5755944
1.318	2629816241.5473495
1.319	2743443194.4648986
1.32	2683718807.457619
1.321	2682777643.7131395
1.322	2671582130.020588
1.323	2674868670.7367783
1.324	2685953649.0977964
1.325	2544566262.5738015
1.326	2617786279.457862
1.327	2635980862.7892146
1.328	2521585044.584514
1.329	2482939298.2608867
1.33	2463920298.4311066
1.331	2456043200.0581627
1.332	2199069384.1762624
1.333	2159108146.61635
1.334	2270932283.147377
1.335	1700444927.5407062
1.336	2109985470.6528535
1.337	1952928698.180098
1.338	2049936625.5602427
1.339	2026817734.841249
1.34	2130348940.549139
1.341	2219780145.5641856
1.342	1913576829.4368603
1.343	1808110042.7726989
1.344	2092896616.7669992
1.345	1963865698.5049303
1.346	2018908418.9215698
1.347	1951731824.7468283
1.348	1892567106.308487
1.349	2103546182.255488
1.35	2030364534.6862385
1.351	1997158807.1937625
1.352	1872848046.7959511
1.353	1984681631.691101
1.354	1737296279.6680472
1.355	1847287781.0849624
1.356	2006664881.9646976
1.357	2000088140.9591198
1.358	1939547891.806091
1.359	1922615395.5967832
1.36	1896024180.7941456
1.361	1990952719.0222027
1.362	1768006524.0822346
1.363	1905880658.2984474
1.364	1962578778.9032815
1.365	1969201635.4539742
1.366	1913859671.5374002
1.367	1879219864.055033
1.368	1850546540.4183772
1.369	1851044020.5302806
1.37	1898370321.7575874
1.371	1785061365.4976666
1.372	1889741081.2667425
1.373	1899443765.0017571
1.374	1842300031.7660577
1.375	1870756904.3091033
1.376	1899819588.7050254
1.377	1852606637.5810246
1.378	2005738000.2349927
1.379	1849508640.410674
1.38	2037571214.7671816
1.381	1941798065.3358932
1.382	1989328239.465608
1.383	1835327545.09831
1.384	1972180347.3843188
1.385	1891678502.2608786
1.386	1953931318.1099007
1.387	1847908380.629698
1.388	1857955504.6888726
1.389	1943931867.9382634
1.39	1784048926.136825
1.391	1579458983.3402002
1.392	1640449461.5716834
1.393	1755137800.2337835
1.394	1691735954.9375153
1.395	1724517441.7815022
1.396	1796644127.8161013
1.397	1762829523.094722
1.398	1623193519.1636105
1.399	1842687294.763105
1.4	1655854681.2949998
1.401	1699041891.8197072
1.402	1816311920.6533978
1.403	1755099438.6363835
1.404	1630374370.2936156
1.405	1733193843.032483
1.406	1861797658.7016363
1.407	1745622958.3684113
1.408	1701831374.3292522
1.409	1617931802.0709982
1.41	1733566205.2520409
1.411	1648351171.6505
1.412	1660188512.247759
1.413	1730353842.1142929
1.414	1713759978.3363366
1.415	1627041107.148588
1.416	1676238115.385381
1.417	1601567035.1024642
1.418	1539437576.1777878
1.419	1614000010.8974583
1.42	1634594907.3911884
1.421	1648453164.5657704
1.422	1624880244.552955
1.423	1624673937.0321453
1.424	1615702614.4041
1.425	1617875622.0431728
1.426	1538812400.458748
1.427	1653355799.3761573
1.428	1583227308.174488
1.429	1439225244.5145612
1.43	1753969779.181389
1.431	1699186454.9640696
1.432	1628546848.6170406
1.433	1607959115.74172
1.434	1475600350.5627902
1.435	1676069159.1665897
1.436	1654131642.7660832
1.437	1603010595.952526
1.438	1652526745.0296104
1.439	1655709786.9505038
1.44	1557648355.844585
1.441	1533168904.9950793
1.442	1549613843.0959466
1.443	1699482413.3536534
1.444	1632477507.5361872
1.445	1587036875.3338614
1.446	1676442229.7506254
1.447	1523110475.551794
1.448	1632115728.8068044
1.449	1722394414.0203953
1.45	1704259459.9128134
1.451	1535971160.5008225
1.452	1785493507.150921
1.453	1597743774.2153018
1.454	1527344068.1060898
1.455	1745244126.0707989
1.456	1548511797.4803336
1.457	1512454584.3364377
1.458	1662430740.4024847
1.459	1677921797.531395
1.46	1613001818.2527368
1.461	1513518985.3796997
1.462	1491585743.2707353
1.463	1506962164.978258
1.464	1588525786.3377056
1.465	1539948205.5220711
1.466	1722136519.4662616
1.467	1579213895.825107
1.468	1533604794.2062197
1.469	1523704138.8695183
1.47	1453164463.450363
1.471	1521525375.9498181
1.472	1569275386.3385506
1.473	1654914260.10762
1.474	1564519261.9586637
1.475	1546643738.9242132
1.476	1512625717.0564928
1.477	1525019845.2230258
1.478	1513863295.3615358
1.479	1711007306.6222026
1.48	1468580885.323248
1.481	1564679266.1618187
1.482	1561555897.5087354
1.483	1559565888.1705725
1.484	1667998357.9702575
1.485	1545624661.1381688
1.486	1544925197.9673274
1.487	1648625386.7918863
1.488	1566032589.4553442
1.489	1544415529.6117308
1.49	1608783069.4697967
1.491	1613400691.5283735
1.492	1671376527.0274525
1.493	1538384836.4767554
1.494	1499311514.167999
1.495	1601328537.5395117
1.496	1604945584.207471
1.497	1622922479.8508644
1.498	1622751854.8921447
1.499	1618879796.5750997
1.5	1608356788.4896877
1.501	1551430139.262159
1.502	1431382634.640917
1.503	1641714336.789397
1.504	1577253506.2913659
1.505	1668150628.704129
1.506	1583932608.008634
1.507	1646860103.5283344
1.508	1578479474.5989194
1.509	1682667443.4975064
1.51	1586044498.337046
1.511	1670960220.7756166
1.512	1641374525.029559
1.513	1579716837.3442302
1.514	1582572747.6459503
1.515	1558316428.3312292
1.516	1648382550.5843716
1.517	1607784414.6295578
1.518	1584924856.2550256
1.519	1614113093.015912
1.52	1599207072.6480987
1.521	1682325348.2198493
1.522	1635408093.3421881
1.523	1696511724.7329116
1.524	1629931464.703244
1.525	1584218817.7743852
1.526	1558046592.1774478
1.527	1631381842.0353904
1.528	1611064271.5318532
1.529	1566686535.2992966
1.53	1768037588.0408063
1.531	1608843932.8865366
1.532	1524816609.2299502
1.533	1559878558.558044
1.534	1669005579.4595382
1.535	1690939055.0998614
1.536	1690381140.6342196
1.537	1590851023.6069076
1.538	1571392392.3299496
1.539	1630487206.0104568
1.54	1604973853.89644
1.541	1467971475.2203584
1.542	1652396407.4555724
1.543	1529192800.205189
1.544	1627182729.0033038
1.545	1662667405.1148252
1.546	1734086558.794515
1.547	1521513716.010822
1.548	1651394275.6361637
1.549	1643206672.119128
1.55	1671943783.434966
1.551	1551230020.3621464
1.552	1675797297.6888454
1.553	1684217753.2122867
1.554	1646068334.3949337
1.555	1591601180.1237736
1.556	1600601975.1957285
1.557	1594231191.0441804
1.558	1540599775.108005
1.559	1676463414.739606
1.56	1659129807.3726404
1.561	1665800997.591503
1.562	1693747338.343132
1.563	1647825925.2574825
1.564	1780030031.9142745
1.565	1622871716.4529026
1.566	1530868782.9589105
1.567	1728986900.9608254
1.568	1770414668.8648746
1.569	1647243404.5008595
1.57	1644956880.2794511
1.571	1682759206.714099
1.572	1634697292.8555207
1.573	1642822126.155978
1.574	1697593020.7225697
1.575	1677477920.5603607
1.576	1647266098.5489972
1.577	1709836547.5812345
1.578	1636225688.5769713
1.579	1703207712.4235651
1.58	1723182981.9041743
1.581	1744585431.380119
1.582	1702313720.2336307
1.583	1725124607.417942
1.584	1638265804.2034874
1.585	1608707452.0661252
1.586	1770890495.5482996
1.587	1746514660.9780679
1.588	1777512883.329541
1.589	1678072229.668155
1.59	1571554933.8431218
1.591	1753286369.3864298
1.592	1702718775.477764
1.593	1715590928.7189038
1.594	1821915646.4886708
1.595	1798683770.382158
1.596	1819260072.0441108
1.597	1746573648.4130082
1.598	1721709359.0813172
1.599	1771553877.240625
1.6	1770994177.367144
1.601	1789196990.0327132
1.602	1717192142.4964545
1.603	1790776552.1766362
1.604	1712309572.0132155
1.605	1783652869.38908
1.606	1676002264.262062
1.607	1672586820.1908453
1.608	1726440963.4718435
1.609	1773807819.1555905
1.61	1796030681.614907
1.611	1776828842.9865649
1.612	1805874438.8358867
1.613	1756457396.5945194
1.614	1722295486.1586125
1.615	1747257215.8789
1.616	1698592748.7337475
1.617	1867914898.4971218
1.618	1867183882.2808874
1.619	1686575526.2628202
1.62	1657675622.840234
1.621	1639961165.5846806
1.622	1721714268.7958415
1.623	1700634208.7199643
1.624	1773027082.3059282
1.625	1705998868.360844
1.626	1746077272.8119218
1.627	1813659479.0543835
1.628	1794655258.9983056
1.629	1804980796.2379255
1.63	1765198144.548366
1.631	1816614369.411963
1.632	1739200114.39262
1.633	1850572870.1871743
1.634	1852527982.2880144
1.635	1785249743.2296536
1.636	1775912275.884464
1.637	1777236919.4149103
1.638	1832547245.9214754
1.639	1841830975.489135
1.64	1794176190.5957654
1.641	1814646369.2726302
1.642	1825889275.5032768
1.643	1808840040.962886
1.644	1809069243.257415
1.645	1731989873.1561534
1.646	1765841138.810846
1.647	1856681167.325333
1.648	1769634676.8685434
1.649	1881882420.1373053
1.65	1884187593.2677305
1.651	1849036680.0177543
1.652	1895780591.269134
1.653	1795717699.6964257
1.654	1802643709.7094052
1.655	1890571614.9856822
1.656	1890291149.1827922
1.657	1910883370.3176732
1.658	1906870051.2687106
1.659	1770971258.7216892
1.66	1871051062.4626367
1.661	1771006353.9991722
1.662	1800037761.1692495
1.663	1921327702.2086008
1.664	1895214580.9894493
1.665	1864701080.1421542
1.666	1850824701.2948384
1.667	1802095697.3237514
1.668	1910685427.217555
1.669	1874316177.9370666
1.67	1871810336.7917151
1.671	1848693710.7189767
1.672	1741010045.8695693
1.673	1789017504.863049
1.674	1927898091.0864792
1.675	1840177287.4448164
1.676	1843665482.163214
1.677	1831006034.4722304
1.678	1930728428.4434538
1.679	1935098548.619812
1.68	1892137803.0449088
1.681	1892237671.169504
1.682	1945250022.2251968
1.683	1934584855.2479985
1.684	1888620910.3945298
1.685	1899101440.4896688
1.686	1851771750.6805356
1.687	1838405583.4960268
1.688	1792665338.0895185
1.689	1753794598.335563
1.69	1802400765.4204202
1.691	1752917965.5618477
1.692	1892358236.6003282
1.693	1877048300.8828063
1.694	1879109761.770015
1.695	1850933782.6265736
1.696	1800697220.8042195
1.697	1837634070.8706932
1.698	1789810612.3932598
1.699	1780726958.0470498
1.7	1800028073.415731
1.701	1748831917.874858
1.702	1802625421.297872
1.703	1801270637.025049
1.704	1689424947.9320247
1.705	1769186489.2294822
1.706	1797438060.821955
1.707	1684127936.652543
1.708	1665657110.960138
1.709	1666344540.8380003
1.71	1666600280.6880631
1.711	1558699558.0559824
1.712	1629185057.8939996
1.713	1697143173.2604997
1.714	1629837620.060578
1.715	1657508937.7211692
1.716	1654917238.6903112
1.717	1586372212.4958858
1.718	1516749552.3009949
1.719	1515740718.584712
1.72	1567668749.8703232
1.721	1573929892.6236978
1.722	1631072760.5548167
1.723	1537499401.35834
1.724	1516657784.981112
1.725	1558498514.6805842
1.726	1604117900.2571974
1.727	1395696042.910007
1.728	1640013542.4920733
1.729	1591977688.2120483
1.73	1526422631.0822384
1.731	1595577350.326835
1.732	1446116851.0611053
1.733	1490681662.7543492
1.734	1448557581.649329
1.735	1431694518.7673962
1.736	1511249193.3124464
1.737	1446283537.573713
1.738	1569857795.2177432
1.739	1497008188.340912
1.74	1484142719.0992925
1.741	1494167070.1188302
1.742	1510898122.8839643
1.743	1407690863.947907
1.744	1433960438.8282347
1.745	1499544165.0550368
1.746	1483584600.859303
1.747	1402192293.6206665
1.748	1430374659.6987383
1.749	1506384677.4687996
1.75	1424406043.2263613
1.751	1415545056.757122
1.752	1382922232.9860878
1.753	1462377675.8163335
1.754	1409211903.6938381
1.755	1351980143.0242405
1.756	1272726840.7701488
1.757	1351630462.276605
1.758	1342585813.9558165
1.759	1344961824.8629146
1.76	1371362062.836245
1.761	1304552182.892194
1.762	1348785024.311814
1.763	1204467322.682244
1.764	1454246465.0994484
1.765	1394148882.5479863
1.766	1410626375.6255777
1.767	1297659878.8024342
1.768	1178796327.7403972
1.769	1209583564.1765254
1.77	1430874243.194024
1.771	1353931174.4985068
1.772	1231321236.8620195
1.773	1193982693.3374841
1.774	1327684480.6307533
1.775	1213635952.8955812
1.776	1210585840.380567
1.777	1198262950.3191526
1.778	1235843323.4483943
1.779	1235703307.6475358
1.78	1192513737.8564072
1.781	1205766495.076266
1.782	1174490778.6681042
1.783	1149779276.4984272
1.784	1301247004.452747
1.785	1174063687.8751726
1.786	1129473814.25033
1.787	1038663935.2867161
1.788	1207887851.332185
1.789	1185590911.493125
1.79	1241449407.7840626
1.791	1131880024.6378088
1.792	1127718550.930662
1.793	1180754544.2308507
1.794	1157135035.9531024
1.795	1086037114.2767348
1.796	1112330177.6466875
1.797	1232402637.6820931
1.798	1181083085.2404597
1.799	1191169475.646049
1.8	1058217651.6452836
1.801	1093210773.5643098
1.802	1087857410.3568022
1.803	1061518972.7802671
1.804	1157247483.699668
1.805	1131500361.5308719
1.806	1039016888.0465677
1.807	1110411205.760531
1.808	1076411357.9847293
1.809	1062891025.2762698
1.81	1114181584.887873
1.811	945732121.1798098
1.812	1105754925.5394
1.813	1037995319.3990359
1.814	1127196048.0133588
1.815	1162142225.1425648
1.816	1127279015.4455163
1.817	1083762619.6081529
1.818	1055227610.0702499
1.819	1003090520.7007266
1.82	1002999280.4534812
1.821	1026816605.75687
1.822	922865043.4720807
1.823	1138047614.6017885
1.824	1203092992.8813999
1.825	1050163403.837787
1.826	961310520.6200238
1.827	1091706089.4257274
1.828	1023914644.2151265
1.829	1051325084.0383601
1.83	1075856224.9939754
1.831	1047517090.6929486
1.832	1036528687.9879926
1.833	983811957.9039229
1.834	1093938098.254976
1.835	1033284891.0634841
1.836	1062837110.542426
1.837	1122820018.697102
1.838	996105768.825173
1.839	1019390970.4420658
1.84	998204421.8392117
1.841	1108681289.04158
1.842	943999043.7211744
1.843	1006770450.7879713
1.844	983778540.4154752
1.845	997992418.2225468
1.846	982935868.0516176
1.847	911484817.8352963
1.848	921497793.8286705
1.849	945661286.7094445
1.85	929733889.7807837
1.851	1029519537.4036251
1.852	1032325459.0192382
1.853	947953434.5212196
1.854	957342306.0833817
1.855	1005519553.1757189
1.856	959083840.4621931
1.857	876317983.963433
1.858	811065516.9691588
1.859	847500801.5222961
1.86	860477802.9340233
1.861	882008152.8691303
1.862	909172552.182406
1.863	932772715.6013731
1.864	919033098.6474547
1.865	880306453.7655159
1.866	951916598.2352002
1.867	944639808.6989402
1.868	890834567.9220961
1.869	977235973.1157511
1.87	980076153.5200351
1.871	918169395.7498907
1.872	940165225.4359485
1.873	835152001.2528213
1.874	953649675.2461107
1.875	915439721.3083022
1.876	990320093.852265
1.877	901260244.2548589
1.878	930871985.135705
1.879	855454571.6733849
1.88	937278617.9667284
1.881	955963256.1155436
1.882	967951841.6570979
1.883	1004735690.9626474
1.884	1019395834.4765354
1.885	884311575.7175409
1.886	933364897.8151809
1.887	915633673.8349967
1.888	1010435149.2522002
1.889	922779538.5307055
1.89	989962076.6154109
1.891	943761874.8929977
1.892	848663881.8353506
1.893	897491896.3346506
1.894	930347022.7971642
1.895	934199516.6601497
1.896	917332173.1133516
1.897	1010311036.4516728
1.898	907963707.4318962
1.899	938542463.1155274
1.9	996671057.0096022
1.901	950263857.5577312
1.902	991848267.3484619
1.903	912183911.9312241
1.904	957881276.5098068
1.905	929376744.9381703
1.906	934314427.0363175
1.907	914664663.8166732
1.908	992974513.7891165
1.909	909706307.5680841
1.91	922104435.5294123
1.911	880184971.5489615
1.912	949505011.142799
1.913	970337630.5788951
1.914	993099518.3832184
1.915	981551779.9741296
1.916	880246380.0488095
1.917	895145345.402818
1.918	890602504.7337115
1.919	988161180.2818878
1.92	959382467.9852898
1.921	897342525.7512012
1.922	949214660.5559953
1.923	937170290.6856397
1.924	877301517.9121375
1.925	956341880.2946423
1.926	906213805.989212
1.927	889739269.8169861
1.928	1010239519.1663921
1.929	921745086.4764466
1.93	890553330.212048
1.931	812053676.4269773
1.932	899902297.4812825
1.933	939707810.9431264
1.934	881878963.8529742
1.935	929717865.4270445
1.936	950827480.1597742
1.937	947539057.5875907
1.938	909137612.2982316
1.939	877632682.6946868
1.94	870361291.0232445
1.941	910022378.6931003
1.942	942607357.8368378
1.943	906629720.3923314
1.944	899459556.4684676
1.945	869036251.7040262
1.946	803135579.4240286
1.947	932165656.8218852
1.948	866452194.4030216
1.949	874354290.0606766
1.95	946399078.7243705
1.951	852499552.813034
1.952	910353877.8281361
1.953	824199507.8312812
1.954	922027083.6600555
1.955	921446916.6101291
1.956	846961518.273434
1.957	892123946.8787754
1.958	950032958.9836005
1.959	1041875039.5815016
1.96	871033914.2838871
1.961	842098957.9715594
1.962	919538932.7338158
1.963	896239408.820122
1.964	890383984.1143154
1.965	846749457.8668337
1.966	919932284.3906025
1.967	945020060.6666023
1.968	827762902.6356899
1.969	915131617.4911385
1.97	1003392272.856843
1.971	868158437.2501076
1.972	936210393.9431572
1.973	857118304.2966765
1.974	866413743.1361012
1.975	916564217.2918324
1.976	774829661.0465373
1.977	855668824.7543732
1.978	779955079.3728362
1.979	872489974.4425166
1.98	838388753.6111301
1.981	873687502.4431161
1.982	821666605.4511243
1.983	847801969.9970479
1.984	861295213.9493884
1.985	833912119.0564868
1.986	814113649.1871749
1.987	813419767.2550253
1.988	831326177.052825
1.989	898294198.6462854
1.99	799749260.6419504
1.991	825124775.62657
1.992	777535588.1325914
1.993	874256130.6702418
1.994	886604155.1925994
1.995	845952130.112058
1.996	872882610.7659495
1.997	854605944.1208947
1.998	836360784.1518819
1.999	868714582.0810195
2.0	802335667.4754893
2.001	823222004.6242801
2.002	842869957.6235925
2.003	853634406.7745502
2.004	850444029.953069
2.005	840253951.1506938
2.006	834528714.794941
2.007	827820382.6769316
2.008	928586192.1286654
2.009	781770819.5727885
2.01	848626432.7952046
2.011	792883538.5617077
2.012	862063874.9761869
2.013	814776009.2601947
2.014	841015138.6536065
2.015	856195633.925019
2.016	805500214.7990273
2.017	786362750.8079755
2.018	840514934.5933384
2.019	816193128.1496788
2.02	734854518.283573
2.021	875669368.8889573
2.022	823717128.0475042
2.023	838925998.361167
2.024	896118557.5945247
2.025	841281698.3213745
2.026	803580461.6570731
2.027	804096115.5054057
2.028	857813395.2604177
2.029	736449851.7985412
2.03	873300641.3437316
2.031	764115978.6732093
2.032	878233458.9047141
2.033	822921093.2037268
2.034	819426484.265119
2.035	848286437.477896
2.036	754189646.6695869
2.037	840613711.6003904
2.038	861557373.0934404
2.039	798677708.794206
2.04	796626699.3001294
2.041	774520541.9462292
2.042	824259086.3746762
2.043	880574615.9671401
2.044	750673893.903149
2.045	744931069.2930375
2.046	814462230.9245328
2.047	837770679.7606711
2.048	830154606.0159152
2.049	754986125.583099
2.05	800324382.170084
2.051	845148744.2544641
2.052	794965240.3347459
2.053	848463050.1711843
2.054	752924875.5957339
2.055	813686200.6977472
2.056	778285883.2068453
2.057	813412071.0222973
2.058	843702154.1828781
2.059	823520796.0704542
2.06	852106554.3297269
2.061	749166059.9195191
2.062	811630021.9860433
2.063	795763215.682928
2.064	730334189.4361831
2.065	784213943.3303286
2.066	767661127.6932718
2.067	861269799.6715325
2.068	784343234.1746639
2.069	764529481.4315271
2.07	845778269.8421181
2.071	820688704.7481439
2.072	743044229.408121
2.073	783019823.3873426
2.074	774598687.8846056
2.075	761084632.6373068
2.076	827446694.8243883
2.077	791335721.3777552
2.078	805176576.6274577
2.079	799057179.7297875
2.08	769544942.5115002
2.081	795541850.6984754
2.082	819465045.6159477
2.083	797758296.9227246
2.084	790043347.9957837
2.085	788919432.0914571
2.086	796208657.9360815
2.087	759262540.0425159
2.088	810634776.323947
2.089	795799655.5913047
2.09	770582125.9887576
2.091	848431274.9638695
2.092	779239686.13214
2.093	836145904.3173203
2.094	755814172.5556107
2.095	816003481.9571112
2.096	782447094.468351
2.097	796998050.245987
2.098	832867566.4711838
2.099	792789842.6465895
2.1	791228896.9293243
2.101	831753831.1638552
2.102	797660658.295737
2.103	798403747.9832816
2.104	816010119.9902047
2.105	773988559.1011697
2.106	836504593.8817031
2.107	807215731.8645986
2.108	800022574.8013625
2.109	779969456.2746569
2.11	821994614.7455031
2.111	824799717.62895
2.112	765246379.7465646
2.113	801779615.5037348
2.114	823458005.3986015
2.115	816012394.8851651
2.116	823182178.0738045
2.117	770339186.6962322
2.118	802144939.5281458
2.119	796741706.1323222
2.12	801996964.638223
2.121	798757653.5706564
2.122	826174705.4464524
2.123	806733396.967197
2.124	815756887.3856317
2.125	850959359.0505745
2.126	800744866.8997319
2.127	806984517.0482942
2.128	782490803.9620663
2.129	786535326.8107395
2.13	806871260.0368764
2.131	817372467.4149897
2.132	834886595.6289539
2.133	821016724.1008699
2.134	789580891.1184394
2.135	824133973.1105467
2.136	818808947.6242903
2.137	808909523.4786935
2.138	797350825.7942846
2.139	825665047.1484905
2.14	787200864.784322
2.141	803831523.5537163
2.142	818392171.4849418
2.143	823270867.5314939
2.144	846556335.9009693
2.145	842056918.353834
2.146	834949182.3849901
2.147	840635876.7232591
2.148	816441074.0179642
2.149	812879419.5675443
2.15	779862786.8880751
2.151	846567884.1803733
2.152	818611820.5004454
2.153	796995869.8411517
2.154	821384882.0131531
2.155	840703080.8149414
2.156	819053209.6941369
2.157	826637262.3208809
2.158	823818855.8847024
2.159	843442629.7394621
2.16	820750453.7196583
2.161	848008590.3142147
2.162	803690730.636268
2.163	805974081.641958
2.164	840703402.8982146
2.165	847283636.2785
2.166	808994420.1321131
2.167	836360634.4740269
2.168	842700113.4437714
2.169	861989011.1819003
2.17	842357603.4525281
2.171	806319785.5001476
2.172	827194250.2006006
2.173	824354768.0971855
2.174	832328529.3653722
2.175	850964236.1946945
2.176	799529240.4071866
2.177	838271461.5965471
2.178	818278228.7982484
2.179	794001974.8006521
2.18	842658806.8924918
2.181	831649987.9407303
2.182	822809126.5264932
2.183	826490515.4824202
2.184	818169463.917495
2.185	832950675.7055383
2.186	835982715.7742826
2.187	836475845.0767114
2.188	848762431.0853697
2.189	842875765.66993
2.19	810749212.475485
2.191	872281795.3253535
2.192	834842843.4188057
2.193	813900050.9440732
2.194	843035188.4915001
2.195	856232212.82236
2.196	855725056.4515938
2.197	823846022.4732741
2.198	853659560.3881861
2.199	840581292.0930982
2.2	847060939.5575172
2.201	856439327.1189893
2.202	851323221.7742553
2.203	815216928.7026879
2.204	839687788.7532017
2.205	818616680.5933408
2.206	811302609.2142907
2.207	837936189.0775934
2.208	831969807.8655299
2.209	811064123.6200739
2.21	853870567.4154944
2.211	823466248.0511441
2.212	877622036.2114803
2.213	836414620.6933432
2.214	864870099.7851796
2.215	861244424.3989218
2.216	844220164.4143926
2.217	835500415.5410497
2.218	871473642.6404126
2.219	829052873.469631
2.22	828254755.3145828
2.221	829056853.87906
2.222	841245161.6863819
2.223	876522870.67376
2.224	853684311.9541689
2.225	888979527.7885321
2.226	890137988.4034595
2.227	822773419.5725496
2.228	832643556.9877826
2.229	822711927.1023748
2.23	824453354.9718161
2.231	902351187.7142123
2.232	862833879.0697874
2.233	853886780.0559362
2.234	866672905.7578526
2.235	826968995.5806758
2.236	842578635.0849928
2.237	874166684.8939953
2.238	854388635.3947321
2.239	867820608.6780093
2.24	854930854.2670126
2.241	884508413.8069518
2.242	862989091.6383327
2.243	830374540.6088567
2.244	861972630.0394084
2.245	859492133.0560496
2.246	867255063.0989376
2.247	876308523.7960345
2.248	850525519.828819
2.249	873613517.060376
2.25	849140912.7637289
2.251	877396420.2988195
2.252	857765204.6702862
2.253	871924920.860744
2.254	840652379.0660014
2.255	829292765.1021492
2.256	852557448.7722819
2.257	885435397.4176196
2.258	838530057.8589506
2.259	837102931.9810339
2.26	862487976.4699987
2.261	840146093.085465
2.262	844624710.3726661
2.263	839007630.0109786
2.264	841187589.123127
2.265	841556908.5139172
2.266	857396746.8629739
2.267	850736641.2488619
2.268	881903644.6727804
2.269	854608388.5621334
2.27	825066128.7814374
2.271	877196865.5416682
2.272	818393350.7216413
2.273	865277821.038453
2.274	855215953.246945
2.275	857795646.765263
2.276	865761588.2997701
2.277	865669107.7329291
2.278	853765057.036136
2.279	827108372.8048576
2.28	828890045.4982722
2.281	829566877.205075
2.282	872713145.9229041
2.283	832296677.3527306
2.284	848913201.1246661
2.285	842026647.7492553
2.286	847925754.9449834
2.287	871704250.6114787
2.288	867003884.2671584
2.289	818509138.3362619
2.29	890035682.0034019
2.291	854272725.0314202
2.292	835292137.9586545
2.293	816107030.147444
2.294	581608133.1519406
2.295	700130640.2438538
2.296	705243095.1326565
2.297	727204486.120227
2.298	724943050.3446664
2.299	762926433.7868403
2.3	813978064.8301096
2.301	712247203.024473
2.302	803592329.398199
2.303	770767419.6585816
2.304	803867398.2306728
2.305	744844833.4239761
2.306	776669516.2957735
2.307	768230176.2816652
2.308	791993462.9274418
2.309	791984363.5531023
2.31	737925911.6839263
2.311	758837830.066722
2.312	752927112.76075
2.313	775365633.4105778
2.314	778605148.3144919
2.315	708702353.0355643
2.316	750844468.4980344
2.317	791492608.034158
2.318	739755719.2207156
2.319	812442657.6984147
2.32	788755763.7567618
2.321	705578604.5741607
2.322	753795519.9370435
2.323	576599255.4213734
2.324	668091035.8863134
2.325	677136459.2802783
2.326	675002045.3564203
2.327	708663541.7299614
2.328	716818673.2203381
2.329	693880344.7457517
2.33	695785725.8843057
2.331	675304570.1473876
2.332	718645223.3698132
2.333	739757840.3129222
2.334	689605793.2992419
2.335	698691573.8580614
2.336	679388618.5040898
2.337	668375325.2223126
2.338	713487656.9329795
2.339	663808713.1801698
2.34	680949392.2664819
2.341	722729134.652308
2.342	716959485.7725532
2.343	741569097.1431309
2.344	659592356.1330949
2.345	628964468.4045289
2.346	761049981.118814
2.347	718259732.667066
2.348	723026816.2042589
2.349	707432096.7776297
2.35	683673664.383235
2.351	683711098.6820652
2.352	636349809.4916615
2.353	550744964.9566096
2.354	576628784.5848129
2.355	646212380.3187728
2.356	615231456.1488467
2.357	678940353.9171222
2.358	642763637.5977464
2.359	600109108.0175924
2.36	694951328.2336782
2.361	634754749.2480457
2.362	652366110.9083315
2.363	622055125.8222704
2.364	676923572.6852843
2.365	677683640.5616757
2.366	688118174.2980433
2.367	674806883.1875131
2.368	635493668.4042954
2.369	653110174.0057381
2.37	700690999.0260396
2.371	641706281.2106769
2.372	703884691.1104952
2.373	664382819.9779477
2.374	649966324.4160784
2.375	681547296.071091
2.376	659337555.3599547
2.377	618657669.3579322
2.378	663917649.4167672
2.379	628792307.6561323
2.38	674342668.6628506
2.381	619875795.4287094
2.382	627413287.5261283
2.383	553058615.2014432
2.384	539735578.6764066
2.385	624268590.4882793
2.386	586674388.712488
2.387	542844719.012887
2.388	561736230.5195976
2.389	586039209.4503778
2.39	628373169.8794242
2.391	614105543.5691861
2.392	547542198.6425884
2.393	551511047.5487254
2.394	684149513.4200314
2.395	584390483.5296704
2.396	616478823.9546475
2.397	594106039.0636059
2.398	573319053.6585073
2.399	590214584.4908291
2.4	582849910.791442
2.401	582407934.3428363
2.402	590434023.7219018
2.403	588876850.7646481
2.404	569730654.1426545
2.405	581183882.0638424
2.406	570248920.9907109
2.407	555916543.7229425
2.408	540292297.4723612
2.409	545348965.5385797
2.41	544122628.0058639
2.411	551144751.2098081
2.412	560743998.9970303
2.413	552737519.2114623
2.414	486989907.4722352
2.415	550895618.0141722
2.416	517639846.0882377
2.417	504999980.7728859
2.418	529221658.8070478
2.419	590002010.7789363
2.42	534078508.64583683
2.421	566621357.8701999
2.422	495887393.82603335
2.423	536672758.67704266
2.424	577295572.2593212
2.425	526699624.2381384
2.426	508218391.58851457
2.427	532997239.2890814
2.428	493698962.8608883
2.429	533610720.1490995
2.43	530172761.2578457
2.431	498252785.319173
2.432	532939990.8955494
2.433	519967742.2649706
2.434	491449729.70362186
2.435	504967642.11015165
2.436	545265179.943848
2.437	441344343.4506305
2.438	503437583.4418612
2.439	557131430.8806618
2.44	507805455.1203037
2.441	527298660.32395047
2.442	484884158.08476794
2.443	469756918.09088993
2.444	462048499.6257105
2.445	499554077.40862375
2.446	498667130.0380207
2.447	535286743.5128712
2.448	446988540.46186584
2.449	478436732.5825789
2.45	491995979.99899846
2.451	517020562.0785343
2.452	436212655.85007566
2.453	461046335.3594451
2.454	437025311.7101929
2.455	442655228.62174124
2.456	492596245.61085945
2.457	484725416.3347131
2.458	492371664.532826
2.459	489407572.2311173
2.46	477052667.17763865
2.461	372129421.6431503
2.462	491147708.4730569
2.463	475772122.53137213
2.464	512162504.05747324
2.465	470130057.016205
2.466	464909187.37741995
2.467	500012369.22989583
2.468	399718976.43760794
2.469	482946438.91242146
2.47	450202078.0868079
2.471	450745674.1789185
2.472	445517334.0792503
2.473	451966776.68524206
2.474	414600488.6223289
2.475	413881691.64165926
2.476	407939424.0824649
2.477	489827877.1373726
2.478	475707111.8333349
2.479	407927181.59946525
2.48	428658992.73240614
2.481	434331267.6718606
2.482	409798373.2652163
2.483	424022941.2350773
2.484	480247829.15879273
2.485	443268094.85431194
2.486	416353667.9427752
2.487	379010694.9056606
2.488	381908530.3102216
2.489	392761445.3106225
2.49	375843959.4585575
2.491	368443341.64075863
2.492	396818931.23851454
2.493	397409161.9226367
2.494	429254386.64416474
2.495	404998501.8630939
2.496	394585731.6321297
2.497	411230534.1916848
2.498	365822381.74302334
2.499	397152681.50481176
