0.9	263386299.5530637
0.905	245788686.9467066
0.91	335483346.41752356
0.915	393796274.0342074
0.92	386950250.4208819
0.925	335851636.52426946
0.93	302810199.15391314
0.935	315512528.1275785
0.94	358329122.53685886
0.945	458812155.47059125
0.95	545470896.6099389
0.955	565144796.9058801
0.96	585308662.5215476
0.965	545686787.236665
0.97	537332833.3172972
0.975	527302905.05861825
0.98	537161947.6144495
0.985	565092844.2070434
0.99	398114519.0684195
0.995	289156014.88769406
1.0	291128705.6267164
1.005	312832613.9423502
1.01	384412031.06446856
1.015	391558375.28674763
1.02	406296434.0135673
1.025	405904797.61257076
1.03	340112883.9007174
1.035	385217304.5033064
1.04	470355564.4482594
1.045	471992556.6399453
1.05	473136459.79670024
1.055	569119270.5280088
1.06	596980005.0856355
1.065	560483916.6862278
1.07	545457568.131369
1.075	581376528.7604629
1.08	661726760.6411378
1.085	711306927.6218915
1.09	734866265.9137546
1.095	763541211.5407698
1.1	728848381.098596
1.105	691132705.1859034
1.11	720355023.9962889
1.115	786517808.0878526
1.12	785874637.5193897
1.125	886269114.613641
1.13	846363804.034305
1.135	826309957.2776645
1.14	574203816.1233128
1.145	863631579.0605893
1.15	975550584.2230989
1.155	963036313.3437247
1.16	970504063.7651258
1.165	909526393.18934
1.17	699285595.0270079
1.175	750953966.0958668
1.18	770000513.0508358
1.185	1025182142.2390461
1.19	1005530254.1929352
1.195	909942279.3987215
1.2	735617849.9889705
1.205	941750055.8969159
1.21	876974580.3561363
1.215	1007811336.5534382
1.22	960281679.5916343
1.225	1052388797.5139896
1.23	1073500305.898758
1.235	1037540072.1185108
1.24	852454400.245973
1.245	794281606.7195606
1.25	842367059.401352
1.255	859863169.3031528
1.26	1041985504.2176894
1.265	1019734652.7739716
1.27	1109954183.6092763
1.275	1100689573.6366427
1.28	1114886074.6683013
1.285	1038089688.7424806
1.29	951505329.8496547
1.295	965314717.0152959
1.3	1032371482.8340065
1.305	1070944537.9920961
1.31	1034403915.3325042
1.315	1067347980.1154733
1.32	1085934839.2817483
1.325	1026479851.088644
1.33	907848307.5380011
1.335	688324484.9677593
1.34	676089056.6186875
1.345	633062335.8349231
1.35	625975678.7081128
1.355	610732280.954393
1.36	605094980.015666
1.365	665944758.7535378
1.37	632996341.2540286
1.375	667955663.5891322
1.38	736347971.5448449
1.385	688915965.4518905
1.39	655771715.195245
1.395	644011308.0271344
1.4	596951018.6094351
1.405	637514018.2018571
1.41	585512509.6557858
1.415	595831021.922392
1.42	561487293.8126706
1.425	555415500.610531
1.43	569750197.1047399
1.435	576913760.5996954
1.44	573315408.334633
1.445	600048494.3063639
1.45	641706737.1026069
1.455	618693873.7511594
1.46	676041165.6576955
1.465	646225473.169424
1.47	619075910.7291626
1.475	635277034.6714369
1.48	655793535.8650625
1.485	682624685.46595
1.49	681352000.4594667
1.495	671194967.9436694
1.5	684228423.4576371
1.505	746686018.1901084
1.51	736050092.6637516
1.515	706933914.1761643
1.52	753810846.2967032
1.525	771859833.2557278
1.53	781024668.1031604
1.535	811458678.4731224
1.54	803875727.5392213
1.545	842857244.7851386
1.55	862868499.2702287
1.555	881339895.7166568
1.56	881015261.106747
1.565	911843683.6034138
1.57	939273287.5938302
1.575	954423450.2016114
1.58	963918750.0990663
1.585	985939890.4166659
1.59	1012182598.2582376
1.595	1036242925.6362282
1.6	1032334090.4847858
1.605	1040280659.0199357
1.61	1062583142.6947616
1.615	1067434746.8760663
1.62	1078783294.2036173
1.625	1101979492.7304592
1.63	1110048769.244409
1.635	1121248059.484713
1.64	1121378891.9440067
1.645	1122738979.939728
1.65	1119712022.9100552
1.655	1109157172.2856169
1.66	1097684470.0964634
1.665	1115974810.0129437
1.67	1103967583.9209917
1.675	1102832613.0005586
1.68	1105693895.8543313
1.685	1067054499.4904299
1.69	1062813324.5177467
1.695	1037662722.5671517
1.7	1007849941.287497
1.705	994646768.7951213
1.71	936785411.5683466
1.715	880392756.0592031
1.72	851036383.7057499
1.725	814109593.1367819
1.73	801510091.1501833
1.735	761552033.179832
1.74	751916469.3694621
1.745	705197418.8405207
1.75	692875735.6926788
1.755	653141218.2471528
1.76	631487052.8835407
1.765	636171646.2381318
1.77	568688823.6951425
1.775	553496164.5311137
1.78	546237459.6146066
1.785	501209432.3373503
1.79	514546164.9344163
1.795	500185632.5938153
1.8	478142148.4327297
1.805	475333263.62327015
1.81	455600375.0965803
1.815	487387769.43683356
1.82	417592945.87297904
1.825	495906684.7442925
1.83	463202781.59632117
1.835	462673601.4369401
1.84	443659094.48801714
1.845	403395511.5689684
1.85	413390812.81077814
1.855	393656064.7144509
1.86	346950752.7928718
1.865	384884731.8960762
1.87	410139223.641735
1.875	396381940.09826267
1.88	405226300.8083005
1.885	437017256.9175627
1.89	421881976.6021434
1.895	434350688.7221334
1.9	446388374.2939547
1.905	434948715.3659405
1.91	446908877.6220391
1.915	451970294.990537
1.92	449257263.5263952
1.925	427261775.63943756
1.93	397877687.234777
1.935	426001045.0327459
1.94	388720071.2652452
1.945	354981655.39851636
1.95	365877064.08077574
1.955	381904346.3909372
1.96	414694069.14849293
1.965	409702419.7237821
1.97	400628015.3135812
1.975	349006442.0010476
1.98	326944637.44324166
1.985	353715404.22376055
1.99	348871606.45730764
1.995	394993686.1913553
2.0	367163312.9024222
2.005	386584366.8982666
2.01	378734144.0731785
2.015	380914076.2333642
2.02	387977215.73192364
2.025	392325070.2038411
2.03	392790935.1921289
2.035	399521042.8134862
2.04	402260953.9495199
2.045	399928839.28523624
2.05	409808854.0156753
2.055	411212761.8302669
2.06	432050663.3638125
2.065	417491587.91841584
2.07	429205994.69228834
2.075	431206183.76387924
2.08	441902624.5926251
2.085	433868627.0552204
2.09	451259402.9531424
2.095	452886207.9442302
2.1	465836728.44980484
2.105	469660035.9521478
2.11	470722284.0850131
2.115	483168817.55728954
2.12	483495378.89896464
2.125	495248508.94911534
2.13	482391238.9793894
2.135	500972983.5425933
2.14	493893850.601139
2.145	516805458.24711907
2.15	496529583.67211455
2.155	505784079.8755469
2.16	502558582.9408769
2.165	498659297.0079417
2.17	504855005.3894407
2.175	490620892.673212
2.18	492515504.73952776
2.185	487598073.2347397
2.19	492130986.4955899
2.195	482095221.5947126
2.2	484336476.01833653
2.205	460145244.5545031
2.21	465452658.268903
2.215	470347348.4118964
2.22	461314130.9577509
2.225	471789816.1978552
2.23	465658502.94092727
2.235	453976798.31144196
2.24	459098756.6701952
2.245	453095085.54605955
2.25	449078660.7998068
2.255	445168317.25123847
2.26	445823719.5544185
2.265	436727039.656336
2.27	435117573.59914076
2.275	440235964.46161723
2.28	426335410.23105824
2.285	431079015.4465578
2.29	427510098.9044923
2.295	331748372.12212014
2.3	358426151.27114606
2.305	370948340.1688723
2.31	361719037.88499045
2.315	371713219.6701765
2.32	363858687.19959956
2.325	308180565.5866984
2.33	332646586.6206962
2.335	337719283.4086753
2.34	337432651.5447768
2.345	340868667.9353411
2.35	342086444.83359253
2.355	303402648.6645756
2.36	309529203.8403278
2.365	319714961.2134788
2.37	319579480.4603149
2.375	321368571.4708548
2.38	315634542.60957664
2.385	285160130.96268666
2.39	301219678.7969532
2.395	302895918.6984614
2.4	291691159.18146473
2.405	289376371.16914433
2.41	274378392.01888967
2.415	266135536.73234832
2.42	266750283.97925577
2.425	260515547.1582057
2.43	261088070.19462138
2.435	241175827.7876916
2.44	253652789.51021698
2.445	241382725.90001446
2.45	230404707.40793037
2.455	222893856.96340364
2.46	227647822.1284939
2.465	236834181.21276736
2.47	214728504.73850748
2.475	207166231.32140714
2.48	205929180.73066118
2.485	221642066.68860924
2.49	191452189.5011499
2.495	214552654.34596902
