1.0	170638630.38104355
1.01	193800471.251072
1.02	228315129.05584016
1.03	189574162.14088264
1.04	260956703.56344
1.05	297509301.3578341
1.06	332757290.59825176
1.07	305549390.7646806
1.08	410345705.6958097
1.09	439219979.1365515
1.1	475894756.8213731
1.11	554304140.6772069
1.12	592304875.1385128
1.13	648865843.8911114
1.14	478924156.01161176
1.15	695737434.2555604
1.16	716459508.91111
1.17	532930579.24486625
1.18	553224564.1991673
1.19	773121971.6231648
1.2	559868442.2221864
1.21	705925457.1629883
1.22	766690227.6947238
1.23	829111136.4012423
1.24	614019210.7730651
1.25	603360178.7510849
1.26	776582255.8905694
1.27	877591063.7778982
1.28	838684177.5656128
1.29	865014534.6699673
1.3	897304758.9947422
1.31	884061662.439958
1.32	989127537.9186769
1.33	803959357.9441272
1.34	552620198.4941508
1.35	535405215.90142816
1.36	547263441.0004866
1.37	596920349.4053862
1.38	637434828.5713487
1.39	595931749.0616165
1.4	538697126.8665805
1.41	532443874.91467386
1.42	515376385.1428233
1.43	503794039.4587465
1.44	532203672.8980558
1.45	557373266.1363513
1.46	574905355.8876708
1.47	591877015.0331107
1.48	597590265.8898902
1.49	630492441.3891945
1.5	651559997.7274234
1.51	681222679.1426744
1.52	688894461.5650206
1.53	732498946.7726784
1.54	750927933.6902679
1.55	810498497.1216003
1.56	828762205.0240213
1.57	865927784.7429839
1.58	888069053.892345
1.59	912135866.8129085
1.6	911564242.8223269
1.61	902481760.7692327
1.62	915379350.1873044
1.63	903499592.9027495
1.64	895347752.7377713
1.65	885342018.7830329
1.66	869024337.747244
1.67	857682120.0293962
1.68	846825141.200739
1.69	825892789.4055617
1.7	796530691.6289659
1.71	759368076.8917503
1.72	698976201.4843152
1.73	662957812.456074
1.74	616196832.9503229
1.75	576402917.1665196
1.76	528381400.14665073
1.77	503742485.60190636
1.78	464690957.59925634
1.79	433602933.5431149
1.8	423972732.0011857
1.81	413987983.48242015
1.82	410443566.1435266
1.83	405318174.2130977
1.84	391618996.6153583
1.85	368639394.7007373
1.86	341697131.22600806
1.87	367902003.11143637
1.88	383698057.81967014
1.89	388208806.8703274
1.9	413385909.8137962
1.91	409982836.73100966
1.92	404706587.50371367
1.93	379600033.8934649
1.94	357870046.33200103
1.95	338270599.85984063
1.96	353377572.48867166
1.97	355072309.8584974
1.98	313494371.00105906
1.99	335047162.16067225
2.0	347876551.221709
2.01	350162955.82425123
2.02	361252826.7773962
2.03	357870847.07723176
2.04	372793373.98215264
2.05	375323827.7777142
2.06	392622788.1631615
2.07	402951337.205341
2.08	405592540.3503811
2.09	412749177.3821798
2.1	419816475.4837027
2.11	417728288.53701437
2.12	416058096.5382279
2.13	411738916.2619705
2.14	409423423.4046847
2.15	405502848.7728944
2.16	400194579.14647645
2.17	396443992.07850057
2.18	391315180.7560875
2.19	385308247.07590437
2.2	380195271.00662225
2.21	374297970.4531799
2.22	369453573.55650264
2.23	365385186.62876225
2.24	358769174.4550689
2.25	355148727.8205984
2.26	350157816.18681985
2.27	345143769.5965851
2.28	341450781.62267333
2.29	326196190.36489713
2.3	292095085.81824094
2.31	298044618.66176146
2.32	291606544.2603411
2.33	281837778.11101687
2.34	286477275.5027883
2.35	285603330.0671976
2.36	273180638.0463537
2.37	275820612.017304
2.38	271161153.4504326
2.39	265021468.76889038
