1.0	1562976258.7733953
1.01	1660072862.2884479
1.02	1865652121.1996236
1.03	1495663382.9085724
1.04	1814982931.041177
1.05	1903335777.878409
1.06	2040675310.7545602
1.07	1889293077.020471
1.08	2132915759.4109597
1.09	2170634563.97297
1.1	2086315631.4665024
1.11	2024224192.4227269
1.12	2102778884.11356
1.13	2181740810.5801845
1.14	1883124813.9863036
1.15	2232101953.383259
1.16	2213103944.6874385
1.17	2116462959.8008018
1.18	2024437996.512468
1.19	2215564627.4768057
1.2	1974896043.6914325
1.21	2166054633.7808094
1.22	2206949990.4720716
1.23	2271732893.2861176
1.24	2035144372.4226542
1.25	2058102753.3078938
1.26	2166943111.8523064
1.27	2221237222.3269324
1.28	2225037777.8656435
1.29	2059200844.0976963
1.3	2174830880.081473
1.31	2101735057.8115718
1.32	2117152050.0022426
1.33	1835532987.6656196
1.34	1470315517.374081
1.35	1430628976.0699904
1.36	1422025057.6810157
1.37	1415060489.089078
1.38	1476945920.0381243
1.39	1410356138.9159079
1.4	1313517680.3528156
1.41	1289401155.1409595
1.42	1226250512.8833437
1.43	1186407583.3240137
1.44	1227555609.7950003
1.45	1267494038.6629815
1.46	1273927453.1526504
1.47	1265680930.86534
1.48	1262816978.9627938
1.49	1294226183.003227
1.5	1306046583.710056
1.51	1358873100.9626753
1.52	1343337663.3558095
1.53	1386330080.7259183
1.54	1415491531.1708634
1.55	1478375747.9294128
1.56	1493945507.1553571
1.57	1526887869.7307246
1.58	1579009588.8100128
1.59	1632681494.45906
1.6	1678429951.1160486
1.61	1699059244.9752595
1.62	1708668081.5544121
1.63	1787190849.4489524
1.64	1806359467.6193964
1.65	1824343445.733519
1.66	1820392557.498914
1.67	1802585964.9806492
1.68	1800616301.1653562
1.69	1757180881.9582686
1.7	1675397652.013615
1.71	1575264444.1586852
1.72	1443888873.114078
1.73	1378058965.5613375
1.74	1305764832.001546
1.75	1248926057.3132584
1.76	1129516551.0453005
1.77	1082372811.763159
1.78	1004326578.4290828
1.79	930595809.6427311
1.8	913436830.396504
1.81	861577583.2413123
1.82	856992007.2395749
1.83	832053595.1219405
1.84	812346012.1717622
1.85	744692343.3575468
1.86	667669529.3719563
1.87	721815856.8490518
1.88	754824050.4221716
1.89	740339026.2160695
1.9	786555525.1967202
1.91	778185649.1681714
1.92	760500485.0952833
1.93	710105674.2850552
1.94	713653578.7923986
1.95	631173020.9023404
1.96	722024425.7078239
1.97	712411096.333104
1.98	582462867.0011693
1.99	620150730.9183074
2.0	662712464.3695427
2.01	666020802.2299829
2.02	662490312.5332854
2.03	663847620.8967432
2.04	667884390.4742289
2.05	668881334.5576882
2.06	691185821.7344582
2.07	695010664.4056673
2.08	704021036.5884653
2.09	721512946.4170855
2.1	746340418.0574299
2.11	760698850.5521795
2.12	768763262.1582191
2.13	788410418.6762931
2.14	812549718.25886
2.15	824057058.0301836
2.16	828385928.8083575
2.17	836205374.9405357
2.18	822874971.0153973
2.19	814205244.0815504
2.2	810352526.8600433
2.21	760295655.750954
2.22	794174285.9262793
2.23	791553422.5025686
2.24	777750369.1529897
2.25	772328150.1770493
2.26	762137078.8126721
2.27	756616953.6049093
2.28	744076139.344293
2.29	702737255.2025728
2.3	628565620.4132929
2.31	648543813.7078778
2.32	607905011.1866795
2.33	577044862.9150506
2.34	570908058.1180798
2.35	558990525.6564646
2.36	532018897.33262026
2.37	556592592.5464818
2.38	515159103.129813
2.39	494991149.98310447
