0.9	692085.1069345056
0.905	730494.7446762297
0.91	770497.1491974336
0.915	812180.868721731
0.92	855565.6153822882
0.925	900579.2492898755
0.93	947167.752537008
0.935	995549.3569155014
0.94	1046051.9468703002
0.945	1097975.505178662
0.95	1151679.9793078064
0.955	1207425.4550853362
0.96	1264848.3265184013
0.965	1324517.0620090917
0.97	1385883.9139620163
0.975	1449157.3492493401
0.98	1514693.5500655116
0.985	1582062.909398505
0.99	1651555.1812836635
0.995	1723027.2908589088
1.0	1796579.1798867434
1.005	1872148.8472355413
1.01	1949888.2126586104
1.015	2029709.3471388894
1.02	2111704.5630256827
1.025	2195746.966048594
1.03	2281769.327405816
1.035	2370696.499264261
1.04	2461190.568068755
1.045	2554022.2915687934
1.05	2648952.1665172284
1.055	2746238.839150382
1.06	2846117.731914913
1.065	2947931.680583972
1.07	3052085.4967373656
1.075	3158756.836562701
1.08	3267650.8117042324
1.085	3379093.7614723593
1.09	3492687.43347735
1.095	3608519.6079897652
1.1	3726395.3952553463
1.105	3847323.3175494913
1.11	3969790.930450137
1.115	4095364.564854769
1.12	4222819.316159823
1.125	4354686.884161728
1.13	4488289.064073607
1.135	4622388.556416762
1.14	4762010.531629637
1.145	4901399.675371444
1.15	5045044.730540427
1.155	5189848.614879687
1.16	5337577.689952464
1.165	5486860.57091044
1.17	5639542.89818942
1.175	5795069.750423967
1.18	5951942.514975536
1.185	6112766.683405744
1.19	6275197.947803982
1.195	6439867.377054053
1.2	6606962.576026353
1.205	6776592.019717324
1.21	6948583.934627164
1.215	7122726.188033573
1.22	7298870.6380885085
1.225	7478260.859865777
1.23	7659146.45873557
1.235	7843051.188791922
1.24	8028783.372116699
1.245	8215799.941958897
1.25	8406480.912859375
1.255	8599430.487507215
1.26	8795673.457185248
1.265	8993295.329626158
1.27	9193352.187656041
1.275	9395254.857417384
1.28	9600049.394822095
1.285	9805580.797840754
1.29	10013669.327735404
1.295	10224994.630438235
1.3	10438849.392008444
1.305	10654251.19328016
1.31	10871826.568618434
1.315	11090915.898796814
1.32	11312596.78671392
1.325	11534456.859841997
1.33	11754692.007565727
1.335	11955941.783763714
1.34	12147307.971416783
1.345	12365137.350306585
1.35	12568008.989314757
1.355	12770278.43696066
1.36	13036699.115514642
1.365	13340608.870260296
1.37	13546023.769054791
1.375	13825003.75818667
1.38	14063562.426877193
1.385	14254444.75059551
1.39	14514820.2972667
1.395	14760149.680968713
1.4	15041008.248586114
1.405	15284727.187638523
1.41	15493988.366940202
1.415	15781099.27776257
1.42	16003260.05558472
1.425	16295875.173024958
1.43	16566115.28182731
1.435	16817438.22642577
1.44	17083768.683967825
1.445	17378040.93843445
1.45	17675848.796279084
1.455	17919292.372043483
1.46	18244785.715926524
1.465	18515994.554400768
1.47	18783919.369066942
1.475	19069459.442428865
1.48	19356991.016951557
1.485	19647982.852179945
1.49	19929174.96922899
1.495	20220931.626297314
1.5	20507644.628869403
1.505	20823317.025944248
1.51	21103332.193052273
1.515	21403251.296697795
1.52	21700036.986049917
1.525	22006676.618173372
1.53	22305864.7345301
1.535	22620059.382753078
1.54	22924444.440385263
1.545	23234274.067699626
1.55	23542008.121555526
1.555	23846960.586215936
1.56	24155662.567201503
1.565	24463810.132936534
1.57	24779251.635117125
1.575	25086106.5540102
1.58	25394994.31843184
1.585	25710347.153177258
1.59	26024831.159145553
1.595	26340728.35326483
1.6	26655257.338486593
1.605	26971660.816589758
1.61	27284937.4383007
1.615	27603088.235285792
1.62	27921100.213209894
1.625	28237895.512832373
1.63	28559933.585694116
1.635	28880009.179095864
1.64	29199632.657383017
1.645	29522127.5191486
1.65	29842307.138905033
1.655	30165971.277948767
1.66	30487874.798536215
1.665	30814279.10833482
1.67	31138458.195874155
1.675	31463170.67616328
1.68	31794141.451852065
1.685	32119736.747413326
1.69	32440100.542064916
1.695	32765139.106000002
1.7	33094583.272972018
1.705	33424276.973862324
1.71	33753376.76865847
1.715	34049236.071776524
1.72	34352573.88400608
1.725	34634337.13209307
1.73	34947699.744390644
1.735	35225416.29309896
1.74	35526086.743691824
1.745	35788242.88221198
1.75	36111246.24207317
1.755	36298350.37530215
1.76	36622766.0546675
1.765	36897018.267762706
1.77	37013796.981963575
1.775	37265540.49405339
1.78	37626133.191522
1.785	37618719.68656229
1.79	38069859.138441004
1.795	38301067.03175427
1.8	38456163.61208893
1.805	38688380.164442435
1.81	38998075.41355302
1.815	39289112.89949834
1.82	39231902.00146196
1.825	40067420.25879314
1.83	40251799.123226956
1.835	40594284.969048984
1.84	40782735.36644311
1.845	41151341.06460672
1.85	41393822.187030226
1.855	41349205.88636281
1.86	41364681.85583903
1.865	41934154.555333555
1.87	42228354.94006326
1.875	42613531.56320189
1.88	43597888.22217887
1.885	43956765.32561627
1.89	44147869.48268101
1.895	44996367.03977412
1.9	44901015.13211394
1.905	45126010.586697504
1.91	45824171.26477729
1.915	45754017.48813677
1.92	45896113.60845794
1.925	46068957.60057349
1.93	46552167.11920596
1.935	46651384.585599
1.94	46330341.625898056
1.945	47105940.61885961
1.95	47439984.07324911
1.955	47027135.60943334
1.96	47710484.125345364
1.965	48393382.87032271
1.97	48404390.27619537
1.975	48330164.230265036
1.98	49138048.4850698
1.985	49869477.34696386
1.99	49256056.43150163
1.995	50391029.01302685
2.0	50188078.401893355
2.005	51253040.15573052
2.01	51018058.50037785
2.015	51875624.52577668
2.02	52103313.962427475
2.025	52491493.24650004
2.03	52741518.012215726
2.035	53472927.95904384
2.04	53677789.37955382
2.045	54017991.04404581
2.05	54459413.37779098
2.055	54677941.56748386
2.06	54993987.37172791
2.065	55321858.64616416
2.07	55598503.6522722
2.075	55758547.02821919
2.08	56181472.35807361
2.085	56425507.38974554
2.09	56705025.89214946
2.095	56916212.92694751
2.1	57168703.61400158
2.105	57389566.87699682
2.11	57612259.435482
2.115	57905343.48121315
2.12	58151806.56181644
2.125	58379876.546809964
2.13	58568612.523174934
2.135	58806336.28177038
2.14	59003717.956521794
2.145	59275638.62059203
2.15	59455636.714154564
2.155	59668868.42186904
2.16	59889661.53517193
2.165	60067349.19057491
2.17	60268041.0560547
2.175	60460747.46280862
2.18	60649546.16231754
2.185	60833510.99923852
2.19	61043243.278820924
2.195	61217872.918151
2.2	61383857.5585929
2.205	61540385.70269233
2.21	61696577.87233917
2.215	61873121.84695221
2.22	62044965.5893334
2.225	62260037.636058
2.23	62443749.461490005
2.235	62563959.234655306
2.24	62751019.44196276
2.245	62904559.77042576
2.25	63069652.591712564
2.255	63174169.33259695
2.26	63378297.86991879
2.265	63471100.784977905
2.27	63588498.86866566
2.275	63870157.32685833
2.28	63890404.85546906
2.285	64043202.48528285
2.29	64153994.64150554
2.295	62305590.131641336
2.3	62167617.62475978
2.305	62450798.90283501
2.31	62185409.64301219
2.315	62866571.51499006
2.32	62763912.756011344
2.325	62491288.2335191
2.33	62606276.84506111
2.335	62804322.0822269
2.34	63654820.35115385
2.345	63623925.99909773
2.35	64203009.13701276
2.355	64212814.16984773
2.36	64220705.05680097
2.365	64301933.381201655
2.37	64319387.4945042
2.375	64704179.201356255
2.38	64251831.29643814
2.385	64403506.8797763
2.39	64579184.919077486
2.395	64842678.63007148
2.4	65118894.10446846
2.405	64709135.02795545
2.41	65126452.78699932
2.415	64423295.16301542
2.42	64997742.23316096
2.425	64764437.28651265
2.43	64694754.42852916
2.435	63308821.43343164
2.44	64608577.91295948
2.445	63429419.6023626
2.45	63370000.2621049
2.455	62225465.82618357
2.46	62247929.98268821
2.465	63947218.68976606
2.47	61460317.79135296
2.475	60146036.83354885
2.48	61213500.49253222
2.485	63081649.463025235
2.49	58288937.81303519
2.495	62398733.20906394
