0.7	148271.005153656
0.701	150890.98930358887
0.702	153547.85537719727
0.703	156242.76304244995
0.704	158975.07286071777
0.705	161728.77311706543
0.706	164552.02388763428
0.707	167399.59907531738
0.708	170289.2551422119
0.709	173214.81704711914
0.71	176181.80656433105
0.711	179190.70148468018
0.712	182240.28396606445
0.713	185327.02350616455
0.714	188455.9850692749
0.715	191621.89292907715
0.716	194824.36656951904
0.717	198068.03607940674
0.718	201364.26544189453
0.719	204701.2538909912
0.72	208080.05332946777
0.721	211501.10530853271
0.722	214969.20490264893
0.723	218482.47051239014
0.724	222039.27516937256
0.725	225643.62812042236
0.726	229292.79613494873
0.727	232990.34690856934
0.728	236732.52201080322
0.729	240526.05724334717
0.73	244364.67838287354
0.731	248251.62410736084
0.732	252189.73922729492
0.733	256177.3099899292
0.734	260202.72541046143
0.735	264275.5250930786
0.736	268419.376373291
0.737	272610.9342575073
0.738	276845.28732299805
0.739	281132.4691772461
0.74	285482.11097717285
0.741	289874.62043762207
0.742	294307.45792388916
0.743	298831.9549560547
0.744	303393.2828903198
0.745	307990.64350128174
0.746	312669.49367523193
0.747	317400.61473846436
0.748	322179.1133880615
0.749	327032.3791503906
0.75	331938.67683410645
0.751	336883.6479187012
0.752	341898.6053466797
0.753	346982.31315612793
0.754	352116.0469055176
0.755	357312.1528625488
0.756	362555.8223724365
0.757	367870.0981140137
0.758	373253.1433105469
0.759	378693.05419921875
0.76	384194.2596435547
0.761	389758.2836151123
0.762	395384.9334716797
0.763	401070.5089569092
0.764	406819.5457458496
0.765	412624.28092956543
0.766	418452.9113769531
0.767	385948.7450122833
0.768	430441.0057067871
0.769	436524.6467590332
0.77	404212.525844574
0.771	448926.4545440674
0.772	455262.8650665283
0.773	461658.15353393555
0.774	468110.0730895996
0.775	474627.7713775635
0.776	481219.33937072754
0.777	487878.5877227783
0.778	494619.13871765137
0.779	501423.4848022461
0.78	508265.7108306885
0.781	515260.8947753906
0.782	522295.61042785645
0.783	529393.33152771
0.784	536566.0152435303
0.785	543823.3604431152
0.786	551154.6993255615
0.787	558555.1147460938
0.788	566045.1011657715
0.789	573614.0956878662
0.79	581240.9534454346
0.791	588911.0622406006
0.792	596692.5315856934
0.793	604586.9998931885
0.794	612563.455581665
0.795	620540.002822876
0.796	628737.3676300049
0.797	636894.7925567627
0.798	645196.0067749023
0.799	653561.1457824707
0.8	662008.4457397461
0.801	670535.2554321289
0.802	679158.2565307617
0.803	687887.6075744629
0.804	696694.751739502
0.805	705535.0570678711
0.806	714516.3803100586
0.807	723588.6611938477
0.808	732755.9471130371
0.809	742005.0888061523
0.81	751336.8911743164
0.811	760752.1057128906
0.812	770268.5508728027
0.813	779881.5612792969
0.814	789622.7378845215
0.815	799409.4200134277
0.816	809326.1795043945
0.817	819323.7533569336
0.818	829420.8984375
0.819	839585.6285095215
0.82	849250.3929138184
0.821	860070.5108642578
0.822	870528.9688110352
0.823	881060.2378845215
0.824	891764.9688720703
0.825	902501.9607543945
0.826	913345.1042175293
0.827	924260.5171203613
0.828	935298.4313964844
0.829	946381.6184997559
0.83	957681.1141967773
0.831	968969.4480895996
0.832	980437.7136230469
0.833	991934.7381591797
0.834	1003606.0180664062
0.835	1015275.390625
0.836	1027082.9391479492
0.837	1038982.7880859375
0.838	1051028.4805297852
0.839	1063055.461883545
0.84	1075311.725616455
0.841	1087777.2331237793
0.842	1100143.4440612793
0.843	1112650.6996154785
0.844	1125107.3188781738
0.845	1137832.3211669922
0.846	1150658.0276489258
0.847	1163604.6295166016
0.848	1176749.0158081055
0.849	1189915.9240722656
0.85	1203267.7993774414
0.851	1216655.3192138672
0.852	1230207.420349121
0.853	1243638.256072998
0.854	1257218.26171875
0.855	1271211.3189697266
0.856	1285265.1634216309
0.857	1299337.043762207
0.858	1313540.4510498047
0.859	1327577.0874023438
0.86	1341919.6090698242
0.861	1356490.0970458984
0.862	1371280.4260253906
0.863	1386001.1749267578
0.864	1400797.2106933594
0.865	1415760.2844238281
0.866	1430973.9151000977
0.867	1446148.9868164062
0.868	1461287.3916625977
0.869	1476793.113708496
0.87	1492548.7365722656
0.871	1508165.8782958984
0.872	1524244.0948486328
0.873	1540418.0221557617
0.874	1556491.798400879
0.875	1572504.9591064453
0.876	1589159.3475341797
0.877	1605609.359741211
0.878	1622357.0404052734
0.879	1639175.521850586
0.88	1648683.5479736328
0.881	1673464.241027832
0.882	1690160.514831543
0.883	1707618.2479858398
0.884	1725223.5641479492
0.885	1742966.2780761719
0.886	1760470.3521728516
0.887	1777856.3537597656
0.888	1795741.2948608398
0.889	1813877.4719238281
0.89	1832052.6885986328
0.891	1850556.1904907227
0.892	1868418.357849121
0.893	1887639.8010253906
0.894	1905936.3327026367
0.895	1923730.2322387695
0.896	1943553.3294677734
0.897	1962696.0754394531
0.898	1982441.5740966797
0.899	2001171.630859375
0.9	2021548.8739013672
0.901	2041478.6758422852
0.902	2060982.6202392578
0.903	2080893.7683105469
0.904	2100635.8489990234
0.905	2121660.690307617
0.906	2142381.217956543
0.907	2162315.773010254
0.908	2185885.65826416
0.909	2205330.3604125977
0.91	2225191.551208496
0.911	2247267.9901123047
0.912	2269733.3984375
0.913	2290254.135131836
0.914	2312511.8713378906
0.915	2334465.3701782227
0.916	2357264.5568847656
0.917	2378718.5134887695
0.918	2401400.7110595703
0.919	2425969.9325561523
0.92	2446732.894897461
0.921	2465387.939453125
0.922	2486342.4377441406
0.923	2504065.170288086
0.924	2531102.119445801
0.925	2554471.824645996
0.926	2577231.399536133
0.927	2600302.536010742
0.928	2620589.309692383
0.929	2643591.598510742
0.93	2670079.4677734375
0.931	2692757.2631835938
0.932	2717984.420776367
0.933	2741230.3619384766
0.934	2762896.8048095703
0.935	2787782.928466797
0.936	2814811.553955078
0.937	2837993.3166503906
0.938	2867354.3090820312
0.939	2891962.5396728516
0.94	2918292.739868164
0.941	2943352.081298828
0.942	2971065.7501220703
0.943	2996393.768310547
0.944	3021578.9337158203
0.945	3046602.508544922
0.946	3075037.7044677734
0.947	3097019.515991211
0.948	3123579.635620117
0.949	3157416.1987304688
0.95	3178654.586791992
0.951	3208378.7841796875
0.952	3236255.4931640625
0.953	3262688.8275146484
0.954	3294412.322998047
0.955	3319630.2032470703
0.956	3342516.159057617
0.957	3375910.0799560547
0.958	3409488.0981445312
0.959	3436699.188232422
0.96	3460724.9755859375
0.961	3493974.563598633
0.962	3514464.9810791016
0.963	3552161.666870117
0.964	3576258.9721679688
0.965	3613489.5782470703
0.966	3643820.7397460938
0.967	3671071.1517333984
0.968	3705515.167236328
0.969	3740075.0122070312
0.97	3768914.779663086
0.971	3798145.6298828125
0.972	3831018.035888672
0.973	3848856.1248779297
0.974	3877562.1185302734
0.975	3911770.8587646484
0.976	3942172.5158691406
0.977	3975074.0966796875
0.978	4008430.0079345703
0.979	4049308.6547851562
0.98	4076225.2349853516
0.981	4103297.6684570312
0.982	4130690.5364990234
0.983	4165045.0439453125
0.984	4199347.579956055
0.985	4234060.882568359
0.986	4267548.004150391
0.987	4303717.514038086
0.988	4329226.089477539
0.989	4378664.932250977
0.99	4391487.13684082
0.991	4414235.931396484
0.992	4457260.269165039
0.993	4493347.381591797
0.994	4531517.471313477
0.995	4575108.07800293
0.996	4613187.240600586
0.997	4658334.716796875
0.998	4689562.072753906
0.999	4703905.868530273
1.0	4746391.265869141
1.001	4784089.462280273
1.002	4821780.67779541
1.003	4859937.774658203
1.004	4885549.14855957
1.005	4937325.51574707
1.006	4965351.402282715
1.007	5006406.661987305
1.008	5045736.877441406
1.009	5080630.325317383
1.01	5129805.572509766
1.011	5157207.496643066
1.012	5212096.244812012
1.013	5257687.026977539
1.014	5268203.109741211
1.015	5305845.53527832
1.016	5345535.995483398
1.017	5380342.45300293
1.018	5433227.600097656
1.019	5461716.14074707
1.02	5511328.170776367
1.021	5553473.175048828
1.022	5572146.514892578
1.023	5635253.280639648
1.024	5674672.073364258
1.025	5699620.788574219
1.026	5722235.763549805
1.027	5771639.785766602
1.028	5811034.713745117
1.029	5859554.733276367
1.03	5891952.911376953
1.031	5957620.101928711
1.032	5978426.651000977
1.033	6020418.045043945
1.034	6082148.8037109375
1.035	6124596.527099609
1.036	6185853.225708008
1.037	6224209.365844727
1.038	6246008.407592773
1.039	6297099.838256836
1.04	6342639.556884766
1.041	6394609.69543457
1.042	6438476.669311523
1.043	6471649.551391602
1.044	6552492.446899414
1.045	6596976.867675781
1.046	6632265.045166016
1.047	6639919.418334961
1.048	6703763.046264648
1.049	6755704.360961914
1.05	6794733.978271484
1.051	6846132.385253906
1.052	6874413.177490234
1.053	6943781.41784668
1.054	7010906.692504883
1.055	7036926.544189453
1.056	7074503.601074219
1.057	7117551.3916015625
1.058	7177408.477783203
1.059	7212909.332275391
1.06	7298175.689697266
1.061	7330869.812011719
1.062	7386930.328369141
1.063	7432717.666625977
1.064	7511428.970336914
1.065	7543965.545654297
1.066	7590249.404907227
1.067	7639760.955810547
1.068	7709966.094970703
1.069	7776571.1669921875
1.07	7831214.904785156
1.071	7861070.571899414
1.072	7970393.173217773
1.073	7995393.264770508
1.074	8077219.970703125
1.075	8128342.11730957
1.076	8210531.463623047
1.077	8280023.498535156
1.078	8314531.066894531
1.079	8358228.851318359
1.08	8417510.955810547
1.081	8459152.404785156
1.082	8506392.120361328
1.083	8647584.365844727
1.084	8757969.467163086
1.085	8775612.060546875
1.086	8802427.200317383
1.087	8783711.990356445
1.088	8886886.611938477
1.089	8817491.912841797
1.09	8924156.677246094
1.091	9000116.04309082
1.092	9060451.797485352
1.093	9031868.041992188
1.094	9106459.594726562
1.095	9207242.324829102
1.096	9148685.287475586
1.097	9274744.125366211
1.098	9301795.74584961
1.099	9314807.693481445
1.1	9378320.602416992
1.101	9434136.413574219
1.102	9600977.035522461
1.103	9453154.312133789
1.104	9525218.536376953
1.105	9561555.801391602
1.106	9589304.992675781
1.107	9655118.362426758
1.108	9722360.931396484
1.109	9816894.19555664
1.11	9809887.84790039
1.111	9855330.810546875
1.112	9939901.962280273
1.113	10025412.963867188
1.114	10036072.540283203
1.115	10095211.547851562
1.116	10242893.127441406
1.117	10197220.199584961
1.118	10412800.918579102
1.119	10374240.600585938
1.12	10387832.794189453
1.121	10533152.282714844
1.122	10612623.229980469
1.123	10643495.75805664
1.124	10757292.572021484
1.125	10850770.874023438
1.126	10855660.919189453
1.127	10971566.680908203
1.128	11076423.217773438
1.129	11108773.803710938
1.13	11125791.748046875
1.131	11208037.994384766
1.132	11199105.651855469
1.133	11311067.04711914
1.134	11320637.817382812
1.135	11131434.844970703
1.136	11507502.716064453
1.137	11546779.083251953
1.138	11501505.950927734
1.139	11635391.6015625
1.14	11794189.666748047
1.141	11778531.463623047
1.142	11859270.935058594
1.143	11965473.266601562
1.144	11785824.981689453
1.145	12062693.145751953
1.146	12165759.796142578
1.147	12199530.883789062
1.148	12281555.786132812
1.149	12422841.46118164
1.15	12474896.545410156
1.151	12511367.889404297
1.152	12586634.185791016
1.153	12692050.384521484
1.154	12632461.517333984
1.155	12885084.045410156
1.156	12990473.724365234
1.157	12871606.414794922
1.158	13076859.344482422
1.159	13285248.474121094
1.16	13058927.551269531
1.161	13233910.98022461
1.162	13348006.591796875
1.163	13393297.149658203
1.164	13249735.717773438
1.165	13769596.282958984
1.166	13465708.465576172
1.167	13654547.21069336
1.168	13751095.55053711
1.169	13533707.122802734
1.17	13831456.451416016
1.171	13883391.6015625
1.172	14095276.70288086
1.173	14043085.876464844
1.174	14026969.543457031
1.175	14306826.782226562
1.176	14133404.296875
1.177	14254203.76586914
1.178	14119463.22631836
1.179	14388346.03881836
1.18	14528152.801513672
1.181	14564112.182617188
1.182	14570266.93725586
1.183	14921630.493164062
1.184	14946220.36743164
1.185	15017439.392089844
1.186	15008432.159423828
1.187	15327890.441894531
1.188	15225965.48461914
1.189	15249788.513183594
1.19	15427670.379638672
1.191	15412347.900390625
1.192	15526858.367919922
1.193	15836556.732177734
1.194	15724073.486328125
1.195	15790802.459716797
1.196	15899748.38256836
1.197	15872571.685791016
1.198	15932985.19897461
1.199	16128241.821289062
1.2	16047740.509033203
1.201	16403291.076660156
1.202	16400649.719238281
1.203	16388792.114257812
1.204	16656821.319580078
1.205	16824169.43359375
1.206	17182864.318847656
1.207	16723946.197509766
1.208	17120748.962402344
1.209	17044159.66796875
1.21	17310727.966308594
1.211	17325384.155273438
1.212	17354355.95703125
1.213	17349431.854248047
1.214	17720817.932128906
1.215	17953580.23071289
1.216	18070504.8828125
1.217	17819558.044433594
1.218	18282113.983154297
1.219	18410593.200683594
1.22	18365346.49658203
1.221	18452924.49951172
1.222	18505919.403076172
1.223	18545966.766357422
1.224	18773901.794433594
1.225	19011912.139892578
1.226	19131012.664794922
1.227	19059970.672607422
1.228	19312778.65600586
1.229	19602515.80810547
1.23	19449056.30493164
1.231	19732321.716308594
1.232	19563116.943359375
1.233	19787832.000732422
1.234	20100548.736572266
1.235	20038518.432617188
1.236	20378366.51611328
1.237	20358204.650878906
1.238	20316557.92236328
1.239	20300233.88671875
1.24	20919350.494384766
1.241	20257483.123779297
1.242	19974540.771484375
1.243	20369037.139892578
1.244	20231335.540771484
1.245	20820857.23876953
1.246	20620673.950195312
1.247	21020413.26904297
1.248	20866785.64453125
1.249	21491066.040039062
1.25	21394930.48095703
1.251	21616843.505859375
1.252	21569912.29248047
1.253	21600267.211914062
1.254	22030646.545410156
1.255	21738036.560058594
1.256	22003199.89013672
1.257	22138635.07080078
1.258	21787177.673339844
1.259	22303391.174316406
1.26	22344465.33203125
1.261	22801572.93701172
1.262	22177139.099121094
1.263	22948822.93701172
1.264	23036862.365722656
1.265	23055800.29296875
1.266	23197982.91015625
1.267	23432776.3671875
1.268	23582580.810546875
1.269	23803853.515625
1.27	23810088.68408203
1.271	23974672.790527344
1.272	24091524.291992188
1.273	24308033.325195312
1.274	24035161.80419922
1.275	24146562.561035156
1.276	24526046.875
1.277	24861012.756347656
1.278	24588476.196289062
1.279	24971522.338867188
1.28	24958217.46826172
1.281	25136934.692382812
1.282	25624148.315429688
1.283	25165115.295410156
1.284	25618232.849121094
1.285	25714921.020507812
1.286	25309955.627441406
1.287	25653884.826660156
1.288	25908108.21533203
1.289	25949294.43359375
1.29	26594039.672851562
1.291	26352449.584960938
1.292	26071537.719726562
1.293	26539051.513671875
1.294	27256879.638671875
1.295	26285123.84033203
1.296	27088752.014160156
1.297	27427521.78955078
1.298	27592814.27001953
1.299	27351332.51953125
1.3	27792015.197753906
1.301	27481609.06982422
1.302	28011153.747558594
1.303	27725951.47705078
1.304	28647713.989257812
1.305	28443532.40966797
1.306	28413536.071777344
1.307	28113769.04296875
1.308	28177141.174316406
1.309	28112702.63671875
1.31	28219646.911621094
1.311	28466403.686523438
1.312	29266080.444335938
1.313	28706005.615234375
1.314	28676887.329101562
1.315	29067162.170410156
1.316	29107394.775390625
1.317	29203281.311035156
1.318	28747660.522460938
1.319	29523137.084960938
1.32	29529392.639160156
1.321	29148602.111816406
1.322	29738471.069335938
1.323	29655892.08984375
1.324	29707717.28515625
1.325	28469167.541503906
1.326	29715112.548828125
1.327	29309905.76171875
1.328	28798024.291992188
1.329	29473924.926757812
1.33	29008563.78173828
1.331	28114161.499023438
1.332	27850101.74560547
1.333	26908761.657714844
1.334	27998304.809570312
1.335	25530752.014160156
1.336	27078196.838378906
1.337	26613362.731933594
1.338	26795983.459472656
1.339	27066286.80419922
1.34	27401591.186523438
1.341	27941992.614746094
1.342	26344448.42529297
1.343	26153254.08935547
1.344	27524672.973632812
1.345	26754431.94580078
1.346	27208289.031982422
1.347	26932234.771728516
1.348	26407556.15234375
1.349	28193676.08642578
1.35	27656223.388671875
1.351	27276668.823242188
1.352	27188575.50048828
1.353	27775667.907714844
1.354	26469255.798339844
1.355	27265254.57763672
1.356	28098890.258789062
1.357	27932522.094726562
1.358	27694931.701660156
1.359	27595066.40625
1.36	27907840.209960938
1.361	28358112.915039062
1.362	27185038.75732422
1.363	29100645.935058594
1.364	28499385.07080078
1.365	28663403.747558594
1.366	28925111.328125
1.367	28398498.84033203
1.368	28461387.817382812
1.369	28763330.444335938
1.37	28594472.900390625
1.371	28085929.565429688
1.372	28765235.65673828
1.373	29094337.951660156
1.374	28528248.22998047
1.375	28823755.67626953
1.376	29241407.40966797
1.377	28835364.501953125
1.378	30415191.955566406
1.379	29543213.500976562
1.38	30346417.907714844
1.381	30176466.97998047
1.382	30648754.8828125
1.383	29444836.853027344
1.384	30737176.94091797
1.385	30255852.05078125
1.386	30599643.188476562
1.387	30344006.408691406
1.388	30152881.896972656
1.389	31099750.061035156
1.39	30686632.50732422
1.391	30406756.34765625
1.392	30578379.272460938
1.393	31129567.504882812
1.394	30689449.462890625
1.395	30665029.78515625
1.396	31138217.712402344
1.397	31399642.517089844
1.398	30944539.428710938
1.399	31915759.46044922
1.4	30699605.346679688
1.401	30911984.19189453
1.402	32310725.524902344
1.403	31514454.650878906
1.404	31085883.48388672
1.405	31505497.985839844
1.406	32901844.604492188
1.407	31454279.541015625
1.408	32091244.62890625
1.409	31889578.552246094
1.41	31638900.69580078
1.411	32164217.224121094
1.412	31692660.33935547
1.413	32906315.979003906
1.414	32444878.23486328
1.415	31961804.6875
1.416	32904360.900878906
1.417	32083983.21533203
1.418	31842521.78955078
1.419	32516491.943359375
1.42	32428575.98876953
1.421	32829404.174804688
1.422	32971086.975097656
1.423	32539844.787597656
1.424	33119419.189453125
1.425	33148298.52294922
1.426	32574630.798339844
1.427	33608220.82519531
1.428	32901774.353027344
1.429	32070080.444335938
1.43	34888009.216308594
1.431	34635161.865234375
1.432	33424071.716308594
1.433	33393017.517089844
1.434	32796768.615722656
1.435	34603264.6484375
1.436	34747314.514160156
1.437	34658547.54638672
1.438	34663058.28857422
1.439	34800757.080078125
1.44	34093513.97705078
1.441	34046051.025390625
1.442	34385916.259765625
1.443	36076653.93066406
1.444	35214349.609375
1.445	34652938.903808594
1.446	35464229.248046875
1.447	34879310.85205078
1.448	36066154.357910156
1.449	36796144.89746094
1.45	36512014.83154297
1.451	35130542.11425781
1.452	37673655.029296875
1.453	36723998.291015625
1.454	35640312.561035156
1.455	37555839.66064453
1.456	36335678.03955078
1.457	35924419.860839844
1.458	37128772.58300781
1.459	37975602.23388672
1.46	37988425.354003906
1.461	37804240.84472656
1.462	36989141.174316406
1.463	36834623.596191406
1.464	38095896.66748047
1.465	38100614.37988281
1.466	38933601.44042969
1.467	38424234.619140625
1.468	37771987.91503906
1.469	37529030.029296875
1.47	38047826.66015625
1.471	38503392.27294922
1.472	38592112.42675781
1.473	39346535.03417969
1.474	38461907.165527344
1.475	38453579.040527344
1.476	38755466.18652344
1.477	39278452.63671875
1.478	39507437.01171875
1.479	40565958.923339844
1.48	38731461.9140625
1.481	40183687.438964844
1.482	39451678.771972656
1.483	39210422.54638672
1.484	41011608.03222656
1.485	39835440.79589844
1.486	40142627.014160156
1.487	41059456.42089844
1.488	40375083.068847656
1.489	41129355.224609375
1.49	40199804.50439453
1.491	41807453.43017578
1.492	41730363.40332031
1.493	41085062.01171875
1.494	40263206.970214844
1.495	41588184.631347656
1.496	41969258.728027344
1.497	41579620.78857422
1.498	42017592.40722656
1.499	42411191.58935547
1.5	42155786.80419922
1.501	42175959.716796875
1.502	40575789.18457031
1.503	44097843.017578125
1.504	42330373.046875
1.505	43901394.775390625
1.506	43342174.43847656
1.507	43824431.396484375
1.508	42844272.94921875
1.509	44319353.02734375
1.51	43385139.52636719
1.511	44045213.74511719
1.512	44803612.48779297
1.513	43953884.704589844
1.514	44093126.58691406
1.515	45401194.82421875
1.516	45118144.53125
1.517	44944686.15722656
1.518	44823855.10253906
1.519	44534779.296875
1.52	44948125.36621094
1.521	45873185.546875
1.522	45094874.267578125
1.523	46913938.35449219
1.524	46110001.953125
1.525	45343946.77734375
1.526	45695046.99707031
1.527	46795624.87792969
1.528	47174160.64453125
1.529	46573167.35839844
1.53	48044254.27246094
1.531	46481109.74121094
1.532	45443916.50390625
1.533	47019990.60058594
1.534	48695019.287109375
1.535	47972261.474609375
1.536	48069904.296875
1.537	46942639.03808594
1.538	48059584.83886719
1.539	49252545.654296875
1.54	48717739.501953125
1.541	48403757.080078125
1.542	49567643.310546875
1.543	49169421.38671875
1.544	49386927.001953125
1.545	49969187.255859375
1.546	51542219.7265625
1.547	49219699.82910156
1.548	50488913.57421875
1.549	49982326.53808594
1.55	51078037.353515625
1.551	49888776.00097656
1.552	51166843.13964844
1.553	51594757.32421875
1.554	52376213.8671875
1.555	51578112.3046875
1.556	50983297.97363281
1.557	51275013.916015625
1.558	50158989.86816406
1.559	51609710.44921875
1.56	52959848.26660156
1.561	52723340.8203125
1.562	53459534.912109375
1.563	53303247.55859375
1.564	54474454.95605469
1.565	52587903.44238281
1.566	52243497.68066406
1.567	54500161.865234375
1.568	55716529.296875
1.569	53700937.5
1.57	54304994.62890625
1.571	54693000.85449219
1.572	54700233.154296875
1.573	54996875.9765625
1.574	55817141.11328125
1.575	55316492.79785156
1.576	56202377.80761719
1.577	56569886.84082031
1.578	55906430.908203125
1.579	55731262.939453125
1.58	56604939.08691406
1.581	56699370.97167969
1.582	56997687.01171875
1.583	58109132.93457031
1.584	56536278.44238281
1.585	56789422.48535156
1.586	58551032.83691406
1.587	59263958.37402344
1.588	58607959.10644531
1.589	59587718.017578125
1.59	58034022.33886719
1.591	59546417.48046875
1.592	59196645.5078125
1.593	59682823.73046875
1.594	61363407.470703125
1.595	61557010.62011719
1.596	61189099.365234375
1.597	60833332.763671875
1.598	60219533.56933594
1.599	61610472.04589844
1.6	62081172.24121094
1.601	63613343.75
1.602	60910053.10058594
1.603	63865739.013671875
1.604	62431564.697265625
1.605	63085656.37207031
1.606	62135836.79199219
1.607	63048069.580078125
1.608	63949741.943359375
1.609	63419240.84472656
1.61	63633136.10839844
1.611	64448618.408203125
1.612	64538247.55859375
1.613	64801138.30566406
1.614	63973286.376953125
1.615	64453691.52832031
1.616	66334826.04980469
1.617	67685843.13964844
1.618	67925213.8671875
1.619	65798720.58105469
1.62	65637269.65332031
1.621	65464786.62109375
1.622	68734086.05957031
1.623	67900619.01855469
1.624	67647070.06835938
1.625	68190151.3671875
1.626	69275192.99316406
1.627	70242995.97167969
1.628	70113998.16894531
1.629	68840919.921875
1.63	70740708.61816406
1.631	69176443.72558594
1.632	69396426.02539062
1.633	71261626.83105469
1.634	72269526.00097656
1.635	71474491.94335938
1.636	71399914.79492188
1.637	71392051.87988281
1.638	73038802.61230469
1.639	72366872.55859375
1.64	72200958.984375
1.641	73182629.76074219
1.642	72032223.51074219
1.643	72105350.21972656
1.644	74118857.78808594
1.645	74199443.11523438
1.646	73891039.30664062
1.647	74090339.47753906
1.648	74472124.0234375
1.649	76826253.66210938
1.65	75547904.78515625
1.651	75632147.21679688
1.652	75406842.7734375
1.653	75572260.49804688
1.654	77517868.65234375
1.655	75588614.62402344
1.656	76418007.08007812
1.657	78808229.4921875
1.658	78132737.42675781
1.659	75754868.04199219
1.66	75820087.64648438
1.661	77115946.41113281
1.662	76811244.99511719
1.663	79636382.32421875
1.664	79976409.91210938
1.665	80452378.66210938
1.666	81139012.20703125
1.667	79077642.82226562
1.668	79873941.40625
1.669	80532704.58984375
1.67	80523851.80664062
1.671	83604292.72460938
1.672	80201499.0234375
1.673	80581133.7890625
1.674	81419611.328125
1.675	84855817.3828125
1.676	85176583.984375
1.677	81225887.20703125
1.678	82858476.5625
1.679	83424262.20703125
1.68	82892909.66796875
1.681	84788643.06640625
1.682	86436008.7890625
1.683	84895830.81054688
1.684	84316654.05273438
1.685	86382373.90136719
1.686	84533851.44042969
1.687	83384310.79101562
1.688	85733605.71289062
1.689	82480912.96386719
1.69	85290869.50683594
1.691	87632664.30664062
1.692	83865140.86914062
1.693	85456563.4765625
1.694	85089440.55175781
1.695	84616174.19433594
1.696	85301208.74023438
1.697	83370621.09375
1.698	83124561.76757812
1.699	83533045.65429688
1.7	83214161.62109375
1.701	83101483.15429688
1.702	85137236.81640625
1.703	84743763.30566406
1.704	80442335.32714844
1.705	82544857.421875
1.706	86865543.70117188
1.707	84978063.23242188
1.708	81293555.29785156
1.709	80495289.42871094
1.71	85964796.875
1.711	82494348.87695312
1.712	80576509.03320312
1.713	82453248.65722656
1.714	79498755.859375
1.715	80222070.92285156
1.716	77760503.17382812
1.717	79899917.11425781
1.718	76221245.84960938
1.719	75164619.01855469
1.72	78575041.25976562
1.721	78289935.91308594
1.722	82609052.85644531
1.723	77179717.40722656
1.724	75145509.64355469
1.725	79284841.30859375
1.726	82260762.6953125
1.727	72052421.02050781
1.728	81386567.74902344
1.729	79152800.17089844
1.73	77697450.31738281
1.731	80457765.99121094
1.732	74523008.54492188
1.733	79510953.24707031
1.734	76369548.70605469
1.735	74607677.12402344
1.736	78767879.15039062
1.737	74029321.53320312
1.738	80732262.93945312
1.739	79132442.26074219
1.74	76570702.63671875
1.741	77067285.76660156
1.742	79828171.63085938
1.743	78121347.65625
1.744	76886655.2734375
1.745	79155680.17578125
1.746	79742425.41503906
1.747	73385340.57617188
1.748	76622003.78417969
1.749	79389422.36328125
1.75	77993355.95703125
1.751	75861900.14648438
1.752	76607463.8671875
1.753	82283502.19726562
1.754	77206386.96289062
1.755	77780547.36328125
1.756	71518736.45019531
1.757	75607335.81542969
1.758	74513925.53710938
1.759	76189055.17578125
1.76	82273576.90429688
1.761	72971861.328125
1.762	75870122.31445312
1.763	69729188.4765625
1.764	81145822.87597656
1.765	79714949.95117188
1.766	81480234.86328125
1.767	75616871.33789062
1.768	69497401.61132812
1.769	72816675.90332031
1.77	78871391.72363281
1.771	76560149.16992188
1.772	72995105.83496094
1.773	70519559.32617188
1.774	76823568.60351562
1.775	71416966.67480469
1.776	72932300.65917969
1.777	72443735.83984375
1.778	74640367.1875
1.779	75009216.18652344
1.78	72422445.43457031
1.781	71893438.4765625
1.782	73260436.64550781
1.783	71365177.61230469
1.784	79559075.1953125
1.785	72006982.421875
1.786	70656755.61523438
1.787	66547897.58300781
1.788	73273338.8671875
1.789	74416044.06738281
1.79	74061688.84277344
1.791	70876381.46972656
1.792	70717955.81054688
1.793	71898643.67675781
1.794	71850336.30371094
1.795	71355943.11523438
1.796	69885167.84667969
1.797	76489040.77148438
1.798	74219219.84863281
1.799	76347606.81152344
1.8	67791723.38867188
1.801	69165094.7265625
1.802	69434616.33300781
1.803	70518355.10253906
1.804	74962361.45019531
1.805	74416086.9140625
1.806	67326087.28027344
1.807	69954561.40136719
1.808	71129874.75585938
1.809	68461103.14941406
1.81	72304297.11914062
1.811	66078976.5625
1.812	71829248.41308594
1.813	69025539.91699219
1.814	76919522.94921875
1.815	75441737.54882812
1.816	72849566.04003906
1.817	72111837.52441406
1.818	70620315.30761719
1.819	68363233.15429688
1.82	69694544.921875
1.821	69992244.99511719
1.822	64532311.767578125
1.823	73697119.38476562
1.824	78640781.12792969
1.825	72209348.75488281
1.826	68190026.00097656
1.827	75076888.671875
1.828	70687379.51660156
1.829	72795651.73339844
1.83	75153120.84960938
1.831	72334376.83105469
1.832	73662400.02441406
1.833	67840493.89648438
1.834	74057522.82714844
1.835	70874367.55371094
1.836	74240327.51464844
1.837	77862798.21777344
1.838	70710640.01464844
1.839	70741620.84960938
1.84	71977625.0
1.841	77347762.20703125
1.842	68143282.34863281
1.843	72352030.02929688
1.844	71523998.90136719
1.845	72172863.15917969
1.846	69348947.02148438
1.847	68560439.69726562
1.848	68260950.92773438
1.849	69918437.5
1.85	68388042.35839844
1.851	73953965.57617188
1.852	75617973.51074219
1.853	71197632.56835938
1.854	68816533.93554688
1.855	73757296.26464844
1.856	71785574.82910156
1.857	68729409.1796875
1.858	63741892.822265625
1.859	67294555.17578125
1.86	65692416.259765625
1.861	66730229.98046875
1.862	70618277.70996094
1.863	69471255.98144531
1.864	69315660.15625
1.865	66889051.14746094
1.866	72794584.83886719
1.867	71691380.859375
1.868	67034286.62109375
1.869	73768294.79980469
1.87	73594171.50878906
1.871	72272981.93359375
1.872	73075665.52734375
1.873	66206724.24316406
1.874	73359338.8671875
1.875	72557763.54980469
1.876	74901514.77050781
1.877	71339113.15917969
1.878	71926167.35839844
1.879	70019053.22265625
1.88	73577942.74902344
1.881	73053656.00585938
1.882	75831600.95214844
1.883	77338234.61914062
1.884	79933333.61816406
1.885	70734086.42578125
1.886	75773340.57617188
1.887	73248967.28515625
1.888	80211763.91601562
1.889	74941315.67382812
1.89	77747947.265625
1.891	76199475.5859375
1.892	70021675.04882812
1.893	74029353.88183594
1.894	74603316.52832031
1.895	75603733.15429688
1.896	74925087.890625
1.897	80202940.55175781
1.898	72552681.76269531
1.899	76275210.9375
1.9	81360868.65234375
1.901	74930521.24023438
1.902	80919829.22363281
1.903	75661603.63769531
1.904	77681368.28613281
1.905	77573842.89550781
1.906	75947419.921875
1.907	75064715.08789062
1.908	81909788.33007812
1.909	78209951.29394531
1.91	78157224.48730469
1.911	74555813.59863281
1.912	78028143.31054688
1.913	80569807.00683594
1.914	80653918.57910156
1.915	81734175.29296875
1.916	76128661.49902344
1.917	75663905.02929688
1.918	76631766.11328125
1.919	84516375.48828125
1.92	79261337.40234375
1.921	76504625.24414062
1.922	80068066.40625
1.923	81005739.01367188
1.924	75137844.97070312
1.925	80974724.48730469
1.926	79326800.78125
1.927	74750263.79394531
1.928	85217394.53125
1.929	78927663.94042969
1.93	78884430.17578125
1.931	74976753.66210938
1.932	80299969.36035156
1.933	79686725.46386719
1.934	76729236.69433594
1.935	79922714.84375
1.936	80805127.9296875
1.937	81003909.30175781
1.938	79776599.48730469
1.939	75767519.65332031
1.94	74553318.23730469
1.941	75500495.36132812
1.942	80676091.18652344
1.943	80836527.95410156
1.944	79222199.46289062
1.945	78352143.79882812
1.946	79272144.04296875
1.947	83004981.07910156
1.948	76077785.52246094
1.949	77432593.99414062
1.95	83745344.60449219
1.951	84043327.02636719
1.952	79900161.37695312
1.953	72172028.07617188
1.954	81296518.06640625
1.955	80898814.94140625
1.956	75490782.95898438
1.957	79512485.71777344
1.958	80851898.80371094
1.959	88299380.61523438
1.96	79467386.96289062
1.961	77096153.56445312
1.962	80751687.98828125
1.963	82601730.59082031
1.964	80823635.86425781
1.965	77160158.69140625
1.966	82194805.17578125
1.967	83243419.921875
1.968	74828306.88476562
1.969	80669430.90820312
1.97	87310255.61523438
1.971	79073649.16992188
1.972	85894255.12695312
1.973	79658407.95898438
1.974	78941434.5703125
1.975	85187897.4609375
1.976	73933349.73144531
1.977	81495515.01464844
1.978	83137650.390625
1.979	84916692.62695312
1.98	78471446.04492188
1.981	82168271.484375
1.982	77951370.60546875
1.983	79672783.32519531
1.984	81220400.02441406
1.985	79129723.14453125
1.986	81423863.28125
1.987	83513764.40429688
1.988	77739072.02148438
1.989	82963770.75195312
1.99	76457903.19824219
1.991	78738789.67285156
1.992	78180576.90429688
1.993	84550739.74609375
1.994	88224489.99023438
1.995	80807548.46191406
1.996	82234457.88574219
1.997	83634878.17382812
1.998	80163656.00585938
1.999	83220946.04492188
2.0	78852704.58984375
2.001	79746711.54785156
2.002	82976128.17382812
2.003	82765001.34277344
2.004	83881124.51171875
2.005	82977166.50390625
2.006	80390340.33203125
2.007	80316696.77734375
2.008	91091488.03710938
2.009	78538428.7109375
2.01	84285363.28125
2.011	80146932.37304688
2.012	86234667.96875
2.013	83395280.63964844
2.014	84413551.02539062
2.015	85395383.54492188
2.016	81444418.33496094
2.017	80153229.24804688
2.018	85295998.29101562
2.019	82522733.64257812
2.02	77384530.51757812
2.021	87789092.28515625
2.022	85624704.34570312
2.023	84358565.06347656
2.024	90799347.65625
2.025	86659129.02832031
2.026	83049391.96777344
2.027	84928941.04003906
2.028	88097215.8203125
2.029	78650708.0078125
2.03	90297813.23242188
2.031	81180733.64257812
2.032	90244547.11914062
2.033	85648291.9921875
2.034	84512686.03515625
2.035	89367397.21679688
2.036	81342112.54882812
2.037	90879743.1640625
2.038	89521325.43945312
2.039	86279349.36523438
2.04	83592156.00585938
2.041	83329570.43457031
2.042	89651575.1953125
2.043	92728069.21386719
2.044	81910809.69238281
2.045	82998919.06738281
2.046	89364161.37695312
2.047	91728310.30273438
2.048	91085972.65625
2.049	83518635.98632812
2.05	88095215.08789062
2.051	93129251.953125
2.052	85982702.51464844
2.053	90831330.68847656
2.054	85018086.9140625
2.055	88655884.765625
2.056	87282012.45117188
2.057	91318192.87109375
2.058	93421329.83398438
2.059	92356073.97460938
2.06	95009116.57714844
2.061	85772637.57324219
2.062	89268670.16601562
2.063	89596702.63671875
2.064	83501658.44726562
2.065	90378500.0
2.066	89289046.875
2.067	98225203.36914062
2.068	90185443.359375
2.069	89422928.46679688
2.07	97145660.15625
2.071	92048604.85839844
2.072	87320478.39355469
2.073	91067770.99609375
2.074	91559110.59570312
2.075	90393165.0390625
2.076	94537749.0234375
2.077	92053855.46875
2.078	95872491.69921875
2.079	93603322.02148438
2.08	91231167.60253906
2.081	92692265.86914062
2.082	95192775.02441406
2.083	95097184.20410156
2.084	94291913.45214844
2.085	94129815.91796875
2.086	95626595.703125
2.087	91438106.68945312
2.088	97255603.75976562
2.089	95600406.25
2.09	93154019.04296875
2.091	100338914.55078125
2.092	93433860.10742188
2.093	100432662.35351562
2.094	93411955.32226562
2.095	98321092.7734375
2.096	96697760.00976562
2.097	95572403.56445312
2.098	102410825.68359375
2.099	97142780.51757812
2.1	97468835.69335938
2.101	101907447.99804688
2.102	97816648.4375
2.103	97578097.16796875
2.104	98345660.64453125
2.105	96505149.90234375
2.106	101782185.546875
2.107	99486913.33007812
2.108	99400166.74804688
2.109	97098103.02734375
2.11	100521247.31445312
2.111	103105036.1328125
2.112	98389533.203125
2.113	101331672.36328125
2.114	104216907.95898438
2.115	102222204.83398438
2.116	102781249.26757812
2.117	101260995.60546875
2.118	100297050.78125
2.119	100341454.34570312
2.12	101338047.60742188
2.121	102979965.33203125
2.122	104577877.9296875
2.123	105049066.89453125
2.124	103097362.3046875
2.125	107407922.36328125
2.126	104660710.69335938
2.127	103901543.9453125
2.128	102185976.19628906
2.129	101070500.61035156
2.13	102618654.78515625
2.131	105365820.06835938
2.132	107402243.40820312
2.133	106127269.28710938
2.134	104036605.71289062
2.135	107059220.45898438
2.136	108143695.80078125
2.137	106379175.53710938
2.138	105599623.046875
2.139	107523201.41601562
2.14	105038127.44140625
2.141	104080633.30078125
2.142	105583237.79296875
2.143	105606999.75585938
2.144	111396977.29492188
2.145	111695566.89453125
2.146	111672626.70898438
2.147	109295645.26367188
2.148	107819442.87109375
2.149	108862419.43359375
2.15	104377511.47460938
2.151	110350263.18359375
2.152	109592270.5078125
2.153	106371488.28125
2.154	110744081.54296875
2.155	111416879.8828125
2.156	107776580.81054688
2.157	110207726.5625
2.158	112527912.84179688
2.159	111300088.13476562
2.16	110387999.75585938
2.161	114420700.43945312
2.162	108874626.46484375
2.163	109135727.5390625
2.164	112840093.26171875
2.165	112905076.41601562
2.166	107778260.7421875
2.167	111408706.29882812
2.168	115328470.94726562
2.169	118866712.890625
2.17	112746771.97265625
2.171	109940338.62304688
2.172	112750301.26953125
2.173	111087858.64257812
2.174	113685669.43359375
2.175	117207366.2109375
2.176	109513681.88476562
2.177	114917497.55859375
2.178	109062834.22851562
2.179	110902665.52734375
2.18	113971476.31835938
2.181	116330172.8515625
2.182	115924821.77734375
2.183	111306021.97265625
2.184	116128896.24023438
2.185	112412750.24414062
2.186	113116046.14257812
2.187	115588741.94335938
2.188	115821527.58789062
2.189	118063019.04296875
2.19	114737005.61523438
2.191	119794415.52734375
2.192	114986622.31445312
2.193	111952501.70898438
2.194	115894942.13867188
2.195	120091139.40429688
2.196	116771010.98632812
2.197	115879782.95898438
2.198	118245034.66796875
2.199	116381844.7265625
2.2	119756289.55078125
2.201	119309652.34375
2.202	119923424.31640625
2.203	116693671.63085938
2.204	111884261.47460938
2.205	113487261.96289062
2.206	122877137.6953125
2.207	116914014.6484375
2.208	116377231.20117188
2.209	119654001.46484375
2.21	120964099.609375
2.211	115046139.16015625
2.212	123624194.58007812
2.213	118552652.09960938
2.214	123844292.23632812
2.215	118585243.89648438
2.216	119416937.5
2.217	116517211.42578125
2.218	122325795.41015625
2.219	115775394.04296875
2.22	112955629.63867188
2.221	116146626.70898438
2.222	123974344.48242188
2.223	121869062.25585938
2.224	120519129.63867188
2.225	127424314.453125
2.226	124558476.31835938
2.227	117856222.90039062
2.228	117164386.23046875
2.229	115387439.453125
2.23	118567910.64453125
2.231	126141999.0234375
2.232	126963312.98828125
2.233	122112033.203125
2.234	122466767.82226562
2.235	118371350.83007812
2.236	115099111.81640625
2.237	125384174.8046875
2.238	124369240.96679688
2.239	119022675.53710938
2.24	126791477.05078125
2.241	126640171.14257812
2.242	123429009.03320312
2.243	121063157.2265625
2.244	121025635.49804688
2.245	123899939.453125
2.246	129295334.9609375
2.247	121594751.46484375
2.248	123603038.33007812
2.249	129605636.47460938
2.25	118976179.19921875
2.251	130184259.765625
2.252	122987679.6875
2.253	127153297.11914062
2.254	120211890.13671875
2.255	119233764.40429688
2.256	125056565.91796875
2.257	128963787.84179688
2.258	119036474.85351562
2.259	126905522.4609375
2.26	122976005.12695312
2.261	123505312.98828125
2.262	125181564.69726562
2.263	125337412.109375
2.264	122802882.08007812
2.265	123765398.92578125
2.266	125321363.76953125
2.267	125422595.21484375
2.268	129370117.91992188
2.269	124810565.67382812
2.27	120536985.3515625
2.271	128224904.78515625
2.272	121649723.87695312
2.273	124839370.1171875
2.274	124829332.03125
2.275	132900424.07226562
2.276	124088242.43164062
2.277	128145399.4140625
2.278	128531687.98828125
2.279	118146067.13867188
2.28	122117661.86523438
2.281	124607402.83203125
2.282	125313801.7578125
2.283	127724506.8359375
2.284	122293481.32324219
2.285	127771495.48339844
2.286	126612011.47460938
2.287	124624629.39453125
2.288	134885645.99609375
2.289	119408795.41015625
2.29	135931347.65625
2.291	131405864.01367188
2.292	125820875.0
2.293	123961080.078125
2.294	89701984.13085938
2.295	104895243.1640625
2.296	105594446.53320312
2.297	113400536.37695312
2.298	108605066.89453125
2.299	118591479.00390625
2.3	124321568.84765625
2.301	104796015.13671875
2.302	126618984.13085938
2.303	114400588.62304688
2.304	125182040.0390625
2.305	112413590.08789062
2.306	117666706.78710938
2.307	121168614.50195312
2.308	119520126.22070312
2.309	124705242.67578125
2.31	111958677.49023438
2.311	114317950.92773438
2.312	112953221.92382812
2.313	121327062.5
2.314	121746086.42578125
2.315	107120444.58007812
2.316	112629348.87695312
2.317	120317733.15429688
2.318	116815410.40039062
2.319	124257977.78320312
2.32	125218895.5078125
2.321	112717890.86914062
2.322	116443030.02929688
2.323	93801052.00195312
2.324	105024737.3046875
2.325	109836857.91015625
2.326	109831507.8125
2.327	108653486.81640625
2.328	111994067.13867188
2.329	112660482.17773438
2.33	109817232.17773438
2.331	106317711.66992188
2.332	111756082.76367188
2.333	117397682.12890625
2.334	107966619.140625
2.335	110210261.96289062
2.336	109293788.57421875
2.337	106875462.40234375
2.338	113223467.52929688
2.339	106563189.94140625
2.34	102419202.1484375
2.341	111068266.47949219
2.342	113741698.36425781
2.343	115517673.09570312
2.344	106526098.6328125
2.345	98313463.8671875
2.346	117771236.57226562
2.347	115832808.83789062
2.348	114911854.24804688
2.349	111445870.23925781
2.35	110343256.95800781
2.351	103964083.25195312
2.352	99081020.01953125
2.353	93353896.97265625
2.354	95446757.56835938
2.355	107995723.38867188
2.356	98883284.66796875
2.357	109468375.9765625
2.358	104952590.8203125
2.359	93374464.84375
2.36	112997485.10742188
2.361	101812720.703125
2.362	103685845.33691406
2.363	99496967.40722656
2.364	104662907.2265625
2.365	107987845.94726562
2.366	110429788.81835938
2.367	106383759.52148438
2.368	101784910.40039062
2.369	107558324.70703125
2.37	116552207.15332031
2.371	102915701.04980469
2.372	112177469.7265625
2.373	106138902.34375
2.374	106647799.56054688
2.375	109149225.83007812
2.376	105555065.67382812
2.377	99169149.90234375
2.378	106390382.32421875
2.379	104230027.22167969
2.38	109620046.99707031
2.381	102069750.48828125
2.382	103984187.98828125
2.383	94564310.42480469
2.384	91341480.83496094
2.385	108523553.95507812
2.386	96865100.46386719
2.387	90755613.28125
2.388	94861987.42675781
2.389	100316476.31835938
2.39	109002531.37207031
2.391	103281467.40722656
2.392	92943465.8203125
2.393	92588999.51171875
2.394	117731280.02929688
2.395	98642675.29296875
2.396	105586041.25976562
2.397	101366316.40625
2.398	95444319.82421875
2.399	99677851.31835938
2.4	102773446.53320312
2.401	95620898.92578125
2.402	100503645.26367188
2.403	102736470.45898438
2.404	95885527.58789062
2.405	100732762.45117188
2.406	99920921.14257812
2.407	95652187.01171875
2.408	92962503.90625
2.409	94183212.64648438
2.41	92664659.42382812
2.411	96067380.24902344
2.412	95302113.52539062
2.413	94084405.02929688
2.414	85463207.88574219
2.415	100414242.67578125
2.416	90833549.68261719
2.417	89316357.78808594
2.418	90819614.86816406
2.419	97115433.22753906
2.42	93895588.8671875
2.421	99125582.03125
2.422	85927687.01171875
2.423	94111940.4296875
2.424	99313055.41992188
2.425	91340563.23242188
2.426	87501854.98046875
2.427	93629556.15234375
2.428	86007808.95996094
2.429	94530125.12207031
2.43	93101733.3984375
2.431	83825336.42578125
2.432	94360838.8671875
2.433	88563758.54492188
2.434	87051761.71875
2.435	88868698.73046875
2.436	95685267.08984375
2.437	77984982.91015625
2.438	90779172.8515625
2.439	98012407.47070312
2.44	91393354.24804688
2.441	95623526.3671875
2.442	87446905.2734375
2.443	83052867.91992188
2.444	81983642.82226562
2.445	89171732.91015625
2.446	88742314.94140625
2.447	96522857.17773438
2.448	78035255.00488281
2.449	87239882.44628906
2.45	88897900.02441406
2.451	95086561.03515625
2.452	76959433.10546875
2.453	83073019.65332031
2.454	77791945.92285156
2.455	81660639.77050781
2.456	90993680.17578125
2.457	88476059.5703125
2.458	89148917.48046875
2.459	89061476.19628906
2.46	88498081.17675781
2.461	69209117.1875
2.462	91111053.7109375
2.463	85666413.57421875
2.464	92112291.015625
2.465	89625795.65429688
2.466	85395309.81445312
2.467	93012784.1796875
2.468	73079402.34375
2.469	91245072.02148438
2.47	83247915.16113281
2.471	81311384.39941406
2.472	82162939.20898438
2.473	82535005.37109375
2.474	77394298.58398438
2.475	75875048.09570312
2.476	75303981.68945312
2.477	91983784.42382812
2.478	87955684.44824219
2.479	73786738.40332031
2.48	82204831.17675781
2.481	81919328.61328125
2.482	76580197.14355469
2.483	79196815.55175781
2.484	87096931.15234375
2.485	93101641.6015625
2.486	84679823.97460938
2.487	76085691.16210938
2.488	75930155.39550781
2.489	79955857.78808594
2.49	74324433.10546875
2.491	73937505.73730469
2.492	81389721.6796875
2.493	78424273.92578125
2.494	91822628.41796875
2.495	82999925.29296875
2.496	79570687.25585938
2.497	84279906.73828125
2.498	73464823.48632812
2.499	78731878.66210938
2.5	82791276.12304688
2.501	79438826.53808594
2.502	82705097.29003906
2.503	75833232.78808594
2.504	76161336.05957031
2.505	75558113.76953125
2.506	66666072.021484375
2.507	75632896.484375
2.508	77823425.17089844
2.509	85968466.91894531
2.51	81764632.32421875
2.511	72105656.12792969
2.512	77394701.04980469
2.513	72141527.58789062
2.514	77651539.67285156
2.515	66619934.44824219
2.516	73205396.97265625
2.517	83890991.45507812
2.518	79157541.25976562
2.519	79284442.99316406
2.52	74767166.62597656
2.521	76632910.40039062
2.522	75309157.71484375
2.523	79381842.7734375
2.524	70874722.53417969
2.525	73202650.63476562
2.526	72515475.83007812
2.527	82555357.17773438
2.528	67647894.04296875
2.529	76261697.75390625
2.53	78426884.03320312
2.531	85359658.44726562
2.532	79343982.54394531
2.533	66398588.98925781
2.534	84021725.5859375
2.535	75016885.62011719
2.536	66753403.80859375
2.537	74604593.62792969
2.538	77266787.23144531
2.539	71256537.84179688
2.54	75341426.63574219
2.541	73379314.33105469
2.542	77409028.3203125
2.543	72464834.22851562
2.544	69674398.19335938
2.545	78811060.66894531
2.546	73671958.37402344
2.547	77317424.19433594
2.548	74338151.12304688
2.549	68683940.30761719
2.55	71607356.20117188
2.551	81125017.82226562
2.552	78501530.76171875
2.553	65182039.794921875
2.554	81068917.60253906
2.555	73653980.46875
2.556	71907284.66796875
2.557	71462545.77636719
2.558	73269134.52148438
2.559	78454601.68457031
2.56	73800956.78710938
2.561	62689156.25
2.562	81215317.50488281
2.563	68560059.93652344
2.564	71241137.6953125
2.565	74291228.02734375
2.566	73624668.09082031
2.567	69568848.26660156
2.568	74711542.84667969
2.569	71472645.87402344
2.57	70932925.90332031
2.571	85712605.46875
2.572	77478567.50488281
2.573	73884497.25341797
2.574	70377257.01904297
2.575	70479168.09082031
2.576	73465485.59570312
2.577	63694720.458984375
2.578	64889720.458984375
2.579	71106701.04980469
2.58	81959907.95898438
2.581	71738778.93066406
2.582	74670320.43457031
2.583	66169387.451171875
2.584	74067818.60351562
2.585	71597495.23925781
2.586	79389719.97070312
2.587	69705802.12402344
2.588	71300620.60546875
2.589	74895787.35351562
2.59	70532895.14160156
2.591	72883898.68164062
2.592	78266717.7734375
2.593	67463221.92382812
2.594	71732268.06640625
2.595	68808405.76171875
2.596	76220675.17089844
2.597	74161642.578125
2.598	63729392.70019531
2.599	77450122.80273438
