0.7	189377.84099578857
0.701	192676.75113677979
0.702	196022.2463607788
0.703	199415.3814315796
0.704	202854.1612625122
0.705	206319.68116760254
0.706	209870.4481124878
0.707	213451.3874053955
0.708	217083.4264755249
0.709	220761.004447937
0.71	224488.64841461182
0.711	228268.55373382568
0.712	232097.99194335938
0.713	235974.92790222168
0.714	239901.9374847412
0.715	243870.39279937744
0.716	247883.3932876587
0.717	251948.44436645508
0.718	256075.79612731934
0.719	260253.74031066895
0.72	264482.82623291016
0.721	268764.61601257324
0.722	273102.66494750977
0.723	277496.8090057373
0.724	281944.7183609009
0.725	286450.2010345459
0.726	291010.81466674805
0.727	295629.5042037964
0.728	300304.01706695557
0.729	305040.5101776123
0.73	309833.67919921875
0.731	314684.58461761475
0.732	319599.06673431396
0.733	324573.0094909668
0.734	329601.8810272217
0.735	334693.1972503662
0.736	339851.99546813965
0.737	345072.1778869629
0.738	350354.31480407715
0.739	355699.5449066162
0.74	361113.317489624
0.741	366584.34295654297
0.742	372115.6749725342
0.743	377733.87336730957
0.744	383404.1042327881
0.745	389140.474319458
0.746	394949.3751525879
0.747	400823.57025146484
0.748	406763.1587982178
0.749	412780.4203033447
0.75	418862.455368042
0.751	425011.65199279785
0.752	431232.55157470703
0.753	437526.9527435303
0.754	443890.8863067627
0.755	450328.62281799316
0.756	456820.2075958252
0.757	463401.74102783203
0.758	470071.51794433594
0.759	476797.7695465088
0.76	483597.42164611816
0.761	490473.876953125
0.762	497422.77908325195
0.763	504431.44035339355
0.764	511489.9272918701
0.765	518545.84884643555
0.766	525343.4104919434
0.767	483207.54957199097
0.768	540401.1726379395
0.769	547945.1446533203
0.77	508267.2653198242
0.771	563262.9489898682
0.772	571302.6962280273
0.773	579278.7570953369
0.774	587289.083480835
0.775	595360.0368499756
0.776	603509.4203948975
0.777	611739.1090393066
0.778	620061.9564056396
0.779	628461.7595672607
0.78	636870.2983856201
0.781	645543.155670166
0.782	654217.6475524902
0.783	662962.9096984863
0.784	671815.0787353516
0.785	680757.2021484375
0.786	689797.8782653809
0.787	698916.8472290039
0.788	708140.3884887695
0.789	717458.5380554199
0.79	726862.0262145996
0.791	736328.4606933594
0.792	745909.725189209
0.793	755626.2397766113
0.794	765423.8014221191
0.795	775166.6641235352
0.796	785299.5948791504
0.797	795352.9663085938
0.798	805548.1109619141
0.799	815823.2192993164
0.8	826191.8182373047
0.801	836676.9256591797
0.802	847265.510559082
0.803	857960.5674743652
0.804	868746.8147277832
0.805	879622.0779418945
0.806	890627.8686523438
0.807	901726.978302002
0.808	912959.4383239746
0.809	924268.4745788574
0.81	935718.3494567871
0.811	947233.9515686035
0.812	958894.6418762207
0.813	970675.6210327148
0.814	982584.2056274414
0.815	994570.8961486816
0.816	1006698.844909668
0.817	1018895.5001831055
0.818	1031284.8014831543
0.819	1043646.9917297363
0.82	1055478.6643981934
0.821	1068565.1054382324
0.822	1081384.0446472168
0.823	1094213.6917114258
0.824	1107300.0602722168
0.825	1120336.2770080566
0.826	1133578.9680480957
0.827	1146907.67288208
0.828	1160312.026977539
0.829	1173775.4974365234
0.83	1187597.6524353027
0.831	1201292.9954528809
0.832	1215262.24899292
0.833	1229293.571472168
0.834	1243444.725036621
0.835	1257590.9538269043
0.836	1271929.401397705
0.837	1286387.65335083
0.838	1301022.9797363281
0.839	1315554.4509887695
0.84	1330420.036315918
0.841	1345675.2624511719
0.842	1360596.0235595703
0.843	1375747.0779418945
0.844	1390723.487854004
0.845	1406106.8725585938
0.846	1421612.6098632812
0.847	1437301.4373779297
0.848	1453177.5817871094
0.849	1469095.8404541016
0.85	1485234.9319458008
0.851	1501424.7360229492
0.852	1517788.7115478516
0.853	1534179.2678833008
0.854	1550745.590209961
0.855	1567558.2122802734
0.856	1584456.1233520508
0.857	1601402.6107788086
0.858	1618596.7330932617
0.859	1635746.1395263672
0.86	1653103.3401489258
0.861	1670619.1864013672
0.862	1688272.9797363281
0.863	1706047.3403930664
0.864	1724010.7803344727
0.865	1741993.408203125
0.866	1760382.9193115234
0.867	1778694.7631835938
0.868	1797086.6928100586
0.869	1815567.771911621
0.87	1834331.7794799805
0.871	1852638.557434082
0.872	1872100.8071899414
0.873	1891544.189453125
0.874	1910511.7263793945
0.875	1930204.8950195312
0.876	1950164.9932861328
0.877	1969857.566833496
0.878	1989829.0481567383
0.879	2009841.7129516602
0.88	2022116.8670654297
0.881	2050957.9620361328
0.882	2071131.0119628906
0.883	2091957.992553711
0.884	2113118.3853149414
0.885	2134239.6240234375
0.886	2155214.8208618164
0.887	2175261.993408203
0.888	2196811.4013671875
0.889	2218353.614807129
0.89	2240120.6588745117
0.891	2262366.3635253906
0.892	2283480.3771972656
0.893	2306466.278076172
0.894	2328413.345336914
0.895	2349873.9471435547
0.896	2372993.3471679688
0.897	2395877.052307129
0.898	2419540.7485961914
0.899	2442092.2622680664
0.9	2465894.729614258
0.901	2490120.3689575195
0.902	2513437.675476074
0.903	2536270.4467773438
0.904	2560130.599975586
0.905	2585668.670654297
0.906	2608798.9807128906
0.907	2633276.2756347656
0.908	2662537.2772216797
0.909	2685001.724243164
0.91	2708712.9821777344
0.911	2734519.1345214844
0.912	2762761.23046875
0.913	2786835.6323242188
0.914	2811359.619140625
0.915	2839616.943359375
0.916	2867410.7055664062
0.917	2893033.981323242
0.918	2917981.979370117
0.919	2949153.9001464844
0.92	2972123.5961914062
0.921	2993308.4564208984
0.922	3017682.327270508
0.923	3039976.1962890625
0.924	3070566.9708251953
0.925	3098153.839111328
0.926	3125279.2205810547
0.927	3152562.774658203
0.928	3177151.3061523438
0.929	3204694.3969726562
0.93	3234967.3767089844
0.931	3261990.280151367
0.932	3291855.514526367
0.933	3319157.913208008
0.934	3346512.6190185547
0.935	3373997.268676758
0.936	3406334.426879883
0.937	3433937.713623047
0.938	3467906.692504883
0.939	3496243.5607910156
0.94	3527541.534423828
0.941	3556907.928466797
0.942	3590493.9575195312
0.943	3620138.916015625
0.944	3648892.532348633
0.945	3679072.3571777344
0.946	3712611.770629883
0.947	3738827.63671875
0.948	3772132.339477539
0.949	3811214.126586914
0.95	3834380.9661865234
0.951	3868967.2088623047
0.952	3903121.826171875
0.953	3934393.798828125
0.954	3972441.909790039
0.955	4000869.125366211
0.956	4029909.3475341797
0.957	4066508.1329345703
0.958	4109793.0603027344
0.959	4140135.0708007812
0.96	4166999.0997314453
0.961	4207387.664794922
0.962	4230778.900146484
0.963	4278349.304199219
0.964	4303470.3369140625
0.965	4345946.838378906
0.966	4385172.286987305
0.967	4418489.532470703
0.968	4459038.162231445
0.969	4496434.066772461
0.97	4533330.612182617
0.971	4562407.88269043
0.972	4600961.898803711
0.973	4622305.740356445
0.974	4655198.272705078
0.975	4694273.880004883
0.976	4731268.615722656
0.977	4767686.981201172
0.978	4807911.285400391
0.979	4852794.052124023
0.98	4886617.340087891
0.981	4916746.047973633
0.982	4945453.323364258
0.983	4987201.2939453125
0.984	5028820.14465332
0.985	5068799.057006836
0.986	5107002.380371094
0.987	5152562.5
0.988	5177460.0830078125
0.989	5240544.250488281
0.99	5230115.509033203
0.991	5247109.771728516
0.992	5293240.020751953
0.993	5341002.960205078
0.994	5382382.049560547
0.995	5428919.006347656
0.996	5468822.296142578
0.997	5517899.017333984
0.998	5552501.129150391
0.999	5574045.623779297
1.0	5624325.714111328
1.001	5669924.850463867
1.002	5713717.727661133
1.003	5764290.390014648
1.004	5788040.4052734375
1.005	5843757.888793945
1.006	5867378.448486328
1.007	5914264.343261719
1.008	5974120.2392578125
1.009	6009255.401611328
1.01	6067950.759887695
1.011	6091509.765625
1.012	6142324.0966796875
1.013	6198242.599487305
1.014	6214351.654052734
1.015	6278079.818725586
1.016	6306358.901977539
1.017	6345686.84387207
1.018	6417493.316650391
1.019	6444512.725830078
1.02	6483957.260131836
1.021	6550846.755981445
1.022	6566376.449584961
1.023	6638320.220947266
1.024	6693908.309936523
1.025	6721828.155517578
1.026	6735358.703613281
1.027	6787770.797729492
1.028	6831224.533081055
1.029	6891740.127563477
1.03	6927977.6611328125
1.031	7003520.538330078
1.032	7026936.798095703
1.033	7083868.0419921875
1.034	7128306.091308594
1.035	7187323.669433594
1.036	7247449.813842773
1.037	7298195.816040039
1.038	7330013.35144043
1.039	7378676.086425781
1.04	7432542.434692383
1.041	7518104.309082031
1.042	7523431.365966797
1.043	7546431.823730469
1.044	7656620.2392578125
1.045	7726374.237060547
1.046	7810577.072143555
1.047	7743233.413696289
1.048	7820775.344848633
1.049	7912217.6513671875
1.05	7950616.195678711
1.051	7979818.862915039
1.052	7998323.135375977
1.053	8145094.940185547
1.054	8181322.448730469
1.055	8225364.700317383
1.056	8237923.370361328
1.057	8264804.992675781
1.058	8402739.91394043
1.059	8438017.944335938
1.06	8517104.370117188
1.061	8510643.508911133
1.062	8559097.213745117
1.063	8651175.567626953
1.064	8807183.471679688
1.065	8800272.644042969
1.066	8826476.028442383
1.067	8822675.93383789
1.068	8937495.742797852
1.069	9062902.49633789
1.07	9063224.563598633
1.071	9150410.430908203
1.072	9277771.743774414
1.073	9235478.958129883
1.074	9400201.82800293
1.075	9472362.96081543
1.076	9582388.99230957
1.077	9656903.594970703
1.078	9774491.348266602
1.079	9743368.957519531
1.08	9827088.821411133
1.081	9812093.292236328
1.082	9921229.15649414
1.083	10117844.451904297
1.084	10279651.763916016
1.085	10247931.777954102
1.086	10274737.96081543
1.087	10272872.329711914
1.088	10419809.844970703
1.089	10262777.435302734
1.09	10410442.779541016
1.091	10486789.733886719
1.092	10588892.120361328
1.093	10571389.892578125
1.094	10624806.97631836
1.095	10738164.581298828
1.096	10674038.72680664
1.097	10827259.61303711
1.098	10846206.573486328
1.099	10866706.726074219
1.1	10908814.056396484
1.101	11000070.739746094
1.102	11157696.685791016
1.103	11007293.273925781
1.104	11081402.252197266
1.105	11137630.462646484
1.106	11164529.510498047
1.107	11213996.826171875
1.108	11306367.309570312
1.109	11405398.193359375
1.11	11402877.563476562
1.111	11439054.473876953
1.112	11578219.787597656
1.113	11647093.26171875
1.114	11669946.960449219
1.115	11733553.405761719
1.116	11888407.836914062
1.117	11830883.422851562
1.118	12107118.98803711
1.119	12057140.014648438
1.12	12044955.505371094
1.121	12171347.442626953
1.122	12295357.75756836
1.123	12341561.431884766
1.124	12486076.690673828
1.125	12577509.521484375
1.126	12598669.036865234
1.127	12697219.146728516
1.128	12776433.410644531
1.129	12869581.298828125
1.13	12833288.024902344
1.131	12984083.892822266
1.132	12992908.53881836
1.133	13058447.875976562
1.134	13026308.837890625
1.135	12867067.993164062
1.136	13262916.076660156
1.137	13304154.93774414
1.138	13225508.45336914
1.139	13405595.733642578
1.14	13564212.646484375
1.141	13495998.107910156
1.142	13684136.322021484
1.143	13778460.9375
1.144	13612938.14086914
1.145	13920581.024169922
1.146	14043348.29711914
1.147	14046092.742919922
1.148	14091468.963623047
1.149	14369702.575683594
1.15	14405837.829589844
1.151	14414545.349121094
1.152	14509105.651855469
1.153	14543485.412597656
1.154	14514646.728515625
1.155	14856199.06616211
1.156	14922882.354736328
1.157	14847272.003173828
1.158	15018697.570800781
1.159	15221654.63256836
1.16	15021922.332763672
1.161	15156056.915283203
1.162	15315337.036132812
1.163	15427625.732421875
1.164	15244366.027832031
1.165	15746587.829589844
1.166	15459031.982421875
1.167	15692420.8984375
1.168	15765956.817626953
1.169	15351351.287841797
1.17	15762642.761230469
1.171	15970476.959228516
1.172	16186708.526611328
1.173	16152361.450195312
1.174	16113534.1796875
1.175	16337395.050048828
1.176	16164607.177734375
1.177	16106303.985595703
1.178	15952343.688964844
1.179	16504200.653076172
1.18	16652321.746826172
1.181	16717986.206054688
1.182	16735813.171386719
1.183	17079570.556640625
1.184	17048700.317382812
1.185	17218560.974121094
1.186	17186934.844970703
1.187	17502293.853759766
1.188	17443725.463867188
1.189	17404015.502929688
1.19	17624782.653808594
1.191	17670151.153564453
1.192	17796878.26538086
1.193	18056014.923095703
1.194	17753141.78466797
1.195	17783058.044433594
1.196	17935259.796142578
1.197	17864908.111572266
1.198	17814101.593017578
1.199	18062636.444091797
1.2	17987055.6640625
1.201	18177136.41357422
1.202	18235955.505371094
1.203	18349754.69970703
1.204	18766670.10498047
1.205	18743720.825195312
1.206	19492181.091308594
1.207	18875677.185058594
1.208	19344444.610595703
1.209	19092861.053466797
1.21	19528649.963378906
1.211	19127896.728515625
1.212	19353706.84814453
1.213	19504243.31665039
1.214	20054340.66772461
1.215	20088788.87939453
1.216	20134710.540771484
1.217	20195414.306640625
1.218	20490970.184326172
1.219	20594266.44897461
1.22	20344790.466308594
1.221	20488486.450195312
1.222	20545112.579345703
1.223	20624978.057861328
1.224	20905777.313232422
1.225	21387032.348632812
1.226	21419569.82421875
1.227	21414748.596191406
1.228	21840550.29296875
1.229	21830445.678710938
1.23	21706670.71533203
1.231	22094344.604492188
1.232	21695800.59814453
1.233	21943067.87109375
1.234	22400771.423339844
1.235	21999976.684570312
1.236	22389454.1015625
1.237	22553727.600097656
1.238	22610170.41015625
1.239	22354649.59716797
1.24	22595862.854003906
1.241	21931688.049316406
1.242	21881158.813476562
1.243	22234876.525878906
1.244	22034287.536621094
1.245	23089734.741210938
1.246	23006546.508789062
1.247	23396541.80908203
1.248	23024908.325195312
1.249	23632854.064941406
1.25	23341211.791992188
1.251	23670085.083007812
1.252	23188439.819335938
1.253	23320288.330078125
1.254	24240340.8203125
1.255	23768774.658203125
1.256	24168300.354003906
1.257	24819962.951660156
1.258	24261409.057617188
1.259	24610917.17529297
1.26	24683727.23388672
1.261	25498700.927734375
1.262	24604437.133789062
1.263	25041212.158203125
1.264	24964331.35986328
1.265	25158102.84423828
1.266	25552022.64404297
1.267	26055491.02783203
1.268	25960277.221679688
1.269	26438405.639648438
1.27	26103499.450683594
1.271	26201971.801757812
1.272	26823874.572753906
1.273	26948463.134765625
1.274	26402152.770996094
1.275	26359448.73046875
1.276	27014170.22705078
1.277	27064454.650878906
1.278	26949061.401367188
1.279	27554070.3125
1.28	27435942.260742188
1.281	27370867.1875
1.282	28001045.10498047
1.283	27516565.002441406
1.284	27849131.591796875
1.285	28334284.240722656
1.286	27209450.01220703
1.287	28385710.083007812
1.288	28231129.150390625
1.289	28316688.537597656
1.29	28985580.688476562
1.291	28547823.608398438
1.292	28488738.46435547
1.293	28840632.99560547
1.294	29933924.926757812
1.295	28729714.17236328
1.296	29798141.174316406
1.297	30075833.80126953
1.298	30448386.169433594
1.299	29972837.829589844
1.3	30408087.70751953
1.301	30111963.317871094
1.302	30747910.217285156
1.303	30605291.19873047
1.304	31505066.650390625
1.305	31139401.000976562
1.306	31514076.66015625
1.307	30644885.620117188
1.308	31104742.85888672
1.309	30910699.645996094
1.31	31291690.490722656
1.311	31821944.274902344
1.312	32248018.5546875
1.313	31640785.095214844
1.314	31761656.127929688
1.315	32088312.561035156
1.316	32050230.28564453
1.317	32373590.209960938
1.318	31698204.650878906
1.319	32607656.25
1.32	32168142.639160156
1.321	32124920.471191406
1.322	32407913.696289062
1.323	32536086.975097656
1.324	32334442.443847656
1.325	31347420.166015625
1.326	32550866.2109375
1.327	31710864.135742188
1.328	31754951.049804688
1.329	32228069.03076172
1.33	31583093.200683594
1.331	30805274.169921875
1.332	30023908.752441406
1.333	29625305.35888672
1.334	30433853.69873047
1.335	28329873.84033203
1.336	29388414.306640625
1.337	28951646.484375
1.338	29086842.529296875
1.339	29449987.12158203
1.34	29849590.576171875
1.341	30372910.766601562
1.342	29038609.375
1.343	28987259.46044922
1.344	30058944.702148438
1.345	29377933.166503906
1.346	29973980.16357422
1.347	29608135.803222656
1.348	29103238.159179688
1.349	30429141.052246094
1.35	30193007.202148438
1.351	30055669.43359375
1.352	29924750.9765625
1.353	30458056.45751953
1.354	29340540.588378906
1.355	29666786.43798828
1.356	30604702.758789062
1.357	30644446.59423828
1.358	30496775.024414062
1.359	30506329.467773438
1.36	30774564.331054688
1.361	31097514.404296875
1.362	30107484.313964844
1.363	31746381.469726562
1.364	31472943.17626953
1.365	31385060.05859375
1.366	31832009.216308594
1.367	31481948.42529297
1.368	31520196.59423828
1.369	31510532.348632812
1.37	31650075.561523438
1.371	31314938.842773438
1.372	31871660.095214844
1.373	32130383.361816406
1.374	31772647.521972656
1.375	32029188.96484375
1.376	32366153.381347656
1.377	32096987.12158203
1.378	33260587.341308594
1.379	32637345.458984375
1.38	33438386.71875
1.381	33104837.40234375
1.382	33624660.888671875
1.383	32412900.69580078
1.384	33713423.64501953
1.385	33286836.303710938
1.386	33486063.4765625
1.387	33610450.256347656
1.388	33344524.353027344
1.389	34201154.90722656
1.39	33878820.556640625
1.391	33513002.13623047
1.392	33741440.856933594
1.393	34223779.052734375
1.394	33827914.123535156
1.395	33838643.493652344
1.396	34301419.31152344
1.397	34483212.646484375
1.398	34140672.424316406
1.399	34875541.076660156
1.4	34040982.421875
1.401	34207107.421875
1.402	35293174.68261719
1.403	34842436.70654297
1.404	34355123.16894531
1.405	34664741.455078125
1.406	36109345.33691406
1.407	34771717.89550781
1.408	35190091.49169922
1.409	35088765.01464844
1.41	35005906.43310547
1.411	35431540.0390625
1.412	34857075.68359375
1.413	36154205.74951172
1.414	35552120.60546875
1.415	35405318.17626953
1.416	36242289.123535156
1.417	35508559.997558594
1.418	35202598.693847656
1.419	35747663.69628906
1.42	35862594.42138672
1.421	36184567.443847656
1.422	36270187.68310547
1.423	36064517.70019531
1.424	36299212.52441406
1.425	36520648.07128906
1.426	36026826.904296875
1.427	36924904.78515625
1.428	36447948.12011719
1.429	35731707.03125
1.43	37995911.80419922
1.431	37902023.4375
1.432	36895376.83105469
1.433	36980338.68408203
1.434	36207120.361328125
1.435	38029186.096191406
1.436	38082954.1015625
1.437	37973156.92138672
1.438	38085277.34375
1.439	38212497.19238281
1.44	37614483.459472656
1.441	37635104.919433594
1.442	37910284.729003906
1.443	39254664.42871094
1.444	38738936.82861328
1.445	37992077.209472656
1.446	38912764.28222656
1.447	38426902.52685547
1.448	39387042.29736328
1.449	40095116.638183594
1.45	39509220.947265625
1.451	38618256.896972656
1.452	40978665.588378906
1.453	40152986.20605469
1.454	39141375.79345703
1.455	40875660.27832031
1.456	39826803.649902344
1.457	39444779.96826172
1.458	40603333.12988281
1.459	41259054.01611328
1.46	41355585.14404297
1.461	41154165.64941406
1.462	40476298.70605469
1.463	40229287.109375
1.464	41490793.82324219
1.465	41474352.35595703
1.466	42348044.25048828
1.467	41927384.521484375
1.468	41151320.19042969
1.469	41047071.89941406
1.47	41604829.95605469
1.471	42007963.37890625
1.472	42128924.072265625
1.473	42770712.52441406
1.474	41923818.115234375
1.475	42005896.85058594
1.476	42293932.49511719
1.477	42696324.34082031
1.478	42999265.625
1.479	43986312.98828125
1.48	42314392.517089844
1.481	43638494.079589844
1.482	42895238.64746094
1.483	42856831.298828125
1.484	44342966.552734375
1.485	43439398.31542969
1.486	43651459.228515625
1.487	44566779.296875
1.488	43811184.814453125
1.489	44436866.943359375
1.49	43758171.02050781
1.491	45219249.38964844
1.492	45060367.55371094
1.493	44668923.46191406
1.494	43922317.26074219
1.495	44998374.38964844
1.496	45408217.041015625
1.497	45171338.74511719
1.498	45627638.06152344
1.499	45830734.00878906
1.5	45640020.01953125
1.501	45673987.67089844
1.502	44322515.869140625
1.503	47508353.271484375
1.504	45907816.89453125
1.505	47134966.18652344
1.506	46730327.880859375
1.507	47366583.61816406
1.508	46408951.66015625
1.509	47782145.5078125
1.51	46908886.962890625
1.511	47368247.802734375
1.512	48242441.650390625
1.513	47283685.18066406
1.514	47607664.67285156
1.515	49052863.40332031
1.516	48693204.833984375
1.517	48048174.8046875
1.518	48285263.427734375
1.519	48172622.43652344
1.52	48494434.08203125
1.521	49500235.71777344
1.522	48840483.88671875
1.523	50081134.88769531
1.524	49751249.63378906
1.525	48832609.619140625
1.526	49226014.52636719
1.527	50120612.91503906
1.528	50362706.0546875
1.529	50214061.767578125
1.53	51480493.408203125
1.531	50320847.04589844
1.532	49186240.966796875
1.533	50524905.517578125
1.534	52242219.84863281
1.535	51361458.49609375
1.536	51594294.189453125
1.537	50766349.12109375
1.538	51506104.37011719
1.539	52992707.51953125
1.54	52173561.40136719
1.541	51866147.4609375
1.542	53117155.2734375
1.543	52676745.72753906
1.544	52689065.55175781
1.545	53526695.92285156
1.546	55102103.63769531
1.547	52806359.25292969
1.548	53836321.65527344
1.549	53645097.29003906
1.55	54725097.53417969
1.551	53623240.60058594
1.552	54898659.912109375
1.553	55263140.625
1.554	55964487.67089844
1.555	55237792.48046875
1.556	54653685.302734375
1.557	55038774.90234375
1.558	53972396.11816406
1.559	55447951.171875
1.56	56278120.1171875
1.561	56249343.13964844
1.562	57065829.58984375
1.563	56864643.06640625
1.564	57785343.75
1.565	56026402.34375
1.566	56009769.16503906
1.567	58442834.35058594
1.568	59561483.3984375
1.569	57490060.42480469
1.57	58014025.146484375
1.571	58391144.16503906
1.572	58501195.43457031
1.573	58767814.208984375
1.574	59661242.55371094
1.575	59453045.41015625
1.576	59999719.23828125
1.577	60155492.79785156
1.578	59810940.673828125
1.579	59614012.451171875
1.58	60442504.638671875
1.581	60560948.73046875
1.582	60764116.33300781
1.583	61943040.89355469
1.584	60605549.19433594
1.585	60833092.041015625
1.586	62774990.72265625
1.587	62790155.88378906
1.588	62554273.07128906
1.589	63474463.37890625
1.59	62194319.70214844
1.591	63675271.484375
1.592	63215784.423828125
1.593	63637182.12890625
1.594	65093885.62011719
1.595	65350912.96386719
1.596	65214293.9453125
1.597	64843914.794921875
1.598	64453479.4921875
1.599	65424878.41796875
1.6	66120240.234375
1.601	67353405.63964844
1.602	64866740.35644531
1.603	67951906.37207031
1.604	66664895.38574219
1.605	66886149.04785156
1.606	66567837.40234375
1.607	67538901.85546875
1.608	68344813.59863281
1.609	68062026.73339844
1.61	67946093.75
1.611	68304207.03125
1.612	68729022.82714844
1.613	69243777.70996094
1.614	68683528.19824219
1.615	69061262.57324219
1.616	70089161.49902344
1.617	71612145.01953125
1.618	72328066.89453125
1.619	69927685.18066406
1.62	70088912.59765625
1.621	69970684.44824219
1.622	72801911.74316406
1.623	72504207.51953125
1.624	72636972.16796875
1.625	72401558.22753906
1.626	72926259.15527344
1.627	74367599.85351562
1.628	74445675.29296875
1.629	73284737.42675781
1.63	74911501.22070312
1.631	73385661.1328125
1.632	74043752.68554688
1.633	75532322.63183594
1.634	76338975.83007812
1.635	75359102.29492188
1.636	76041372.19238281
1.637	76117066.28417969
1.638	78006419.06738281
1.639	77184518.43261719
1.64	76954447.02148438
1.641	77635159.66796875
1.642	76403550.53710938
1.643	76787374.51171875
1.644	78926494.62890625
1.645	79410564.81933594
1.646	79018087.64648438
1.647	79226550.53710938
1.648	80151582.64160156
1.649	80605939.94140625
1.65	79874358.88671875
1.651	80002417.72460938
1.652	80729426.51367188
1.653	80232407.95898438
1.654	82015927.734375
1.655	80424983.3984375
1.656	81693795.28808594
1.657	83490840.94238281
1.658	83053773.92578125
1.659	80948532.47070312
1.66	80678938.23242188
1.661	82138929.19921875
1.662	81506007.93457031
1.663	84674135.37597656
1.664	84748594.48242188
1.665	85633226.5625
1.666	86752114.50195312
1.667	84110930.41992188
1.668	84757387.20703125
1.669	85238184.81445312
1.67	85838274.4140625
1.671	88380690.91796875
1.672	85145564.94140625
1.673	85676697.02148438
1.674	86785954.83398438
1.675	89321717.04101562
1.676	90633197.265625
1.677	86197804.6875
1.678	88195711.18164062
1.679	89365528.56445312
1.68	88183757.08007812
1.681	90019871.33789062
1.682	91611333.0078125
1.683	89377113.03710938
1.684	89299764.89257812
1.685	91255406.73828125
1.686	90066651.12304688
1.687	87961362.06054688
1.688	89856449.21875
1.689	87294097.65625
1.69	91179020.5078125
1.691	92962440.18554688
1.692	87126945.3125
1.693	89736581.78710938
1.694	89430496.58203125
1.695	89296726.5625
1.696	89082940.18554688
1.697	86699529.05273438
1.698	86838487.79296875
1.699	87665210.20507812
1.7	86095116.45507812
1.701	87148384.27734375
1.702	90355133.30078125
1.703	88949503.66210938
1.704	83689120.1171875
1.705	85783291.015625
1.706	90385287.84179688
1.707	87946650.390625
1.708	84270641.96777344
1.709	83865075.80566406
1.71	90708916.50390625
1.711	84416063.72070312
1.712	82518054.19921875
1.713	85102523.55957031
1.714	81851610.10742188
1.715	81553330.93261719
1.716	79723254.15039062
1.717	81276883.7890625
1.718	78591266.96777344
1.719	76558879.8828125
1.72	81302944.70214844
1.721	81582647.94921875
1.722	84839867.1875
1.723	78795762.08496094
1.724	78460483.76464844
1.725	82458107.91015625
1.726	83638914.67285156
1.727	73811768.92089844
1.728	81897972.16796875
1.729	80576619.38476562
1.73	79691289.55078125
1.731	83669180.17578125
1.732	74663489.99023438
1.733	81688347.90039062
1.734	78529304.6875
1.735	76653600.83007812
1.736	80604682.86132812
1.737	75503453.125
1.738	81092955.20019531
1.739	80621527.58789062
1.74	78461406.00585938
1.741	76948494.99511719
1.742	81204632.69042969
1.743	80094196.41113281
1.744	77801395.62988281
1.745	77385970.82519531
1.746	80133354.85839844
1.747	74677795.8984375
1.748	77323141.47949219
1.749	81404297.24121094
1.75	78839370.97167969
1.751	75147395.5078125
1.752	77536013.671875
1.753	82856914.30664062
1.754	76871538.57421875
1.755	78181107.17773438
1.756	73187565.18554688
1.757	75822418.45703125
1.758	75133315.4296875
1.759	76119311.27929688
1.76	82613739.2578125
1.761	73680207.64160156
1.762	77366764.40429688
1.763	71967772.09472656
1.764	81138498.046875
1.765	78031769.89746094
1.766	82016245.23925781
1.767	75691764.03808594
1.768	70736360.59570312
1.769	73339565.55175781
1.77	79305928.7109375
1.771	77648702.63671875
1.772	74212169.79980469
1.773	72189486.69433594
1.774	78845657.47070312
1.775	73904187.62207031
1.776	73546373.16894531
1.777	74513964.23339844
1.778	74945715.33203125
1.779	77029006.22558594
1.78	75720930.05371094
1.781	73055551.63574219
1.782	75061903.07617188
1.783	73844974.85351562
1.784	79345546.02050781
1.785	72448739.37988281
1.786	71503710.20507812
1.787	69776795.16601562
1.788	75243463.13476562
1.789	76195593.50585938
1.79	76673018.18847656
1.791	71731696.16699219
1.792	72684829.46777344
1.793	74103460.81542969
1.794	73333722.77832031
1.795	73923607.29980469
1.796	72135935.18066406
1.797	77382474.36523438
1.798	76048611.08398438
1.799	78076856.07910156
1.8	71092093.99414062
1.801	71327032.95898438
1.802	71434491.69921875
1.803	73452593.38378906
1.804	77351363.40332031
1.805	75473447.38769531
1.806	69455699.82910156
1.807	72803208.49609375
1.808	73542497.43652344
1.809	72415090.08789062
1.81	75763140.74707031
1.811	68387058.95996094
1.812	73818668.21289062
1.813	72136699.21875
1.814	79738657.10449219
1.815	76944606.20117188
1.816	74086716.67480469
1.817	74296186.40136719
1.818	73559784.1796875
1.819	71954761.23046875
1.82	72649160.15625
1.821	72803926.7578125
1.822	68122201.171875
1.823	76343782.34863281
1.824	81138987.54882812
1.825	74984073.48632812
1.826	71741667.35839844
1.827	75831443.84765625
1.828	73308599.36523438
1.829	75930006.10351562
1.83	77656369.62890625
1.831	74034342.28515625
1.832	76204866.33300781
1.833	72014955.93261719
1.834	77152090.94238281
1.835	73856122.92480469
1.836	75322129.51660156
1.837	79433162.84179688
1.838	73928353.39355469
1.839	74000437.01171875
1.84	74075470.94726562
1.841	80253086.42578125
1.842	71653739.01367188
1.843	75405899.53613281
1.844	73223821.77734375
1.845	75645438.11035156
1.846	73102627.19726562
1.847	71640453.125
1.848	72410792.60253906
1.849	73836275.75683594
1.85	71781884.27734375
1.851	76573934.20410156
1.852	78524388.06152344
1.853	74355630.37109375
1.854	72600740.72265625
1.855	76874780.76171875
1.856	75007782.59277344
1.857	71767732.78808594
1.858	68873626.22070312
1.859	71537677.734375
1.86	70266566.65039062
1.861	70601529.66308594
1.862	74278912.96386719
1.863	73311011.84082031
1.864	73246520.75195312
1.865	70342184.32617188
1.866	75743215.33203125
1.867	75615833.37402344
1.868	71298777.09960938
1.869	77840188.72070312
1.87	76924415.77148438
1.871	74725806.640625
1.872	76592704.58984375
1.873	70772384.52148438
1.874	76988782.47070312
1.875	76121634.765625
1.876	78267632.56835938
1.877	74551741.2109375
1.878	76110509.64355469
1.879	74067190.30761719
1.88	77649837.64648438
1.881	76321111.328125
1.882	77928722.53417969
1.883	81080009.52148438
1.884	81811076.78222656
1.885	73884920.16601562
1.886	79270694.45800781
1.887	77284675.41503906
1.888	82603689.94140625
1.889	77635124.63378906
1.89	79968100.21972656
1.891	79860448.60839844
1.892	74153051.87988281
1.893	77990356.32324219
1.894	78407962.03613281
1.895	79637647.94921875
1.896	78825252.9296875
1.897	82856299.56054688
1.898	76529741.57714844
1.899	79978080.20019531
1.9	83685823.48632812
1.901	78834536.49902344
1.902	83718953.73535156
1.903	79875314.69726562
1.904	81337361.45019531
1.905	80917595.33691406
1.906	79105394.53125
1.907	78685834.47265625
1.908	84945061.27929688
1.909	82117220.58105469
1.91	81836822.63183594
1.911	77868680.54199219
1.912	81054441.52832031
1.913	83926271.484375
1.914	82846111.81640625
1.915	84660888.54980469
1.916	80112088.25683594
1.917	79392817.87109375
1.918	80997865.47851562
1.919	87976341.796875
1.92	80863750.9765625
1.921	78736087.15820312
1.922	83156711.9140625
1.923	83998152.34375
1.924	78282216.06445312
1.925	83479094.97070312
1.926	83077580.68847656
1.927	78737213.50097656
1.928	88867312.5
1.929	81261428.10058594
1.93	82734171.50878906
1.931	78878994.99511719
1.932	83277069.45800781
1.933	83558885.49804688
1.934	80350328.85742188
1.935	83836515.86914062
1.936	83451071.2890625
1.937	83520428.34472656
1.938	82851815.30761719
1.939	79099866.94335938
1.94	78178840.20996094
1.941	78654924.43847656
1.942	83512518.06640625
1.943	83845734.13085938
1.944	82992688.23242188
1.945	80557191.65039062
1.946	81117830.32226562
1.947	85797893.67675781
1.948	79771921.26464844
1.949	80230063.23242188
1.95	86095384.15527344
1.951	85561294.79980469
1.952	83448468.87207031
1.953	76286230.10253906
1.954	83383401.3671875
1.955	82135343.87207031
1.956	79309816.04003906
1.957	82755740.11230469
1.958	83810959.59472656
1.959	90764085.44921875
1.96	81819677.734375
1.961	79670824.70703125
1.962	83664912.59765625
1.963	84240843.50585938
1.964	83705743.40820312
1.965	80161125.0
1.966	84761740.47851562
1.967	85773107.17773438
1.968	78537180.29785156
1.969	83319235.71777344
1.97	89013606.4453125
1.971	81765451.66015625
1.972	87562843.75
1.973	83191136.71875
1.974	81884615.96679688
1.975	84856247.0703125
1.976	76982354.12597656
1.977	84424447.75390625
1.978	84431439.81933594
1.979	86477514.89257812
1.98	80565932.6171875
1.981	85173936.40136719
1.982	81215738.15917969
1.983	82552599.73144531
1.984	83897464.72167969
1.985	83139116.45507812
1.986	83827556.88476562
1.987	86361836.18164062
1.988	81943012.93945312
1.989	85070355.59082031
1.99	79107758.05664062
1.991	82670305.54199219
1.992	80997539.0625
1.993	86610981.4453125
1.994	89826251.70898438
1.995	83738640.25878906
1.996	85128179.07714844
1.997	86040466.30859375
1.998	82546870.36132812
1.999	85941767.578125
2.0	81807842.89550781
2.001	83890181.03027344
2.002	84811077.88085938
2.003	85997612.54882812
2.004	86961231.4453125
2.005	86072217.52929688
2.006	84073764.16015625
2.007	83337679.93164062
2.008	92058433.71582031
2.009	80971417.60253906
2.01	85924272.21679688
2.011	83843438.23242188
2.012	87771009.765625
2.013	86874385.7421875
2.014	87896367.30957031
2.015	88326922.60742188
2.016	84224664.91699219
2.017	82947945.55664062
2.018	88327708.0078125
2.019	85476921.38671875
2.02	81103757.08007812
2.021	90212968.50585938
2.022	88664593.50585938
2.023	87436328.61328125
2.024	92745905.88378906
2.025	89339242.55371094
2.026	85167669.67773438
2.027	87130152.09960938
2.028	89771326.66015625
2.029	82622508.30078125
2.03	92457139.89257812
2.031	84638434.08203125
2.032	93180133.54492188
2.033	88733357.91015625
2.034	88347858.64257812
2.035	91567051.51367188
2.036	85029175.04882812
2.037	94005626.22070312
2.038	91660441.65039062
2.039	89358869.75097656
2.04	87712097.29003906
2.041	86996394.53125
2.042	92646399.90234375
2.043	96082636.47460938
2.044	85574031.73828125
2.045	86282643.31054688
2.046	91714934.32617188
2.047	93649943.11523438
2.048	94649613.52539062
2.049	87552989.01367188
2.05	90788503.41796875
2.051	95769750.73242188
2.052	89579971.6796875
2.053	93051854.73632812
2.054	88343987.06054688
2.055	91780874.0234375
2.056	90725151.61132812
2.057	94915865.72265625
2.058	96862484.86328125
2.059	95308317.13867188
2.06	96645374.0234375
2.061	89328938.72070312
2.062	92663963.8671875
2.063	93506560.05859375
2.064	87631789.79492188
2.065	94042703.61328125
2.066	92829057.37304688
2.067	99432282.95898438
2.068	94511829.34570312
2.069	92762899.65820312
2.07	100104192.62695312
2.071	95776050.53710938
2.072	91108943.359375
2.073	94515836.66992188
2.074	95035023.19335938
2.075	94070552.97851562
2.076	97896283.56933594
2.077	95726680.54199219
2.078	98695980.71289062
2.079	97055247.31445312
2.08	95283327.88085938
2.081	96434992.79785156
2.082	98120837.52441406
2.083	96608639.16015625
2.084	97343681.88476562
2.085	97399704.1015625
2.086	99470739.74609375
2.087	94698387.45117188
2.088	100322438.4765625
2.089	98723229.73632812
2.09	96404728.75976562
2.091	103159293.21289062
2.092	97530104.73632812
2.093	103730675.04882812
2.094	96513766.11328125
2.095	100260133.30078125
2.096	99982062.25585938
2.097	98710033.44726562
2.098	102719370.60546875
2.099	100679439.453125
2.1	100585403.3203125
2.101	104702575.68359375
2.102	100945109.86328125
2.103	100980287.59765625
2.104	101910558.10546875
2.105	100039818.60351562
2.106	104224333.25195312
2.107	103686378.17382812
2.108	102193799.8046875
2.109	100199112.06054688
2.11	104241203.85742188
2.111	106406124.51171875
2.112	100716991.94335938
2.113	104514138.671875
2.114	107521094.97070312
2.115	105510686.76757812
2.116	106142193.359375
2.117	101386967.04101562
2.118	103448526.85546875
2.119	103461547.60742188
2.12	105114053.95507812
2.121	106351048.33984375
2.122	106891200.68359375
2.123	107624337.40234375
2.124	106098038.0859375
2.125	110393515.13671875
2.126	107195396.24023438
2.127	107202395.01953125
2.128	105061351.5625
2.129	104000401.61132812
2.13	106339028.3203125
2.131	108453567.87109375
2.132	109929660.64453125
2.133	110094025.390625
2.134	107710409.91210938
2.135	110575854.73632812
2.136	111644888.42773438
2.137	109228231.68945312
2.138	109259572.99804688
2.139	110028163.0859375
2.14	108248693.60351562
2.141	107162687.01171875
2.142	108795391.11328125
2.143	109137868.89648438
2.144	115447420.41015625
2.145	115409178.46679688
2.146	115113836.18164062
2.147	113328860.59570312
2.148	111146389.40429688
2.149	111706840.33203125
2.15	107601035.88867188
2.151	113455123.77929688
2.152	111966669.18945312
2.153	109654851.07421875
2.154	114474333.25195312
2.155	114570766.11328125
2.156	111317777.09960938
2.157	113752528.80859375
2.158	116363439.20898438
2.159	114687192.87109375
2.16	112881606.93359375
2.161	117044515.625
2.162	112472315.67382812
2.163	112153698.97460938
2.164	116355857.91015625
2.165	116008644.04296875
2.166	111705375.73242188
2.167	114609808.34960938
2.168	119074292.48046875
2.169	122138607.91015625
2.17	116979395.5078125
2.171	113356660.64453125
2.172	116588911.1328125
2.173	113947019.28710938
2.174	115413112.54882812
2.175	120345262.45117188
2.176	111785449.70703125
2.177	117762397.21679688
2.178	112542337.64648438
2.179	113798349.12109375
2.18	117331499.26757812
2.181	119621856.20117188
2.182	119142535.88867188
2.183	114706214.84375
2.184	118972005.61523438
2.185	116304137.45117188
2.186	114851170.16601562
2.187	118070967.28515625
2.188	118725602.78320312
2.189	121365365.72265625
2.19	117738674.8046875
2.191	122661752.19726562
2.192	118643691.65039062
2.193	114410311.27929688
2.194	117949021.484375
2.195	122842633.54492188
2.196	118113266.11328125
2.197	118560070.80078125
2.198	121129232.66601562
2.199	119359738.28125
2.2	121809156.98242188
2.201	120813725.83007812
2.202	121710339.35546875
2.203	118072295.8984375
2.204	114624591.06445312
2.205	117051939.20898438
2.206	124252400.63476562
2.207	119113204.58984375
2.208	117993089.59960938
2.209	121878674.07226562
2.21	123038618.65234375
2.211	116739199.21875
2.212	125783124.75585938
2.213	119999591.30859375
2.214	124696053.95507812
2.215	120514324.70703125
2.216	121464218.50585938
2.217	119227880.37109375
2.218	124175919.67773438
2.219	117938482.421875
2.22	114062900.87890625
2.221	117423889.40429688
2.222	124367251.953125
2.223	123851502.68554688
2.224	123231012.45117188
2.225	128403893.5546875
2.226	126022714.35546875
2.227	118875404.54101562
2.228	119718105.95703125
2.229	117616635.7421875
2.23	120394603.27148438
2.231	128153646.72851562
2.232	128897476.5625
2.233	119966163.57421875
2.234	124549525.14648438
2.235	116886063.4765625
2.236	115636890.86914062
2.237	126000311.27929688
2.238	124640002.44140625
2.239	119162034.66796875
