# Flux units: erg / (cm m2 s)
# Wavelength units: Angstrom
wave	flux
7000.0	18937784127999.996
7010.0	19267675263999.996
7020.0	19602224703999.996
7030.0	19941538239999.996
7040.0	20285416127999.996
7050.0	20631968447999.996
7060.0	20987045375999.996
7070.0	21345138879999.996
7080.0	21708342655999.996
7090.0	22076100607999.996
7100.0	22448865279999.996
7110.0	22826855807999.996
7120.0	23209799551999.992
7130.0	23597492991999.992
7140.0	23990194047999.996
7150.0	24387039615999.996
7160.0	24788339327999.996
7170.0	25194844543999.996
7180.0	25607579519999.996
7190.0	26025374079999.996
7200.0	26448282623999.996
7210.0	26876461823999.996
7220.0	27310266623999.996
7230.0	27749681023999.996
7240.0	28194471935999.992
7250.0	28645020159999.996
7260.0	29101081599999.996
7270.0	29562950527999.996
7280.0	30030401663999.996
7290.0	30504051199999.996
7300.0	30983368191999.992
7310.0	31468458879999.996
7320.0	31959906815999.992
7330.0	32457302015999.992
7340.0	32960188543999.996
7350.0	33469320063999.996
7360.0	33985200127999.996
7370.0	34507218175999.992
7380.0	35035431807999.996
7390.0	35569955199999.99
7400.0	36111331327999.99
7410.0	36658434687999.99
7420.0	37211567103999.99
7430.0	37773387519999.99
7440.0	38340410879999.99
7450.0	38914047487999.99
7460.0	39494937727999.99
7470.0	40082357375999.99
7480.0	40676315647999.99
7490.0	41278042111999.99
7500.0	41886245503999.99
7510.0	42501165695999.99
7520.0	43123254655999.99
7530.0	43752695807999.99
7540.0	44389088511999.99
7550.0	45032861695999.99
7560.0	45682021631999.99
7570.0	46340174847999.99
7580.0	47007151871999.99
7590.0	47679777535999.99
7600.0	48359742463999.984
7610.0	49047388159999.99
7620.0	49742278143999.984
7630.0	50443144191999.99
7640.0	51148992767999.99
7650.0	51854585343999.984
7660.0	52534341375999.99
7670.0	48320755679999.99
7680.0	54040117247999.99
7690.0	54794515199999.99
7700.0	50826727551999.99
7710.0	56326294783999.984
7720.0	57130269439999.99
7730.0	57927875583999.984
7740.0	58728908543999.984
7750.0	59536004095999.99
7760.0	60350942463999.984
7770.0	61173911295999.99
7780.0	62006195967999.99
7790.0	62846176511999.984
7800.0	63687030271999.984
7810.0	64554316799999.984
7820.0	65421764607999.99
7830.0	66296291583999.984
7840.0	67181509119999.984
7850.0	68075719167999.99
7860.0	68979788799999.984
7870.0	69891684351999.984
7880.0	70814038271999.98
7890.0	71745854463999.98
7900.0	72686202623999.98
7910.0	73632846079999.98
7920.0	74590972159999.98
7930.0	75562624255999.98
7940.0	76542381823999.98
7950.0	77516666879999.98
7960.0	78529959167999.98
7970.0	79535298303999.98
7980.0	80554811391999.98
7990.0	81582322943999.98
8000.0	82619182335999.98
8010.0	83667692287999.98
8020.0	84726551551999.98
8030.0	85796057087999.98
8040.0	86874680831999.98
8050.0	87962208255999.98
8060.0	89062788095999.98
8070.0	90172698623999.98
8080.0	91295943679999.98
8090.0	92426847743999.98
8100.0	93571835391999.98
8110.0	94723394559999.98
8120.0	95889465343999.98
8130.0	97067562495999.98
8140.0	98258422783999.98
8150.0	99457089535999.98
8160.0	100669885439999.98
8170.0	101889551871999.98
8180.0	103128480255999.98
8190.0	104364700159999.98
8200.0	105547867647999.97
8210.0	106856511487999.97
8220.0	108138405375999.98
8230.0	109421370879999.98
8240.0	110730007039999.98
8250.0	112033627135999.98
8260.0	113357896703999.97
8270.0	114690766335999.98
8280.0	116031202815999.98
8290.0	117377550335999.98
8300.0	118759766015999.98
8310.0	120129299967999.97
8320.0	121526225407999.97
8330.0	122929357823999.97
8340.0	124344473599999.98
8350.0	125759097343999.97
8360.0	127192940031999.98
8370.0	128638765567999.97
8380.0	130102298623999.97
8390.0	131555445759999.97
8400.0	133042006015999.98
8410.0	134567526911999.98
8420.0	136059603455999.98
8430.0	137574707711999.98
8440.0	139072349695999.98
8450.0	140610687999999.97
8460.0	142161263615999.97
8470.0	143730143231999.97
8480.0	145317761023999.97
8490.0	146909586431999.97
8500.0	148523492863999.97
8510.0	150142472703999.97
8520.0	151778870783999.97
8530.0	153417927679999.97
8540.0	155074560511999.97
8550.0	156755823615999.97
8560.0	158445615103999.97
8570.0	160140263423999.97
8580.0	161859673087999.97
8590.0	163574613503999.97
8600.0	165310334463999.97
8610.0	167061918207999.97
8620.0	168827299327999.97
8630.0	170604734975999.97
8640.0	172401078783999.97
8650.0	174199342079999.97
8660.0	176038293503999.97
8670.0	177869476863999.97
8680.0	179708670975999.94
8690.0	181556780031999.97
8700.0	183433179135999.94
8710.0	185263855615999.94
8720.0	187210081279999.97
8730.0	189154419711999.97
8740.0	191051175935999.94
8750.0	193020489727999.97
8760.0	195016502271999.97
8770.0	196985758719999.97
8780.0	198982904831999.97
8790.0	200984172543999.97
8800.0	202211689471999.97
8810.0	205095798783999.97
8820.0	207113100287999.97
8830.0	209195800575999.94
8840.0	211311839231999.97
8850.0	213423964159999.97
8860.0	215521482751999.97
8870.0	217526199295999.94
8880.0	219681141759999.97
8890.0	221835361279999.97
8900.0	224012067839999.97
8910.0	226236637183999.97
8920.0	228348038143999.97
8930.0	230646630399999.97
8940.0	232841334783999.97
8950.0	234987395071999.97
8960.0	237299337215999.94
8970.0	239587708927999.94
8980.0	241954074623999.97
8990.0	244209228799999.97
9000.0	246589475839999.97
9010.0	249012038655999.94
9020.0	251343770623999.97
9030.0	253627044863999.97
9040.0	256013061119999.97
9050.0	258566868991999.97
9060.0	260879901695999.94
9070.0	263327629311999.97
9080.0	266253729791999.97
9090.0	268500179967999.94
9100.0	270871301119999.94
9110.0	273451915263999.97
9120.0	276276126719999.94
9130.0	278683560959999.94
9140.0	281135962111999.97
9150.0	283961697279999.94
9160.0	286741075967999.94
9170.0	289303400447999.94
9180.0	291798202367999.94
9190.0	294915392511999.94
9200.0	297212357631999.94
9210.0	299330850815999.94
9220.0	301768232959999.94
9230.0	303997618175999.94
9240.0	307056698367999.94
9250.0	309815384063999.94
9260.0	312527926271999.94
9270.0	315256281087999.94
9280.0	317715125247999.94
9290.0	320469442559999.94
9300.0	323496737791999.94
9310.0	326199029759999.94
9320.0	329185554431999.94
9330.0	331915797503999.94
9340.0	334651260927999.94
9350.0	337399732223999.94
9360.0	340633443327999.94
9370.0	343393774591999.94
9380.0	346790674431999.94
9390.0	349624358911999.9
9400.0	352754153471999.9
9410.0	355690792959999.94
9420.0	359049396223999.94
9430.0	362013894655999.94
9440.0	364889255935999.94
9450.0	367907239935999.94
9460.0	371261183999999.94
9470.0	373882769407999.94
9480.0	377213229055999.94
9490.0	381121421311999.9
9500.0	383438098431999.9
9510.0	386896726015999.94
9520.0	390312189951999.9
9530.0	393439385599999.94
9540.0	397244192767999.94
9550.0	400086913023999.94
9560.0	402990936063999.94
9570.0	406650816511999.9
9580.0	410979307519999.94
9590.0	414013507583999.94
9600.0	416699914239999.94
9610.0	420738768895999.94
9620.0	423077894143999.94
9630.0	427834933247999.94
9640.0	430347038719999.94
9650.0	434594691071999.9
9660.0	438517231615999.9
9670.0	441848956927999.94
9680.0	445903820799999.94
9690.0	449643405311999.9
9700.0	453333063679999.94
9710.0	456240789503999.94
9720.0	460096194559999.94
9730.0	462230577151999.9
9740.0	465519831039999.94
9750.0	469427396607999.94
9760.0	473126860799999.94
9770.0	476768698367999.94
9780.0	480791132159999.94
9790.0	485279412223999.94
9800.0	488661733375999.9
9810.0	491674603519999.94
9820.0	494545336319999.94
9830.0	498720139263999.94
9840.0	502882019327999.94
9850.0	506879909887999.94
9860.0	510700242943999.94
9870.0	515256252415999.9
9880.0	517746003967999.94
9890.0	524054431743999.94
9900.0	523011545087999.94
9910.0	524710975487999.94
9920.0	529324011519999.9
9930.0	534100295679999.9
9940.0	538238195711999.9
9950.0	542891902975999.9
9960.0	546882226175999.9
9970.0	551789903871999.9
9980.0	555250112511999.9
9990.0	557404565503999.94
10000.0	562432578559999.9
10010.0	566992481279999.9
10020.0	571371779071999.9
10030.0	576429044735999.9
10040.0	578804052991999.9
10050.0	584375792639999.9
10060.0	586737856511999.9
10070.0	591426439167999.9
10080.0	597412026367999.9
10090.0	600925542399999.9
10100.0	606795082751999.9
10110.0	609150985215999.9
10120.0	614232411135999.9
10130.0	619824262143999.9
10140.0	621435172863999.9
10150.0	627807985663999.9
10160.0	630635887615999.9
10170.0	634568684543999.9
10180.0	641749336063999.9
10190.0	644451276799999.9
10200.0	648395734015999.9
10210.0	655084676095999.9
10220.0	656637644799999.9
10230.0	663832034303999.9
10240.0	669390841855999.9
10250.0	672182818815999.9
10260.0	673535867903999.9
10270.0	678777087999999.9
10280.0	683122460671999.9
10290.0	689174019071999.9
10300.0	692797769727999.9
10310.0	700352051199999.9
10320.0	702693679103999.8
10330.0	708386805759999.9
10340.0	712830611455999.9
10350.0	718732371967999.9
10360.0	724744984575999.9
10370.0	729819580415999.9
10380.0	733001340927999.9
10390.0	737867610111999.9
10400.0	743254247423999.8
10410.0	751810437119999.9
10420.0	752343136255999.9
10430.0	754643189759999.9
10440.0	765662021631999.9
10450.0	772637429759999.9
10460.0	781057708031999.9
10470.0	774323347455999.9
10480.0	782077544447999.9
10490.0	791221766143999.8
10500.0	795061622783999.8
10510.0	797981896703999.8
10520.0	799832319999999.9
10530.0	814509494271999.9
10540.0	818132248575999.9
10550.0	822536470527999.9
10560.0	823792347135999.9
10570.0	826480504831999.9
10580.0	840273999871999.9
10590.0	843801798655999.9
10600.0	851710441471999.9
10610.0	851064352767999.9
10620.0	855909726207999.9
10630.0	865117564927999.9
10640.0	880718344191999.8
10650.0	880027267071999.8
10660.0	882647611391999.8
10670.0	882267600895999.9
10680.0	893749575679999.9
10690.0	906290255871999.8
10700.0	906322468863999.8
10710.0	915041048575999.9
10720.0	927777177599999.9
10730.0	923547903999999.9
10740.0	940020180991999.8
10750.0	947236300799999.9
10760.0	958238912511999.8
10770.0	965690365951999.8
10780.0	977449146367999.9
10790.0	974336903167999.9
10800.0	982708885503999.8
10810.0	981209333759999.9
10820.0	992122927103999.8
10830.0	1011784443903999.8
10840.0	1027965196287999.9
10850.0	1024793171967999.9
10860.0	1027473809407999.9
10870.0	1027287242751999.8
10880.0	1041980993535999.9
10890.0	1026277742591999.8
10900.0	1041044279295999.9
10910.0	1048678977535999.9
10920.0	1058889226239999.8
10930.0	1057138995199999.8
10940.0	1062480699391999.8
10950.0	1073816465407999.9
10960.0	1067403900927999.9
10970.0	1082725953535999.9
10980.0	1084620652543999.8
10990.0	1086670671871999.8
11000.0	1090881423359999.8
11010.0	1100007096319999.8
11020.0	1115769686015999.9
11030.0	1100729329663999.8
11040.0	1108140240895999.9
11050.0	1113763069951999.8
11060.0	1116452960255999.9
11070.0	1121399703551999.8
11080.0	1130636746751999.8
11090.0	1140539809791999.8
11100.0	1140287772671999.8
11110.0	1143905452031999.8
11120.0	1157821992959999.8
11130.0	1164709337087999.8
11140.0	1166994704383999.8
11150.0	1173355337727999.8
11160.0	1188840790015999.8
11170.0	1183088334847999.8
11180.0	1210711902207999.8
11190.0	1205714003967999.8
11200.0	1204495556607999.8
11210.0	1217134745599999.8
11220.0	1229535784959999.8
11230.0	1234156148735999.8
11240.0	1248607676415999.8
11250.0	1257750958079999.8
11260.0	1259866918911999.8
11270.0	1269721921535999.8
11280.0	1277643352063999.8
11290.0	1286958116863999.8
11300.0	1283328808959999.8
11310.0	1298408394751999.8
11320.0	1299290869759999.8
11330.0	1305844793343999.8
11340.0	1302630895615999.8
11350.0	1286706825215999.8
11360.0	1326291619839999.8
11370.0	1330415507455999.8
11380.0	1322550855679999.8
11390.0	1340559575039999.8
11400.0	1356421279743999.8
11410.0	1349599823871999.8
11420.0	1368413650943999.8
11430.0	1377846095871999.8
11440.0	1361293819903999.8
11450.0	1392058114047999.5
11460.0	1404334833663999.8
11470.0	1404609282047999.5
11480.0	1409146904575999.8
11490.0	1436970262527999.5
11500.0	1440583782399999.8
11510.0	1441454546943999.8
11520.0	1450910572543999.8
11530.0	1454348550143999.8
11540.0	1451464675327999.5
11550.0	1485619916799999.8
11560.0	1492288245759999.8
11570.0	1484727201791999.8
11580.0	1501869772799999.8
11590.0	1522165469183999.8
11600.0	1502192259071999.8
11610.0	1515605692415999.8
11620.0	1531533709311999.8
11630.0	1542762586111999.8
11640.0	1524436606975999.8
11650.0	1574658789375999.8
11660.0	1545903210495999.8
11670.0	1569242087423999.8
11680.0	1576595689471999.8
11690.0	1535135154175999.8
11700.0	1576264286207999.5
11710.0	1597047701503999.8
11720.0	1618670866431999.8
11730.0	1615236136959999.8
11740.0	1611353415679999.8
11750.0	1633739509759999.8
11760.0	1616460722175999.8
11770.0	1610630414335999.8
11780.0	1595234369535999.8
11790.0	1650420088831999.8
11800.0	1665232187391999.8
11810.0	1671798628351999.8
11820.0	1673581330431999.8
11830.0	1707957080063999.8
11840.0	1704870039551999.8
11850.0	1721856098303999.8
11860.0	1718693486591999.8
11870.0	1750229409791999.8
11880.0	1744372563967999.5
11890.0	1740401557503999.5
11900.0	1762478284799999.8
11910.0	1767015145471999.8
11920.0	1779687833599999.8
11930.0	1805601497087999.5
11940.0	1775314190335999.8
11950.0	1778305810431999.8
11960.0	1793525985279999.8
11970.0	1786490806271999.8
11980.0	1781410177023999.5
11990.0	1806263656447999.5
12000.0	1798705569791999.8
12010.0	1817713647615999.8
12020.0	1823595556863999.5
12030.0	1834975469567999.5
12040.0	1876667027455999.8
12050.0	1874372104191999.8
12060.0	1949218115583999.5
12070.0	1887567720447999.5
12080.0	1934444482559999.8
12090.0	1909286117375999.8
12100.0	1952865005567999.5
12110.0	1912789684223999.5
12120.0	1935370694655999.8
12130.0	1950424354815999.8
12140.0	2005434085375999.8
12150.0	2008878911487999.5
12160.0	2013471068159999.8
12170.0	2019541450751999.8
12180.0	2049097035775999.8
12190.0	2059426664447999.5
12200.0	2034479046655999.8
12210.0	2048848666623999.5
12220.0	2054511259647999.5
12230.0	2062497824767999.5
12240.0	2090577727487999.5
12250.0	2138703261695999.8
12260.0	2141956993023999.5
12270.0	2141474873343999.5
12280.0	2184055062527999.5
12290.0	2183044595711999.8
12300.0	2170667077631999.8
12310.0	2209434460159999.5
12320.0	2169580068863999.5
12330.0	2194306781183999.5
12340.0	2240077185023999.5
12350.0	2199997689855999.8
12360.0	2238945443839999.5
12370.0	2255372746751999.5
12380.0	2261017051135999.5
12390.0	2235464966143999.5
12400.0	2259586289663999.5
12410.0	2193168822271999.8
12420.0	2188115906559999.5
12430.0	2223487651839999.5
12440.0	2203428769791999.8
12450.0	2308973494271999.5
12460.0	2300654673919999.5
12470.0	2339654201343999.5
12480.0	2302490836991999.5
12490.0	2363285442559999.5
12500.0	2334121189375999.5
12510.0	2367008534527999.5
12520.0	2318843990015999.5
12530.0	2332028858367999.5
12540.0	2424034091007999.5
12550.0	2376877453311999.5
12560.0	2416830038015999.5
12570.0	2481996308479999.5
12580.0	2426140921855999.5
12590.0	2461091729407999.5
12600.0	2468372729855999.5
12610.0	2549870092287999.5
12620.0	2460443693055999.5
12630.0	2504121257983999.5
12640.0	2496433151999999.5
12650.0	2515810299903999.5
12660.0	2555202281471999.5
12670.0	2605549105151999.5
12680.0	2596027736063999.5
12690.0	2643840569343999.5
12700.0	2610349977599999.5
12710.0	2620197195775999.5
12720.0	2682387472383999.5
12730.0	2694846337023999.5
12740.0	2640215326719999.5
12750.0	2635944898559999.5
12760.0	2701417046015999.5
12770.0	2706445484031999.5
12780.0	2694906142719999.5
12790.0	2755407020031999.5
12800.0	2743594237951999.5
12810.0	2737086726143999.5
12820.0	2800104546303999.5
12830.0	2751656521727999.5
12840.0	2784913145855999.0
12850.0	2833428475903999.5
12860.0	2720945020927999.5
12870.0	2838571024383999.5
12880.0	2823112957951999.5
12890.0	2831668854783999.5
12900.0	2898558091263999.5
12910.0	2854782377983999.5
12920.0	2848873836543999.5
12930.0	2884063309823999.5
12940.0	2993392500735999.0
12950.0	2872971436031999.5
12960.0	2979814146047999.5
12970.0	3007583420415999.0
12980.0	3044838629375999.0
12990.0	2997283831807999.5
13000.0	3040808787967999.5
13010.0	3011196346367999.5
13020.0	3074791079935999.0
13030.0	3060529143807999.5
13040.0	3150506672127999.5
13050.0	3113940131839999.5
13060.0	3151407661055999.0
13070.0	3064488583167999.5
13080.0	3110474350591999.5
13090.0	3091069976575999.0
13100.0	3129169043455999.0
13110.0	3182194442239999.5
13120.0	3224801869823999.5
13130.0	3164078530559999.5
13140.0	3176165638143999.5
13150.0	3208831262719999.5
13160.0	3205023031295999.0
13170.0	3237359042559999.5
13180.0	3169820491775999.0
13190.0	3260765609983999.5
13200.0	3216814292991999.5
13210.0	3212492087295999.0
13220.0	3240791416831999.5
13230.0	3253608718335999.0
13240.0	3233444274175999.0
13250.0	3134742052863999.5
13260.0	3255086653439999.5
13270.0	3171086417919999.5
13280.0	3175495122943999.5
13290.0	3222806921215999.0
13300.0	3158309363711999.5
13310.0	3080527421439999.5
13320.0	3002390929407999.5
13330.0	2962530549759999.5
13340.0	3043385393151999.5
13350.0	2832987422719999.5
13360.0	2938841432063999.5
13370.0	2895164649471999.5
13380.0	2908684275711999.5
13390.0	2944998727679999.5
13400.0	2984959066111999.5
13410.0	3037291077631999.5
13420.0	2903860936703999.5
13430.0	2898725969919999.5
13440.0	3005894475775999.0
13450.0	2937793323007999.5
13460.0	2997398040575999.0
13470.0	2960813592575999.0
13480.0	2910323793919999.5
13490.0	3042914115583999.5
13500.0	3019300724735999.0
13510.0	3005566975999999.5
13520.0	2992475119615999.0
13530.0	3045805662207999.5
13540.0	2934054092799999.5
13550.0	2966678667263999.5
13560.0	3060470292479999.5
13570.0	3064444682239999.5
13580.0	3049677520895999.0
13590.0	3050633007103999.5
13600.0	3077456449535999.0
13610.0	3109751463935999.0
13620.0	3010748448767999.5
13630.0	3174638174207999.5
13640.0	3147294318591999.5
13650.0	3138506031103999.5
13660.0	3183200968703999.5
13670.0	3148194865151999.5
13680.0	3152019660799999.5
13690.0	3151053275135999.0
13700.0	3165007593471999.5
13710.0	3131493908479999.5
13720.0	3187166019583999.5
13730.0	3213038370815999.0
13740.0	3177264758783999.5
13750.0	3202918924287999.5
13760.0	3236615364607999.5
13770.0	3209698729983999.5
13780.0	3326058741759999.5
13790.0	3263734562815999.0
13800.0	3343838707711999.5
13810.0	3310483759103999.5
13820.0	3362466119679999.5
13830.0	3241290113023999.5
13840.0	3371342364671999.5
13850.0	3328683663359999.5
13860.0	3348606394367999.5
13870.0	3361045061631999.5
13880.0	3334452461567999.5
13890.0	3420115550207999.5
13900.0	3387882061823999.5
13910.0	3351300243455999.0
13920.0	3374144077823999.5
13930.0	3422377918463999.5
13940.0	3382791454719999.5
13950.0	3383864369151999.5
13960.0	3430141951999999.5
13970.0	3448321294335999.0
13980.0	3414067281919999.5
13990.0	3487554125823999.5
14000.0	3404098256895999.0
14010.0	3420710772735999.0
14020.0	3529317531647999.0
14030.0	3484243697663999.5
14040.0	3435512365055999.0
14050.0	3466474168319999.5
14060.0	3610934542335999.0
14070.0	3477171806207999.0
14080.0	3519009193983999.5
14090.0	3508876537855999.0
14100.0	3500590665727999.0
14110.0	3543154024447999.0
14120.0	3485707599871999.5
14130.0	3615420604415999.0
14140.0	3555212083199999.5
14150.0	3540531838975999.0
14160.0	3624228945919999.5
14170.0	3550856011775999.0
14180.0	3520259899391999.5
14190.0	3574766419967999.0
14200.0	3586259476479999.5
14210.0	3618456739839999.5
14220.0	3627018805247999.0
14230.0	3606451806207999.0
14240.0	3629921247231999.5
14250.0	3652064854015999.0
14260.0	3602682699775999.0
14270.0	3692490514431999.5
14280.0	3644794830847999.0
14290.0	3573170724863999.5
14300.0	3799591206911999.5
14310.0	3790202363903999.5
14320.0	3689537732607999.0
14330.0	3698033917951999.5
14340.0	3620712095743999.5
14350.0	3802918658047999.0
14360.0	3808295428095999.0
14370.0	3797315698687999.0
14380.0	3808527745023999.5
14390.0	3821249740799999.5
14400.0	3761448394751999.5
14410.0	3763510493183999.5
14420.0	3791028510719999.5
14430.0	3925466431487999.0
14440.0	3873893703679999.5
14450.0	3799207755775999.0
14460.0	3891276423167999.0
14470.0	3842690269183999.5
14480.0	3938704252927999.0
14490.0	4009511665663999.5
14500.0	3950922113023999.5
14510.0	3861825658879999.5
14520.0	4097866604543999.5
14530.0	4015298666495999.0
14540.0	3914137583615999.0
14550.0	4087566008319999.5
14560.0	3982680375295999.0
14570.0	3944478072831999.5
14580.0	4060333318143999.5
14590.0	4125905412095999.0
14600.0	4135558520831999.5
14610.0	4115416522751999.5
14620.0	4047629926399999.5
14630.0	4022928777215999.0
14640.0	4149079433215999.0
14650.0	4147435233279999.0
14660.0	4234804469759999.0
14670.0	4192738525183999.5
14680.0	4115132071935999.0
14690.0	4104707211263999.5
14700.0	4160483024895999.0
14710.0	4200796372991999.5
14720.0	4212892418047999.0
14730.0	4277071323135999.0
14740.0	4192381812735999.0
14750.0	4200589721599999.0
14760.0	4229393309695999.0
14770.0	4269632479231999.5
14780.0	4299926560767999.0
14790.0	4398631288831999.5
14800.0	4231439310847999.0
14810.0	4363849424895999.0
14820.0	4289523908607999.0
14830.0	4285683171327999.0
14840.0	4434296635391999.5
14850.0	4343939817471999.5
14860.0	4365145948159999.0
14870.0	4456677924863999.5
14880.0	4381118545919999.0
14890.0	4443686715391999.5
14900.0	4375817125887999.0
14910.0	4521924943871999.0
14920.0	4506036797439999.0
14930.0	4466892308479999.0
14940.0	4392231780351999.5
14950.0	4499837468671999.5
14960.0	4540821708799999.0
14970.0	4517133860863999.0
14980.0	4562763849727999.0
14990.0	4583073439743999.0
15000.0	4564002045951999.0
15010.0	4567398817791999.0
15020.0	4432251617279999.0
15030.0	4750835335167999.0
15040.0	4590781718527999.0
15050.0	4713496608767999.0
15060.0	4673032781823999.0
15070.0	4736658358271999.0
15080.0	4640895188991999.0
15090.0	4778214563839999.0
15100.0	4690888712191999.0
15110.0	4736824786943999.0
15120.0	4824244174847999.0
15130.0	4728368545791999.0
15140.0	4760766513151999.0
15150.0	4905286336511999.0
15160.0	4869320482815999.0
15170.0	4804817526783999.0
15180.0	4828526362623999.0
15190.0	4817262264319999.0
15200.0	4849443479551999.0
15210.0	4950023602175999.0
15220.0	4884048404479999.0
15230.0	5008113549311999.0
15240.0	4975124979711999.0
15250.0	4883260997631999.0
15260.0	4922601439231999.0
15270.0	5012061306879999.0
15280.0	5036270616575999.0
15290.0	5021406224383999.0
15300.0	5148049424383999.0
15310.0	5032084717567999.0
15320.0	4918624174079999.0
15330.0	5052490530815999.0
15340.0	5224221990911999.0
15350.0	5136145809407999.0
15360.0	5159429431295999.0
15370.0	5076634902527999.0
15380.0	5150610505727999.0
15390.0	5299270778879999.0
15400.0	5217356169215999.0
15410.0	5186614804479999.0
15420.0	5311715557375999.0
15430.0	5267674595327999.0
15440.0	5268906565631999.0
15450.0	5352669634559999.0
15460.0	5510210396159999.0
15470.0	5280635928575999.0
15480.0	5383632183295999.0
15490.0	5364509777919999.0
15500.0	5472509812735999.0
15510.0	5362324111359999.0
15520.0	5489866047487999.0
15530.0	5526314115071999.0
15540.0	5596448841727999.0
15550.0	5523779289087999.0
15560.0	5465368592383999.0
15570.0	5503877529599999.0
15580.0	5397239644159999.0
15590.0	5544795176959999.0
15600.0	5627812069375999.0
15610.0	5624934318079999.0
15620.0	5706582982655999.0
15630.0	5686464331775999.0
15640.0	5778534383615999.0
15650.0	5602640297983999.0
15660.0	5600976994303999.0
15670.0	5844283473919999.0
15680.0	5956148379647999.0
15690.0	5749006090239999.0
15700.0	5801402580991998.0
15710.0	5839114469375999.0
15720.0	5850119634943999.0
15730.0	5876781449215999.0
15740.0	5966124302335999.0
15750.0	5945304580095999.0
15760.0	5999971942399999.0
15770.0	6015549341695999.0
15780.0	5981094068223999.0
15790.0	5961401270271998.0
15800.0	6044250505215999.0
15810.0	6056094859263999.0
15820.0	6076411674623999.0
15830.0	6194304122879999.0
15840.0	6060554977279999.0
15850.0	6083309207551998.0
15860.0	6277499125759999.0
15870.0	6279015645183999.0
15880.0	6255427354623999.0
15890.0	6347446337535999.0
15900.0	6219431968767999.0
15910.0	6367527190527999.0
15920.0	6321578508287999.0
15930.0	6363718270975999.0
15940.0	6509388627967999.0
15950.0	6535091306495999.0
15960.0	6521429426175999.0
15970.0	6484391526399999.0
15980.0	6445348012031998.0
15990.0	6542487879679999.0
16000.0	6612024082431998.0
16010.0	6735340617727999.0
16020.0	6486674046975999.0
16030.0	6795190697983999.0
16040.0	6666489511935999.0
16050.0	6688614957055999.0
16060.0	6656783843327999.0
16070.0	6753890238463999.0
16080.0	6834481414143999.0
16090.0	6806202662911998.0
16100.0	6794609426431998.0
16110.0	6830420770815999.0
16120.0	6872902336511998.0
16130.0	6924377800703999.0
16140.0	6868352892927999.0
16150.0	6906126303231998.0
16160.0	7008916127743999.0
16170.0	7161214550015998.0
16180.0	7232806699007999.0
16190.0	6992768532479999.0
16200.0	7008891256831998.0
16210.0	6997068529663999.0
16220.0	7280191225855998.0
16230.0	7250420826111998.0
16240.0	7263697223679999.0
16250.0	7240155856895998.0
16260.0	7292625960959999.0
16270.0	7436760006655998.0
16280.0	7444567556095998.0
16290.0	7328473825279999.0
16300.0	7491150135295998.0
16310.0	7338566139903999.0
16320.0	7404375277567999.0
16330.0	7553232273407999.0
16340.0	7633897652223999.0
16350.0	7535910305791998.0
16360.0	7604137279487999.0
16370.0	7611706687487999.0
16380.0	7800641929215998.0
16390.0	7718451920895998.0
16400.0	7695444803583999.0
16410.0	7763515949055998.0
16420.0	7640355078143999.0
16430.0	7678737465343999.0
16440.0	7892649607167999.0
16450.0	7941056511999999.0
16460.0	7901808803839999.0
16470.0	7922655035391998.0
16480.0	8015158263807999.0
16490.0	8060594077695998.0
16500.0	7987435945983999.0
16510.0	8000241827839999.0
16520.0	8072942731263999.0
16530.0	8023240785919999.0
16540.0	8201592815615998.0
16550.0	8042498375679999.0
16560.0	8169379594239999.0
16570.0	8349084172287999.0
16580.0	8305377492991998.0
16590.0	8094853218303999.0
16600.0	8067893821439999.0
16610.0	8213893021695998.0
16620.0	8150600892415998.0
16630.0	8467413581823999.0
16640.0	8474859519999998.0
16650.0	8563322699775998.0
16660.0	8675211378687999.0
16670.0	8411093172223999.0
16680.0	8475738767359998.0
16690.0	8523818549247999.0
16700.0	8583827554303999.0
16710.0	8838069125119998.0
16720.0	8514556526591998.0
16730.0	8567669735423999.0
16740.0	8678595477503999.0
16750.0	8932171743231998.0
16760.0	9063319830527998.0
16770.0	8619780571135998.0
16780.0	8819571245055998.0
16790.0	8936552939519998.0
16800.0	8818375770111998.0
16810.0	9001987194879998.0
16820.0	9161133359103998.0
16830.0	8937711370239998.0
16840.0	8929976369151998.0
16850.0	9125540642815998.0
16860.0	9006665138175998.0
16870.0	8796136325119998.0
16880.0	8985645006847999.0
16890.0	8729409830911998.0
16900.0	9117902028799998.0
16910.0	9296243982335998.0
16920.0	8712694562815998.0
16930.0	8973658193919998.0
16940.0	8943049703423999.0
16950.0	8929672577023999.0
16960.0	8908294160383999.0
16970.0	8669952966655998.0
16980.0	8683848826879998.0
16990.0	8766521081855998.0
17000.0	8609511686143999.0
17010.0	8714838523903999.0
17020.0	9035513511935998.0
17030.0	8894950391807999.0
17040.0	8368912056319998.0
17050.0	8578329083903999.0
17060.0	9038528856063998.0
17070.0	8794665140223999.0
17080.0	8427064328191998.0
17090.0	8386507718655998.0
17100.0	9070891663359998.0
17110.0	8441606455295998.0
17120.0	8251805368319998.0
17130.0	8510252367871998.0
17140.0	8185161105407999.0
17150.0	8155333148671998.0
17160.0	7972325490687999.0
17170.0	8127688491007999.0
17180.0	7859126714367999.0
17190.0	7655888027647999.0
17200.0	8130294562815998.0
17210.0	8158264786943999.0
17220.0	8483986767871998.0
17230.0	7879576240127999.0
17240.0	7846048432127999.0
17250.0	8245810888703999.0
17260.0	8363891458047999.0
17270.0	7381176893439999.0
17280.0	8189797253119999.0
17290.0	8057661964287999.0
17300.0	7969128955903999.0
17310.0	8366918123519998.0
17320.0	7466349051903999.0
17330.0	8168834908159999.0
17340.0	7852930531327999.0
17350.0	7665360076799999.0
17360.0	8060468363263999.0
17370.0	7550345347071998.0
17380.0	8109295599615998.0
17390.0	8062152867839999.0
17400.0	7846140706815998.0
17410.0	7694849572863999.0
17420.0	8120463343615998.0
17430.0	8009419735039999.0
17440.0	7780139630591998.0
17450.0	7738597015551998.0
17460.0	8013335560191998.0
17470.0	7467779604479999.0
17480.0	7732314226687999.0
17490.0	8140429754367999.0
17500.0	7883937120255998.0
17510.0	7514739621887999.0
17520.0	7753601400831998.0
17530.0	8285691559935998.0
17540.0	7687153909759999.0
17550.0	7818110697471998.0
17560.0	7318756556799999.0
17570.0	7582241865727999.0
17580.0	7513331580927999.0
17590.0	7611931148287999.0
17600.0	8261374001151998.0
17610.0	7368020787199999.0
17620.0	7736676532223999.0
17630.0	7196777218047999.0
17640.0	8113849843711998.0
17650.0	7803177025535998.0
17660.0	8201624600575998.0
17670.0	7569176379391998.0
17680.0	7073636024319999.0
17690.0	7333956665343999.0
17700.0	7930592968703999.0
17710.0	7764870365183999.0
17720.0	7421217046527999.0
17730.0	7218948685823999.0
17740.0	7884565856255998.0
17750.0	7390418796543999.0
17760.0	7354637434879999.0
17770.0	7451396456447999.0
17780.0	7494571540479999.0
17790.0	7702900654079999.0
17800.0	7572093009919999.0
17810.0	7305555132415998.0
17820.0	7506190401535998.0
17830.0	7384497537023999.0
17840.0	7934554652671998.0
17850.0	7244873973759999.0
17860.0	7150371061759999.0
17870.0	6977679523839999.0
17880.0	7524346347519999.0
17890.0	7619559423999999.0
17900.0	7667301875711998.0
17910.0	7173169676287999.0
17920.0	7268482973695998.0
17930.0	7410346131455998.0
17940.0	7333372346367999.0
17950.0	7392360808447999.0
17960.0	7213593542655998.0
17970.0	7738247495679999.0
17980.0	7604861124607999.0
17990.0	7807685574655998.0
18000.0	7109209456639999.0
18010.0	7132703375359999.0
18020.0	7143449214975998.0
18030.0	7345259397119999.0
18040.0	7735136403455998.0
18050.0	7547344715775998.0
18060.0	6945570029567999.0
18070.0	7280320888831998.0
18080.0	7354249740287999.0
18090.0	7241509060607999.0
18100.0	7576314134527999.0
18110.0	6838705897471998.0
18120.0	7381866823679999.0
18130.0	7213669908479999.0
18140.0	7973865783295998.0
18150.0	7694460698623999.0
18160.0	7408671719423999.0
18170.0	7429618679807999.0
18180.0	7355978424319999.0
18190.0	7195476123647999.0
18200.0	7264915996671998.0
18210.0	7280392765439999.0
18220.0	6812220178431998.0
18230.0	7634378227711998.0
18240.0	8113898848255998.0
18250.0	7498407444479999.0
18260.0	7174166773759999.0
18270.0	7583144427519999.0
18280.0	7330860040191998.0
18290.0	7593000615935998.0
18300.0	7765636956159999.0
18310.0	7403434344447999.0
18320.0	7620486676479999.0
18330.0	7201495678975998.0
18340.0	7715209183231998.0
18350.0	7385612369919999.0
18360.0	7532213059583999.0
18370.0	7943316275199999.0
18380.0	7392835354623999.0
18390.0	7400043773951998.0
18400.0	7407547154431998.0
18410.0	8025308725247999.0
18420.0	7165373923327999.0
18430.0	7540590034943999.0
18440.0	7322382204927999.0
18450.0	7564543918079999.0
18460.0	7310262763519999.0
18470.0	7164045393919999.0
18480.0	7241079226367999.0
18490.0	7383627546623999.0
18500.0	7178188455935998.0
18510.0	7657393405951998.0
18520.0	7852438798335998.0
18530.0	7435563106303999.0
18540.0	7260074115071998.0
18550.0	7687478149119999.0
18560.0	7500778307583999.0
18570.0	7176773320703999.0
18580.0	6887362641919999.0
18590.0	7153767809023999.0
18600.0	7026656673791998.0
18610.0	7060153073663999.0
18620.0	7427891331071998.0
18630.0	7331101229055998.0
18640.0	7324652208127999.0
18650.0	7034218463231998.0
18660.0	7574321512447999.0
18670.0	7561583394815998.0
18680.0	7129877757951998.0
18690.0	7784018935807999.0
18700.0	7692441550847999.0
18710.0	7472580722687999.0
18720.0	7659270455295998.0
18730.0	7077238505471998.0
18740.0	7698878283775998.0
18750.0	7612163506175998.0
18760.0	7826763218943999.0
18770.0	7455174246399999.0
18780.0	7611051032575998.0
18790.0	7406719090687999.0
18800.0	7764983807999999.0
18810.0	7632111222783999.0
18820.0	7792872259583999.0
18830.0	8108001001471998.0
18840.0	8181107785727999.0
18850.0	7388492054527999.0
18860.0	7927069507583999.0
18870.0	7728467607551998.0
18880.0	8260369055743999.0
18890.0	7763512492031998.0
18900.0	7996810035199999.0
18910.0	7986044944383999.0
18920.0	7415305256959999.0
18930.0	7799035674623999.0
18940.0	7840796229631998.0
18950.0	7963764801535998.0
18960.0	7882525392895998.0
18970.0	8285630054399998.0
18980.0	7652974166015998.0
18990.0	7997808066559999.0
19000.0	8368582361087999.0
19010.0	7883453710335998.0
19020.0	8371895451647999.0
19030.0	7987531530239999.0
19040.0	8133736267775998.0
19050.0	8091759493119999.0
19060.0	7910539526143999.0
19070.0	7868583493631998.0
19080.0	8494506278911998.0
19090.0	8211722108927999.0
19100.0	8183682269183999.0
19110.0	7786868129791998.0
19120.0	8105444130815998.0
19130.0	8392627306495998.0
19140.0	8284611100671998.0
19150.0	8466088902655998.0
19160.0	8011208753151998.0
19170.0	7939281813503999.0
19180.0	8099786670079999.0
19190.0	8797634166783999.0
19200.0	8086375120895998.0
19210.0	7873608777727999.0
19220.0	8315671232511998.0
19230.0	8399815294975998.0
19240.0	7828221689855998.0
19250.0	8347909619711998.0
19260.0	8307758055423999.0
19270.0	7873721401343999.0
19280.0	8886731276287999.0
19290.0	8126142824447999.0
19300.0	8273417175039998.0
19310.0	7887899590655998.0
19320.0	8327707049983999.0
19330.0	8355888578559998.0
19340.0	8035032891391998.0
19350.0	8383651659775998.0
19360.0	8345107152895998.0
19370.0	8352042893311998.0
19380.0	8285181755391998.0
19390.0	7909986713599999.0
19400.0	7817884123135998.0
19410.0	7865492488191998.0
19420.0	8351251906559998.0
19430.0	8384573423615998.0
19440.0	8299268915199998.0
19450.0	8055719215103999.0
19460.0	8111783116799999.0
19470.0	8579789438975998.0
19480.0	7977192177663999.0
19490.0	8023006347263999.0
19500.0	8609538408447999.0
19510.0	8556129583103999.0
19520.0	8344846893055998.0
19530.0	7628623085567999.0
19540.0	8338340200447999.0
19550.0	8213534474239999.0
19560.0	7930981662719999.0
19570.0	8275574128639998.0
19580.0	8381096034303999.0
19590.0	9076408614911998.0
19600.0	8181967798271998.0
19610.0	7967082545151998.0
19620.0	8366491303935998.0
19630.0	8424084471807999.0
19640.0	8370574409727999.0
19650.0	8016112467967999.0
19660.0	8476174041087999.0
19670.0	8577310719999998.0
19680.0	7853718093823999.0
19690.0	8331923619839998.0
19700.0	8901360680959998.0
19710.0	8176545251327999.0
19720.0	8756284424191998.0
19730.0	8319113674751998.0
19740.0	8188461580287999.0
19750.0	8485624741887999.0
19760.0	7698235473919999.0
19770.0	8442444857343999.0
19780.0	8443144011775998.0
19790.0	8647751450623999.0
19800.0	8056593268735998.0
19810.0	8517393760255998.0
19820.0	8121573883903999.0
19830.0	8255259983871998.0
19840.0	8389746458623999.0
19850.0	8313911721983999.0
19860.0	8382755700735998.0
19870.0	8636183674879998.0
19880.0	8194301329407999.0
19890.0	8507035664383999.0
19900.0	7910775832575998.0
19910.0	8267030577151998.0
19920.0	8099753885695998.0
19930.0	8661098217471998.0
19940.0	8982625222655998.0
19950.0	8373864136703999.0
19960.0	8512817922047999.0
19970.0	8604046704639998.0
19980.0	8254687166463999.0
19990.0	8594176786431998.0
20000.0	8180784431103999.0
20010.0	8389018140671998.0
20020.0	8481107918847999.0
20030.0	8599761256447999.0
20040.0	8696123195391998.0
20050.0	8607221858303999.0
20060.0	8407376396287999.0
20070.0	8333768015871998.0
20080.0	9205843410943998.0
20090.0	8097141768191998.0
20100.0	8592427302911998.0
20110.0	8384343752703999.0
20120.0	8777100967935998.0
20130.0	8687438561279998.0
20140.0	8789636759551998.0
20150.0	8832692371455998.0
20160.0	8422466551807999.0
20170.0	8294794592255998.0
20180.0	8832770752511998.0
20190.0	8547692232703999.0
20200.0	8110375682047999.0
20210.0	9021296869375998.0
20220.0	8866459385855998.0
20230.0	8743632863231998.0
20240.0	9274590625791998.0
20250.0	8933924290559998.0
20260.0	8516767006719998.0
20270.0	8713015263231998.0
20280.0	8977132683263999.0
20290.0	8262250872831998.0
20300.0	9245714038783998.0
20310.0	8463843475455998.0
20320.0	9318013452287998.0
20330.0	8873335848959998.0
20340.0	8834786017279998.0
20350.0	9156705124351998.0
20360.0	8502917595135998.0
20370.0	9400562565119998.0
20380.0	9166044217343998.0
20390.0	8935886913535998.0
20400.0	8771209756671998.0
20410.0	8699639513087999.0
20420.0	9264640049151998.0
20430.0	9608263745535998.0
20440.0	8557403193343999.0
20450.0	8628264304639998.0
20460.0	9171493502975998.0
20470.0	9364994326527998.0
20480.0	9464961302527998.0
20490.0	8755298942975998.0
20500.0	9078850387967998.0
20510.0	9576975073279998.0
20520.0	8957997301759998.0
20530.0	9305185402879998.0
20540.0	8834398715903999.0
20550.0	9178087423999998.0
20560.0	9072515268607998.0
20570.0	9491586629631998.0
20580.0	9686248603647998.0
20590.0	9530831732735998.0
20600.0	9664537444351998.0
20610.0	8932893933567999.0
20620.0	9266396528639998.0
20630.0	9350656016383998.0
20640.0	8763179024383999.0
20650.0	9404270280703998.0
20660.0	9282905800703998.0
20670.0	9943228317695998.0
20680.0	9451183079423998.0
20690.0	9276290039807998.0
20700.0	1.0010419331071998e+16
20710.0	9577605070847998.0
20720.0	9110894313471998.0
20730.0	9451583864831998.0
20740.0	9503502335999998.0
20750.0	9407055380479998.0
20760.0	9789628366847998.0
20770.0	9572668096511998.0
20780.0	9869598146559998.0
20790.0	9705524740095998.0
20800.0	9528332943359998.0
20810.0	9643499388927998.0
20820.0	9812083867647998.0
20830.0	9660864020479998.0
20840.0	9734368247807998.0
20850.0	9739970543615998.0
20860.0	9947074068479998.0
20870.0	9469838819327998.0
20880.0	1.0032243916799998e+16
20890.0	9872323084287998.0
20900.0	9640472920063998.0
20910.0	1.0315929387007998e+16
20920.0	9753010536447998.0
20930.0	1.0373067603967998e+16
20940.0	9651376832511998.0
20950.0	1.0026013392895998e+16
20960.0	9998206205951998.0
20970.0	9871003402239998.0
20980.0	1.0271937118207998e+16
20990.0	1.0067944128511998e+16
21000.0	1.0058540417023998e+16
21010.0	1.0470257655807998e+16
21020.0	1.0094511095807998e+16
21030.0	1.0098028871679998e+16
21040.0	1.0191055847423998e+16
21050.0	1.0003981959167998e+16
21060.0	1.0422433382399998e+16
21070.0	1.0368637845503998e+16
21080.0	1.0219380064255998e+16
21090.0	1.0019911270399998e+16
21100.0	1.0424120459263998e+16
21110.0	1.0640612605951998e+16
21120.0	1.0071699259391998e+16
21130.0	1.0451413909503998e+16
21140.0	1.0752109559807998e+16
21150.0	1.0551068737535998e+16
21160.0	1.0614219390975998e+16
21170.0	1.0138696761343998e+16
21180.0	1.0344852701183998e+16
21190.0	1.0346154819583998e+16
21200.0	1.0511405367295998e+16
21210.0	1.0635104813055998e+16
21220.0	1.0689120157695998e+16
21230.0	1.0762433871871998e+16
21240.0	1.0609803935743998e+16
21250.0	1.1039351668735998e+16
21260.0	1.0719539822591998e+16
21270.0	1.0720239452159998e+16
21280.0	1.0506135207935998e+16
21290.0	1.0400040255487998e+16
21300.0	1.0633902981119998e+16
21310.0	1.0845356720127998e+16
21320.0	1.0992966205439998e+16
21330.0	1.1009402617855998e+16
21340.0	1.0771041107967998e+16
21350.0	1.1057585618943998e+16
21360.0	1.1164488826879998e+16
21370.0	1.0922823254015998e+16
21380.0	1.0925957365759998e+16
21390.0	1.1002816315391998e+16
21400.0	1.0824869445631998e+16
21410.0	1.0716268806143998e+16
21420.0	1.0879539183615998e+16
21430.0	1.0913786937343998e+16
21440.0	1.1544742133759998e+16
21450.0	1.1540917846015998e+16
21460.0	1.1511383687167998e+16
21470.0	1.1332886102015998e+16
21480.0	1.1114638966783998e+16
21490.0	1.1170684076031998e+16
21500.0	1.0760103657471998e+16
21510.0	1.1345512431615998e+16
21520.0	1.1196666904575998e+16
21530.0	1.0965485158399998e+16
21540.0	1.1447433330687998e+16
21550.0	1.1457076592639998e+16
21560.0	1.1131777761279998e+16
21570.0	1.1375252848639998e+16
21580.0	1.1636344094719998e+16
21590.0	1.1468719325183996e+16
21600.0	1.1288160878591998e+16
21610.0	1.1704451612671998e+16
21620.0	1.1247231664127998e+16
21630.0	1.1215370027007998e+16
21640.0	1.1635585843199998e+16
21650.0	1.1600864493567998e+16
21660.0	1.1170537537535998e+16
21670.0	1.1460980785151998e+16
21680.0	1.1907429400575998e+16
21690.0	1.2213860810751998e+16
21700.0	1.1697939529727998e+16
21710.0	1.1335666106367998e+16
21720.0	1.1658891067391998e+16
21730.0	1.1394702131199998e+16
21740.0	1.1541311422463996e+16
21750.0	1.2034526330879998e+16
21760.0	1.1178545151999998e+16
21770.0	1.1776239828991998e+16
21780.0	1.1254233923583996e+16
21790.0	1.1379834978303996e+16
21800.0	1.1733150040063996e+16
21810.0	1.1962185646079998e+16
21820.0	1.1914253664255998e+16
21830.0	1.1470621605887998e+16
21840.0	1.1897200607231998e+16
21850.0	1.1630413774847998e+16
21860.0	1.1485117153279998e+16
21870.0	1.1807096782847998e+16
21880.0	1.1872560398335998e+16
21890.0	1.2136536735743996e+16
21900.0	1.1773867491327998e+16
21910.0	1.2266175332351998e+16
21920.0	1.1864369201151998e+16
21930.0	1.1441031217151998e+16
21940.0	1.1794902286335998e+16
21950.0	1.2284263464959998e+16
21960.0	1.1811326656511998e+16
21970.0	1.1856007233535998e+16
21980.0	1.2112923328511998e+16
21990.0	1.1935973933055998e+16
22000.0	1.2180915748863996e+16
22010.0	1.2081372659711998e+16
22020.0	1.2171034099711998e+16
22030.0	1.1807229673471998e+16
22040.0	1.1462459097087998e+16
22050.0	1.1705193988095998e+16
22060.0	1.2425240215551998e+16
22070.0	1.1911320502271998e+16
22080.0	1.1799309090815998e+16
22090.0	1.2187867480063996e+16
22100.0	1.2303861940223996e+16
22110.0	1.1673920012287998e+16
22120.0	1.2578312617983996e+16
22130.0	1.1999959252991998e+16
22140.0	1.2469605433343996e+16
22150.0	1.2051432505343996e+16
22160.0	1.2146421989375998e+16
22170.0	1.1922788089855998e+16
22180.0	1.2417592066047998e+16
22190.0	1.1793848303615998e+16
22200.0	1.1406290124799998e+16
22210.0	1.1742389043199998e+16
22220.0	1.2436725268479998e+16
22230.0	1.2385150337023996e+16
22240.0	1.2323101245439998e+16
22250.0	1.2840389443583996e+16
22260.0	1.2602271465471998e+16
22270.0	1.1887540469759998e+16
22280.0	1.1971810590719998e+16
22290.0	1.1761663639551998e+16
22300.0	1.2039460454399998e+16
22310.0	1.2815364849663996e+16
22320.0	1.2889747750911998e+16
22330.0	1.1996616359935998e+16
22340.0	1.2454952665087998e+16
22350.0	1.1688606400511998e+16
22360.0	1.1563689082879998e+16
22370.0	1.2600031182847998e+16
22380.0	1.2464000303103996e+16
22390.0	1.1916203458559998e+16
22400.0	1.2885470314495998e+16
22410.0	1.2803653664767998e+16
22420.0	1.2246172467199998e+16
22430.0	1.2108800180223996e+16
22440.0	1.2149785575423996e+16
22450.0	1.2468292157439998e+16
22460.0	1.3169551835135998e+16
22470.0	1.2173261701119998e+16
22480.0	1.2327306264575998e+16
22490.0	1.3045065678847998e+16
22500.0	1.1679904563199998e+16
22510.0	1.3097060990975998e+16
22520.0	1.2343114629119998e+16
22530.0	1.2703069175807998e+16
22540.0	1.2041993928703996e+16
22550.0	1.1951246786559998e+16
22560.0	1.2493514178559998e+16
22570.0	1.2964226301951998e+16
22580.0	1.1879580696575998e+16
22590.0	1.2747635867647998e+16
22600.0	1.2398208958463996e+16
22610.0	1.2524702662655998e+16
22620.0	1.2488289878015998e+16
22630.0	1.2332552454143996e+16
22640.0	1.2172557582335998e+16
22650.0	1.2071909785599998e+16
22660.0	1.2498608717823996e+16
22670.0	1.2521178693631998e+16
22680.0	1.2839441825791998e+16
22690.0	1.2465808670719998e+16
22700.0	1.2059806203903996e+16
22710.0	1.2578367537151998e+16
22720.0	1.2062551605247998e+16
22730.0	1.2427882299391998e+16
22740.0	1.2557004210175998e+16
22750.0	1.3042775588863996e+16
22760.0	1.2418579464191998e+16
22770.0	1.2938846240767998e+16
22780.0	1.2845534314495998e+16
22790.0	1.1732456833023996e+16
22800.0	1.1810297479167998e+16
22810.0	1.2241448534015998e+16
22820.0	1.2737780711423996e+16
22830.0	1.2705181663231998e+16
22840.0	1.2175427796991998e+16
22850.0	1.2754823446527998e+16
22860.0	1.2678517293055998e+16
22870.0	1.2411469823999998e+16
22880.0	1.3468162588671998e+16
22890.0	1.2030561435647998e+16
22900.0	1.3132716654591998e+16
22910.0	1.2858998849535998e+16
22920.0	1.2035144581119998e+16
22930.0	1.2189510041599998e+16
22940.0	9118083809279998.0
22950.0	1.0253069025279998e+16
22960.0	1.0430917246975998e+16
22970.0	1.0951309721599998e+16
22980.0	1.0765614907391998e+16
22990.0	1.1354356285439998e+16
23000.0	1.2013087014911998e+16
23010.0	1.0307541221375998e+16
23020.0	1.2134759399423996e+16
23030.0	1.1213576994815998e+16
23040.0	1.2167200571391998e+16
23050.0	1.1057926307839998e+16
23060.0	1.1477792817151998e+16
23070.0	1.1770620805119998e+16
23080.0	1.1598050066431998e+16
23090.0	1.2056216371199998e+16
23100.0	1.0838631153663998e+16
23110.0	1.1169488732159998e+16
23120.0	1.1094921658367998e+16
23130.0	1.2066903212031998e+16
23140.0	1.1366289096703996e+16
23150.0	1.0582750167039998e+16
23160.0	1.1290633306111998e+16
23170.0	1.1704879005695998e+16
23180.0	1.1147449745407998e+16
23190.0	1.2000917422079998e+16
23200.0	1.1984758964223996e+16
23210.0	1.1048248098815998e+16
23220.0	1.1254332211199998e+16
23230.0	9442871050239998.0
23240.0	1.0110837981183998e+16
23250.0	1.0544368992255998e+16
23260.0	1.0758780682239998e+16
23270.0	1.0781643898879998e+16
23280.0	1.0819550347263998e+16
23290.0	1.0993181229055998e+16
23300.0	1.0612887027711998e+16
23310.0	1.0600795996159998e+16
23320.0	1.0921506897919998e+16
23330.0	1.1409107877887998e+16
23340.0	1.0641517412351998e+16
23350.0	1.0815542312959998e+16
23360.0	1.0716503343103998e+16
23370.0	1.0595402170367998e+16
23380.0	1.1148498927615998e+16
23390.0	1.0559927975935998e+16
23400.0	1.0140788850687998e+16
23410.0	1.0749140860927998e+16
23420.0	1.1250274795519998e+16
23430.0	1.1293875961855998e+16
23440.0	1.0430190092287998e+16
23450.0	9708228739071998.0
23460.0	1.1615459901439998e+16
23470.0	1.1248900374527998e+16
23480.0	1.1293462790143996e+16
23490.0	1.1327941181439998e+16
23500.0	1.0793935831039998e+16
23510.0	1.0221221904383998e+16
23520.0	1.0156426526719998e+16
23530.0	9547932565503998.0
23540.0	9597649469439998.0
23550.0	1.0677451866111998e+16
23560.0	9938458492927998.0
23570.0	1.0662523371519998e+16
23580.0	1.0403926097919998e+16
23590.0	9348746756095998.0
23600.0	1.0940756754431998e+16
23610.0	1.0134510501887998e+16
23620.0	1.0242112339967998e+16
23630.0	1.0080240828415998e+16
23640.0	1.0347520393215998e+16
23650.0	1.0780417589247998e+16
23660.0	1.0706527240191998e+16
23670.0	1.0410414915583998e+16
23680.0	1.0105368870911998e+16
23690.0	1.0370723905535998e+16
23700.0	1.0897855053823998e+16
23710.0	1.0198754983935998e+16
23720.0	1.1063453466623998e+16
23730.0	1.0512136880127998e+16
23740.0	1.0598603882495998e+16
23750.0	1.0739200163839998e+16
23760.0	1.0379128078335998e+16
23770.0	1.0106694041599998e+16
23780.0	1.0521870368767998e+16
23790.0	1.0043379367935998e+16
23800.0	1.0970883473407998e+16
23810.0	9942273474559998.0
23820.0	1.0394894548991998e+16
23830.0	9630272471039998.0
23840.0	9277023617023998.0
23850.0	1.0679440736255998e+16
23860.0	9624354676735998.0
23870.0	9182159216639998.0
23880.0	9496114118655998.0
23890.0	1.0016508215295998e+16
23900.0	1.1063952162815998e+16
23910.0	1.0543035629567998e+16
23920.0	9325856456703998.0
23930.0	9574017662975998.0
23940.0	1.1300687200255998e+16
23950.0	9810036359167998.0
23960.0	1.0244990402559998e+16
23970.0	1.0048915341311998e+16
23980.0	9643790155775998.0
23990.0	1.0129505599487998e+16
24000.0	1.0232401477631998e+16
24010.0	9541602656255998.0
24020.0	9960850259967998.0
24030.0	1.0033035837439998e+16
24040.0	9702870007807998.0
24050.0	1.0065503305727998e+16
24060.0	9950431264767998.0
24070.0	9678164066303998.0
24080.0	9304052482047998.0
24090.0	9508341055487998.0
24100.0	9429654044671998.0
24110.0	9735685455871998.0
24120.0	9566465589247998.0
24130.0	9498897498111998.0
24140.0	8789486731263999.0
24150.0	1.0209828683775998e+16
24160.0	9314340503551998.0
24170.0	9078806495231998.0
24180.0	9298938642431998.0
24190.0	9712135421951998.0
24200.0	9287868841983998.0
24210.0	1.0047697420287998e+16
24220.0	8793048629247999.0
24230.0	9475401924607998.0
24240.0	9844061470719998.0
24250.0	9308647423999998.0
24260.0	8982982279167999.0
24270.0	9175675011071998.0
24280.0	8819442237439998.0
24290.0	9680717529087998.0
24300.0	9374518362111998.0
24310.0	8697362661375998.0
24320.0	9457487134719998.0
24330.0	9115250687999998.0
24340.0	8901595578367999.0
24350.0	9012211777535998.0
24360.0	9482138894335998.0
24370.0	8100885037055998.0
24380.0	9143392075775998.0
24390.0	9742918270975998.0
24400.0	9160764424191998.0
24410.0	9432796135423998.0
24420.0	8987131150335998.0
24430.0	8681127034879998.0
24440.0	8407794761727999.0
24450.0	9077637971967998.0
24460.0	9018835435519998.0
24470.0	9384252473343998.0
24480.0	8025776488447999.0
24490.0	8922947305471998.0
24500.0	9160426979327998.0
24510.0	9388829458431998.0
24520.0	8107260149759999.0
24530.0	8415357894655998.0
24540.0	7981417545727999.0
24550.0	8463935406079998.0
24560.0	9163252121599998.0
24570.0	9125244010495998.0
24580.0	9189100191743998.0
24590.0	9112478466047998.0
24600.0	8753420845055998.0
24610.0	7345261379583999.0
24620.0	9120953761791998.0
24630.0	8713780969471998.0
24640.0	9371504377855998.0
24650.0	9097670967295998.0
24660.0	8710430654463999.0
24670.0	9059242147839998.0
24680.0	7582176870399999.0
24690.0	9121830993919998.0
24700.0	8463749726207999.0
24710.0	8377915965439998.0
24720.0	8525793542143999.0
24730.0	8505295405055998.0
24740.0	7908733239295998.0
24750.0	7813248024575998.0
24760.0	7853418495999999.0
24770.0	9353627189247998.0
24780.0	8865402994687999.0
24790.0	7717929615359999.0
24800.0	8504571903999998.0
24810.0	8402536792063999.0
24820.0	7850821165055998.0
24830.0	8087986102271998.0
24840.0	8937844342783999.0
24850.0	9409327316991998.0
24860.0	8716407128063999.0
24870.0	7961489817599999.0
24880.0	7933163405311998.0
24890.0	8091908358143999.0
24900.0	7599424634879999.0
24910.0	7632412655615998.0
24920.0	8486108135423999.0
24930.0	8166590857215998.0
24940.0	9295268577279998.0
24950.0	8572408102911998.0
24960.0	8152640028671998.0
24970.0	8399066349567999.0
24980.0	7445261385727999.0
24990.0	8222053285887999.0
25000.0	8502685089791998.0
25010.0	8230685097983999.0
25020.0	8580726980607999.0
25030.0	7756388237311998.0
25040.0	7940002545663999.0
25050.0	7800816386047999.0
25060.0	6902553264127999.0
25070.0	7879116570623999.0
25080.0	8115793944575998.0
25090.0	8622770167807999.0
25100.0	8417279213567999.0
25110.0	7614306697215998.0
25120.0	7962580353023999.0
25130.0	7547282980863999.0
25140.0	8198612893695998.0
25150.0	6884783243263999.0
25160.0	7656496021503999.0
25170.0	8494366588927999.0
25180.0	7975322681343999.0
25190.0	8081249796095998.0
25200.0	7853494845439999.0
25210.0	7993990922239999.0
25220.0	7755485396991998.0
25230.0	8192631799807999.0
25240.0	7271702953983999.0
25250.0	7613383917567999.0
25260.0	7552121274367999.0
25270.0	8348772433919998.0
25280.0	7161042288639999.0
25290.0	7888290955263999.0
25300.0	8153738838015998.0
25310.0	8719036399615998.0
25320.0	8080410787839999.0
25330.0	6899180863487999.0
25340.0	8546306031615998.0
25350.0	7758599471103999.0
25360.0	7021983334399999.0
25370.0	7731827949567999.0
25380.0	7819847393279999.0
25390.0	7416801648639999.0
25400.0	7965804789759999.0
25410.0	7769859293183999.0
25420.0	8008851619839999.0
25430.0	7244533252095998.0
25440.0	7307310301183999.0
25450.0	8032463781887999.0
25460.0	7664733962239999.0
25470.0	7925137244159999.0
25480.0	7459011739647999.0
25490.0	7211704696831998.0
25500.0	7619618095103999.0
25510.0	8187924479999999.0
25520.0	8177013096447999.0
25530.0	6730397188095999.0
25540.0	8231315390463999.0
25550.0	7686946652159999.0
25560.0	7575982669823999.0
25570.0	7556680155135998.0
25580.0	7740145631231998.0
25590.0	8046411284479999.0
25600.0	7561053863935998.0
25610.0	6592947453951998.0
25620.0	8341864562687999.0
25630.0	7009567981567999.0
25640.0	7441652219903999.0
25650.0	7595743330303999.0
25660.0	7698694381567999.0
25670.0	7288970846207999.0
25680.0	7668345880575998.0
25690.0	7519693733887999.0
25700.0	7451712585727999.0
25710.0	8836784144383999.0
25720.0	8100803379199999.0
25730.0	7619766173695998.0
25740.0	7154589138943999.0
25750.0	7370165551103999.0
25760.0	7688372781055998.0
25770.0	6558518460415999.0
25780.0	6957483638783999.0
25790.0	7522627567615998.0
25800.0	8559549071359998.0
25810.0	7406753857535998.0
25820.0	7839134171135998.0
25830.0	7086623555583999.0
25840.0	7596129091583999.0
25850.0	7472585064447999.0
25860.0	8297868083199998.0
25870.0	7265683898367999.0
25880.0	7421910974463999.0
25890.0	7652262658047999.0
25900.0	7509836808191998.0
25910.0	7670227714047999.0
25920.0	8075423088639999.0
25930.0	7111150911487999.0
25940.0	7531098046463999.0
25950.0	7181780647935998.0
25960.0	7768663556095998.0
25970.0	7707293810687999.0
25980.0	6916977573887999.0
25990.0	7963068153855998.0
