0.7	167945020.01953125
0.701	196573552.734375
0.702	215807347.16796875
0.703	219708535.64453125
0.704	199481930.6640625
0.705	216292419.43359375
0.706	40649903.01513672
0.707	31335973.083496094
0.708	96323260.3149414
0.709	42146964.72167969
0.71	32928725.341796875
0.711	45451066.40625
0.712	61912443.48144531
0.713	26393389.46533203
0.714	20107880.798339844
0.715	23022041.748046875
0.716	41603904.47998047
0.717	30350992.248535156
0.718	45486281.494140625
0.719	46561592.7734375
0.72	58517685.302734375
0.721	39375854.98046875
0.722	66925766.357421875
0.723	72651809.81445312
0.724	62730240.234375
0.725	107107943.359375
0.726	97629550.29296875
0.727	106567420.8984375
0.728	139098064.453125
0.729	138107905.76171875
0.73	200056718.26171875
0.731	180039533.203125
0.732	262302830.078125
0.733	280349220.703125
0.734	214066209.9609375
0.735	209175811.03515625
0.736	233742437.98828125
0.737	311119283.203125
0.738	268472385.7421875
0.739	264998778.3203125
0.74	264181760.7421875
0.741	257763282.2265625
0.742	209864600.5859375
0.743	254943413.0859375
0.744	270631155.2734375
0.745	202747425.78125
0.746	223143262.6953125
0.747	228775821.2890625
0.748	222265683.59375
0.749	247279898.4375
0.75	284697281.25
0.751	247115505.859375
0.752	255066441.40625
0.753	296536385.7421875
0.754	306511362.3046875
0.755	321230694.3359375
0.756	359074699.21875
0.757	381278666.015625
0.758	345413901.3671875
0.759	249412286.1328125
0.76	213004255.859375
0.761	217850509.52148438
0.762	294204473.8769531
0.763	189906027.83203125
0.764	181333413.0859375
0.765	174813239.2578125
0.766	270125782.2265625
0.767	122284967.75817871
0.768	105652776.3671875
0.769	138223663.57421875
0.77	148517518.60046387
0.771	104567410.88867188
0.772	108441458.74023438
0.773	221814037.109375
0.774	206066001.46484375
0.775	157627635.25390625
0.776	149730139.16015625
0.777	119762454.1015625
0.778	158598495.60546875
0.779	154774652.83203125
0.78	211816882.32421875
0.781	246997258.7890625
0.782	241991395.5078125
0.783	210533442.3828125
0.784	181911459.9609375
0.785	193909698.2421875
0.786	223673629.8828125
0.787	218347997.0703125
0.788	339041308.59375
0.789	328998397.4609375
0.79	290418330.078125
0.791	310830077.63671875
0.792	227483060.05859375
0.793	288960903.3203125
0.794	314985091.796875
0.795	347671568.359375
0.796	363203482.421875
0.797	351979091.796875
0.798	358688500.9765625
0.799	327324379.8828125
0.8	383675831.0546875
0.801	337305692.3828125
0.802	404056633.7890625
0.803	398084345.703125
0.804	466363434.5703125
0.805	419571091.796875
0.806	415798378.90625
0.807	453187789.0625
0.808	533845013.671875
0.809	538253437.5
0.81	594680507.8125
0.811	637201789.0625
0.812	659254269.53125
0.813	735557597.65625
0.814	783159615.234375
0.815	779109396.484375
0.816	838305582.03125
0.817	890114070.3125
0.818	1000828757.8125
0.819	921234699.21875
0.82	662517333.4960938
0.821	519020394.53125
0.822	679809771.484375
0.823	593545585.9375
0.824	650056025.390625
0.825	665098324.21875
0.826	679234371.09375
0.827	668585251.953125
0.828	570465294.921875
0.829	397368833.984375
0.83	594073324.21875
0.831	480086238.28125
0.832	506436447.265625
0.833	594903033.203125
0.834	542812591.796875
0.835	455894050.78125
0.836	465101919.921875
0.837	502597419.921875
0.838	556092326.171875
0.839	429737714.84375
0.84	503860283.203125
0.841	735580025.390625
0.842	594631873.046875
0.843	605161880.859375
0.844	290715002.44140625
0.845	208323372.55859375
0.846	197778408.203125
0.847	190162276.85546875
0.848	217313166.50390625
0.849	212832523.4375
0.85	251741111.328125
0.851	236110723.6328125
0.852	259975088.8671875
0.853	253888640.625
0.854	254914131.8359375
0.855	309828999.0234375
0.856	344294616.2109375
0.857	329492630.859375
0.858	380201500.0
0.859	326894511.71875
0.86	317254400.390625
0.861	353204787.109375
0.862	405570794.921875
0.863	415410072.265625
0.864	388994910.15625
0.865	391585083.984375
0.866	419666583.984375
0.867	423512242.1875
0.868	390318394.53125
0.869	401120052.734375
0.87	428103560.546875
0.871	470913261.71875
0.872	511584761.71875
0.873	531052117.1875
0.874	553597115.234375
0.875	519930966.796875
0.876	593619615.234375
0.877	584436955.078125
0.878	631568888.671875
0.879	653946306.640625
0.88	701472439.453125
0.881	786862187.5
0.882	756495000.0
0.883	825823843.75
0.884	868199179.6875
0.885	954946824.21875
0.886	701976060.546875
0.887	450213404.296875
0.888	355905351.5625
0.889	541656556.640625
0.89	457539480.46875
0.891	659500617.1875
0.892	425027505.859375
0.893	709094822.265625
0.894	559025755.859375
0.895	602501263.671875
0.896	474331144.53125
0.897	631682324.21875
0.898	637808017.578125
0.899	602698904.296875
0.9	730686689.453125
0.901	863433046.875
0.902	751883679.6875
0.903	789763160.15625
0.904	638268886.71875
0.905	841887355.46875
0.906	959139957.03125
0.907	835277054.6875
0.908	1296633074.21875
0.909	1063737794.921875
0.91	916384904.296875
0.911	1101446492.1875
0.912	1208195593.75
0.913	1250663691.40625
0.914	1294264207.03125
0.915	1268630898.4375
0.916	1375761406.25
0.917	1370114343.75
0.918	1384653003.90625
0.919	1496685031.25
0.92	1421670203.125
0.921	1088911031.25
0.922	913598078.125
0.923	777689093.75
0.924	663217378.90625
0.925	775650826.171875
0.926	748293890.625
0.927	760586162.109375
0.928	626441398.4375
0.929	666336208.984375
0.93	627338205.078125
0.931	604655175.78125
0.932	676691755.859375
0.933	623362431.640625
0.934	813108990.234375
0.935	809269416.015625
0.936	705552376.953125
0.937	674072283.203125
0.938	738908382.8125
0.939	743659738.28125
0.94	842774080.078125
0.941	805442115.234375
0.942	961687042.96875
0.943	896864718.75
0.944	832009039.0625
0.945	788542691.40625
0.946	967098679.6875
0.947	811773910.15625
0.948	977332003.90625
0.949	1111548195.3125
0.95	967761480.46875
0.951	950711058.59375
0.952	1061656296.875
0.953	1045721886.71875
0.954	1146166703.125
0.955	1064391320.3125
0.956	1092630582.03125
0.957	1189126671.875
0.958	1326734656.25
0.959	1302060023.4375
0.96	1248653519.53125
0.961	1320633316.40625
0.962	1257075054.6875
0.963	1405275402.34375
0.964	1201873996.09375
0.965	1408736789.0625
0.966	1381411765.625
0.967	1505771687.5
0.968	1518410906.25
0.969	1604879031.25
0.97	1545538734.375
0.971	1605373718.75
0.972	1677348312.5
0.973	1203340746.09375
0.974	1185616234.375
0.975	1207291132.8125
0.976	1317043167.96875
0.977	1197401339.84375
0.978	1251002984.375
0.979	1472677078.125
0.98	1386616714.84375
0.981	1266503871.09375
0.982	1061996695.3125
0.983	1126210140.625
0.984	1270026671.875
0.985	1215983343.75
0.986	1300829937.5
0.987	1392984917.96875
0.988	1287647675.78125
0.989	1480749265.625
0.99	1152780949.21875
0.991	995053503.90625
0.992	1194759851.5625
0.993	1105553828.125
0.994	1293137898.4375
0.995	1368372476.5625
0.996	1433900593.75
0.997	1619910140.625
0.998	1537041375.0
0.999	1250313007.8125
1.0	1390299667.96875
1.001	1324757160.15625
1.002	1342078732.421875
1.003	1347978337.890625
1.004	1288977755.859375
1.005	1428294035.15625
1.006	1345903240.234375
1.007	1477924566.40625
1.008	1386716541.015625
1.009	1398632476.5625
1.01	1488316621.09375
1.011	1419238800.78125
1.012	1611774761.71875
1.013	1666061691.40625
1.014	1401050619.140625
1.015	1358202531.25
1.016	1420169486.328125
1.017	1388853246.09375
1.018	1526449003.90625
1.019	1366659027.34375
1.02	1555177392.578125
1.021	1593325833.984375
1.022	1423390906.25
1.023	1611543869.140625
1.024	1577677369.140625
1.025	1470152644.53125
1.026	1352820578.125
1.027	1381321972.65625
1.028	1427252927.734375
1.029	1430067710.9375
1.03	1391131267.578125
1.031	1586212900.390625
1.032	1449775716.796875
1.033	1405406226.5625
1.034	1625205296.875
1.035	1487475210.9375
1.036	1703383230.46875
1.037	1671490625.0
1.038	1519588226.5625
1.039	1615082738.28125
1.04	1590455441.40625
1.041	1654830416.015625
1.042	1632696349.609375
1.043	1601896433.59375
1.044	1808511035.15625
1.045	1814433824.21875
1.046	1732093417.96875
1.047	1546365894.53125
1.048	1713789693.359375
1.049	1776123236.328125
1.05	1681806816.40625
1.051	1736280781.25
1.052	1688112773.4375
1.053	1760628820.3125
1.054	1906855160.15625
1.055	1840278902.34375
1.056	1832122492.1875
1.057	1761315207.03125
1.058	1841351957.03125
1.059	1861976839.84375
1.06	1932125433.59375
1.061	1848665207.03125
1.062	1901797431.640625
1.063	1890316845.703125
1.064	1956157988.28125
1.065	1974543320.3125
1.066	1882509910.15625
1.067	1895334187.5
1.068	1942941253.90625
1.069	1979425628.90625
1.07	2001418589.84375
1.071	1888884519.53125
1.072	2087981312.5
1.073	2022110578.125
1.074	2093776296.875
1.075	2077109074.21875
1.076	2113141320.3125
1.077	2168761660.15625
1.078	2149830687.5
1.079	2096282269.53125
1.08	2069090210.9375
1.081	2101617132.8125
1.082	2053934582.03125
1.083	2202802550.78125
1.084	2265832402.34375
1.085	2219337925.78125
1.086	2179035265.625
1.087	2072406656.25
1.088	2131316523.4375
1.089	1940040636.71875
1.09	2102165093.75
1.091	2129921121.09375
1.092	2123770023.4375
1.093	2044084191.40625
1.094	2121720332.03125
1.095	2163533660.15625
1.096	1976966351.5625
1.097	2058945843.75
1.098	1947220238.28125
1.099	1954445753.90625
1.1	1946881789.0625
1.101	1984277199.21875
1.102	2058211722.65625
1.103	1663286277.34375
1.104	1636127748.046875
1.105	1651932955.078125
1.106	1637995738.28125
1.107	1585433636.71875
1.108	1633717105.46875
1.109	1670883421.875
1.11	1542222445.3125
1.111	1668596441.40625
1.112	1679664261.71875
1.113	1847086652.34375
1.114	1671473248.046875
1.115	1740997939.453125
1.116	1700475164.0625
1.117	1648611328.125
1.118	1858251457.03125
1.119	1721437988.28125
1.12	1751980187.5
1.121	1749547796.875
1.122	1862681132.8125
1.123	1790111796.875
1.124	1949376574.21875
1.125	1873622566.40625
1.126	1908890003.90625
1.127	1814017035.15625
1.128	2007659703.125
1.129	1861978378.90625
1.13	1799136003.90625
1.131	1935570378.90625
1.132	1860264800.78125
1.133	1932842964.84375
1.134	1949359945.3125
1.135	1697615875.0
1.136	1958519828.125
1.137	1940273750.0
1.138	1699056750.0
1.139	1834553488.28125
1.14	1968075914.0625
1.141	1801790680.6640625
1.142	1968388074.21875
1.143	1917504882.8125
1.144	1802218351.5625
1.145	1972576531.25
1.146	2053783058.59375
1.147	1882487515.625
1.148	1949985652.34375
1.149	2024578890.625
1.15	2034001289.0625
1.151	1993842179.6875
1.152	1997160496.09375
1.153	2025818238.28125
1.154	1906644777.34375
1.155	2071942117.1875
1.156	2112857429.6875
1.157	2036044097.65625
1.158	2059512917.96875
1.159	2120086625.0
1.16	1937464687.5
1.161	1983878804.6875
1.162	2061329144.53125
1.163	2046029257.8125
1.164	1845900830.078125
1.165	2166790773.4375
1.166	1943563011.71875
1.167	2073287222.65625
1.168	2019868734.375
1.169	1838985357.421875
1.17	2024282148.4375
1.171	2004389234.375
1.172	2069847347.65625
1.173	1972907613.28125
1.174	2021457562.5
1.175	2077407417.96875
1.176	1971090859.375
1.177	1923987839.84375
1.178	1800545981.4453125
1.179	1860134562.5
1.18	1958706847.65625
1.181	1972710832.03125
1.182	1936961066.40625
1.183	2011176824.21875
1.184	2049964203.125
1.185	2003942140.625
1.186	1980782433.59375
1.187	2072487882.8125
1.188	1999839738.28125
1.189	1894388408.203125
1.19	2032734285.15625
1.191	1974390820.3125
1.192	2031832949.21875
1.193	2109724796.875
1.194	1986011976.5625
1.195	1971990433.59375
1.196	1993304785.15625
1.197	1928073621.09375
1.198	1849788078.125
1.199	1986550019.53125
1.2	1920112828.125
1.201	2030268957.03125
1.202	2010423976.5625
1.203	1928146332.03125
1.204	2052298160.15625
1.205	2061547484.375
1.206	2169737613.28125
1.207	1948899417.96875
1.208	2101455332.03125
1.209	1998709441.40625
1.21	2118454074.21875
1.211	2058507843.75
1.212	2044265425.78125
1.213	1998761093.75
1.214	2067624816.40625
1.215	2175057675.78125
1.216	2127455253.90625
1.217	2066478062.5
1.218	2136407878.90625
1.219	2182131597.65625
1.22	2146091304.6875
1.221	2133602160.15625
1.222	2133974324.21875
1.223	2064674410.15625
1.224	2119391820.3125
1.225	2172061132.8125
1.226	2186242601.5625
1.227	2131516453.125
1.228	2178221078.125
1.229	2228778757.8125
1.23	2145803042.96875
1.231	2200374980.46875
1.232	2123382265.625
1.233	2169710675.78125
1.234	2223205148.4375
1.235	2178724222.65625
1.236	2226188957.03125
1.237	2187584199.21875
1.238	2158349781.25
1.239	2118339625.0
1.24	2232713289.0625
1.241	2062073937.5
1.242	1848854105.46875
1.243	1984291203.125
1.244	1860249675.78125
1.245	1977068611.328125
1.246	1914318431.640625
1.247	1992221300.78125
1.248	1905498675.78125
1.249	2049951355.46875
1.25	2001165210.9375
1.251	2102423210.9375
1.252	2015497550.78125
1.253	1996041597.65625
1.254	2121038917.96875
1.255	1994958988.28125
1.256	1931258824.21875
1.257	1997270828.125
1.258	1864541203.125
1.259	2019133292.96875
1.26	2004690082.03125
1.261	2052235332.03125
1.262	1861403160.15625
1.263	2044728871.09375
1.264	2053515441.40625
1.265	1998838500.0
1.266	2026780210.9375
1.267	2042535250.0
1.268	2016549109.375
1.269	2096677464.84375
1.27	2042021207.03125
1.271	2099104726.5625
1.272	2079300769.53125
1.273	2141946765.625
1.274	2008983246.09375
1.275	1963577367.1875
1.276	2089877898.4375
1.277	2083313148.4375
1.278	2050674296.875
1.279	2111174902.34375
1.28	2063555609.375
1.281	2062982730.46875
1.282	2047781125.0
1.283	1978644589.84375
1.284	2084485003.90625
1.285	2077970351.5625
1.286	2022337066.40625
1.287	2052667457.03125
1.288	2074141683.59375
1.289	2063057699.21875
1.29	2145061589.84375
1.291	2078923386.71875
1.292	2069341964.84375
1.293	2073523226.5625
1.294	2133683281.25
1.295	2015255898.4375
1.296	2148416074.21875
1.297	2162972753.90625
1.298	2165741246.09375
1.299	2089307257.8125
1.3	2154857671.875
1.301	2104970210.9375
1.302	2132483816.40625
1.303	2128933285.15625
1.304	2178547125.0
1.305	2154564652.34375
1.306	2160529402.34375
1.307	2106187835.9375
1.308	2087706707.03125
1.309	2061873800.78125
1.31	2059481429.6875
1.311	2095264511.71875
1.312	2169082628.90625
1.313	2135099921.875
1.314	2039903316.40625
1.315	2147808234.375
1.316	2104198949.21875
1.317	2104443535.15625
1.318	1991734406.25
1.319	2145328425.78125
1.32	2078964394.53125
1.321	2067904566.40625
1.322	2049431796.875
1.323	2072099875.0
1.324	2044279761.71875
1.325	1857327777.34375
1.326	2019203617.1875
1.327	1920564359.375
1.328	1881371421.875
1.329	1913826917.96875
1.33	1829916697.265625
1.331	1746933656.25
1.332	1574885781.25
1.333	1418793525.390625
1.334	1579566574.21875
1.335	1003710660.15625
1.336	1384494355.46875
1.337	1261856593.75
1.338	1312283136.71875
1.339	1314454046.875
1.34	1386977390.625
1.341	1485749406.25
1.342	1185310438.4765625
1.343	1052846036.1328125
1.344	1368281082.03125
1.345	1225107339.84375
1.346	1256319371.5820312
1.347	1209868383.3007812
1.348	1149640972.65625
1.349	1428850925.78125
1.35	1310999687.5
1.351	1195195443.359375
1.352	1130403669.921875
1.353	1243411358.3984375
1.354	994848449.21875
1.355	1143544409.1796875
1.356	1267151386.71875
1.357	1253296997.0703125
1.358	1171756401.3671875
1.359	1155576329.1015625
1.36	1161276922.8515625
1.361	1232819861.328125
1.362	993974007.8125
1.363	1235400927.734375
1.364	1171471343.75
1.365	1230922718.75
1.366	1164886906.25
1.367	1093713373.046875
1.368	1087144860.3515625
1.369	1118199182.6171875
1.37	1104225724.609375
1.371	1015567402.34375
1.372	1098898738.28125
1.373	1123993201.171875
1.374	1034870900.390625
1.375	1073997828.125
1.376	1119703910.15625
1.377	1060543310.546875
1.378	1239157277.34375
1.379	1087931636.71875
1.38	1247293880.859375
1.381	1192679740.234375
1.382	1252852236.328125
1.383	1084007914.0625
1.384	1200795193.359375
1.385	1142569227.5390625
1.386	1188383560.546875
1.387	1128521738.28125
1.388	1074490341.796875
1.389	1189631856.4453125
1.39	1066665593.75
1.391	912243703.125
1.392	972540926.7578125
1.393	1045160085.9375
1.394	999930923.828125
1.395	1015141657.2265625
1.396	1065700777.34375
1.397	1056511687.5
1.398	933893773.4375
1.399	1106025986.328125
1.4	970682083.984375
1.401	983994916.015625
1.402	1080572771.484375
1.403	1032181462.890625
1.404	935991082.03125
1.405	1004981577.1484375
1.406	1132178402.34375
1.407	980568144.53125
1.408	1004069199.21875
1.409	934576699.21875
1.41	969427117.1875
1.411	966536244.140625
1.412	958860566.40625
1.413	1016311615.234375
1.414	1004300042.96875
1.415	900680058.59375
1.416	969972792.96875
1.417	906969396.484375
1.418	855988197.265625
1.419	927483676.7578125
1.42	917039876.953125
1.421	940402941.40625
1.422	927123576.171875
1.423	910985773.4375
1.424	934273174.8046875
1.425	919802804.6875
1.426	873859990.234375
1.427	950230287.109375
1.428	873366529.296875
1.429	768817915.0390625
1.43	1051449262.6953125
1.431	987704248.046875
1.432	907180914.0625
1.433	889899265.625
1.434	816259964.84375
1.435	982523177.734375
1.436	943991205.078125
1.437	923918171.875
1.438	948656999.0234375
1.439	952229351.5625
1.44	885816635.7421875
1.441	847009484.375
1.442	873346651.3671875
1.443	1019959600.5859375
1.444	935861583.0078125
1.445	897975165.0390625
1.446	963917531.25
1.447	847331173.828125
1.448	947697765.625
1.449	1033126890.625
1.45	1003596009.765625
1.451	872319798.828125
1.452	1071136822.265625
1.453	933561100.5859375
1.454	872363795.8984375
1.455	1040957462.890625
1.456	898696883.7890625
1.457	873258611.328125
1.458	965970166.015625
1.459	1003239095.703125
1.46	953968220.703125
1.461	905485845.703125
1.462	867750910.15625
1.463	876343992.1875
1.464	940786554.6875
1.465	918387695.3125
1.466	1027624610.3515625
1.467	933296543.9453125
1.468	888769605.46875
1.469	870027890.625
1.47	844479257.8125
1.471	890013701.171875
1.472	918147453.125
1.473	974746482.421875
1.474	905178521.484375
1.475	898439050.78125
1.476	884959384.765625
1.477	906076992.1875
1.478	895789283.203125
1.479	1025812773.4375
1.48	852167488.28125
1.481	938936962.890625
1.482	902554974.609375
1.483	906612093.75
1.484	1008714738.28125
1.485	905191765.625
1.486	916162394.53125
1.487	956283490.234375
1.488	933128035.15625
1.489	925578267.578125
1.49	933799302.734375
1.491	975273269.53125
1.492	1001473689.453125
1.493	903334316.40625
1.494	862787429.6875
1.495	949748244.140625
1.496	969334914.0625
1.497	970516791.015625
1.498	969534976.5625
1.499	977816841.796875
1.5	953096386.71875
1.501	922609503.90625
1.502	818689705.078125
1.503	1017167400.390625
1.504	950760910.15625
1.505	1026786535.15625
1.506	956272417.96875
1.507	1010659972.65625
1.508	936208123.046875
1.509	1031605353.515625
1.51	956569316.40625
1.511	1010835927.734375
1.512	1021086667.96875
1.513	957584737.3046875
1.514	958472598.6328125
1.515	971955009.765625
1.516	1010352332.03125
1.517	993232060.546875
1.518	981485531.25
1.519	972345896.484375
1.52	977192388.671875
1.521	1047419910.15625
1.522	988756896.484375
1.523	1068106867.1875
1.524	997438419.921875
1.525	964312861.328125
1.526	948546333.984375
1.527	1010127539.0625
1.528	1010203181.640625
1.529	971289548.828125
1.53	1113585898.4375
1.531	991176388.671875
1.532	910902384.765625
1.533	968595097.65625
1.534	1076204023.4375
1.535	1047457703.125
1.536	1054986445.3125
1.537	972207853.515625
1.538	978248046.875
1.539	1048701505.859375
1.54	1004908285.15625
1.541	933453197.265625
1.542	1062102711.9140625
1.543	965053079.1015625
1.544	1035103902.34375
1.545	1060181539.0625
1.546	1119781746.09375
1.547	968632906.25
1.548	1043609693.359375
1.549	1037744128.90625
1.55	1073926712.890625
1.551	976833439.453125
1.552	1072515628.90625
1.553	1080953851.5625
1.554	1054917234.375
1.555	1043130738.28125
1.556	1001147099.609375
1.557	1017944515.625
1.558	965380460.9375
1.559	1057623666.015625
1.56	1074502949.21875
1.561	1086002716.796875
1.562	1093852453.125
1.563	1080223226.5625
1.564	1161896525.390625
1.565	1047802416.015625
1.566	984988533.203125
1.567	1123986541.015625
1.568	1178635732.421875
1.569	1070656837.890625
1.57	1065581439.453125
1.571	1112591037.109375
1.572	1072378484.375
1.573	1086464433.59375
1.574	1126521636.71875
1.575	1094573093.75
1.576	1085209130.859375
1.577	1146381105.46875
1.578	1075157037.109375
1.579	1125345632.8125
1.58	1133801773.4375
1.581	1155268779.296875
1.582	1138589447.265625
1.583	1151887673.828125
1.584	1089041736.328125
1.585	1065885820.3125
1.586	1189165074.21875
1.587	1185987898.4375
1.588	1186751087.890625
1.589	1139363964.84375
1.59	1043075292.96875
1.591	1172420953.125
1.592	1154027060.546875
1.593	1159362072.265625
1.594	1239598007.8125
1.595	1236919978.515625
1.596	1241368306.640625
1.597	1204832416.015625
1.598	1169108177.734375
1.599	1201305986.328125
1.6	1225602382.8125
1.601	1252897996.09375
1.602	1154682103.515625
1.603	1255893714.84375
1.604	1169533144.53125
1.605	1234462439.453125
1.606	1147212945.3125
1.607	1146313798.828125
1.608	1198113892.578125
1.609	1224156453.125
1.61	1236503542.96875
1.611	1246971916.015625
1.612	1252801052.734375
1.613	1233315087.890625
1.614	1211619363.28125
1.615	1217860208.984375
1.616	1258826804.6875
1.617	1345200015.625
1.618	1327572501.953125
1.619	1180316582.03125
1.62	1183496087.890625
1.621	1155098234.375
1.622	1246449818.359375
1.623	1194693759.765625
1.624	1264579859.375
1.625	1199215863.28125
1.626	1234360296.875
1.627	1308618876.953125
1.628	1280708406.25
1.629	1290774453.125
1.63	1277098011.71875
1.631	1290459398.4375
1.632	1240045212.890625
1.633	1352466880.859375
1.634	1347122828.125
1.635	1304952226.5625
1.636	1268648144.53125
1.637	1285322337.890625
1.638	1355986914.0625
1.639	1329745632.8125
1.64	1307229789.0625
1.641	1338361656.25
1.642	1320682949.21875
1.643	1329270023.4375
1.644	1315631570.3125
1.645	1263738892.578125
1.646	1283040675.78125
1.647	1348927451.171875
1.648	1287405425.78125
1.649	1415015007.8125
1.65	1391214480.46875
1.651	1386101515.625
1.652	1401178757.8125
1.653	1303703675.78125
1.654	1334517578.125
1.655	1390277726.5625
1.656	1422501541.015625
1.657	1452878154.296875
1.658	1429814884.765625
1.659	1304721583.984375
1.66	1378676898.4375
1.661	1315456902.34375
1.662	1351619882.8125
1.663	1432280078.125
1.664	1454730464.84375
1.665	1402507011.71875
1.666	1379598972.65625
1.667	1352827597.65625
1.668	1432888105.46875
1.669	1419381074.21875
1.67	1414926628.90625
1.671	1391444531.25
1.672	1340155980.46875
1.673	1343031800.78125
1.674	1460017552.734375
1.675	1472784439.453125
1.676	1451466316.40625
1.677	1417371722.65625
1.678	1498197578.125
1.679	1469324945.3125
1.68	1453592501.953125
1.681	1457909455.078125
1.682	1493749152.34375
1.683	1517556777.34375
1.684	1423202382.8125
1.685	1465904316.40625
1.686	1446269507.8125
1.687	1361037484.375
1.688	1363576972.65625
1.689	1300064619.140625
1.69	1339943142.578125
1.691	1310952980.46875
1.692	1421555611.328125
1.693	1436811810.546875
1.694	1441141248.046875
1.695	1375874150.390625
1.696	1377536375.0
1.697	1389070867.1875
1.698	1341900150.390625
1.699	1361131232.421875
1.7	1335556093.75
1.701	1316032187.5
1.702	1381529472.65625
1.703	1357242539.0625
1.704	1257446851.5625
1.705	1315519878.90625
1.706	1352513882.8125
1.707	1251035701.171875
1.708	1214893964.84375
1.709	1212009416.015625
1.71	1249314357.421875
1.711	1124414080.078125
1.712	1192877785.15625
1.713	1257362083.984375
1.714	1178537884.765625
1.715	1228575261.71875
1.716	1179133070.3125
1.717	1150819500.0
1.718	1071470625.0
1.719	1053047701.171875
1.72	1136237136.71875
1.721	1134643265.625
1.722	1208310263.671875
1.723	1093528412.109375
1.724	1044295074.21875
1.725	1143710041.015625
1.726	1181802410.15625
1.727	950765050.78125
1.728	1221326169.921875
1.729	1131294620.1171875
1.73	1072588739.2578125
1.731	1165009833.984375
1.732	1003824828.125
1.733	1063928799.8046875
1.734	1020152872.0703125
1.735	975279904.296875
1.736	1084936974.609375
1.737	1002428390.625
1.738	1132146964.84375
1.739	1065648335.9375
1.74	1031759277.34375
1.741	1055936263.671875
1.742	1100019539.0625
1.743	1006794126.953125
1.744	1005017411.1328125
1.745	1077195410.15625
1.746	1052213840.8203125
1.747	956297018.5546875
1.748	989623227.5390625
1.749	1071853366.2109375
1.75	1005013872.0703125
1.751	985319691.40625
1.752	962987119.140625
1.753	1047216355.46875
1.754	963994908.203125
1.755	948991984.375
1.756	837483088.8671875
1.757	929571850.5859375
1.758	912142296.875
1.759	914574582.03125
1.76	976033835.9375
1.761	887608890.625
1.762	918788178.7109375
1.763	795321881.8359375
1.764	1026728677.734375
1.765	992916034.1796875
1.766	1007333623.046875
1.767	893373412.109375
1.768	779798540.0390625
1.769	830704771.484375
1.77	996758244.140625
1.771	941088761.71875
1.772	825868739.2578125
1.773	781102161.1328125
1.774	920376625.0
1.775	797093392.578125
1.776	822810640.625
1.777	797704840.8203125
1.778	827856373.046875
1.779	829092312.5
1.78	789797337.890625
1.781	807962017.578125
1.782	782691646.484375
1.783	754839619.140625
1.784	903742378.90625
1.785	775152336.9140625
1.786	744045179.6875
1.787	657608159.1796875
1.788	798942132.8125
1.789	795139228.515625
1.79	834623585.9375
1.791	746859172.8515625
1.792	738451791.9921875
1.793	775012207.03125
1.794	760690056.640625
1.795	709642308.59375
1.796	722214448.2421875
1.797	840349148.4375
1.798	797007801.7578125
1.799	801712255.859375
1.8	670799951.171875
1.801	706193260.7421875
1.802	697161907.2265625
1.803	691219249.0234375
1.804	771415064.453125
1.805	760466731.4453125
1.806	665809137.6953125
1.807	710595537.109375
1.808	706667060.546875
1.809	676389022.4609375
1.81	722371571.2890625
1.811	596007169.921875
1.812	728277964.84375
1.813	662767353.515625
1.814	770464407.2265625
1.815	777860824.21875
1.816	741444817.3828125
1.817	707789055.6640625
1.818	679437344.7265625
1.819	646871231.4453125
1.82	644899231.4453125
1.821	657799365.234375
1.822	572623607.421875
1.823	745506550.78125
1.824	811749375.9765625
1.825	682318148.4375
1.826	606644083.984375
1.827	727565859.375
1.828	656002963.8671875
1.829	682567224.609375
1.83	709823608.3984375
1.831	682003812.5
1.832	685730707.03125
1.833	614928518.5546875
1.834	711584464.84375
1.835	660147962.890625
1.836	696027450.1953125
1.837	753045583.984375
1.838	636292793.9453125
1.839	655495010.7421875
1.84	648743130.859375
1.841	738681794.921875
1.842	593955916.015625
1.843	652969406.25
1.844	635140100.5859375
1.845	642350917.4804688
1.846	622935417.4804688
1.847	578966323.2421875
1.848	578564048.828125
1.849	599013491.2109375
1.85	582383624.0234375
1.851	675415139.6484375
1.852	680896043.9453125
1.853	606101189.453125
1.854	597465068.359375
1.855	652130802.734375
1.856	618463469.7265625
1.857	553935655.2734375
1.858	485542943.359375
1.859	526595776.3671875
1.86	524158649.4140625
1.861	548155470.703125
1.862	578704792.96875
1.863	583050515.1367188
1.864	576019125.4882812
1.865	548334746.09375
1.866	613933653.3203125
1.867	600938115.234375
1.868	545979467.7734375
1.869	627448649.4140625
1.87	632277120.1171875
1.871	587887986.328125
1.872	609808379.8828125
1.873	511809649.4140625
1.874	615134684.5703125
1.875	589219001.953125
1.876	639682660.15625
1.877	576604916.015625
1.878	591661825.1953125
1.879	537414055.6640625
1.88	599961620.1171875
1.881	612804817.3828125
1.882	631397780.2734375
1.883	668882275.390625
1.884	682474373.046875
1.885	560901083.984375
1.886	612092608.3984375
1.887	588010749.0234375
1.888	680645015.625
1.889	600804578.125
1.89	659975185.546875
1.891	616312075.1953125
1.892	530145129.8828125
1.893	575495964.84375
1.894	598982734.375
1.895	605665087.890625
1.896	593249394.53125
1.897	672611603.515625
1.898	576492597.65625
1.899	614090496.09375
1.9	670453493.1640625
1.901	612864063.4765625
1.902	663449540.0390625
1.903	592898099.609375
1.904	626917596.6796875
1.905	608090086.9140625
1.906	605265225.5859375
1.907	592865847.65625
1.908	663598271.484375
1.909	598176324.21875
1.91	605497552.734375
1.911	565554112.3046875
1.912	628349594.7265625
1.913	646051638.671875
1.914	660345492.1875
1.915	653114560.546875
1.916	570743107.421875
1.917	578370252.9296875
1.918	575507883.7890625
1.919	664077091.796875
1.92	635667899.4140625
1.921	585918594.7265625
1.922	624599477.5390625
1.923	627514208.0078125
1.924	566461973.6328125
1.925	638829378.90625
1.926	599380654.296875
1.927	566910526.3671875
1.928	684510240.234375
1.929	606252534.1796875
1.93	584957237.3046875
1.931	530850294.921875
1.932	608311884.765625
1.933	621635958.984375
1.934	574877488.28125
1.935	613981234.375
1.936	629157816.40625
1.937	631374830.078125
1.938	598100373.046875
1.939	566061232.421875
1.94	554025577.1484375
1.941	587044722.65625
1.942	625721512.6953125
1.943	598493096.6796875
1.944	595201312.5
1.945	583250929.6875
1.946	549268796.875
1.947	632637409.1796875
1.948	559890490.234375
1.949	574308228.515625
1.95	640393509.765625
1.951	589558674.8046875
1.952	601505079.1015625
1.953	519953456.0546875
1.954	616220247.0703125
1.955	614850294.921875
1.956	540788668.9453125
1.957	585145509.765625
1.958	631390583.0078125
1.959	712336699.21875
1.96	573268870.1171875
1.961	546978044.921875
1.962	605435368.1640625
1.963	597807666.9921875
1.964	591378820.3125
1.965	547265769.53125
1.966	617372428.7109375
1.967	628145857.421875
1.968	531093078.125
1.969	606883409.1796875
1.97	683352595.703125
1.971	567289224.609375
1.972	632784697.265625
1.973	568954684.5703125
1.974	563749649.4140625
1.975	617288950.1953125
1.976	495504369.140625
1.977	572621798.828125
1.978	548558861.328125
1.979	604364182.6171875
1.98	550934605.46875
1.981	581509739.2578125
1.982	537883215.8203125
1.983	556387034.1796875
1.984	569682520.5078125
1.985	544912918.9453125
1.986	546900892.578125
1.987	560356075.1953125
1.988	537805964.84375
1.989	598716006.3476562
1.99	517598274.90234375
1.991	533674959.9609375
1.992	505147679.6875
1.993	585957082.03125
1.994	614774525.390625
1.995	560778287.109375
1.996	575996633.7890625
1.997	572190037.109375
1.998	553535126.953125
1.999	577240146.484375
2.0	525363195.3125
2.001	536332410.15625
2.002	559455958.984375
2.003	567419180.6640625
2.004	564849598.6328125
2.005	558155683.59375
2.006	548055854.4921875
2.007	539799082.03125
2.008	646249328.6132812
2.009	512260617.67578125
2.01	565023580.078125
2.011	520957217.7734375
2.012	580970570.3125
2.013	540796443.359375
2.014	566916154.296875
2.015	573170075.1953125
2.016	534874661.1328125
2.017	516194920.8984375
2.018	565149387.6953125
2.019	542425232.421875
2.02	473472186.5234375
2.021	597210863.28125
2.022	556445598.6328125
2.023	558731072.265625
2.024	617989970.703125
2.025	571067548.828125
2.026	533820924.8046875
2.027	539621245.1171875
2.028	581653399.4140625
2.029	479932488.28125
2.03	598255141.6015625
2.031	503967838.8671875
2.032	603584691.40625
2.033	552778531.25
2.034	545008523.4375
2.035	580902633.7890625
2.036	496083698.2421875
2.037	585762431.640625
2.038	592023987.3046875
2.039	537498013.671875
2.04	529921632.8125
2.041	513372257.8125
2.042	562400773.4375
2.043	608733472.65625
2.044	494071884.765625
2.045	495862704.1015625
2.046	556814148.4375
2.047	577399621.09375
2.048	571331253.90625
2.049	502761620.1171875
2.05	541725666.9921875
2.051	587107291.015625
2.052	533309863.28125
2.053	581418245.1171875
2.054	507179395.5078125
2.055	549711528.3203125
2.056	526066728.515625
2.057	556456239.2578125
2.058	581574363.28125
2.059	568530625.9765625
2.06	593021010.7421875
2.061	503806907.2265625
2.062	551416896.484375
2.063	540215557.6171875
2.064	487744235.3515625
2.065	536139176.7578125
2.066	523165053.7109375
2.067	615624443.359375
2.068	536106764.6484375
2.069	522592684.5703125
2.07	597299512.6953125
2.071	562411944.8242188
2.072	503361838.37890625
2.073	538634325.1953125
2.074	531596712.890625
2.075	522224088.8671875
2.076	574242627.9296875
2.077	544060188.4765625
2.078	566328948.2421875
2.079	551553710.9375
2.08	533494075.1953125
2.081	549763018.5546875
2.082	568315080.078125
2.083	560702279.296875
2.084	551840514.6484375
2.085	549682597.65625
2.086	560036788.0859375
2.087	522292008.7890625
2.088	574722669.921875
2.089	558797169.921875
2.09	534120320.3125
2.091	605139435.546875
2.092	540919898.4375
2.093	597572301.7578125
2.094	526266367.1875
2.095	574583580.078125
2.096	551330668.9453125
2.097	560277894.53125
2.098	599827800.78125
2.099	560489933.59375
2.1	556634313.4765625
2.101	595038385.7421875
2.102	564851813.4765625
2.103	560353140.625
2.104	578287625.9765625
2.105	544139961.9140625
2.106	595489650.390625
2.107	573189781.25
2.108	567087927.734375
2.109	546769217.7734375
2.11	589150687.5
2.111	588078328.125
2.112	543671872.0703125
2.113	572875916.015625
2.114	590859222.65625
2.115	587484065.4296875
2.116	587720549.8046875
2.117	565846131.8359375
2.118	573210412.109375
2.119	562224044.921875
2.12	575112015.625
2.121	573418324.21875
2.122	593058311.5234375
2.123	586672129.8828125
2.124	584737695.3125
2.125	616922158.203125
2.126	581427534.1796875
2.127	580327599.609375
2.128	561725671.875
2.129	561249708.0078125
2.13	578032171.875
2.131	592806983.3984375
2.132	603664428.7109375
2.133	593235412.109375
2.134	569097155.2734375
2.135	594413750.0
2.136	600619866.2109375
2.137	586479996.09375
2.138	576120964.84375
2.139	600973259.765625
2.14	569815786.1328125
2.141	580062915.0390625
2.142	594465995.1171875
2.143	588776674.8046875
2.144	626512062.5
2.145	620163517.578125
2.146	611347296.875
2.147	616220904.296875
2.148	590308735.3515625
2.149	594882362.3046875
2.15	563527315.4296875
2.151	615325749.0234375
2.152	600465532.2265625
2.153	576928574.21875
2.154	598916404.296875
2.155	622672697.265625
2.156	593450993.1640625
2.157	604744618.1640625
2.158	613503666.015625
2.159	612316412.109375
2.16	603905697.265625
2.161	629534092.7734375
2.162	583826613.28125
2.163	588803183.59375
2.164	617986140.625
2.165	623991659.1796875
2.166	592520454.1015625
2.167	608115860.3515625
2.168	627848731.4453125
2.169	643912046.875
2.17	615446016.6015625
2.171	592814042.96875
2.172	605801412.109375
2.173	606756944.3359375
2.174	616243835.9375
2.175	627774185.546875
2.176	584178779.296875
2.177	622550478.515625
2.178	593054461.9140625
2.179	591918583.0078125
2.18	616866645.5078125
2.181	617111612.3046875
2.182	612918365.234375
2.183	599120087.890625
2.184	609141099.609375
2.185	610185446.2890625
2.186	609732996.09375
2.187	627216424.8046875
2.188	622768453.125
2.189	625759547.8515625
2.19	604136321.2890625
2.191	645245539.0625
2.192	619528641.6015625
2.193	596789594.7265625
2.194	619410047.8515625
2.195	642923930.6640625
2.196	628999452.1484375
2.197	613270394.53125
2.198	639786650.390625
2.199	614985974.609375
2.2	637250649.4140625
2.201	644625478.515625
2.202	632357524.4140625
2.203	609209251.953125
2.204	610283001.953125
2.205	603344992.1875
2.206	628956901.3671875
2.207	621551413.0859375
2.208	621425633.7890625
2.209	618252667.96875
2.21	637972618.1640625
2.211	613606595.703125
2.212	654577064.453125
2.213	622710209.9609375
2.214	659262460.9375
2.215	633008253.90625
2.216	634941320.3125
2.217	619367595.703125
2.218	648079337.890625
2.219	617426878.90625
2.22	603587344.7265625
2.221	616410266.6015625
2.222	643842598.6328125
2.223	646689011.71875
2.224	647016965.8203125
2.225	677418418.9453125
2.226	662876068.359375
2.227	619513346.6796875
2.228	625797824.21875
2.229	607571348.6328125
2.23	622625232.421875
2.231	670535754.8828125
2.232	661385828.125
2.233	636017546.875
2.234	641114375.9765625
2.235	623041583.0078125
2.236	612024951.171875
2.237	659938927.734375
2.238	650817878.90625
2.239	635216462.890625
