0.7	63563706.17675781
0.701	75181654.78515625
0.702	85117638.18359375
0.703	88044543.9453125
0.704	74362677.00195312
0.705	82802093.13964844
0.706	13645464.172363281
0.707	11420530.731201172
0.708	36248728.7902832
0.709	14433154.907226562
0.71	12002934.631347656
0.711	14391669.43359375
0.712	21399090.759277344
0.713	11523122.985839844
0.714	10324932.983398438
0.715	10956078.125
0.716	14623673.095703125
0.717	12325512.268066406
0.718	15400735.412597656
0.719	15679600.830078125
0.72	18753941.833496094
0.721	14264526.611328125
0.722	20453683.227539062
0.723	21841909.606933594
0.724	19908822.57080078
0.725	35633765.625
0.726	32454136.352539062
0.727	34693112.67089844
0.728	48663536.25488281
0.729	47759558.349609375
0.73	78027835.81542969
0.731	68770007.44628906
0.732	109460889.6484375
0.733	120282199.70703125
0.734	83504817.62695312
0.735	72205809.08203125
0.736	85664809.32617188
0.737	121475134.03320312
0.738	101428395.99609375
0.739	89215704.34570312
0.74	92410247.0703125
0.741	86023890.13671875
0.742	64240360.3515625
0.743	82194870.60546875
0.744	89950685.79101562
0.745	60572035.64453125
0.746	67998735.83984375
0.747	72183733.15429688
0.748	69152085.9375
0.749	81404778.3203125
0.75	98193730.46875
0.751	81217477.78320312
0.752	84453548.58398438
0.753	104315975.5859375
0.754	109215624.0234375
0.755	117697405.2734375
0.756	137439261.23046875
0.757	150487818.359375
0.758	132645839.84375
0.759	94612837.52441406
0.76	76669347.90039062
0.761	80822208.984375
0.762	118610056.76269531
0.763	67195394.77539062
0.764	65667925.29296875
0.765	61104508.544921875
0.766	104857798.09570312
0.767	39454441.95842743
0.768	34349147.216796875
0.769	47768341.30859375
0.77	47155305.965423584
0.771	37023572.509765625
0.772	35305275.390625
0.773	88192813.72070312
0.774	79251702.39257812
0.775	57243184.20410156
0.776	51640549.92675781
0.777	41202937.744140625
0.778	57059294.921875
0.779	55140559.814453125
0.78	82153755.61523438
0.781	101374446.53320312
0.782	98156894.04296875
0.783	80646671.875
0.784	66695367.431640625
0.785	75433831.29882812
0.786	88456340.57617188
0.787	85700466.30859375
0.788	148824388.18359375
0.789	147469239.74609375
0.79	121005940.91796875
0.791	131183561.5234375
0.792	87430474.12109375
0.793	115828735.83984375
0.794	131385048.828125
0.795	151215462.890625
0.796	158947477.5390625
0.797	148679815.91796875
0.798	151086297.36328125
0.799	135536739.2578125
0.8	165270875.9765625
0.801	140347531.25
0.802	171789391.11328125
0.803	174078738.76953125
0.804	206821910.64453125
0.805	175629929.19921875
0.806	180747708.984375
0.807	206273758.7890625
0.808	244782304.6875
0.809	255634168.9453125
0.81	287917813.4765625
0.811	310636725.5859375
0.812	323431491.2109375
0.813	370937047.8515625
0.814	405576196.2890625
0.815	407086737.3046875
0.816	446194191.40625
0.817	480200681.640625
0.818	544942261.71875
0.819	503725082.03125
0.82	342156976.5625
0.821	246922659.1796875
0.822	341400803.7109375
0.823	292626201.171875
0.824	332528209.9609375
0.825	339037154.296875
0.826	344870570.3125
0.827	344772255.859375
0.828	282508639.16015625
0.829	183827137.20703125
0.83	298572290.0390625
0.831	228274833.984375
0.832	243958388.671875
0.833	300506539.0625
0.834	272010501.953125
0.835	219834430.6640625
0.836	227616767.578125
0.837	248186278.3203125
0.838	283429829.1015625
0.839	207008681.640625
0.84	247601370.1171875
0.841	391163128.90625
0.842	305293577.1484375
0.843	313626865.234375
0.844	121456520.26367188
0.845	74069220.94726562
0.846	69100480.22460938
0.847	67214526.85546875
0.848	79213606.20117188
0.849	79189773.92578125
0.85	98079941.89453125
0.851	89420989.01367188
0.852	101420446.04492188
0.853	98857504.39453125
0.854	96963464.35546875
0.855	125734543.9453125
0.856	145767755.859375
0.857	137374271.484375
0.858	164329238.76953125
0.859	132952418.9453125
0.86	128036470.703125
0.861	147653581.54296875
0.862	178188650.87890625
0.863	180479103.02734375
0.864	164503382.8125
0.865	167584207.03125
0.866	183157093.75
0.867	181989386.23046875
0.868	161598348.14453125
0.869	175163848.6328125
0.87	186043815.4296875
0.871	207824877.9296875
0.872	230374478.515625
0.873	246177756.8359375
0.874	263384891.6015625
0.875	235837993.1640625
0.876	280611483.3984375
0.877	278507925.78125
0.878	306757835.9375
0.879	327676641.6015625
0.88	357039944.82421875
0.881	417137640.625
0.882	378226962.890625
0.883	429202783.203125
0.884	466031638.671875
0.885	521063123.046875
0.886	372381117.1875
0.887	213124726.07421875
0.888	163585193.84765625
0.889	272837592.7734375
0.89	226713739.2578125
0.891	347627616.2109375
0.892	208362349.609375
0.893	386294350.5859375
0.894	290459086.9140625
0.895	303170544.921875
0.896	238784561.5234375
0.897	340222361.328125
0.898	347230113.76953125
0.899	323789782.71484375
0.9	410638336.9140625
0.901	500046419.921875
0.902	429594798.828125
0.903	451958078.125
0.904	353118791.015625
0.905	489829210.9375
0.906	563161044.921875
0.907	486751451.171875
0.908	791946324.21875
0.909	649891594.7265625
0.91	545934200.1953125
0.911	664214195.3125
0.912	738954574.21875
0.913	762683582.03125
0.914	788257980.46875
0.915	781741472.65625
0.916	851823378.90625
0.917	843385648.4375
0.918	855678878.90625
0.919	937651835.9375
0.92	879719457.03125
0.921	627489009.765625
0.922	498659847.65625
0.923	411578637.6953125
0.924	330693087.890625
0.925	406565632.8125
0.926	386796990.234375
0.927	400556644.53125
0.928	310249229.4921875
0.929	334275816.40625
0.93	313804521.484375
0.931	302024155.2734375
0.932	349352203.125
0.933	314559371.09375
0.934	439125928.7109375
0.935	433361743.1640625
0.936	377082310.546875
0.937	354874428.7109375
0.938	399093961.9140625
0.939	401346044.921875
0.94	470589430.6640625
0.941	450592204.1015625
0.942	557200800.78125
0.943	516641048.828125
0.944	472231341.796875
0.945	443897755.859375
0.946	565895484.375
0.947	456833875.0
0.948	569370328.125
0.949	669970953.125
0.95	570674410.15625
0.951	564399115.234375
0.952	638190927.734375
0.953	626057183.59375
0.954	700121376.953125
0.955	643573578.125
0.956	656331822.265625
0.957	724772269.53125
0.958	831183070.3125
0.959	806177488.28125
0.96	766480136.71875
0.961	822247875.0
0.962	759117265.625
0.963	876474390.625
0.964	745566150.390625
0.965	890198593.75
0.966	888654351.5625
0.967	945658171.875
0.968	969363003.90625
0.969	1027541660.15625
0.97	993110417.96875
0.971	1021087152.34375
0.972	1063138585.9375
0.973	738248835.9375
0.974	718007648.4375
0.975	741742111.328125
0.976	807696607.421875
0.977	738915222.65625
0.978	775021656.25
0.979	947221960.9375
0.98	872447388.671875
0.981	784297265.625
0.982	651372091.796875
0.983	696498929.6875
0.984	787305660.15625
0.985	758093226.5625
0.986	821618562.5
0.987	879404660.15625
0.988	799271160.15625
0.989	948469628.90625
0.99	708227100.5859375
0.991	587541604.4921875
0.992	729067636.71875
0.993	682192882.8125
0.994	806816199.21875
0.995	870857062.5
0.996	914919222.65625
0.997	1036546886.71875
0.998	988937843.75
0.999	774961691.40625
1.0	873707074.21875
1.001	839900394.53125
1.002	859501714.84375
1.003	862354492.1875
1.004	805877814.453125
1.005	916682505.859375
1.006	857742576.171875
1.007	936741376.953125
1.008	895600492.1875
1.009	895605669.921875
1.01	968856576.171875
1.011	911071705.078125
1.012	1046883849.609375
1.013	1096665968.75
1.014	900674769.53125
1.015	876394966.796875
1.016	915845410.15625
1.017	893205642.578125
1.018	992234015.625
1.019	895980703.125
1.02	1010897900.390625
1.021	1033216906.25
1.022	901282722.65625
1.023	1045774769.53125
1.024	1030166986.328125
1.025	942912541.015625
1.026	846619349.609375
1.027	886991779.296875
1.028	903355211.9140625
1.029	918016975.5859375
1.03	883028378.90625
1.031	1031172502.9296875
1.032	921222749.0234375
1.033	899219429.6875
1.034	1050570917.96875
1.035	984192666.015625
1.036	1117480792.96875
1.037	1094779412.109375
1.038	988322953.125
1.039	1052412958.984375
1.04	1044290615.234375
1.041	1087674210.9375
1.042	1075806025.390625
1.043	1049031115.234375
1.044	1201604724.609375
1.045	1206505517.578125
1.046	1153013476.5625
1.047	1011852927.734375
1.048	1124473005.859375
1.049	1172158414.0625
1.05	1111240025.390625
1.051	1150640199.21875
1.052	1097225001.953125
1.053	1170414363.28125
1.054	1266668258.7890625
1.055	1212502182.6171875
1.056	1205207679.6875
1.057	1158177328.125
1.058	1225085728.515625
1.059	1230271339.84375
1.06	1289264406.25
1.061	1235526494.140625
1.062	1264292454.1015625
1.063	1259369055.6640625
1.064	1327086605.46875
1.065	1318379753.90625
1.066	1262276632.8125
1.067	1269762335.9375
1.068	1310401363.28125
1.069	1350743117.1875
1.07	1355403410.15625
1.071	1291181394.53125
1.072	1432313746.09375
1.073	1378058201.171875
1.074	1431103990.234375
1.075	1423899839.84375
1.076	1453674296.875
1.077	1491831835.9375
1.078	1482772132.8125
1.079	1443759251.953125
1.08	1438150787.109375
1.081	1448535369.140625
1.082	1411353767.578125
1.083	1541294714.84375
1.084	1604819230.46875
1.085	1546248033.203125
1.086	1515322906.25
1.087	1430657910.15625
1.088	1493117542.96875
1.089	1324433808.59375
1.09	1441094876.953125
1.091	1460383478.515625
1.092	1465080597.65625
1.093	1387680343.75
1.094	1430980070.3125
1.095	1474716312.5
1.096	1319475664.0625
1.097	1403346980.46875
1.098	1325221675.78125
1.099	1307035222.65625
1.1	1309592722.65625
1.101	1328827097.65625
1.102	1414333554.6875
1.103	1105944779.296875
1.104	1105709345.703125
1.105	1102880375.0
1.106	1086088722.65625
1.107	1064342589.84375
1.108	1084668792.96875
1.109	1124987226.5625
1.11	1025757777.34375
1.111	1093298618.1640625
1.112	1112538553.7109375
1.113	1228312203.125
1.114	1099067131.8359375
1.115	1140664422.8515625
1.116	1165342880.859375
1.117	1104714449.21875
1.118	1259200796.875
1.119	1154408353.515625
1.12	1157348546.875
1.121	1182012566.40625
1.122	1252820433.59375
1.123	1208215042.96875
1.124	1309703962.890625
1.125	1281539941.40625
1.126	1294144101.5625
1.127	1241555828.125
1.128	1366276425.78125
1.129	1276729912.109375
1.13	1226589439.453125
1.131	1312281948.2421875
1.132	1240459737.3046875
1.133	1306484875.0
1.134	1298274517.578125
1.135	1075166162.109375
1.136	1320139500.0
1.137	1297800304.6875
1.138	1133341306.1523438
1.139	1235282654.296875
1.14	1325964730.46875
1.141	1203507205.078125
1.142	1308817966.796875
1.143	1301569804.6875
1.144	1165512951.171875
1.145	1312441492.1875
1.146	1375426550.78125
1.147	1281535187.5
1.148	1308253035.15625
1.149	1369560199.21875
1.15	1369177154.296875
1.151	1348695316.40625
1.152	1347072074.21875
1.153	1371793582.03125
1.154	1269542599.609375
1.155	1408791205.078125
1.156	1441236738.28125
1.157	1365681832.03125
1.158	1408420685.546875
1.159	1457892615.234375
1.16	1292540792.96875
1.161	1347986359.375
1.162	1397330224.609375
1.163	1389759580.078125
1.164	1233982070.3125
1.165	1504145687.5
1.166	1296509466.796875
1.167	1409701083.984375
1.168	1370819648.4375
1.169	1227716485.8398438
1.17	1366019472.65625
1.171	1348777316.40625
1.172	1410508859.375
1.173	1328165947.265625
1.174	1350454343.75
1.175	1408969867.1875
1.176	1312092425.78125
1.177	1299496421.875
1.178	1191613143.0664062
1.179	1258089882.8125
1.18	1326701435.546875
1.181	1321423478.515625
1.182	1290619130.859375
1.183	1381203992.1875
1.184	1392245289.0625
1.185	1361044962.890625
1.186	1335946019.53125
1.187	1429488718.75
1.188	1355699628.90625
1.189	1303780183.59375
1.19	1397145666.015625
1.191	1341413498.046875
1.192	1382413996.09375
1.193	1453416636.71875
1.194	1354616476.5625
1.195	1351803021.484375
1.196	1362915738.28125
1.197	1310260687.5
1.198	1273069503.90625
1.199	1354593800.78125
1.2	1299838039.0625
1.201	1396161257.8125
1.202	1372647273.4375
1.203	1321723730.46875
1.204	1415141714.84375
1.205	1425375210.9375
1.206	1517807175.78125
1.207	1336339828.125
1.208	1450918521.484375
1.209	1380091630.859375
1.21	1466841943.359375
1.211	1425061861.328125
1.212	1407337109.375
1.213	1365494750.0
1.214	1446497980.46875
1.215	1520308871.09375
1.216	1492659753.90625
1.217	1427173597.65625
1.218	1498111664.0625
1.219	1537996644.53125
1.22	1500708089.84375
1.221	1490633794.921875
1.222	1486544142.578125
1.223	1445635798.828125
1.224	1491911455.078125
1.225	1528797187.5
1.226	1541790203.125
1.227	1492734511.71875
1.228	1534649562.5
1.229	1580536378.90625
1.23	1518065312.5
1.231	1560756402.34375
1.232	1491376941.40625
1.233	1532996917.96875
1.234	1577174320.3125
1.235	1536895359.375
1.236	1587772242.1875
1.237	1551674339.84375
1.238	1526140800.78125
1.239	1497402656.25
1.24	1600969085.9375
1.241	1448714003.90625
1.242	1301650363.28125
1.243	1404369027.34375
1.244	1309721990.234375
1.245	1419297916.015625
1.246	1359615708.984375
1.247	1421270363.28125
1.248	1360065917.96875
1.249	1474587130.859375
1.25	1435011267.578125
1.251	1502465085.9375
1.252	1441304464.84375
1.253	1423254770.0195312
1.254	1518185259.765625
1.255	1420305050.78125
1.256	1395311089.84375
1.257	1438718968.75
1.258	1334323414.0625
1.259	1445446433.59375
1.26	1436646511.71875
1.261	1487303261.71875
1.262	1334563582.03125
1.263	1473572007.8125
1.264	1473594492.1875
1.265	1441826248.046875
1.266	1460475083.984375
1.267	1477653109.375
1.268	1464205996.09375
1.269	1513394496.09375
1.27	1479553605.46875
1.271	1515864175.78125
1.272	1506094445.3125
1.273	1546345246.09375
1.274	1453025238.28125
1.275	1432198822.265625
1.276	1512567869.140625
1.277	1519361703.125
1.278	1486928566.40625
1.279	1526450398.4375
1.28	1497388574.21875
1.281	1501806019.53125
1.282	1512457841.796875
1.283	1455258447.265625
1.284	1516098339.84375
1.285	1514440015.625
1.286	1458224019.53125
1.287	1489816996.09375
1.288	1508397164.0625
1.289	1498135957.03125
1.29	1566035554.6875
1.291	1519151476.5625
1.292	1496974191.40625
1.293	1507691722.65625
1.294	1570283566.40625
1.295	1458368283.203125
1.296	1557195193.359375
1.297	1576720207.03125
1.298	1577605640.625
1.299	1518870070.3125
1.3	1572104875.0
1.301	1531358746.09375
1.302	1565679699.21875
1.303	1542274976.5625
1.304	1599801011.71875
1.305	1570415839.84375
1.306	1576612953.125
1.307	1521770808.59375
1.308	1512147521.484375
1.309	1488026486.328125
1.31	1482608402.34375
1.311	1511293777.34375
1.312	1577386421.875
1.313	1539821152.34375
1.314	1479621867.1875
1.315	1549693117.1875
1.316	1512525289.0625
1.317	1518278164.0625
1.318	1418456589.84375
1.319	1543982933.59375
1.32	1496892546.875
1.321	1481245355.46875
1.322	1480908660.15625
1.323	1481915337.890625
1.324	1465149884.765625
1.325	1301341882.8125
1.326	1440632277.34375
1.327	1360557890.625
1.328	1315440216.796875
1.329	1361297521.484375
1.33	1285456804.6875
1.331	1203796564.453125
1.332	1080693073.2421875
1.333	948806425.78125
1.334	1081653962.890625
1.335	641516158.203125
1.336	921956649.4140625
1.337	832807209.4726562
1.338	866037385.2539062
1.339	874517911.1328125
1.34	928421602.5390625
1.341	998290335.9375
1.342	768231823.2421875
1.343	673294848.1445312
1.344	906759572.265625
1.345	788360449.7070312
1.346	817734980.46875
1.347	782895276.3671875
1.348	732021911.6210938
1.349	953639933.59375
1.35	862760898.4375
1.351	765164585.4492188
1.352	727910659.6679688
1.353	807224528.8085938
1.354	624114017.0898438
1.355	740890573.7304688
1.356	828088336.9140625
1.357	809412163.0859375
1.358	746804648.4375
1.359	737625735.1074219
1.36	748625917.7246094
1.361	796623606.4453125
1.362	621536389.6484375
1.363	818215863.28125
1.364	757521015.625
1.365	793689642.578125
1.366	757041647.4609375
1.367	694171319.3359375
1.368	694746971.1914062
1.369	722215756.8359375
1.37	699710844.7265625
1.371	631118912.109375
1.372	697661794.921875
1.373	719320952.1484375
1.374	643932030.2734375
1.375	674452040.0390625
1.376	707306678.7109375
1.377	658893625.9765625
1.378	810946399.9023438
1.379	695156903.8085938
1.38	811234232.421875
1.381	773842614.2578125
1.382	818531468.75
1.383	685742578.6132812
1.384	784995795.4101562
1.385	745274194.3359375
1.386	775512607.421875
1.387	722351858.3984375
1.388	683113595.703125
1.389	788803444.8242188
1.39	700534950.6835938
1.391	612809543.9453125
1.392	653398193.359375
1.393	698359791.015625
1.394	660247145.0195312
1.395	665250740.7226562
1.396	693193046.875
1.397	695102722.65625
1.398	612192667.96875
1.399	728431276.3671875
1.4	618332548.828125
1.401	632383021.484375
1.402	714025870.1171875
1.403	659829750.9765625
1.404	600863959.9609375
1.405	648635929.6875
1.406	757402941.40625
1.407	618730230.46875
1.408	656148024.4140625
1.409	615881208.0078125
1.41	614801627.9296875
1.411	629895422.3632812
1.412	616122372.5585938
1.413	678744711.9140625
1.414	654789770.5078125
1.415	575525328.125
1.416	638792314.453125
1.417	578656882.8125
1.418	541147131.8359375
1.419	608371389.6484375
1.42	588210390.625
1.421	609211863.28125
1.422	595259490.234375
1.423	581833332.03125
1.424	609849900.8789062
1.425	591540677.734375
1.426	549561931.640625
1.427	614573237.3046875
1.428	553897291.9921875
1.429	472340470.703125
1.43	696066065.4296875
1.431	655376098.6328125
1.432	578699751.953125
1.433	560116578.125
1.434	524829043.9453125
1.435	643426400.390625
1.436	622638208.984375
1.437	610842306.640625
1.438	617610814.453125
1.439	627603661.6210938
1.44	574098722.1679688
1.441	535715923.828125
1.442	560375085.9375
1.443	680903837.890625
1.444	612866444.8242188
1.445	578499536.6210938
1.446	627668846.6796875
1.447	549478005.859375
1.448	623148341.796875
1.449	690662855.46875
1.45	668613227.5390625
1.451	559740265.625
1.452	729358302.734375
1.453	621596764.6484375
1.454	561204534.1796875
1.455	700626766.6015625
1.456	598194740.234375
1.457	575290681.1523438
1.458	641385369.140625
1.459	679019128.90625
1.46	654694067.3828125
1.461	635126726.0742188
1.462	585147962.4023438
1.463	582238281.25
1.464	637371876.953125
1.465	630677096.6796875
1.466	703311573.2421875
1.467	642612692.3828125
1.468	595183657.2265625
1.469	573952150.390625
1.47	578237533.203125
1.471	610645161.1328125
1.472	626620899.4140625
1.473	664424413.0859375
1.474	604270583.0078125
1.475	599501693.359375
1.476	606464198.2421875
1.477	623326677.734375
1.478	617097444.3359375
1.479	708149306.640625
1.48	572588470.703125
1.481	653379733.3984375
1.482	608967989.2578125
1.483	604945187.5
1.484	689923809.5703125
1.485	611381254.8828125
1.486	623933106.4453125
1.487	665542812.5
1.488	635355372.0703125
1.489	646033198.2421875
1.49	625028412.109375
1.491	683760157.2265625
1.492	689869996.09375
1.493	620866325.1953125
1.494	580653454.1015625
1.495	649492574.21875
1.496	667890331.0546875
1.497	658206581.0546875
1.498	665344888.671875
1.499	671395143.5546875
1.5	653412760.7421875
1.501	643341460.9375
1.502	545183621.09375
1.503	724148955.078125
1.504	651071169.921875
1.505	720140289.0625
1.506	672625619.140625
1.507	706889812.5
1.508	644874801.7578125
1.509	721398256.8359375
1.51	656316784.1796875
1.511	701451224.609375
1.512	712741055.6640625
1.513	667356526.3671875
1.514	664599560.546875
1.515	698022445.3125
1.516	705992763.671875
1.517	689284559.5703125
1.518	682529444.3359375
1.519	674839890.625
1.52	680966744.140625
1.521	732118791.015625
1.522	689661169.4335938
1.523	753241762.2070312
1.524	706376541.9921875
1.525	670384730.46875
1.526	665341652.34375
1.527	721518646.484375
1.528	721760464.84375
1.529	688495833.984375
1.53	785440255.859375
1.531	696684206.0546875
1.532	631465535.15625
1.533	691217159.1796875
1.534	770026015.625
1.535	739547136.71875
1.536	742294591.796875
1.537	685686081.0546875
1.538	711145312.5
1.539	771421301.7578125
1.54	724856408.203125
1.541	681904724.609375
1.542	759645011.71875
1.543	710016675.78125
1.544	743578375.0
1.545	759884695.3125
1.546	817355015.625
1.547	703061029.296875
1.548	753876062.5
1.549	745471285.15625
1.55	777566348.6328125
1.551	710107327.1484375
1.552	778081148.4375
1.553	779601572.265625
1.554	781848228.515625
1.555	762569117.1875
1.556	728360123.046875
1.557	745204503.90625
1.558	698900619.140625
1.559	763392046.875
1.56	790207109.375
1.561	787807164.0625
1.562	796212587.890625
1.563	788439550.78125
1.564	841765287.109375
1.565	755637375.0
1.566	723714943.359375
1.567	817379242.1875
1.568	857138451.171875
1.569	775947734.375
1.57	785221507.8125
1.571	807559224.609375
1.572	786891374.0234375
1.573	796438924.8046875
1.574	822839240.234375
1.575	801129021.484375
1.576	811086388.671875
1.577	839569785.15625
1.578	797076992.1875
1.579	816234824.21875
1.58	828440843.75
1.581	836111679.6875
1.582	830655687.5
1.583	852114664.0625
1.584	800569421.875
1.585	788810787.109375
1.586	864933304.6875
1.587	870051238.28125
1.588	860526240.234375
1.589	850731882.8125
1.59	788840742.1875
1.591	859715546.875
1.592	849112078.125
1.593	850324160.15625
1.594	902120195.3125
1.595	902542904.296875
1.596	897699490.234375
1.597	881100414.0625
1.598	860181837.890625
1.599	882248675.78125
1.6	894299933.59375
1.601	914955865.234375
1.602	854737349.609375
1.603	923465640.625
1.604	872849806.640625
1.605	898926812.5
1.606	854828488.28125
1.607	858785576.171875
1.608	891854423.828125
1.609	894757666.015625
1.61	898270728.515625
1.611	908673875.0
1.612	910704521.484375
1.613	907778890.625
1.614	887656923.828125
1.615	891371867.1875
1.616	933132826.171875
1.617	968598046.875
1.618	959278843.75
1.619	886605705.078125
1.62	888014181.640625
1.621	872522441.40625
1.622	938204283.203125
1.623	913212537.109375
1.624	929529929.6875
1.625	912638466.796875
1.626	922070896.484375
1.627	962996685.546875
1.628	947134984.375
1.629	935812974.609375
1.63	954526482.421875
1.631	938830576.171875
1.632	921557541.015625
1.633	976461582.03125
1.634	982234017.578125
1.635	962095560.546875
1.636	946089455.078125
1.637	948819537.109375
1.638	984399794.921875
1.639	971716990.234375
1.64	967499349.609375
1.641	978275925.78125
1.642	957811044.921875
1.643	959468468.75
1.644	973596990.234375
1.645	959361083.984375
1.646	956625517.578125
1.647	980323933.59375
1.648	964569285.15625
1.649	1018755347.65625
1.65	1002148564.453125
1.651	993511414.0625
1.652	1000776972.65625
1.653	965803529.296875
1.654	986500621.09375
1.655	1000443335.9375
1.656	1012055728.515625
1.657	1035119673.828125
1.658	1021484423.828125
1.659	959925906.25
1.66	980623671.875
1.661	968629218.75
1.662	983899000.0
1.663	1035973761.71875
1.664	1043194169.921875
1.665	1021373882.8125
1.666	1015835343.75
1.667	991763285.15625
1.668	1022118892.578125
1.669	1026129642.578125
1.67	1020027916.015625
1.671	1025798449.21875
1.672	980815285.15625
1.673	989840041.015625
1.674	1031228724.609375
1.675	1062543255.859375
1.676	1059510517.578125
1.677	1010311386.71875
1.678	1053259912.109375
1.679	1045155476.5625
1.68	1035581435.546875
1.681	1043717492.1875
1.682	1066438888.671875
1.683	1067393970.703125
1.684	1034462546.875
1.685	1059009425.78125
1.686	1035074615.234375
1.687	994531003.90625
1.688	1007775150.390625
1.689	962086488.28125
1.69	1000021453.125
1.691	998018490.234375
1.692	1009244414.0625
1.693	1023443294.921875
1.694	1031883375.0
1.695	1000859453.125
1.696	995003042.96875
1.697	992928566.40625
1.698	963312580.078125
1.699	971472183.59375
1.7	967624455.078125
1.701	954456148.4375
1.702	991535228.515625
1.703	978010474.609375
1.704	900422197.265625
1.705	949551097.65625
1.706	985553978.515625
1.707	939629515.625
1.708	889437710.9375
1.709	882633187.5
1.71	941472488.28125
1.711	869160052.734375
1.712	882911943.359375
1.713	906667001.953125
1.714	855833537.109375
1.715	873382197.265625
1.716	842634882.8125
1.717	847437857.421875
1.718	791462253.90625
1.719	773215386.71875
1.72	823151535.15625
1.721	835876269.53125
1.722	874448628.90625
1.723	801063148.4375
1.724	769583085.9375
1.725	831843777.34375
1.726	858919455.078125
1.727	681600667.96875
1.728	866974164.0625
1.729	819029093.75
1.73	780766463.8671875
1.731	844063539.0625
1.732	723479910.15625
1.733	791283437.9882812
1.734	756909798.3398438
1.735	722558226.5625
1.736	787605660.15625
1.737	715523873.046875
1.738	819642260.7421875
1.739	787215391.6015625
1.74	744687143.5546875
1.741	752415919.921875
1.742	802572010.7421875
1.743	751492911.1328125
1.744	720795376.953125
1.745	771969646.484375
1.746	764552945.3125
1.747	686340044.921875
1.748	713838306.640625
1.749	776528225.5859375
1.75	741910791.9921875
1.751	707858358.3984375
1.752	698667529.7851562
1.753	773276311.0351562
1.754	715335395.5078125
1.755	695306726.5625
1.756	614812883.7890625
1.757	668029128.90625
1.758	661172071.2890625
1.759	668130610.3515625
1.76	737704398.4375
1.761	632266726.5625
1.762	676796814.453125
1.763	573890744.140625
1.764	744288269.53125
1.765	720260605.46875
1.766	751205865.234375
1.767	651226280.2734375
1.768	558699292.96875
1.769	601936344.2382812
1.77	720279198.2421875
1.771	681474547.8515625
1.772	599181090.8203125
1.773	565830373.046875
1.774	669259477.5390625
1.775	579432411.1328125
1.776	596481371.09375
1.777	582848540.0390625
1.778	608067063.4765625
1.779	615061032.2265625
1.78	574774832.5195312
1.781	576439679.1992188
1.782	574226673.3398438
1.783	548138725.0976562
1.784	672867981.9335938
1.785	564101102.5390625
1.786	541161703.125
1.787	472424053.22265625
1.788	583693301.7578125
1.789	587822604.4921875
1.79	602334265.625
1.791	542736392.578125
1.792	536938689.453125
1.793	555679888.671875
1.794	545538218.75
1.795	520654610.3515625
1.796	520912001.46484375
1.797	611961920.8984375
1.798	581815385.2539062
1.799	593377640.625
1.8	480250552.24609375
1.801	511561344.7265625
1.802	499045341.796875
1.803	511314506.8359375
1.804	570333769.53125
1.805	566311611.8164062
1.806	472399847.16796875
1.807	509013241.2109375
1.808	507250531.25
1.809	479711019.53125
1.81	524650324.21875
1.811	425233599.609375
1.812	525656332.03125
1.813	477706641.11328125
1.814	576888888.671875
1.815	566824166.015625
1.816	536588926.7578125
1.817	515375593.26171875
1.818	487774567.3828125
1.819	462899703.125
1.82	467766504.8828125
1.821	479141833.984375
1.822	405922431.15234375
1.823	546344727.0507812
1.824	597485537.109375
1.825	495943389.6484375
1.826	443589854.00390625
1.827	531732338.8671875
1.828	472797471.19140625
1.829	506583875.0
1.83	528003812.5
1.831	490903262.6953125
1.832	499514210.9375
1.833	436484076.66015625
1.834	517682460.9375
1.835	477859540.0390625
1.836	512053181.15234375
1.837	564348163.0859375
1.838	460014333.984375
1.839	466772082.03125
1.84	476756532.71484375
1.841	547552625.0
1.842	422753140.625
1.843	472748127.9296875
1.844	455716535.64453125
1.845	469865392.578125
1.846	440390758.7890625
1.847	413916958.984375
1.848	412180899.90234375
1.849	428717339.35546875
1.85	413173559.5703125
1.851	491903912.109375
1.852	503995773.4375
1.853	443238355.46875
1.854	421559144.53125
1.855	477889786.1328125
1.856	447526483.88671875
1.857	403304751.46484375
1.858	330978809.5703125
1.859	369313874.0234375
1.86	365185604.98046875
1.861	391532408.203125
1.862	418286783.203125
1.863	415592637.6953125
1.864	409060570.80078125
1.865	384029046.875
1.866	441398233.88671875
1.867	434889467.7734375
1.868	384313687.98828125
1.869	460015187.5
1.87	458853933.59375
1.871	432868771.484375
1.872	443030508.7890625
1.873	361560644.04296875
1.874	451306560.05859375
1.875	427562125.0
1.876	465534056.640625
1.877	420390010.7421875
1.878	423803765.13671875
1.879	381713881.34765625
1.88	435095433.59375
1.881	439270473.6328125
1.882	462077877.9296875
1.883	492253447.265625
1.884	510619584.9609375
1.885	408125971.6796875
1.886	452294714.84375
1.887	425906733.3984375
1.888	507805015.625
1.889	440258750.0
1.89	488058908.69140625
1.891	458062382.8125
1.892	377167907.2265625
1.893	419911826.171875
1.894	436335712.890625
1.895	442779901.3671875
1.896	434737891.6015625
1.897	497139885.7421875
1.898	413136787.59765625
1.899	450288426.26953125
1.9	505393925.78125
1.901	445687041.9921875
1.902	496452083.0078125
1.903	434468915.0390625
1.904	464055688.4765625
1.905	453965419.921875
1.906	442538070.3125
1.907	432621389.6484375
1.908	501780830.078125
1.909	448667161.62109375
1.91	449999541.50390625
1.911	416038010.7421875
1.912	461330166.9921875
1.913	485417056.640625
1.914	494592613.28125
1.915	490968033.203125
1.916	425126125.0
1.917	420380604.00390625
1.918	424180726.5625
1.919	510809082.03125
1.92	470683958.49609375
1.921	439048584.47265625
1.922	467869841.796875
1.923	470625762.20703125
1.924	417030466.30859375
1.925	475071885.7421875
1.926	450376968.26171875
1.927	413664214.84375
1.928	522901048.828125
1.929	454315065.4296875
1.93	440204491.2109375
1.931	391457991.69921875
1.932	460281184.5703125
1.933	465685392.578125
1.934	425271593.26171875
1.935	462624788.0859375
1.936	468468086.9140625
1.937	468978265.13671875
1.938	446759543.45703125
1.939	415109541.015625
1.94	404385920.8984375
1.941	426994555.17578125
1.942	465556050.78125
1.943	448000388.671875
1.944	445075440.91796875
1.945	440249688.4765625
1.946	420255649.4140625
1.947	482601664.0625
1.948	410832855.46875
1.949	426480886.23046875
1.95	482320008.30078125
1.951	458169430.17578125
1.952	446246958.984375
1.953	371391142.578125
1.954	460092211.42578125
1.955	459768947.265625
1.956	394353229.00390625
1.957	431492050.78125
1.958	464903310.546875
1.959	534204999.0234375
1.96	427949435.05859375
1.961	402473854.4921875
1.962	445659094.7265625
1.963	448860614.2578125
1.964	441960388.671875
1.965	399922648.4375
1.966	456974969.7265625
1.967	469246359.86328125
1.968	380839429.6875
1.969	445310866.2109375
1.97	510388123.046875
1.971	417798380.859375
1.972	481040834.47265625
1.973	417728552.734375
1.974	416059984.86328125
1.975	464053472.16796875
1.976	361465108.1542969
1.977	431325639.8925781
1.978	426180027.34375
1.979	462968395.5078125
1.98	406417456.0546875
1.981	435860470.21484375
1.982	394320709.47265625
1.983	409710825.68359375
1.984	423978537.59765625
1.985	401303997.0703125
1.986	410256246.09375
1.987	429575336.42578125
1.988	394639669.921875
1.989	445801721.6796875
1.99	379393409.1796875
1.991	391591496.58203125
1.992	375851153.3203125
1.993	439447097.65625
1.994	473073494.140625
1.995	416522511.71875
1.996	425363277.34375
1.997	429037702.1484375
1.998	408281035.15625
1.999	430862121.09375
2.0	384201140.13671875
2.001	394565582.03125
2.002	416607750.0
2.003	423694753.90625
2.004	425179688.4765625
2.005	414346206.0546875
2.006	404213404.296875
2.007	394184117.1875
2.008	486705204.58984375
2.009	372329382.32421875
2.01	423717731.4453125
2.011	385767458.49609375
2.012	436878361.328125
2.013	406105812.5
2.014	423560654.296875
2.015	429929737.79296875
2.016	394665786.62109375
2.017	374675039.0625
2.018	425087074.21875
2.019	402245506.8359375
2.02	346163189.94140625
2.021	448402083.49609375
2.022	420302505.859375
2.023	417665712.890625
2.024	467537086.9140625
2.025	432696111.328125
2.026	399747416.50390625
2.027	405960706.0546875
2.028	439493461.9140625
2.029	352542170.8984375
2.03	458142837.890625
2.031	375379739.74609375
2.032	460428005.859375
2.033	414925000.0
2.034	410116000.0
2.035	442980185.546875
2.036	370325612.3046875
2.037	450003819.3359375
2.038	448376875.0
2.039	408907208.0078125
2.04	397470140.625
2.041	386700428.7109375
2.042	430871371.09375
2.043	469487456.0546875
2.044	366522557.12890625
2.045	370284306.15234375
2.046	429503790.0390625
2.047	445522838.8671875
2.048	443145551.7578125
2.049	377692340.33203125
2.05	414854259.27734375
2.051	454584570.3125
2.052	406115890.8691406
2.053	447695966.0644531
2.054	383163734.86328125
2.055	420030027.34375
2.056	404557678.22265625
2.057	434300065.4296875
2.058	455403828.125
2.059	444437676.7578125
2.06	461063052.734375
2.061	383802218.75
2.062	421334517.578125
2.063	418260615.234375
2.064	368433307.6171875
2.065	418050604.00390625
2.066	405783868.65234375
2.067	476786983.3984375
2.068	416637655.2734375
2.069	405879045.8984375
2.07	470386107.421875
2.071	436563025.87890625
2.072	387014146.97265625
2.073	418658542.96875
2.074	416008245.1171875
2.075	407951423.828125
2.076	449147441.89453125
2.077	424158147.94921875
2.078	448534697.265625
2.079	434515017.578125
2.08	416313654.296875
2.081	430712802.24609375
2.082	446415933.10546875
2.083	439516262.20703125
2.084	434352765.13671875
2.085	432235823.2421875
2.086	444664444.3359375
2.087	410215518.5546875
2.088	454500073.2421875
2.089	442055503.90625
2.09	419889560.546875
2.091	480743813.96484375
2.092	425062028.80859375
2.093	475980273.4375
2.094	414769243.1640625
2.095	454449140.625
2.096	440260449.21875
2.097	442812357.421875
2.098	476053791.015625
2.099	445953952.1484375
2.1	444447691.40625
2.101	476336137.6953125
2.102	449307253.90625
2.103	446290705.078125
2.104	458039816.40625
2.105	434655456.0546875
2.106	473199190.4296875
2.107	458332205.078125
2.108	453601534.1796875
2.109	436348977.5390625
2.11	471697346.6796875
2.111	474124250.9765625
2.112	435295177.734375
2.113	462444321.2890625
2.114	479944239.2578125
2.115	472378441.40625
2.116	472785132.8125
2.117	449125768.5546875
2.118	460900228.515625
2.119	452168446.2890625
2.12	462655148.4375
2.121	464067967.7734375
2.122	477397032.2265625
2.123	476207455.078125
2.124	470915108.3984375
2.125	497528899.4140625
2.126	471412981.4453125
2.127	469919432.6171875
2.128	452126973.6328125
2.129	451578628.90625
2.13	465521586.9140625
2.131	480229789.0625
2.132	488999329.1015625
2.133	482031677.734375
2.134	461581477.5390625
2.135	484156880.859375
2.136	489641397.4609375
2.137	475209976.5625
2.138	469401083.0078125
2.139	486307125.0
2.14	462323153.3203125
2.141	467720392.578125
2.142	480320513.671875
2.143	477307554.6875
2.144	509274419.921875
2.145	505328937.5
2.146	502051983.3984375
2.147	498572641.6015625
2.148	480597771.484375
2.149	484056393.5546875
2.15	457742959.9609375
2.151	500667208.0078125
2.152	488435474.609375
2.153	468220073.2421875
2.154	491138346.6796875
2.155	504840754.8828125
2.156	482518123.046875
2.157	490853717.7734375
2.158	501572830.078125
2.159	498425642.578125
2.16	489131349.609375
2.161	510573563.4765625
2.162	477058834.9609375
2.163	479803317.3828125
2.164	502402152.34375
2.165	505192203.125
2.166	479450229.4921875
2.167	495195790.0390625
2.168	512566186.5234375
2.169	526570518.5546875
2.17	500614956.0546875
2.171	481543378.90625
2.172	494978910.15625
2.173	490797786.1328125
2.174	499827006.8359375
2.175	513235463.8671875
2.176	474026564.453125
2.177	506695782.2265625
2.178	480039019.53125
2.179	482637471.6796875
2.18	503153969.7265625
2.181	505936233.3984375
2.182	501581936.5234375
2.183	484940514.6484375
2.184	500908082.03125
2.185	493979930.6640625
2.186	493083589.84375
2.187	506296485.3515625
2.188	507532244.140625
2.189	511857614.2578125
2.19	494796105.46875
2.191	523634138.671875
2.192	502715579.1015625
2.193	482729353.515625
2.194	502858885.7421875
2.195	520988224.609375
2.196	506219584.9609375
2.197	497055659.1796875
2.198	517564291.9921875
2.199	502723606.4453125
2.2	516921352.5390625
2.201	520496226.5625
2.202	510625460.9375
2.203	495507633.7890625
2.204	488771658.203125
2.205	488658549.8046875
2.206	518987584.9609375
2.207	503152631.8359375
2.208	500849807.6171875
2.209	505748717.7734375
2.21	517856555.6640625
2.211	494355083.0078125
2.212	529363109.375
2.213	503802295.8984375
2.214	531069480.46875
2.215	509362618.1640625
2.216	511454542.96875
2.217	497855150.390625
2.218	521068428.7109375
2.219	494297292.96875
2.22	481441481.4453125
2.221	496281887.6953125
2.222	520633411.1328125
2.223	519897562.5
2.224	521085829.1015625
2.225	543477590.8203125
2.226	532994556.640625
2.227	499421824.21875
2.228	502121075.1953125
2.229	492360640.625
2.23	500114944.3359375
2.231	537547265.625
2.232	534793046.875
2.233	507165807.6171875
2.234	517941054.6875
2.235	496380513.671875
2.236	486292303.7109375
2.237	527652338.8671875
2.238	522320157.2265625
2.239	504449726.5625
