# Flux units: erg / (cm m2 s)
# Wavelength units: Angstrom
wave	flux
7000.0	55174349.97558593
7010.0	49679118.89648437
7020.0	69764440.91796874
7030.0	76212034.17968749
7040.0	65716578.124999985
7050.0	85166818.60351561
7060.0	29661195.43457031
7070.0	27921598.144531243
7080.0	34878833.129882805
7090.0	30393356.933593746
7100.0	29026813.72070312
7110.0	31592309.814453118
7120.0	31959719.11621093
7130.0	28713963.378906246
7140.0	27819159.790039055
7150.0	28328886.230468746
7160.0	31105973.51074218
7170.0	30406993.164062496
7180.0	33035384.643554684
7190.0	34062635.98632812
7200.0	35345903.07617187
7210.0	33372644.77539062
7220.0	38216389.16015624
7230.0	39526563.84277343
7240.0	39144782.47070312
7250.0	47615703.735351555
7260.0	47474133.30078124
7270.0	49817913.81835937
7280.0	58236930.66406249
7290.0	59841606.68945312
7300.0	72814848.87695311
7310.0	71773496.82617186
7320.0	98184514.16015624
7330.0	99770785.88867186
7340.0	88268520.26367186
7350.0	84126127.19726561
7360.0	91665213.62304686
7370.0	121316475.34179685
7380.0	106769521.97265624
7390.0	102473576.90429686
7400.0	102925699.21874997
7410.0	97297791.50390624
7420.0	80177955.56640624
7430.0	96770760.74218749
7440.0	99770966.79687499
7450.0	77053958.00781249
7460.0	82233415.03906249
7470.0	85467226.07421872
7480.0	83037857.42187499
7490.0	90110350.58593749
7500.0	98600615.72265624
7510.0	88132533.20312499
7520.0	91311654.78515622
7530.0	101229651.36718749
7540.0	100606687.98828124
7550.0	104941835.44921872
7560.0	110018670.89843749
7570.0	113737794.43359374
7580.0	104901034.17968749
7590.0	85009042.72460936
7600.0	67541272.70507811
7610.0	66161336.18164062
7620.0	72669571.77734374
7630.0	58891606.20117186
7640.0	51104459.96093749
7650.0	43506280.88378905
7660.0	33675410.03417968
7670.0	24873051.914215084
7680.0	38722142.211914055
7690.0	40379054.07714843
7700.0	26988185.684204094
7710.0	41393888.91601562
7720.0	50152150.14648437
7730.0	64060911.86523436
7740.0	68970882.81249999
7750.0	66118883.78906249
7760.0	68113725.34179686
7770.0	65362880.37109374
7780.0	73621975.83007811
7790.0	72901549.80468749
7800.0	79604632.56835936
7810.0	99462371.58203124
7820.0	95879711.42578122
7830.0	91534477.05078122
7840.0	85500444.82421874
7850.0	89506418.21289061
7860.0	101503264.8925781
7870.0	98149810.05859374
7880.0	136663541.01562497
7890.0	142507006.34765622
7900.0	132991024.90234372
7910.0	142004592.52929685
7920.0	107368986.5722656
7930.0	132804576.17187497
7940.0	143227050.29296872
7950.0	143241783.20312497
7960.0	171709721.67968747
7970.0	168922440.42968744
7980.0	172059025.39062497
7990.0	158659040.03906247
8000.0	183892459.47265622
8010.0	163632686.03515622
8020.0	199487760.2539062
8030.0	199595907.71484372
8040.0	222175488.28124997
8050.0	203774241.21093747
8060.0	208924875.97656247
8070.0	229725187.49999994
8080.0	261285542.96874997
8090.0	266475534.17968744
8100.0	307042486.32812494
8110.0	314312753.90624994
8120.0	334155835.93749994
8130.0	377007197.26562494
8140.0	385525666.9921874
8150.0	409441346.67968744
8160.0	423012638.67187494
8170.0	413799462.89062494
8180.0	395853683.59374994
8190.0	312368600.58593744
8200.0	260360424.3164062
8210.0	259745166.01562494
8220.0	333329414.06249994
8230.0	311768039.06249994
8240.0	353436078.12499994
8250.0	323598064.45312494
8260.0	354604228.51562494
8270.0	359088263.67187494
8280.0	310590473.63281244
8290.0	218416565.42968747
8300.0	338654913.08593744
8310.0	272206998.04687494
8320.0	290693420.89843744
8330.0	316493483.39843744
8340.0	311856354.49218744
8350.0	260179226.56249997
8360.0	265665032.22656247
8370.0	287583489.25781244
8380.0	317820296.87499994
8390.0	234985785.15624994
8400.0	269847682.61718744
8410.0	428214389.64843744
8420.0	351975247.0703124
8430.0	342037519.53124994
8440.0	166851563.9648437
8450.0	124692185.54687499
8460.0	116051589.35546874
8470.0	115429783.20312499
8480.0	125411861.81640624
8490.0	129120314.94140622
8500.0	139837873.53515622
8510.0	138735410.15624997
8520.0	142069847.16796872
8530.0	144860028.80859372
8540.0	144276162.59765622
8550.0	167306308.10546872
8560.0	183635950.68359372
8570.0	185513599.60937497
8580.0	215612946.77734372
8590.0	184510350.09765622
8600.0	178244989.25781244
8610.0	195942762.69531244
8620.0	226011900.39062497
8630.0	230036895.50781247
8640.0	213460639.64843747
8650.0	217718085.93749997
8660.0	235299457.03124994
8670.0	240638021.48437494
8680.0	217850516.60156244
8690.0	218236958.00781247
8700.0	197140249.02343747
8710.0	218789239.25781247
8720.0	226280149.41406247
8730.0	260064062.49999994
8740.0	252034152.34374994
8750.0	267030291.01562497
8760.0	324338834.96093744
8770.0	316824665.03906244
8780.0	349582601.56249994
8790.0	346400222.6562499
8800.0	335744901.36718744
8810.0	385046330.07812494
8820.0	422654792.9687499
8830.0	424076376.95312494
8840.0	512425982.42187494
8850.0	472727890.62499994
8860.0	365379791.99218744
8870.0	211296036.13281247
8880.0	184164829.10156247
8890.0	245308045.89843744
8900.0	230931888.67187494
8910.0	304550105.46874994
8920.0	234304382.81249997
8930.0	326028126.95312494
8940.0	300447312.49999994
8950.0	281283825.19531244
8960.0	255186841.79687497
8970.0	301884589.84374994
8980.0	341154730.46874994
8990.0	343686831.05468744
9000.0	397068708.00781244
9010.0	496350380.8593749
9020.0	463864173.8281249
9030.0	425326462.8906249
9040.0	403057677.73437494
9050.0	535357905.2734374
9060.0	487086137.69531244
9070.0	491489009.76562494
9080.0	788965210.9374998
9090.0	611952699.2187499
9100.0	577117304.6874999
9110.0	631910884.7656249
9120.0	757846316.4062499
9130.0	738720863.2812499
9140.0	692961525.3906249
9150.0	767348209.9609374
9160.0	821171041.9921874
9170.0	823063304.6874999
9180.0	747238806.6406249
9190.0	885809214.8437498
9200.0	790942232.4218748
9210.0	606835419.9218749
9220.0	568065761.7187499
9230.0	498253949.2187499
9240.0	455274002.9296874
9250.0	510296200.1953124
9260.0	498101965.8203124
9270.0	486849865.23437494
9280.0	399089511.71874994
9290.0	453121787.10937494
9300.0	411823494.1406249
9310.0	380299443.35937494
9320.0	458945208.9843749
9330.0	397976291.01562494
9340.0	554990706.0546874
9350.0	400465330.0781249
9360.0	465363618.16406244
9370.0	438863804.68749994
9380.0	516204111.3281249
9390.0	467144792.9687499
9400.0	520852099.6093749
9410.0	495860999.9999999
9420.0	634425132.8124999
9430.0	623582822.2656249
9440.0	540483425.7812499
9450.0	551137806.6406249
9460.0	620818791.0156249
9470.0	556585496.0937499
9480.0	705654455.0781249
9490.0	795851867.1874999
9500.0	565775371.0937499
9510.0	614132935.5468749
9520.0	734268833.9843748
9530.0	712430624.9999999
9540.0	800061062.4999999
9550.0	707549570.3124999
9560.0	766007800.7812499
9570.0	704337613.2812498
9580.0	924543042.9687498
9590.0	881471128.9062498
9600.0	770391464.8437499
9610.0	860138878.9062499
9620.0	791761820.3124999
9630.0	966651453.1249998
9640.0	753561417.9687499
9650.0	834454507.8124998
9660.0	941437910.1562499
9670.0	1015440402.3437499
9680.0	933453398.4374999
9690.0	921735054.6874998
9700.0	1036708871.0937499
9710.0	886683281.2499999
9720.0	963765726.5624999
9730.0	821984443.3593749
9740.0	796296839.8437499
9750.0	815686964.8437499
9760.0	877647457.0312498
9770.0	789449281.2499999
9780.0	871531742.1874999
9790.0	807257390.6249999
9800.0	885982449.2187498
9810.0	835289664.0624998
9820.0	712054871.0937499
9830.0	741390210.9374998
9840.0	847433429.6874999
9850.0	846212593.7499998
9860.0	880566425.7812499
9870.0	896422683.5937498
9880.0	861605453.1249999
9890.0	957283285.1562499
9900.0	397932057.61718744
9910.0	212955041.99218747
9920.0	215664407.22656247
9930.0	266769470.70312497
9940.0	345744329.1015624
9950.0	395807218.74999994
9960.0	399884892.57812494
9970.0	449963386.7187499
9980.0	364971291.01562494
9990.0	322277279.29687494
10000.0	399303288.5742187
10010.0	420805151.36718744
10020.0	444380832.03124994
10030.0	566931928.7109374
10040.0	431506853.5156249
10050.0	502567448.24218744
10060.0	299756160.15624994
10070.0	453111919.43359363
10080.0	543128586.9140624
10090.0	523331957.0312499
10100.0	636820073.2421874
10110.0	520305506.3476562
10120.0	495484808.1054687
10130.0	579262258.7890624
10140.0	413819240.23437494
10150.0	555426503.9062499
10160.0	454627428.71093744
10170.0	429595767.57812494
10180.0	592335804.6874999
10190.0	493589900.3906249
10200.0	462628948.2421874
10210.0	635459203.1249999
10220.0	440455489.25781244
10230.0	562216726.5624999
10240.0	650807592.7734374
10250.0	600824103.5156249
10260.0	411446835.93749994
10270.0	479164776.36718744
10280.0	441739480.4687499
10290.0	515745291.0156249
10300.0	471290624.0234374
10310.0	632201208.0078124
10320.0	514557915.0390624
10330.0	608055780.2734374
10340.0	512347820.3124999
10350.0	567560183.5937499
10360.0	681416728.5156249
10370.0	736429426.7578124
10380.0	642409658.2031249
10390.0	597754412.1093749
10400.0	697292658.2031249
10410.0	847921051.7578124
10420.0	627754976.5624999
10430.0	508841493.1640624
10440.0	815741324.2187498
10450.0	925924564.4531249
10460.0	1066362322.2656248
10470.0	521611203.12499994
10480.0	675241512.207031
10490.0	896752482.9101561
10500.0	833259054.6874999
10510.0	786580085.9374999
10520.0	598226309.5703124
10530.0	920457834.9609373
10540.0	960367248.0468749
10550.0	968262623.0468748
10560.0	817651898.4374999
10570.0	667813030.2734374
10580.0	983275567.3828123
10590.0	934395685.5468749
10600.0	1023357244.1406248
10610.0	928450677.7343749
10620.0	813456882.8124999
10630.0	1030503624.9999999
10640.0	1189388484.3749998
10650.0	1075982708.9843748
10660.0	963234922.8515623
10670.0	841450333.9843749
10680.0	1038806951.1718748
10690.0	1140935057.6171873
10700.0	1073697228.5156249
10710.0	1088717450.1953123
10720.0	1213205119.1406248
10730.0	1102936103.5156248
10740.0	1152226626.9531248
10750.0	1173694813.4765623
10760.0	1195640899.4140623
10770.0	1300956828.1249998
10780.0	1392557738.2812498
10790.0	1309765818.3593748
10800.0	1306260406.2499998
10810.0	1230441533.2031248
10820.0	1176346160.1562498
10830.0	1324031429.6874998
10840.0	1447370435.5468748
10850.0	1330846967.7734373
10860.0	1271041245.1171873
10870.0	1285533738.2812498
10880.0	1428829154.2968748
10890.0	1157878013.6718748
10900.0	1339832367.1874998
10910.0	1265868886.7187498
10920.0	1357499187.4999998
10930.0	1407042148.4374998
10940.0	1341784624.9999998
10950.0	1344133580.0781248
10960.0	1212294359.3749998
10970.0	1352078621.0937498
10980.0	1207310446.2890623
10990.0	1264976619.1406248
11000.0	1226630150.3906248
11010.0	1326043972.6562498
11020.0	1207274447.2656248
11030.0	1057919794.9218748
11040.0	1104328990.2343748
11050.0	1147827727.5390623
11060.0	1147802658.2031248
11070.0	1045049357.4218749
11080.0	1100395458.9843748
11090.0	1107501839.8437498
11100.0	1053230796.8749998
11110.0	1068520072.2656249
11120.0	1129439281.2499998
11130.0	1224371916.0156248
11140.0	1157728017.5781248
11150.0	1149542619.1406248
11160.0	1180350417.9687498
11170.0	1182245642.5781248
11180.0	1291059124.9999998
11190.0	1159820205.0781248
11200.0	1147972148.4374998
11210.0	1120134618.1640623
11220.0	1244771637.6953123
11230.0	1220072457.0312498
11240.0	1329484839.8437498
11250.0	1251975123.0468748
11260.0	1312597470.7031248
11270.0	1231024878.9062498
11280.0	1309178650.3906248
11290.0	1274406632.8124998
11300.0	1157472523.4374998
11310.0	1351733429.6874995
11320.0	1339345330.0781248
11330.0	1264045626.9531248
11340.0	1252148255.8593748
11350.0	1127636007.8124998
11360.0	1255942613.2812498
11370.0	1232105226.5624998
11380.0	904766645.5078124
11390.0	1082775796.8749998
11400.0	1087430136.7187498
11410.0	853572547.8515624
11420.0	1239242863.2812498
11430.0	1213399208.9843748
11440.0	1208184597.6562498
11450.0	1329582796.8749998
11460.0	1361481628.9062498
11470.0	1268646404.2968748
11480.0	1193278246.0937498
11490.0	1395269664.0624998
11500.0	1440104695.3124998
11510.0	1367005226.5624995
11520.0	1395986583.9843745
11530.0	1353843744.1406248
11540.0	1282577234.3749998
11550.0	1443005273.4374998
11560.0	1409598802.7343748
11570.0	1376061296.8749998
11580.0	1402908496.0937498
11590.0	1394600453.1249998
11600.0	1281540892.5781248
11610.0	1196111730.4687498
11620.0	1378213525.3906248
11630.0	1410857976.5624998
11640.0	1206786048.8281248
11650.0	1436963294.9218748
11660.0	1293767367.1874998
11670.0	1423042152.3437498
11680.0	1322953435.5468748
11690.0	813758145.9960936
11700.0	1120866219.7265623
11710.0	1331788824.2187498
11720.0	1411325562.4999998
11730.0	1400399144.5312498
11740.0	1359643726.5624998
11750.0	1369621929.6874998
11760.0	1251374406.2499998
11770.0	867423108.3984373
11780.0	763820366.6992186
11790.0	1215121480.4687498
11800.0	1346447484.3749998
11810.0	1353809789.0624998
11820.0	1361321312.4999998
11830.0	1345674058.5937498
11840.0	1398321003.9062498
11850.0	1390091898.4374998
11860.0	1386884148.4374998
11870.0	1414543453.1249998
11880.0	1373565408.2031248
11890.0	1173341121.0937498
11900.0	1416417656.2499998
11910.0	1442963152.3437498
11920.0	1456260753.9062495
11930.0	1441127226.5624998
11940.0	1300443785.1562498
11950.0	1276638511.7187498
11960.0	1283501902.3437498
11970.0	1188471269.5312498
11980.0	1021825835.9374998
11990.0	1208265021.4843748
12000.0	1167938302.7343748
12010.0	1198478863.2812498
12020.0	1206786492.1874998
12030.0	1241475056.6406248
12040.0	1352496666.0156248
12050.0	1288492011.7187498
12060.0	1513393742.1874995
12070.0	1318689277.3437498
12080.0	1486897324.2187498
12090.0	1253824972.6562498
12100.0	1446021716.7968748
12110.0	1249620755.8593748
12120.0	1322167167.9687498
12130.0	1386159300.7812498
12140.0	1440952632.8124998
12150.0	1475904585.9374998
12160.0	1439038142.5781248
12170.0	1455477529.2968748
12180.0	1470756074.2187498
12190.0	1469293953.1249998
12200.0	1392556382.8124998
12210.0	1405778009.7656245
12220.0	1396326423.8281248
12230.0	1364681664.0624998
12240.0	1443055359.3749998
12250.0	1545583726.5624998
12260.0	1524972031.2499998
12270.0	1519395402.3437495
12280.0	1549281101.5624998
12290.0	1484346124.9999995
12300.0	1483754906.2499998
12310.0	1539709332.0312498
12320.0	1430909015.6249995
12330.0	1456405343.7499995
12340.0	1489897101.5624995
12350.0	1434727273.4374998
12360.0	1432273828.1249998
12370.0	1481849914.0624995
12380.0	1449405300.7812498
12390.0	1389318242.1874998
12400.0	1423623769.5312498
12410.0	1226777615.2343748
12420.0	1209138353.5156248
12430.0	1174070364.2578123
12440.0	1018371287.1093748
12450.0	1429852167.9687498
12460.0	1383739056.6406248
12470.0	1387004066.4062498
12480.0	1350870484.3749998
12490.0	1427777785.1562495
12500.0	1282097472.6562498
12510.0	1420072792.9687498
12520.0	1098915064.4531248
12530.0	1063105240.7226561
12540.0	1444266158.2031248
12550.0	1375486740.2343745
12560.0	1353869406.2499995
12570.0	1527871535.1562495
12580.0	1382669882.8124998
12590.0	1430451019.5312498
12600.0	1461764785.1562498
12610.0	1521851802.7343748
12620.0	1377624255.8593748
12630.0	1451110316.4062498
12640.0	1373033460.9374998
12650.0	1430182472.6562495
12660.0	1452083156.2499995
12670.0	1505992441.4062498
12680.0	1410230835.9374998
12690.0	1552897699.2187498
12700.0	1471030394.5312498
12710.0	1510900492.1874998
12720.0	1587710300.7812498
12730.0	1587337394.5312495
12740.0	1468394632.8124998
12750.0	1406818199.2187498
12760.0	1555617648.4374995
12770.0	1499511255.8593748
12780.0	1497743431.6406248
12790.0	1578425585.9374998
12800.0	1510297677.7343745
12810.0	1492118556.6406245
12820.0	1494167900.3906248
12830.0	1437657751.9531248
12840.0	1516036164.0624995
12850.0	1487967765.6249995
12860.0	1381377287.1093745
12870.0	1474367251.9531248
12880.0	1465317308.5937498
12890.0	1476882273.4374998
12900.0	1518411031.2499998
12910.0	1499778511.7187498
12920.0	1469282599.6093745
12930.0	1375894494.1406245
12940.0	1542094867.1874998
12950.0	1448965281.2499998
12960.0	1650364191.4062495
12970.0	1595539199.2187498
12980.0	1591296218.7499998
12990.0	1538629335.9374998
13000.0	1618178312.4999995
13010.0	1536650445.3124998
13020.0	1579665855.4687498
13030.0	1545953546.8749995
13040.0	1586709007.8124998
13050.0	1527422617.1874998
13060.0	1637270855.4687498
13070.0	1489943187.4999998
13080.0	1599611570.3124998
13090.0	1515397792.9687498
13100.0	1558978874.9999998
13110.0	1594885160.1562498
13120.0	1620950195.3124998
13130.0	1545330832.0312495
13140.0	1554636804.6874998
13150.0	1608906374.9999998
13160.0	1580796558.5937498
13170.0	1555126999.9999998
13180.0	1518476398.4374995
13190.0	1601408718.7499998
13200.0	1459622566.4062498
13210.0	1518376648.4374998
13220.0	1491848574.2187498
13230.0	1523109398.4374998
13240.0	1466008117.1874995
13250.0	1373474958.9843748
13260.0	1494295517.5781248
13270.0	1329611007.8124995
13280.0	1384879124.9999998
13290.0	1382280082.0312498
13300.0	1343170765.6249998
13310.0	1216210451.1718748
13320.0	997817064.4531249
13330.0	1047294535.1562499
13340.0	1102559169.9218748
13350.0	650563373.0468749
13360.0	785439488.2812498
13370.0	693660418.9453124
13380.0	731302491.2109373
13390.0	787694251.9531249
13400.0	859265302.7343749
13410.0	917758069.3359373
13420.0	719982006.8359374
13430.0	662020716.7968749
13440.0	848872486.3281248
13450.0	742125942.3828124
13460.0	860138724.6093749
13470.0	719008318.3593749
13480.0	623186345.7031249
13490.0	857308360.3515623
13500.0	781609416.9921874
13510.0	716419739.2578124
13520.0	680278624.0234373
13530.0	816382884.7656249
13540.0	599174832.0312499
13550.0	653464170.8984374
13560.0	743346691.4062499
13570.0	764682851.5624999
13580.0	732104304.6874999
13590.0	766087055.1757811
13600.0	757115661.6210936
13610.0	774541763.6718748
13620.0	592974752.9296874
13630.0	827383236.3281249
13640.0	825847525.3906248
13650.0	752685282.2265624
13660.0	852834058.5937498
13670.0	782221833.9843749
13680.0	794480599.6093749
13690.0	725904494.1406249
13700.0	788470020.5078123
13710.0	734142510.7421873
13720.0	800885260.7421874
13730.0	788852204.1015624
13740.0	786517332.0312499
13750.0	809146816.4062499
13760.0	832963621.0937498
13770.0	797282544.9218748
13780.0	876566401.3671874
13790.0	825957407.2265624
13800.0	936728601.5624998
13810.0	802691384.7656249
13820.0	894697027.3437498
13830.0	681070339.8437499
13840.0	887991245.1171874
13850.0	819204559.5703124
13860.0	792947962.8906249
13870.0	892298697.2656248
13880.0	739903517.5781249
13890.0	888135850.5859373
13900.0	778388212.8906249
13910.0	692518118.1640624
13920.0	751026589.8437499
13930.0	749204177.7343749
13940.0	732796413.0859374
13950.0	727252439.4531249
13960.0	725833024.4140624
13970.0	744009275.3906249
13980.0	664272003.4179686
13990.0	746068400.8789061
14000.0	680682541.0156249
14010.0	655511607.4218749
14020.0	783197311.5234374
14030.0	758447268.5546874
14040.0	678379191.4062499
14050.0	698225124.0234374
14060.0	899033511.7187498
14070.0	660017656.2499999
14080.0	686994119.1406249
14090.0	668450223.6328124
14100.0	708154885.7421874
14110.0	685840394.5312499
14120.0	598944938.4765624
14130.0	742285247.0703124
14140.0	661677989.2578124
14150.0	664543866.2109374
14160.0	740418284.1796874
14170.0	634729523.4374999
14180.0	577486444.3359374
14190.0	624577835.9374999
14200.0	687427319.3359374
14210.0	698482425.7812499
14220.0	641611934.5703124
14230.0	653470148.4374999
14240.0	588422913.0859374
14250.0	657875242.1874999
14260.0	592432808.5937499
14270.0	674020607.4218749
14280.0	634149508.7890624
14290.0	517765068.3593749
14300.0	755789300.7812499
14310.0	728206755.8593749
14320.0	625625089.8437499
14330.0	674033845.7031249
14340.0	527660108.39843744
14350.0	722703169.9218748
14360.0	706474271.4843749
14370.0	652785941.4062499
14380.0	698703426.7578124
14390.0	698975881.8359374
14400.0	638712504.8828124
14410.0	609422748.0468749
14420.0	642179407.2265624
14430.0	730655470.7031249
14440.0	715460676.7578124
14450.0	587119497.0703124
14460.0	736000731.4453124
14470.0	619922403.3203124
14480.0	707116796.8749999
14490.0	765795049.8046873
14500.0	662072935.5468749
14510.0	594472200.1953124
14520.0	844464644.5312498
14530.0	741011022.4609374
14540.0	632480915.0390624
14550.0	805174262.6953124
14560.0	667107394.5312499
14570.0	608570284.1796874
14580.0	756132225.5859374
14590.0	784362300.7812498
14600.0	763817847.6562498
14610.0	752555389.6484374
14620.0	680570459.9609373
14630.0	601510500.9765624
14640.0	744690673.8281249
14650.0	734191756.8359374
14660.0	797387520.5078123
14670.0	783979051.7578124
14680.0	641135006.8359374
14690.0	635099942.3828124
14700.0	698808982.4218749
14710.0	723388789.0624999
14720.0	738631685.5468748
14730.0	778419304.6874999
14740.0	684407568.3593749
14750.0	679390875.9765624
14760.0	699430032.2265624
14770.0	728029013.6718749
14780.0	722693566.4062499
14790.0	816965726.5624999
14800.0	654643014.6484374
14810.0	750969112.3046873
14820.0	662654570.3124999
14830.0	731599810.5468748
14840.0	791879136.7187498
14850.0	721559601.5624999
14860.0	743434292.9687498
14870.0	782812585.9374999
14880.0	714812899.4140624
14890.0	726794348.6328124
14900.0	727439134.7656249
14910.0	793874558.5937499
14920.0	781209080.0781249
14930.0	750944580.0781249
14940.0	702593403.3203124
14950.0	733836823.2421874
14960.0	753527404.2968749
14970.0	774995064.4531248
14980.0	793411755.8593749
14990.0	797380166.0156249
15000.0	771253494.1406249
15010.0	769046386.7187499
15020.0	657363605.4687499
15030.0	855622412.1093749
15040.0	780476847.6562499
15050.0	830681667.9687498
15060.0	789988654.2968749
15070.0	840095224.6093749
15080.0	753372085.9374998
15090.0	839802980.4687499
15100.0	770476009.7656249
15110.0	802233757.8124999
15120.0	851386007.8124999
15130.0	775864871.0937499
15140.0	783849232.4218749
15150.0	890742185.5468748
15160.0	838534640.6249999
15170.0	678907455.0781249
15180.0	795060671.8749999
15190.0	827479107.4218748
15200.0	814014648.4374999
15210.0	900732957.0312498
15220.0	856513033.2031248
15230.0	871981171.8749999
15240.0	870966972.6562499
15250.0	792351369.1406249
15260.0	802273816.4062499
15270.0	852182108.3984374
15280.0	851888696.2890624
15290.0	837077611.3281249
15300.0	931826796.8749999
15310.0	883291193.3593749
15320.0	772644103.5156249
15330.0	826856966.7968749
15340.0	933979576.1718748
15350.0	874038667.9687498
15360.0	906850792.9687499
15370.0	871859195.3124998
15380.0	871589003.9062499
15390.0	955664955.0781249
15400.0	862490552.7343748
15410.0	833467181.6406249
15420.0	909540761.7187499
15430.0	876505998.0468749
15440.0	869358267.5781248
15450.0	924609605.4687498
15460.0	988629308.5937499
15470.0	885808382.8124999
15480.0	891988269.5312498
15490.0	916670833.9843749
15500.0	946278476.5624999
15510.0	884383302.7343749
15520.0	960195388.6718748
15530.0	962347189.4531249
15540.0	949246314.4531248
15550.0	937734082.0312499
15560.0	908821890.6249998
15570.0	926319652.3437499
15580.0	878546029.2968749
15590.0	952639220.7031249
15600.0	944101632.8124999
15610.0	943781867.1874999
15620.0	976083947.2656249
15630.0	962424441.4062498
15640.0	1000288267.5781248
15650.0	925586220.7031249
15660.0	900462812.4999999
15670.0	1019467582.0312499
15680.0	1046914687.4999998
15690.0	965394048.8281248
15700.0	969214937.4999998
15710.0	995996507.8124999
15720.0	988545328.1249998
15730.0	990268091.7968748
15740.0	1021605849.6093748
15750.0	1022652347.6562499
15760.0	1007240011.7187499
15770.0	1017057169.9218749
15780.0	997691935.5468749
15790.0	1012283251.9531248
15800.0	1025470589.8437499
15810.0	1034163624.9999999
15820.0	1024303128.9062499
15830.0	1062389003.9062498
15840.0	1000770097.6562498
15850.0	1009780906.2499998
15860.0	1086292195.3124998
15870.0	1055367425.7812499
15880.0	1070086636.7187498
15890.0	1059291072.2656248
15900.0	1005515732.4218748
15910.0	1072969523.4374999
15920.0	1052844261.7187499
15930.0	1052487646.4843748
15940.0	1084162724.6093748
15950.0	1095384398.4374998
15960.0	1110913289.0624998
15970.0	1088358664.0624998
15980.0	1073984414.0624998
15990.0	1083226970.7031248
16000.0	1100006685.5468748
16010.0	1108232306.6406248
16020.0	1057190607.4218749
16030.0	1142840931.6406248
16040.0	1088211873.0468748
16050.0	1094150732.4218748
16060.0	1080882423.8281248
16070.0	1096515302.7343748
16080.0	1117095986.3281248
16090.0	1122384160.1562498
16100.0	1117709919.9218748
16110.0	1098579425.7812498
16120.0	1116550974.6093748
16130.0	1134580898.4374998
16140.0	1120332787.1093748
16150.0	1118149679.6874998
16160.0	1128931494.1406248
16170.0	1165563695.3124998
16180.0	1174978494.1406248
16190.0	1096478457.0312498
16200.0	1112147749.9999998
16210.0	1092698558.5937498
16220.0	1148232816.4062498
16230.0	1150095308.5937498
16240.0	1174630736.3281248
16250.0	1140326130.8593748
16260.0	1125933330.0781248
16270.0	1166440580.0781248
16280.0	1168738595.7031248
16290.0	1162549714.8437498
16300.0	1176979595.7031248
16310.0	1154185962.8906248
16320.0	1158523449.2187498
16330.0	1186995767.5781248
16340.0	1189872363.2812498
16350.0	1167747794.9218748
16360.0	1173307564.4531248
16370.0	1170239410.1562498
16380.0	1201080435.5468748
16390.0	1195118615.2343748
16400.0	1185950173.8281248
16410.0	1193767972.6562498
16420.0	1169639054.6874998
16430.0	1181505208.9843748
16440.0	1207104457.0312498
16450.0	1202562148.4374998
16460.0	1198194552.7343748
16470.0	1220308951.1718748
16480.0	1219075445.3124998
16490.0	1211163347.6562498
16500.0	1207311966.7968748
16510.0	1202744945.3124998
16520.0	1222492078.1249998
16530.0	1203793195.3124998
16540.0	1211627316.4062498
16550.0	1218000046.8749998
16560.0	1245105921.8749998
16570.0	1242797203.1249998
16580.0	1239793593.7499998
16590.0	1207658013.6718748
16600.0	1209998443.3593748
16610.0	1198541166.0156248
16620.0	1210626617.1874998
16630.0	1256503009.7656248
16640.0	1254558001.9531248
16650.0	1243600531.2499998
16660.0	1250937113.2812498
16670.0	1226172253.9062498
16680.0	1223286425.7812498
16690.0	1247210253.9062498
16700.0	1249445837.8906248
16710.0	1242220269.5312498
16720.0	1221470789.0624998
16730.0	1237566328.1249998
16740.0	1258251744.1406248
16750.0	1268192402.3437498
16760.0	1280128972.6562498
16770.0	1226790136.7187498
16780.0	1256883244.1406248
16790.0	1269437072.2656248
16800.0	1247527046.8749998
16810.0	1247262330.0781248
16820.0	1278825908.2031248
16830.0	1258705695.3124998
16840.0	1244331986.3281248
16850.0	1259994833.9843748
16860.0	1256269142.5781248
16870.0	1213707212.8906248
16880.0	1221940773.4374998
16890.0	1194712441.4062498
16900.0	1238848283.2031248
16910.0	1251283222.6562498
16920.0	1180607818.3593748
16930.0	1212332496.0937498
16940.0	1222240521.4843748
16950.0	1193703837.8906248
16960.0	1180890617.1874998
16970.0	1171141476.5624998
16980.0	1147317736.3281248
16990.0	1164097738.2812498
17000.0	1136934591.7968748
17010.0	1148653232.4218748
17020.0	1199667697.2656248
17030.0	1170468292.9687498
17040.0	1093854332.0312498
17050.0	1111757261.7187498
17060.0	1171297933.5937498
17070.0	1118652343.7499998
17080.0	1043955074.2187498
17090.0	1060202109.3749998
17100.0	1157423582.0312498
17110.0	1006920953.1249998
17120.0	1019195841.7968749
17130.0	1052413070.3124999
17140.0	999741580.0781248
17150.0	985149787.1093749
17160.0	970046193.3593749
17170.0	955727884.7656249
17180.0	925062832.0312499
17190.0	881505533.2031248
17200.0	956785949.2187499
17210.0	968835724.6093749
17220.0	1013441388.6718749
17230.0	902333046.8749999
17240.0	932935423.8281249
17250.0	996582361.3281248
17260.0	967022648.4374999
17270.0	757758312.4999999
17280.0	949964960.9374999
17290.0	914586903.3203124
17300.0	899869272.4609374
17310.0	981137039.0624998
17320.0	766136973.6328123
17330.0	915210526.3671874
17340.0	862747524.4140624
17350.0	807414341.7968748
17360.0	883144294.9218748
17370.0	778636960.9374999
17380.0	869221208.9843748
17390.0	878551876.9531249
17400.0	796734706.0546874
17410.0	747122427.7343748
17420.0	874171904.2968749
17430.0	823827621.0937499
17440.0	778758051.7578124
17450.0	746848366.2109374
17460.0	812216436.5234373
17470.0	708525421.8749999
17480.0	750470675.7812499
17490.0	856452218.7499999
17500.0	784089074.2187499
17510.0	678885497.0703124
17520.0	750180166.9921873
17530.0	832586079.1015624
17540.0	691049167.9687499
17550.0	735073861.3281249
17560.0	608827869.1406249
17570.0	698353926.7578123
17580.0	664856823.2421874
17590.0	652689734.3749999
17600.0	825130285.1562499
17610.0	624610509.7656249
17620.0	695786029.2968749
17630.0	583250528.3203124
17640.0	769882833.9843749
17650.0	678559192.3828124
17660.0	807061729.4921873
17670.0	641735020.5078124
17680.0	521524744.1406249
17690.0	577442960.9374999
17700.0	721667296.8749999
17710.0	685205470.7031249
17720.0	589114535.1562499
17730.0	551095847.6562499
17740.0	726922941.4062499
17750.0	585750078.1249999
17760.0	564947729.9804686
17770.0	602724373.5351561
17780.0	587807658.2031249
17790.0	638735660.1562499
17800.0	626546163.0859374
17810.0	540326675.7812499
17820.0	586266982.4218749
17830.0	551895135.7421874
17840.0	672414235.3515624
17850.0	529045845.70312494
17860.0	499854742.18749994
17870.0	468553077.14843744
17880.0	562285630.8593749
17890.0	599134807.6171874
17900.0	641765862.3046874
17910.0	473094430.66406244
17920.0	530554835.93749994
17930.0	565761001.9531249
17940.0	516408891.6015624
17950.0	526768917.96874994
17960.0	514916248.0468749
17970.0	594527432.6171874
17980.0	600275939.4531249
17990.0	592726549.8046874
18000.0	482433919.9218749
18010.0	453599291.0156249
18020.0	473095875.97656244
18030.0	512188964.8437499
18040.0	608869645.5078124
18050.0	523698765.13671863
18060.0	432148439.9414062
18070.0	518542884.2773437
18080.0	502787153.80859363
18090.0	519995057.6171874
18100.0	585838846.6796874
18110.0	394413997.0703124
18120.0	504152269.0429687
18130.0	480768092.28515613
18140.0	634210997.0703124
18150.0	567018993.1640624
18160.0	500468424.80468744
18170.0	506461747.5585937
18180.0	497239796.38671863
18190.0	464698631.3476562
18200.0	469580289.06249994
18210.0	477535749.9999999
18220.0	381343086.42578113
18230.0	566102386.7187499
18240.0	670088531.2499998
18250.0	507791316.4062499
18260.0	474218657.22656244
18270.0	491944176.75781244
18280.0	464381942.3828124
18290.0	555387421.8749999
18300.0	550453297.8515624
18310.0	464357360.35156244
18320.0	507718080.0781249
18330.0	461183674.8046874
18340.0	553412093.7499999
18350.0	478861284.17968744
18360.0	466364485.3515624
18370.0	565899845.7031249
18380.0	465799218.2617187
18390.0	493272844.7265624
18400.0	463631403.32031244
18410.0	596068656.2499999
18420.0	431265872.0703124
18430.0	464793543.9453124
18440.0	414435034.17968744
18450.0	478136159.6679687
18460.0	452285175.2929687
18470.0	411983618.16406244
18480.0	408813737.30468744
18490.0	444826688.4765624
18500.0	406161580.0781249
18510.0	490236978.51562494
18520.0	519515045.89843744
18530.0	438937998.04687494
18540.0	414801508.78906244
18550.0	477132840.8203124
18560.0	451693579.58984363
18570.0	377144069.8242187
18580.0	354236055.66406244
18590.0	383760994.1406249
18600.0	371406916.01562494
18610.0	365693807.61718744
18620.0	442466765.1367187
18630.0	422867674.8046874
18640.0	422325724.12109363
18650.0	370295624.02343744
18660.0	447068908.20312494
18670.0	453115454.10156244
18680.0	380887116.21093744
18690.0	510870316.4062499
18700.0	476135585.93749994
18710.0	415698262.69531244
18720.0	459978616.2109374
18730.0	366267599.1210937
18740.0	460413392.0898437
18750.0	443257112.3046874
18760.0	476926096.6796874
18770.0	405492829.10156244
18780.0	451787004.8828124
18790.0	403220296.87499994
18800.0	469248383.78906244
18810.0	427388686.52343744
18820.0	461745999.9999999
18830.0	538762869.1406249
18840.0	522901707.0312499
18850.0	392563280.27343744
18860.0	488035844.72656244
18870.0	457169457.0312499
18880.0	536263766.60156244
18890.0	431458905.2734374
18900.0	484802615.2343749
18910.0	478220184.5703124
18920.0	374897501.95312494
18930.0	448384826.17187494
18940.0	464074364.2578124
18950.0	480666436.52343744
18960.0	466690859.37499994
18970.0	527831556.6406249
18980.0	432926956.0546874
18990.0	485769368.1640624
19000.0	527783167.9687499
19010.0	466689917.48046863
19020.0	536117748.5351562
19030.0	480402620.1171874
19040.0	497292773.4374999
19050.0	499585503.90624994
19060.0	450807147.4609374
19070.0	447733406.2499999
19080.0	540990100.5859374
19090.0	510187596.6796874
19100.0	497457863.28124994
19110.0	422469499.9999999
19120.0	484554577.14843744
19130.0	528894104.4921874
19140.0	502753420.41015613
19150.0	547277020.5078124
19160.0	462182580.5664062
19170.0	448176424.3164062
19180.0	490978774.41406244
19190.0	577065317.3828124
19200.0	466440005.85937494
19210.0	430502787.1093749
19220.0	498090439.4531249
19230.0	507529860.35156244
19240.0	427118293.4570312
19250.0	492439458.98437494
19260.0	493218274.4140624
19270.0	440298377.9296874
19280.0	588030290.0390624
19290.0	447879270.9960937
19300.0	462618263.18359363
19310.0	367667725.09765613
19320.0	417317883.7890624
19330.0	489621314.45312494
19340.0	441840723.63281244
19350.0	513474578.1249999
19360.0	475709599.60937494
19370.0	484881692.3828124
19380.0	475455765.6249999
19390.0	414414030.27343744
19400.0	400633609.37499994
19410.0	408470759.7656249
19420.0	467366842.77343744
19430.0	458596711.9140624
19440.0	456560471.6796874
19450.0	380415227.0507812
19460.0	340745224.60937494
19470.0	458245414.0624999
19480.0	405366396.48437494
19490.0	411310245.11718744
19500.0	476983401.8554687
19510.0	378063141.1132812
19520.0	454811306.6406249
19530.0	366210716.79687494
19540.0	461746982.42187494
19550.0	431824671.8749999
19560.0	401823519.53124994
19570.0	459377902.34374994
19580.0	471359588.8671874
19590.0	578119146.4843749
19600.0	409950732.42187494
19610.0	379499338.8671874
19620.0	451537637.69531244
19630.0	462156556.6406249
19640.0	455704505.8593749
19650.0	401499626.9531249
19660.0	470331216.79687494
19670.0	479952636.71874994
19680.0	392627984.37499994
19690.0	436323432.61718744
19700.0	521596032.22656244
19710.0	403898979.49218744
19720.0	477650409.1796874
19730.0	429083958.9843749
19740.0	417039909.17968744
19750.0	427709858.88671863
19760.0	333972348.1445312
19770.0	399579244.14062494
19780.0	325979801.75781244
19790.0	388924978.5156249
19800.0	365759389.64843744
19810.0	430301181.1523437
19820.0	386619545.89843744
19830.0	406028366.21093744
19840.0	414051783.69140613
19850.0	421974730.4687499
19860.0	392033516.60156244
19870.0	375909624.99999994
19880.0	403722267.57812494
19890.0	428350342.77343744
19900.0	345076774.41406244
19910.0	404753433.59374994
19920.0	347523507.81249994
19930.0	428060697.2656249
19940.0	475795060.54687494
19950.0	397797837.89062494
19960.0	443966930.66406244
19970.0	435644808.5937499
19980.0	383509568.3593749
19990.0	431121739.25781244
20000.0	376719332.03124994
20010.0	424401450.19531244
20020.0	402882167.96874994
20030.0	450703630.8593749
20040.0	440909791.99218744
20050.0	439228129.88281244
20060.0	412022959.96093744
20070.0	397381415.03906244
20080.0	491620082.5195312
20090.0	350952988.76953113
20100.0	409595299.80468744
20110.0	388429834.96093744
20120.0	427619966.79687494
20130.0	427587302.7343749
20140.0	434834780.27343744
20150.0	455357252.92968744
20160.0	392585405.27343744
20170.0	392787996.0937499
20180.0	455324619.14062494
20190.0	412375447.2656249
20200.0	342913211.4257812
20210.0	474429546.38671863
20220.0	449516011.71874994
20230.0	427817478.5156249
20240.0	486454915.0390624
20250.0	446162052.73437494
20260.0	380784705.0781249
20270.0	406926523.43749994
20280.0	438434712.89062494
20290.0	367527728.51562494
20300.0	473380363.28124994
20310.0	377851414.0624999
20320.0	498371906.24999994
20330.0	442508476.56249994
20340.0	439041174.8046874
20350.0	449278143.5546874
20360.0	377766344.72656244
20370.0	496162487.30468744
20380.0	461568317.38281244
20390.0	427238636.7187499
20400.0	431987228.51562494
20410.0	409485911.1328124
20420.0	473432756.8359374
20430.0	530444428.7109374
20440.0	385820618.1640624
20450.0	389898698.24218744
20460.0	432795083.98437494
20470.0	470725908.20312494
20480.0	489810868.1640624
20490.0	404006440.42968744
20500.0	425391704.10156244
20510.0	507813713.8671874
20520.0	436939206.5429687
20530.0	472677245.6054687
20540.0	415994096.67968744
20550.0	452021276.8554687
20560.0	427573262.20703113
20570.0	491964123.04687494
20580.0	509478879.8828124
20590.0	481863938.4765624
20600.0	493196984.37499994
20610.0	416976560.5468749
20620.0	458588459.9609374
20630.0	472222170.8984374
20640.0	393960716.79687494
20650.0	467851384.7656249
20660.0	446555685.54687494
20670.0	508335911.1328124
20680.0	484951103.51562494
20690.0	440468375.97656244
20700.0	529210606.44531244
20710.0	494256566.4062499
20720.0	431777501.95312494
20730.0	463108155.27343744
20740.0	456250827.14843744
20750.0	455752942.3828124
20760.0	503717517.08984363
20770.0	485378072.75390613
20780.0	497434628.9062499
20790.0	484259923.82812494
20800.0	475089899.41406244
20810.0	485147959.96093744
20820.0	497621641.60156244
20830.0	464517446.28906244
20840.0	482688477.53906244
20850.0	485570576.17187494
20860.0	505134879.88281244
20870.0	447467208.98437494
20880.0	511905014.6484374
20890.0	488629572.26562494
20900.0	464701607.42187494
20910.0	547112472.6562499
20920.0	496231496.09374994
20930.0	546806664.0624999
20940.0	463783499.0234374
20950.0	504475540.0390624
20960.0	497539560.5468749
20970.0	495005430.66406244
20980.0	501865979.4921874
20990.0	507726416.0156249
21000.0	497567277.34374994
21010.0	536212203.12499994
21020.0	505802124.99999994
21030.0	507248412.1093749
21040.0	530527874.0234374
21050.0	488958275.3906249
21060.0	531955382.81249994
21070.0	540430137.6953124
21080.0	503471893.5546874
21090.0	500639366.21093744
21100.0	546907596.6796874
21110.0	552257456.0546874
21120.0	478776116.2109374
21130.0	529855063.4765624
21140.0	561142210.9374999
21150.0	542837497.0703124
21160.0	550309968.7499999
21170.0	481851587.89062494
21180.0	527628926.75781244
21190.0	521982366.2109374
21200.0	543961056.6406249
21210.0	546732985.3515624
21220.0	538667951.1718749
21230.0	547952372.0703124
21240.0	538314416.0156249
21250.0	579405266.6015624
21260.0	536031452.14843744
21270.0	548055212.8906249
21280.0	512646932.6171874
21290.0	511783026.3671874
21300.0	540270398.4374999
21310.0	553936591.7968749
21320.0	554464455.0781249
21330.0	571543519.5312499
21340.0	544374683.5937499
21350.0	565640215.8203124
21360.0	574059860.3515624
21370.0	550933702.1484374
21380.0	549876440.4296874
21390.0	557145807.6171874
21400.0	534950271.4843749
21410.0	540287409.1796874
21420.0	549931392.5781249
21430.0	552962548.8281249
21440.0	607238549.8046874
21450.0	598543805.6640624
21460.0	592176885.7421874
21470.0	587129189.4531249
21480.0	567003806.6406249
21490.0	559385845.7031249
21500.0	526298503.9062499
21510.0	583348711.9140624
21520.0	560451900.3906249
21530.0	547475765.6249999
21540.0	580799477.5390624
21550.0	588893595.7031249
21560.0	565870585.9374999
21570.0	584383740.2343749
21580.0	592315079.1015624
21590.0	588910139.6484374
21600.0	569980027.3437499
21610.0	599826296.8749999
21620.0	567744261.7187499
21630.0	558910490.2343749
21640.0	591887788.0859374
21650.0	598661424.8046874
21660.0	567871892.5781249
21670.0	585043378.9062499
21680.0	605149618.1640624
21690.0	622635121.0937499
21700.0	596806114.2578124
21710.0	570700805.6640624
21720.0	585929555.6640624
21730.0	578990535.1562499
21740.0	581848040.0390624
21750.0	607951367.1874999
21760.0	554543096.6796874
21770.0	590999688.4765624
21780.0	574584220.7031249
21790.0	567413549.8046874
21800.0	591970958.0078124
21810.0	598684677.7343749
21820.0	591670324.2187499
21830.0	576213256.8359374
21840.0	590632299.8046874
21850.0	594343607.4218749
21860.0	574903977.5390624
21870.0	594698066.4062499
21880.0	591881577.1484374
21890.0	606286678.7109374
21900.0	576124496.0937499
21910.0	614236140.6249999
21920.0	599479357.4218749
21930.0	564692282.2265624
21940.0	589517410.1562499
21950.0	610418822.2656249
21960.0	591942406.2499999
21970.0	585603014.6484374
21980.0	607771000.9765624
21990.0	594871075.1953124
22000.0	605583981.4453124
22010.0	604267878.9062499
22020.0	591840428.7109374
22030.0	573220181.6406249
22040.0	572766410.1562499
22050.0	575724168.9453124
22060.0	538763921.8749999
22070.0	572360598.6328124
22080.0	578883895.5078124
22090.0	543634265.6249999
22100.0	600630598.6328124
22110.0	572092284.1796874
22120.0	621834570.3124999
22130.0	592451527.3437499
22140.0	612805403.3203124
22150.0	598195187.4999999
22160.0	594333567.3828124
22170.0	585513493.1640624
22180.0	611543152.3437499
22190.0	582847718.7499999
22200.0	559462653.3203124
22210.0	569106249.0234374
22220.0	595640971.6796874
22230.0	606168152.3437499
22240.0	614164053.7109374
22250.0	631152953.1249999
22260.0	621473599.6093749
22270.0	583524081.0546874
22280.0	587544671.8749999
22290.0	570232039.0624999
22300.0	587685760.7421874
22310.0	627840078.1249999
22320.0	627445713.8671874
22330.0	571369765.6249999
22340.0	605176969.7265624
22350.0	558723026.3671874
22360.0	561497180.6640624
22370.0	613574517.5781249
22380.0	604268271.4843749
22390.0	577747762.6953124
22400.0	631173217.7734374
22410.0	625006989.2578124
22420.0	576316770.5078124
22430.0	574938893.5546874
22440.0	585754730.4687499
22450.0	600464654.2968749
22460.0	629794485.3515624
22470.0	587779401.3671874
22480.0	584630564.4531249
22490.0	626589944.3359374
22500.0	549400588.8671874
22510.0	625213418.9453124
22520.0	587766660.1562499
22530.0	598377609.3749999
22540.0	580434510.7421874
22550.0	569945758.7890624
22560.0	593495710.9374999
22570.0	621791560.5468749
22580.0	566305019.5312499
22590.0	597789264.6484374
22600.0	594948690.4296874
22610.0	595164816.4062499
22620.0	587797537.1093749
22630.0	565968696.2890624
22640.0	572616248.0468749
22650.0	552957658.2031249
22660.0	593843391.6015624
22670.0	591525485.3515624
22680.0	605850339.8437499
22690.0	587044491.2109374
22700.0	562331476.5624999
22710.0	581417606.4453124
22720.0	558648501.9531249
22730.0	588167306.6406249
22740.0	590615666.0156249
22750.0	594750845.7031249
22760.0	589242451.1718749
22770.0	615267583.0078124
22780.0	603295777.3437499
22790.0	539706505.8593749
22800.0	549209893.5546874
22810.0	551021414.0624999
22820.0	610051108.3984374
22830.0	591796591.7968749
22840.0	563513708.9843749
22850.0	579267051.7578124
22860.0	594379868.1640624
22870.0	591237228.5156249
22880.0	619225367.1874999
22890.0	567675766.6015624
22900.0	599727935.5468749
22910.0	592377257.8124999
22920.0	536160601.56249994
22930.0	538871658.6914061
22940.0	312821223.1445312
22950.0	390509500.97656244
22960.0	417157600.5859374
22970.0	438001488.2812499
22980.0	443313938.4765624
22990.0	471577492.18749994
23000.0	500273215.8203124
23010.0	418767456.05468744
23020.0	511315854.4921874
23030.0	474396602.53906244
23040.0	512933321.28906244
23050.0	467402721.67968744
23060.0	481247530.27343744
23070.0	491484334.4726562
23080.0	481879542.48046863
23090.0	501697883.7890624
23100.0	447223814.45312494
23110.0	463658896.48437494
23120.0	479252649.4140624
23130.0	532789252.9296874
23140.0	457002680.66406244
23150.0	427801217.77343744
23160.0	484298870.1171874
23170.0	514132542.9687499
23180.0	456504318.8476562
23190.0	505651674.8046874
23200.0	512300686.5234374
23210.0	459163355.95703113
23220.0	466640028.3203124
23230.0	320216704.10156244
23240.0	360690202.14843744
23250.0	387141372.07031244
23260.0	405286272.4609374
23270.0	418252255.85937494
23280.0	420427802.2460937
23290.0	420968857.42187494
23300.0	403032528.8085937
23310.0	419052733.3984374
23320.0	437798896.97265613
23330.0	465682032.71484363
23340.0	417818501.95312494
23350.0	426325123.04687494
23360.0	414916773.43749994
23370.0	406519461.91406244
23380.0	436125582.03124994
23390.0	397532307.6171874
23400.0	405249411.13281244
23410.0	421401354.49218744
23420.0	464641604.4921874
23430.0	449402546.3867187
23440.0	394647777.34374994
23450.0	352029011.7187499
23460.0	485855281.2499999
23470.0	449146325.19531244
23480.0	450699323.24218744
23490.0	479014622.0703124
23500.0	425401879.88281244
23510.0	388677125.4882812
23520.0	395362572.7539062
23530.0	320198366.21093744
23540.0	329682199.7070312
23550.0	396470635.25390613
23560.0	357441189.4531249
23570.0	402761323.24218744
23580.0	383570323.7304687
23590.0	321735210.4492187
23600.0	417677266.60156244
23610.0	369478351.0742187
23620.0	380366048.3398437
23630.0	368677491.6992187
23640.0	394230181.64062494
23650.0	415893939.4531249
23660.0	404218489.7460937
23670.0	385714692.87109363
23680.0	369007918.4570312
23690.0	381029918.94531244
23700.0	398715404.29687494
23710.0	381517156.2499999
23720.0	441989777.34374994
23730.0	406004933.59374994
23740.0	389113162.1093749
23750.0	411753102.53906244
23760.0	388664756.83593744
23770.0	373134820.31249994
23780.0	397328743.1640624
23790.0	354250071.7773437
23800.0	432494568.8476562
23810.0	349691505.85937494
23820.0	385886649.41406244
23830.0	323862013.1835937
23840.0	308273054.68749994
23850.0	384022786.1328124
23860.0	329512214.3554687
23870.0	309630548.3398437
23880.0	315957164.06249994
23890.0	347998887.69531244
23900.0	416119522.46093744
23910.0	391468343.2617187
23920.0	304732522.46093744
23930.0	338278449.21874994
23940.0	429289301.75781244
23950.0	331412230.9570312
23960.0	355675839.84374994
23970.0	355814332.03124994
23980.0	328931316.8945312
23990.0	361267413.08593744
24000.0	352553147.4609374
24010.0	318318721.67968744
24020.0	341464163.0859374
24030.0	339178608.39843744
24040.0	336504471.1914062
24050.0	338830665.03906244
24060.0	333817483.3984374
24070.0	331721901.36718744
24080.0	297745457.03124994
24090.0	307205593.74999994
24100.0	304506249.99999994
24110.0	328606206.05468744
24120.0	326631664.06249994
24130.0	302917154.29687494
24140.0	261225627.92968747
24150.0	348756083.4960937
24160.0	312330353.51562494
24170.0	273523528.8085937
24180.0	291933140.1367187
24190.0	339862969.23828113
24200.0	283656329.10156244
24210.0	343007269.0429687
24220.0	255816454.10156244
24230.0	294529572.7539062
24240.0	332693192.38281244
24250.0	287121921.87499994
24260.0	273021774.41406244
24270.0	264888178.71093744
24280.0	271796299.80468744
24290.0	320262904.29687494
24300.0	293888805.66406244
24310.0	266328847.41210935
24320.0	293131516.3574218
24330.0	287264017.0898437
24340.0	258235509.76562494
24350.0	273303134.76562494
24360.0	290857507.3242187
24370.0	216189245.60546872
24380.0	272525133.78906244
24390.0	320145999.02343744
24400.0	267871883.78906244
24410.0	280246511.2304687
24420.0	265949256.10351557
24430.0	256503404.54101557
24440.0	232873708.98437497
24450.0	275130254.3945312
24460.0	277275782.7148437
24470.0	281559979.49218744
24480.0	213988749.75585935
24490.0	254830930.90820307
24500.0	279261980.46874994
24510.0	285428733.8867187
24520.0	222191119.3847656
24530.0	221703996.3378906
24540.0	209056270.26367182
24550.0	235294944.09179682
24560.0	267852099.1210937
24570.0	287820473.63281244
24580.0	286944890.62499994
24590.0	273190430.1757812
24600.0	238583248.5351562
24610.0	183426683.59374994
24620.0	265120032.22656247
24630.0	255509112.7929687
24640.0	291630979.0039062
24650.0	262038143.55468744
24660.0	242660135.74218744
24670.0	241179255.37109372
24680.0	189259527.8320312
24690.0	266759295.41015622
24700.0	230297406.7382812
24710.0	234428196.28906247
24720.0	237089264.1601562
24730.0	235565986.81640622
24740.0	197815514.1601562
24750.0	201810466.79687497
24760.0	204331372.55859372
24770.0	283636183.1054687
24780.0	250296283.6914062
24790.0	200568682.61718747
24800.0	235525251.95312497
24810.0	220600260.74218744
24820.0	197195538.3300781
24830.0	211530058.34960935
24840.0	266091501.95312497
24850.0	276774448.24218744
24860.0	244984538.3300781
24870.0	202708247.07031247
24880.0	204356151.12304685
24890.0	207791799.80468747
24900.0	188483928.22265622
24910.0	191304746.09374997
24920.0	229626873.53515622
24930.0	223461136.23046872
24940.0	266898583.00781244
24950.0	240152435.05859372
24960.0	208215570.31249994
24970.0	222026222.1679687
24980.0	179125444.33593747
24990.0	217412829.58984372
25000.0	227826110.35156244
25010.0	218754880.85937497
25020.0	237060750.97656244
25030.0	196327470.70312497
25040.0	204615382.3242187
25050.0	192892738.03710935
25060.0	163303881.1035156
25070.0	205802408.20312497
25080.0	214417553.46679685
25090.0	235467971.92382807
25100.0	229452840.82031244
25110.0	192096397.9492187
25120.0	200129689.94140622
25130.0	187282102.53906247
25140.0	218767734.37499997
25150.0	164514637.9394531
25160.0	198527651.61132807
25170.0	241432387.2070312
25180.0	203879580.56640622
25190.0	207338856.44531244
25200.0	200829096.19140622
25210.0	209330874.99999997
25220.0	197582637.20703122
25230.0	216408654.29687494
25240.0	173933156.98242182
25250.0	189642226.31835935
25260.0	189348148.43749994
25270.0	221478860.83984372
25280.0	172403936.52343747
25290.0	195024461.91406244
25300.0	217888592.77343744
25310.0	238317764.64843747
25320.0	215212397.94921872
25330.0	164512896.7285156
25340.0	227318620.84960932
25350.0	193386501.70898432
25360.0	167532441.16210935
25370.0	189001161.62109372
25380.0	192185081.2988281
25390.0	179541766.8457031
25400.0	205311189.94140622
25410.0	196123178.22265622
25420.0	208792076.6601562
25430.0	169166507.32421872
25440.0	175746066.40624997
25450.0	207362579.5898437
25460.0	195544355.95703122
25470.0	196506750.48828122
25480.0	182426087.40234372
25490.0	173335946.28906244
25500.0	196644871.58203122
25510.0	210272466.79687497
25520.0	212589860.35156244
25530.0	159180167.48046872
25540.0	215842117.18749997
25550.0	191731987.79296872
25560.0	187487338.37890622
25570.0	193090546.38671872
25580.0	194211301.0253906
25590.0	206125307.37304685
25600.0	184222552.24609372
25610.0	151287343.26171872
25620.0	219340866.21093744
25630.0	165489286.62109372
25640.0	182927808.8378906
25650.0	191069734.6191406
25660.0	193848210.93749997
25670.0	174259882.81249997
25680.0	190490333.98437497
25690.0	182361566.89453122
25700.0	185345362.7929687
25710.0	260631997.55859372
25720.0	210637761.23046872
25730.0	189709056.8847656
25740.0	169672072.02148435
25750.0	179413045.89843744
25760.0	187547522.94921872
25770.0	150659942.13867185
25780.0	163527118.4082031
25790.0	185644046.38671872
25800.0	239688033.6914062
25810.0	182297267.8222656
25820.0	197930719.9707031
25830.0	172471416.99218747
25840.0	184729107.17773435
25850.0	182044194.09179685
25860.0	232626610.35156244
25870.0	176395427.24609372
25880.0	178381729.00390622
25890.0	183533800.53710935
25900.0	191006570.5566406
25910.0	192795353.0273437
25920.0	209776159.66796872
25930.0	169326431.15234372
25940.0	192605407.22656247
25950.0	172460852.05078122
25960.0	193049098.1445312
25970.0	189711270.50781247
25980.0	163785402.83203122
25990.0	194041854.00390622
