0.7	1850774.7268676758
0.701	1861360.5728149414
0.702	1896094.8867797852
0.703	1947289.2990112305
0.704	1971158.0657958984
0.705	2006371.4141845703
0.706	1934708.7173461914
0.707	1950875.7781982422
0.708	2008230.4992675781
0.709	2010498.7716674805
0.71	2030323.5473632812
0.711	2077680.0231933594
0.712	2105298.828125
0.713	2098793.5180664062
0.714	2118433.0673217773
0.715	2154742.8970336914
0.716	2202045.2194213867
0.717	2228070.7244873047
0.718	2279218.4829711914
0.719	2317666.572570801
0.72	2352519.3099975586
0.721	2369151.679992676
0.722	2431056.739807129
0.723	2473360.92376709
0.724	2499503.463745117
0.725	2557486.801147461
0.726	2587305.7708740234
0.727	2634263.0615234375
0.728	2680635.452270508
0.729	2716808.334350586
0.73	2771699.722290039
0.731	2798369.644165039
0.732	2851996.551513672
0.733	2886832.4432373047
0.734	2912467.1325683594
0.735	2946419.3420410156
0.736	2983539.4592285156
0.737	3029533.8745117188
0.738	3058903.106689453
0.739	3090912.307739258
0.74	3127970.489501953
0.741	3161800.4150390625
0.742	3187293.5791015625
0.743	3232918.212890625
0.744	3268854.8736572266
0.745	3295090.2709960938
0.746	3332414.108276367
0.747	3370916.9158935547
0.748	3404763.412475586
0.749	3441898.7426757812
0.75	3478923.6450195312
0.751	3512391.082763672
0.752	3546516.403198242
0.753	3580675.4760742188
0.754	3612928.268432617
0.755	3647159.0881347656
0.756	3676127.212524414
0.757	3707553.237915039
0.758	3738672.2869873047
0.759	3732348.388671875
0.76	3733195.022583008
0.761	3739310.272216797
0.762	3738537.2314453125
0.763	3679360.321044922
0.764	3606355.484008789
0.765	3517047.882080078
0.766	3426842.8497314453
0.767	3103499.7606277466
0.768	3549153.9764404297
0.769	3605075.3021240234
0.77	3231109.7717285156
0.771	3690392.578125
0.772	3882548.553466797
0.773	4069959.3048095703
0.774	4239909.820556641
0.775	4358435.440063477
0.776	4465884.6435546875
0.777	4533113.632202148
0.778	4643964.553833008
0.779	4717111.236572266
0.78	4650229.507446289
0.781	4886453.201293945
0.782	4972615.371704102
0.783	5025197.036743164
0.784	5086478.240966797
0.785	5142875.946044922
0.786	5237605.010986328
0.787	5307570.251464844
0.788	5396770.324707031
0.789	5477459.533691406
0.79	5555555.5419921875
0.791	5616290.130615234
0.792	5656491.363525391
0.793	5759474.761962891
0.794	5835017.4560546875
0.795	5697602.9052734375
0.796	6000065.979003906
0.797	6071736.907958984
0.798	6155619.232177734
0.799	6215144.622802734
0.8	6305788.635253906
0.801	6372655.029296875
0.802	6487625.732421875
0.803	6573364.74609375
0.804	6648061.6455078125
0.805	6715858.7646484375
0.806	6825560.302734375
0.807	6931227.447509766
0.808	7049939.147949219
0.809	7127715.667724609
0.81	7307683.9599609375
0.811	7371391.845703125
0.812	7522991.729736328
0.813	7712028.015136719
0.814	7817484.0087890625
0.815	8010848.815917969
0.816	8118397.4609375
0.817	8151717.010498047
0.818	8293723.724365234
0.819	8163300.689697266
0.82	7956556.884765625
0.821	8105376.159667969
0.822	8460403.96118164
0.823	8453267.028808594
0.824	8671592.468261719
0.825	8657000.305175781
0.826	8830183.227539062
0.827	8962412.231445312
0.828	8885866.638183594
0.829	8701323.211669922
0.83	9217277.374267578
0.831	9042937.286376953
0.832	9214660.278320312
0.833	9459348.663330078
0.834	9535275.05493164
0.835	9420922.821044922
0.836	9570816.986083984
0.837	9711382.537841797
0.838	9956570.343017578
0.839	9662391.571044922
0.84	9846988.067626953
0.841	10828448.974609375
0.842	10583709.350585938
0.843	10558953.61328125
0.844	9777292.419433594
0.845	9650489.044189453
0.846	9695756.530761719
0.847	9768676.452636719
0.848	9936255.279541016
0.849	10018322.143554688
0.85	10207704.223632812
0.851	10272811.614990234
0.852	10414046.783447266
0.853	10498920.166015625
0.854	10618479.00390625
0.855	10881075.500488281
0.856	11076405.517578125
0.857	11121204.956054688
0.858	11425859.497070312
0.859	11362055.603027344
0.86	11462704.162597656
0.861	11635249.938964844
0.862	11865365.112304688
0.863	11988856.506347656
0.864	12008710.876464844
0.865	12205146.606445312
0.866	12619395.874023438
0.867	12786031.188964844
0.868	12720814.025878906
0.869	12700148.376464844
0.87	12156192.87109375
0.871	12459283.752441406
0.872	12528656.982421875
0.873	13072321.350097656
0.874	12950883.361816406
0.875	13467289.916992188
0.876	14424833.984375
0.877	14554596.435546875
0.878	15125614.196777344
0.879	15078441.833496094
0.88	14245890.441894531
0.881	14986690.673828125
0.882	16814066.528320312
0.883	16363228.02734375
0.884	18489833.251953125
0.885	16508669.311523438
0.886	16525585.876464844
0.887	14265413.452148438
0.888	14372004.760742188
0.889	15099289.367675781
0.89	15084861.389160156
0.891	16319548.583984375
0.892	15261884.704589844
0.893	16479047.912597656
0.894	16290824.829101562
0.895	16094268.920898438
0.896	16018200.988769531
0.897	16822252.197265625
0.898	17525129.516601562
0.899	17532083.862304688
0.9	18667657.40966797
0.901	20515393.06640625
0.902	20093166.381835938
0.903	18983679.077148438
0.904	19089378.295898438
0.905	22339572.998046875
0.906	21280664.489746094
0.907	21536471.00830078
0.908	28487298.095703125
0.909	25254845.458984375
0.91	23486390.625
0.911	24671439.331054688
0.912	28883224.487304688
0.913	28016319.3359375
0.914	27004637.329101562
0.915	29859792.29736328
0.916	31553483.70361328
0.917	32102269.165039062
0.918	29409913.818359375
0.919	35142796.50878906
0.92	31270635.986328125
0.921	25731989.501953125
0.922	24034196.716308594
0.923	22200705.017089844
0.924	21646620.483398438
0.925	23101437.377929688
0.926	22885114.868164062
0.927	23082385.375976562
0.928	21128874.0234375
0.929	22032958.862304688
0.93	21566146.484375
0.931	21266644.287109375
0.932	22780088.37890625
0.933	21925398.315429688
0.934	25384859.741210938
0.935	21760712.158203125
0.936	23859125.732421875
0.937	23611063.110351562
0.938	25730386.596679688
0.939	24173295.41015625
0.94	25752263.793945312
0.941	25379142.211914062
0.942	29611151.000976562
0.943	29310859.741210938
0.944	27768122.314453125
0.945	27883945.190429688
0.946	29584977.905273438
0.947	28473258.7890625
0.948	33615832.275390625
0.949	37334180.908203125
0.95	27391890.747070312
0.951	31097051.26953125
0.952	35769752.44140625
0.953	34821020.62988281
0.954	39074605.59082031
0.955	34718430.908203125
0.956	37798908.935546875
0.957	35198335.57128906
0.958	43259915.40527344
0.959	42828735.96191406
0.96	37193803.7109375
0.961	41581823.73046875
0.962	37571607.421875
0.963	46978555.17578125
0.964	35511554.19921875
0.965	38608627.9296875
0.966	46999839.111328125
0.967	49179523.4375
0.968	43209513.18359375
0.969	43419291.50390625
0.97	49572784.912109375
0.971	41234432.6171875
0.972	48439879.150390625
0.973	42154026.85546875
0.974	42021851.5625
0.975	42662129.150390625
0.976	45669274.658203125
0.977	43681663.57421875
0.978	44846855.95703125
0.979	40082797.8515625
0.98	47756250.48828125
0.981	46449365.84472656
0.982	40593779.41894531
0.983	43116616.455078125
0.984	47302525.87890625
0.985	48089994.62890625
0.986	49970812.255859375
0.987	50705351.318359375
0.988	49587609.25292969
0.989	55157340.33203125
0.99	28529935.302734375
0.991	25094972.65625
0.992	25031435.668945312
0.993	26491528.930664062
0.994	27868521.240234375
0.995	29009722.65625
0.996	29088647.827148438
0.997	29668304.6875
0.998	28750674.8046875
0.999	28267896.850585938
1.0	29618727.5390625
1.001	30589065.185546875
1.002	30883642.76123047
1.003	35288537.353515625
1.004	31150752.380371094
1.005	33222614.74609375
1.006	28862228.515625
1.007	31569598.022460938
1.008	34194276.67236328
1.009	34421269.592285156
1.01	37923627.74658203
1.011	34836854.736328125
1.012	32814318.66455078
1.013	34240671.56982422
1.014	32275637.634277344
1.015	34293360.3515625
1.016	33068092.895507812
1.017	32925206.481933594
1.018	36275643.67675781
1.019	34423717.28515625
1.02	33967698.791503906
1.021	38153338.317871094
1.022	34111517.94433594
1.023	36281310.91308594
1.024	39192371.21582031
1.025	39577472.77832031
1.026	34521354.248046875
1.027	36885133.11767578
1.028	35958429.87060547
1.029	38033263.427734375
1.03	36819247.314453125
1.031	41620107.177734375
1.032	38118100.46386719
1.033	43696530.212402344
1.034	38526492.614746094
1.035	43383676.39160156
1.036	45601604.736328125
1.037	51427701.04980469
1.038	45418669.73876953
1.039	42099329.28466797
1.04	48960140.50292969
1.041	56857891.357421875
1.042	44353904.41894531
1.043	40836302.490234375
1.044	55597339.23339844
1.045	66199922.72949219
1.046	79952937.74414062
1.047	42897736.81640625
1.048	49995931.03027344
1.049	64835666.62597656
1.05	58480525.02441406
1.051	58157942.3828125
1.052	46902093.38378906
1.053	67341769.65332031
1.054	71507010.00976562
1.055	73506897.58300781
1.056	62098083.37402344
1.057	52838641.72363281
1.058	73840322.14355469
1.059	70432718.26171875
1.06	82078959.71679688
1.061	75482843.38378906
1.062	64435778.80859375
1.063	83317446.89941406
1.064	100404593.50585938
1.065	87885151.85546875
1.066	78631671.875
1.067	68823500.0
1.068	86694712.15820312
1.069	100088263.18359375
1.07	93987751.953125
1.071	95918556.51855469
1.072	103297859.61914062
1.073	90536001.953125
1.074	96254356.20117188
1.075	106282034.66796875
1.076	105811255.61523438
1.077	117647223.38867188
1.078	127614046.875
1.079	119866782.2265625
1.08	119862104.73632812
1.081	112110932.00683594
1.082	109789094.84863281
1.083	122380024.65820312
1.084	139568942.87109375
1.085	124769719.97070312
1.086	119397586.18164062
1.087	120615742.43164062
1.088	131017370.1171875
1.089	99609415.52734375
1.09	120024632.8125
1.091	116738117.67578125
1.092	125261489.50195312
1.093	130232885.00976562
1.094	120543787.35351562
1.095	123075359.86328125
1.096	111084223.38867188
1.097	123936561.5234375
1.098	112176073.2421875
1.099	115584074.70703125
1.1	111070714.84375
1.101	118098126.22070312
1.102	113196631.10351562
1.103	98539532.95898438
1.104	97939430.29785156
1.105	103228009.39941406
1.106	99746437.5
1.107	94182360.3515625
1.108	97976652.83203125
1.109	100784074.70703125
1.11	92261050.78125
1.111	88790830.20019531
1.112	103930144.65332031
1.113	107640113.28125
1.114	102010898.07128906
1.115	104708430.05371094
1.116	109077397.21679688
1.117	101861604.98046875
1.118	121842024.90234375
1.119	108100129.27246094
1.12	101614265.74707031
1.121	104047358.3984375
1.122	113620342.28515625
1.123	115223405.76171875
1.124	123082434.32617188
1.125	120345266.11328125
1.126	125169569.3359375
1.127	122646288.33007812
1.128	126149298.09570312
1.129	127701466.30859375
1.13	111090575.1953125
1.131	131208342.40722656
1.132	128689955.44433594
1.133	118313851.07421875
1.134	106579684.08203125
1.135	94929902.09960938
1.136	115511946.53320312
1.137	117227506.34765625
1.138	94032129.51660156
1.139	108475021.60644531
1.14	109751691.65039062
1.141	90114000.0
1.142	124024387.6953125
1.143	120678977.29492188
1.144	114062903.56445312
1.145	132937907.47070312
1.146	137149529.05273438
1.147	130689830.56640625
1.148	120423370.84960938
1.149	148750499.26757812
1.15	148546728.515625
1.151	141718934.81445312
1.152	145179563.11035156
1.153	134214137.57324219
1.154	129097316.16210938
1.155	153677897.4609375
1.156	143981136.47460938
1.157	143579535.15625
1.158	146366710.69335938
1.159	146424978.27148438
1.16	134821336.9140625
1.161	129478682.6171875
1.162	141340143.18847656
1.163	155491192.2607422
1.164	130516502.19726562
1.165	156402278.07617188
1.166	132007180.41992188
1.167	148435268.79882812
1.168	134296214.84375
1.169	85523545.53222656
1.17	109379005.859375
1.171	142764393.5546875
1.172	152508747.80273438
1.173	149470153.56445312
1.174	142022892.33398438
1.175	143143545.8984375
1.176	125063981.93359375
1.177	93754497.92480469
1.178	84094905.2734375
1.179	130463083.74023438
1.18	146745351.5625
1.181	150019041.015625
1.182	151161123.29101562
1.183	162347445.06835938
1.184	153613890.86914062
1.185	162049095.703125
1.186	158206398.92578125
1.187	165619559.5703125
1.188	163514708.25195312
1.189	145000976.31835938
1.19	165687703.61328125
1.191	171361439.69726562
1.192	175425363.52539062
1.193	177364772.4609375
1.194	152959864.74609375
1.195	151278343.26171875
1.196	155616476.07421875
1.197	138458399.65820312
1.198	123626674.56054688
1.199	136683239.74609375
1.2	133365330.56640625
1.201	137263683.10546875
1.202	137322396.24023438
1.203	143717122.80273438
1.204	167372909.1796875
1.205	157619589.84375
1.206	201952469.7265625
1.207	160961557.12890625
1.208	191381102.5390625
1.209	152223392.578125
1.21	183181103.02734375
1.211	148395827.63671875
1.212	164677497.0703125
1.213	174478195.3125
1.214	191737971.19140625
1.215	195063741.69921875
1.216	188492001.70898438
1.217	193597469.48242188
1.218	196759608.88671875
1.219	194338922.36328125
1.22	181202278.3203125
1.221	177397262.20703125
1.222	177334544.921875
1.223	173789578.125
1.224	192362096.19140625
1.225	216350525.390625
1.226	206200513.671875
1.227	206072722.16796875
1.228	219433013.671875
1.229	206503879.8828125
1.23	206458875.9765625
1.231	214987960.44921875
1.232	195717769.04296875
1.233	200318833.984375
1.234	204831266.6015625
1.235	194410811.03515625
1.236	196907574.21875
1.237	207140300.78125
1.238	204160107.91015625
1.239	194255395.99609375
1.24	202538600.09765625
1.241	167890621.58203125
1.242	172353073.73046875
1.243	155947864.99023438
1.244	136381800.04882812
1.245	208853894.04296875
1.246	203909699.70703125
1.247	204696410.64453125
1.248	196980729.4921875
1.249	208449970.21484375
1.25	182009224.12109375
1.251	205328490.234375
1.252	148642316.16210938
1.253	146421971.43554688
1.254	214614772.70507812
1.255	206636299.07226562
1.256	206030106.4453125
1.257	239612020.01953125
1.258	212210354.4921875
1.259	216692036.1328125
1.26	226239615.234375
1.261	241447958.984375
1.262	213018930.17578125
1.263	227858064.453125
1.264	205903873.046875
1.265	222354205.56640625
1.266	228232729.98046875
1.267	244025883.30078125
1.268	238778707.51953125
1.269	253447363.28125
1.27	234096768.06640625
1.271	248759122.0703125
1.272	260073378.41796875
1.273	257903312.01171875
1.274	237574361.81640625
1.275	225597224.609375
1.276	254508173.33984375
1.277	247790527.83203125
1.278	246600795.41015625
1.279	262677604.00390625
1.28	246145014.40429688
1.281	248373464.11132812
1.282	251510104.4921875
1.283	234150166.015625
1.284	251191359.86328125
1.285	243201152.34375
1.286	223174798.828125
1.287	242476331.54296875
1.288	241225944.3359375
1.289	245269179.6875
1.29	256627592.28515625
1.291	253681452.1484375
1.292	240802912.84179688
1.293	222455031.98242188
1.294	266937469.23828125
1.295	246346077.63671875
1.296	288275221.19140625
1.297	272859338.37890625
1.298	278500703.61328125
1.299	263454370.60546875
1.3	277799928.22265625
1.301	258787019.04296875
1.302	271281544.43359375
1.303	265907383.30078125
1.304	275318120.60546875
1.305	258878804.6875
1.306	292334374.0234375
1.307	246360754.8828125
1.308	285085581.54296875
1.309	263049507.32421875
1.31	268068611.81640625
1.311	281662265.13671875
1.312	283587788.57421875
1.313	266064595.703125
1.314	271368544.43359375
1.315	277154151.3671875
1.316	272500502.9296875
1.317	271371252.44140625
1.318	258982102.05078125
1.319	278457118.1640625
1.32	249069093.75
1.321	263690741.2109375
1.322	255353258.30078125
1.323	261312993.65234375
1.324	245345203.61328125
1.325	222823300.29296875
1.326	251546207.03125
1.327	214614671.38671875
1.328	228070529.296875
1.329	227784635.7421875
1.33	211231291.9921875
1.331	185116444.09179688
1.332	136389755.859375
1.333	154358107.66601562
1.334	159621909.66796875
1.335	102542850.09765625
1.336	110897543.45703125
1.337	102421869.62890625
1.338	102427856.20117188
1.339	109905564.94140625
1.34	114718848.14453125
1.341	125040129.63867188
1.342	101244949.46289062
1.343	100044943.359375
1.344	114360488.03710938
1.345	104591248.046875
1.346	116909448.97460938
1.347	105673224.12109375
1.348	92602403.07617188
1.349	112657837.15820312
1.35	112391669.921875
1.351	106315029.90722656
1.352	99476811.88964844
1.353	113410739.01367188
1.354	93008175.29296875
1.355	96567347.65625
1.356	105958362.06054688
1.357	105608861.93847656
1.358	104940845.58105469
1.359	107112783.81347656
1.36	111181674.19433594
1.361	108460295.41015625
1.362	94366514.89257812
1.363	119506854.00390625
1.364	121560938.72070312
1.365	108824696.2890625
1.366	126111492.67578125
1.367	117865295.8984375
1.368	115647415.64941406
1.369	109690800.17089844
1.37	115149117.43164062
1.371	111466168.9453125
1.372	117482817.87109375
1.373	116882004.39453125
1.374	116496991.94335938
1.375	121406779.54101562
1.376	125026145.5078125
1.377	119693898.92578125
1.378	130749256.34765625
1.379	124870315.67382812
1.38	138807014.6484375
1.381	118547645.99609375
1.382	136235472.65625
1.383	106082556.39648438
1.384	134832131.59179688
1.385	120190332.51953125
1.386	117731998.29101562
1.387	136453409.91210938
1.388	114065418.45703125
1.389	135314498.53515625
1.39	123388557.86132812
1.391	113300266.84570312
1.392	115487940.55175781
1.393	122545697.38769531
1.394	117948352.5390625
1.395	113914451.41601562
1.396	115285810.546875
1.397	117483355.71289062
1.398	110535803.46679688
1.399	121567059.5703125
1.4	112833445.55664062
1.401	107361650.390625
1.402	127694903.80859375
1.403	123030162.59765625
1.404	113041583.984375
1.405	113545456.29882812
1.406	144528748.046875
1.407	111751273.68164062
1.408	114745229.00390625
1.409	113684599.73144531
1.41	116741241.82128906
1.411	117960167.96875
1.412	106165358.15429688
1.413	123679545.65429688
1.414	111418714.35546875
1.415	115280157.47070312
1.416	126064023.4375
1.417	113256343.50585938
1.418	107197861.81640625
1.419	109877913.81835938
1.42	117615614.01367188
1.421	120754921.875
1.422	115599664.0625
1.423	113027478.75976562
1.424	108487835.44921875
1.425	117743335.44921875
1.426	109532266.35742188
1.427	119593403.56445312
1.428	114659552.24609375
1.429	102880433.59375
1.43	131573098.38867188
1.431	129360923.828125
1.432	113217357.91015625
1.433	120818611.57226562
1.434	103428244.87304688
1.435	126490298.828125
1.436	126430756.8359375
1.437	120327539.79492188
1.438	124699271.97265625
1.439	125213661.1328125
1.44	118433149.90234375
1.441	115650769.04296875
1.442	119174177.97851562
1.443	133484357.17773438
1.444	130055509.03320312
1.445	110901466.796875
1.446	129408738.28125
1.447	118256637.6953125
1.448	130217181.39648438
1.449	138243023.68164062
1.45	123369938.72070312
1.451	115050361.328125
1.452	152679717.7734375
1.453	140770181.39648438
1.454	121590576.41601562
1.455	144821599.609375
1.456	124042636.71875
1.457	117497174.8046875
1.458	141660025.390625
1.459	148164932.12890625
1.46	144822124.51171875
1.461	140423026.61132812
1.462	127914042.96875
1.463	118593584.71679688
1.464	141987117.1875
1.465	140569019.53125
1.466	149970408.93554688
1.467	149352991.94335938
1.468	127033294.67773438
1.469	125470852.5390625
1.47	136619034.42382812
1.471	139343777.83203125
1.472	144411085.69335938
1.473	152766814.453125
1.474	134188520.99609375
1.475	133545520.99609375
1.476	139282800.53710938
1.477	143003171.14257812
1.478	146511855.71289062
1.479	160146964.84375
1.48	132740660.15625
1.481	147988159.1796875
1.482	133617107.66601562
1.483	144536760.49804688
1.484	157767796.38671875
1.485	144765809.5703125
1.486	147559657.47070312
1.487	155550631.34765625
1.488	143066239.74609375
1.489	146080341.55273438
1.49	142687422.8515625
1.491	161408600.09765625
1.492	154021050.04882812
1.493	155613569.58007812
1.494	143715489.2578125
1.495	148795291.50390625
1.496	150807068.11523438
1.497	155914109.13085938
1.498	159353270.99609375
1.499	161986520.99609375
1.5	158828287.109375
1.501	157486020.01953125
1.502	138549871.82617188
1.503	174467988.52539062
1.504	159630791.9921875
1.505	169680530.2734375
1.506	163122058.10546875
1.507	170481687.98828125
1.508	156532857.91015625
1.509	173757062.5
1.51	161871857.421875
1.511	162171290.0390625
1.512	178664673.58398438
1.513	161619614.2578125
1.514	166478817.62695312
1.515	193598546.38671875
1.516	179041241.69921875
1.517	158134944.82421875
1.518	167452396.97265625
1.519	175053771.97265625
1.52	174010430.17578125
1.521	190141906.73828125
1.522	179018296.38671875
1.523	187065509.27734375
1.524	190944628.90625
1.525	171266102.5390625
1.526	175822393.06640625
1.527	182856866.69921875
1.528	185045818.60351562
1.529	187815229.73632812
1.53	200299234.375
1.531	193591532.71484375
1.532	171232170.8984375
1.533	182554300.78125
1.534	211056789.55078125
1.535	192933579.1015625
1.536	200419694.3359375
1.537	192887687.74414062
1.538	193025034.91210938
1.539	218219875.48828125
1.54	195963315.91796875
1.541	191749334.9609375
1.542	207722057.6171875
1.543	201234989.74609375
1.544	192654011.23046875
1.545	213997278.3203125
1.546	229012824.21875
1.547	205439096.19140625
1.548	206636143.06640625
1.549	212135854.4921875
1.55	219231669.43359375
1.551	204352533.69140625
1.552	222452871.09375
1.553	224547125.9765625
1.554	225822919.921875
1.555	222738428.7109375
1.556	215004324.70703125
1.557	219178655.2734375
1.558	205708163.0859375
1.559	222961866.2109375
1.56	223887531.73828125
1.561	223235791.50390625
1.562	234389952.63671875
1.563	229997187.98828125
1.564	234737254.8828125
1.565	220773914.55078125
1.566	216488324.21875
1.567	249034052.734375
1.568	255586091.796875
1.569	234119076.171875
1.57	236447765.13671875
1.571	243327182.12890625
1.572	240157096.19140625
1.573	243157624.0234375
1.574	253451765.13671875
1.575	251765269.04296875
1.576	251423000.0
1.577	251910548.33984375
1.578	246049874.0234375
1.579	248955507.32421875
1.58	253894888.671875
1.581	252178109.86328125
1.582	254500694.82421875
1.583	267283598.14453125
1.584	251591384.765625
1.585	256998097.65625
1.586	270523240.72265625
1.587	262979667.96875
1.588	271278154.296875
1.589	271508861.328125
1.59	259416054.6875
1.591	272542091.796875
1.592	269887378.90625
1.593	267823587.890625
1.594	276108075.1953125
1.595	278471212.40234375
1.596	282319910.64453125
1.597	278603628.90625
1.598	270884044.921875
1.599	276308323.73046875
1.6	281916648.4375
1.601	286352350.09765625
1.602	273794229.4921875
1.603	292001437.01171875
1.604	281591766.6015625
1.605	281674207.51953125
1.606	283665827.63671875
1.607	287812824.21875
1.608	293626979.98046875
1.609	290082327.1484375
1.61	289995654.78515625
1.611	283376149.90234375
1.612	289591592.7734375
1.613	295052791.015625
1.614	295040370.1171875
1.615	292059580.56640625
1.616	298095150.390625
1.617	305988270.01953125
1.618	309032988.76953125
1.619	289446717.7734375
1.62	295125043.45703125
1.621	291126085.44921875
1.622	305390085.44921875
1.623	306509986.81640625
1.624	307817360.83984375
1.625	305132881.34765625
1.626	302330291.50390625
1.627	309134310.546875
1.628	310891420.8984375
1.629	300790862.79296875
1.63	311557824.70703125
1.631	301869555.17578125
1.632	307309630.859375
1.633	314094041.9921875
1.634	315782507.8125
1.635	311971901.85546875
1.636	314514185.05859375
1.637	314913749.0234375
1.638	318684069.3359375
1.639	313075235.83984375
1.64	314334675.29296875
1.641	318146377.9296875
1.642	308280386.71875
1.643	311508582.51953125
1.644	320551396.97265625
1.645	321209357.421875
1.646	320817104.00390625
1.647	316854143.06640625
1.648	324279991.2109375
1.649	321775579.1015625
1.65	318162065.4296875
1.651	317429756.34765625
1.652	325493265.13671875
1.653	316143060.05859375
1.654	325358580.078125
1.655	321307530.76171875
1.656	324296964.35546875
1.657	328030467.28515625
1.658	325758882.8125
1.659	320340743.65234375
1.66	315663372.55859375
1.661	320140371.09375
1.662	312843582.51953125
1.663	327293016.11328125
1.664	329066062.5
1.665	326960210.9375
1.666	333024029.296875
1.667	323416779.296875
1.668	325605474.609375
1.669	322965095.703125
1.67	327505062.5
1.671	329597346.19140625
1.672	320703110.83984375
1.673	324134522.4609375
1.674	327340728.515625
1.675	333360009.765625
1.676	337530266.6015625
1.677	323407233.3984375
1.678	331041238.28125
1.679	331339912.109375
1.68	327668939.453125
1.681	333572469.7265625
1.682	335684677.734375
1.683	329277857.91015625
1.684	328454480.95703125
1.685	333613698.2421875
1.686	329980059.08203125
1.687	316660343.26171875
1.688	325335300.78125
1.689	316904596.19140625
1.69	330475714.35546875
1.691	330886895.5078125
1.692	308505407.71484375
1.693	320592037.59765625
1.694	317686183.59375
1.695	314417891.6015625
1.696	314427485.83984375
1.697	301047708.984375
1.698	303306686.5234375
1.699	306495473.14453125
1.7	300325586.9140625
1.701	300685462.890625
1.702	317582153.3203125
1.703	312137747.0703125
1.704	288671119.62890625
1.705	294263003.41796875
1.706	309537642.578125
1.707	296600047.36328125
1.708	273936714.35546875
1.709	278470272.4609375
1.71	311560444.3359375
1.711	268285202.63671875
1.712	267789838.37890625
1.713	273235701.171875
1.714	265156972.65625
1.715	256237751.46484375
1.716	251676702.1484375
1.717	246868033.69140625
1.718	239089222.65625
1.719	226590657.2265625
1.72	250321740.234375
1.721	253953029.78515625
1.722	266887801.7578125
1.723	232764400.87890625
1.724	242996043.9453125
1.725	256590213.8671875
1.726	252090633.30078125
1.727	201327458.0078125
1.728	238368590.33203125
1.729	232920486.81640625
1.73	232957229.4921875
1.731	253247267.578125
1.732	197443382.8125
1.733	233596030.2734375
1.734	225330957.03125
1.735	213039445.80078125
1.736	221534278.3203125
1.737	199454527.34375
1.738	224313275.87890625
1.739	226111433.10546875
1.74	204336915.52734375
1.741	187656760.7421875
1.742	221355830.56640625
1.743	217469066.40625
1.744	204413480.22460938
1.745	193470170.16601562
1.746	207605748.046875
1.747	181438203.85742188
1.748	195189159.91210938
1.749	218557584.47265625
1.75	205541134.765625
1.751	177818944.82421875
1.752	195794543.45703125
1.753	216017349.12109375
1.754	178959499.51171875
1.755	195941731.4453125
1.756	166542639.16015625
1.757	184754047.8515625
1.758	172188531.73828125
1.759	178430401.85546875
1.76	218775762.20703125
1.761	170678971.19140625
1.762	188761522.4609375
1.763	161524435.546875
1.764	205251368.89648438
1.765	180847917.72460938
1.766	216566848.6328125
1.767	170094552.734375
1.768	150400085.69335938
1.769	162054706.54296875
1.77	187306073.48632812
1.771	181762600.5859375
1.772	166877151.3671875
1.773	156324707.51953125
1.774	194356194.3359375
1.775	163284239.74609375
1.776	155676533.69140625
1.777	167074582.27539062
1.778	166522923.09570312
1.779	171855559.81445312
1.78	175648463.8671875
1.781	153999150.14648438
1.782	166180956.54296875
1.783	160096122.55859375
1.784	176555899.90234375
1.785	152639059.5703125
1.786	147827909.66796875
1.787	144664797.8515625
1.788	161257133.05664062
1.789	170026406.49414062
1.79	181069196.04492188
1.791	145830833.984375
1.792	151728967.04101562
1.793	162041474.609375
1.794	150990048.828125
1.795	159107116.69921875
1.796	150073076.66015625
1.797	162319060.546875
1.798	169740438.4765625
1.799	174809939.453125
1.8	145034785.15625
1.801	139071807.6171875
1.802	144098423.33984375
1.803	151475544.18945312
1.804	175230458.74023438
1.805	156040259.52148438
1.806	136146658.93554688
1.807	151803861.81640625
1.808	152530644.28710938
1.809	156027910.88867188
1.81	169608697.02148438
1.811	132540288.33007812
1.812	151957490.72265625
1.813	148600489.99023438
1.814	186224812.25585938
1.815	162190009.765625
1.816	147863550.29296875
1.817	150973978.02734375
1.818	154666881.10351562
1.819	147936394.77539062
1.82	146746838.13476562
1.821	147464202.88085938
1.822	130890002.68554688
1.823	166270972.41210938
1.824	190388615.72265625
1.825	160485617.67578125
1.826	146737295.41015625
1.827	150283930.6640625
1.828	147328830.32226562
1.829	163947604.00390625
1.83	162549170.8984375
1.831	145047248.046875
1.832	157231099.85351562
1.833	147669931.39648438
1.834	166258867.67578125
1.835	147883530.76171875
1.836	149084397.21679688
1.837	164045165.77148438
1.838	148209598.14453125
1.839	153569083.49609375
1.84	147292266.11328125
1.841	176136050.78125
1.842	141513729.4921875
1.843	151665526.12304688
1.844	141377457.51953125
1.845	154069077.88085938
1.846	146438833.984375
1.847	139712465.08789062
1.848	140387866.45507812
1.849	147029669.921875
1.85	136807309.32617188
1.851	154715747.0703125
1.852	161953327.88085938
1.853	144887346.6796875
1.854	138125513.671875
1.855	152862791.015625
1.856	149203913.57421875
1.857	134566988.28125
1.858	129145675.04882812
1.859	139696258.05664062
1.86	132412765.86914062
1.861	130911056.640625
1.862	148589722.65625
1.863	142296608.64257812
1.864	142583587.15820312
1.865	130389219.7265625
1.866	149735680.90820312
1.867	148112832.51953125
1.868	129134856.4453125
1.869	162742549.8046875
1.87	151967340.33203125
1.871	140690695.3125
1.872	150722474.12109375
1.873	131046675.53710938
1.874	151292093.01757812
1.875	149957988.76953125
1.876	156105273.92578125
1.877	139611496.58203125
1.878	152629133.30078125
1.879	143798730.22460938
1.88	159114100.83007812
1.881	143139354.24804688
1.882	153423266.84570312
1.883	171373986.328125
1.884	164690111.08398438
1.885	135887467.7734375
1.886	161292347.90039062
1.887	154990088.8671875
1.888	170024239.2578125
1.889	147447359.61914062
1.89	156205893.06640625
1.891	158754443.84765625
1.892	138583507.56835938
1.893	157255099.609375
1.894	156452458.0078125
1.895	162328224.12109375
1.896	158616180.41992188
1.897	169668477.05078125
1.898	150691967.7734375
1.899	160885109.61914062
1.9	168923373.53515625
1.901	153804714.11132812
1.902	171575154.05273438
1.903	160805196.77734375
1.904	164254608.88671875
1.905	162921080.56640625
1.906	149508846.19140625
1.907	152013548.828125
1.908	177949507.8125
1.909	171481325.1953125
1.91	165442308.59375
1.911	149523238.52539062
1.912	160089494.38476562
1.913	171179791.015625
1.914	159196371.82617188
1.915	177014740.47851562
1.916	157626860.3515625
1.917	155410167.23632812
1.918	168561743.40820312
1.919	188032272.4609375
1.92	152085508.30078125
1.921	145511573.2421875
1.922	168335001.46484375
1.923	168325621.09375
1.924	146762004.8828125
1.925	164233409.91210938
1.926	165676055.41992188
1.927	149751063.96484375
1.928	186861701.171875
1.929	150921199.46289062
1.93	161962273.92578125
1.931	147427296.875
1.932	158390385.98632812
1.933	164981183.10546875
1.934	150208834.47265625
1.935	166860314.94140625
1.936	155441245.36132812
1.937	160960342.04101562
1.938	159777915.52734375
1.939	144685760.00976562
1.94	139120293.70117188
1.941	140474071.04492188
1.942	157310454.34570312
1.943	159290146.72851562
1.944	160178024.65820312
1.945	145332891.35742188
1.946	148575683.83789062
1.947	162754326.90429688
1.948	143736123.77929688
1.949	145308208.984375
1.95	161722931.640625
1.951	159707664.55078125
1.952	162355424.56054688
1.953	136047920.16601562
1.954	156296902.83203125
1.955	147802013.18359375
1.956	142380456.0546875
1.957	156127308.34960938
1.958	153878087.64648438
1.959	179370414.30664062
1.96	146400198.73046875
1.961	138815411.86523438
1.962	151995758.7890625
1.963	156598540.28320312
1.964	155713157.95898438
1.965	144298129.8828125
1.966	158747020.01953125
1.967	162160798.33984375
1.968	140847947.265625
1.969	151028380.859375
1.97	169901479.00390625
1.971	144296729.4921875
1.972	160867300.78125
1.973	153008184.08203125
1.974	148528172.8515625
1.975	150256658.69140625
1.976	132392670.16601562
1.977	153861662.35351562
1.978	150622324.70703125
1.979	156641234.13085938
1.98	140909532.47070312
1.981	157820416.9921875
1.982	143078689.69726562
1.983	148854448.97460938
1.984	150622830.56640625
1.985	154886386.71875
1.986	152528858.88671875
1.987	161191351.31835938
1.988	150821084.9609375
1.989	153017786.1328125
1.99	135077868.65234375
1.991	150036794.43359375
1.992	142354916.50390625
1.993	154541260.98632812
1.994	166269665.0390625
1.995	148051490.47851562
1.996	157733367.43164062
1.997	158019813.96484375
1.998	144745442.3828125
1.999	156647056.88476562
2.0	142152242.91992188
2.001	155063928.22265625
2.002	151604488.28125
2.003	159186347.65625
2.004	161062084.47265625
2.005	162009868.65234375
2.006	152788033.69140625
2.007	150036708.49609375
2.008	170106210.9375
2.009	137957815.91796875
2.01	151758443.84765625
2.011	149406919.43359375
2.012	159276775.390625
2.013	160422833.74023438
2.014	161008610.3515625
2.015	165285224.609375
2.016	149854963.37890625
2.017	149609634.03320312
2.018	165547812.5
2.019	155777766.84570312
2.02	140317737.54882812
2.021	168918339.35546875
2.022	167862789.0625
2.023	160890199.46289062
2.024	173288277.83203125
2.025	164080398.19335938
2.026	149486362.54882812
2.027	157650249.51171875
2.028	162916944.09179688
2.029	147698191.40625
2.03	170200101.5625
2.031	149466712.40234375
2.032	175495691.89453125
2.033	166310935.05859375
2.034	163542352.05078125
2.035	167572540.77148438
2.036	150836510.49804688
2.037	178450688.96484375
2.038	168947659.1796875
2.039	162822085.69335938
2.04	162474548.33984375
2.041	158786110.3515625
2.042	174698172.11914062
2.043	184832785.64453125
2.044	155036317.62695312
2.045	157056846.43554688
2.046	164317124.51171875
2.047	173528927.734375
2.048	178782902.34375
2.049	160020459.47265625
2.05	164467597.65625
2.051	184705858.3984375
2.052	166479797.36328125
2.053	171124876.46484375
2.054	162784508.54492188
2.055	170060545.65429688
2.056	165657708.984375
2.057	181499600.5859375
2.058	184509256.8359375
2.059	178591516.11328125
2.06	180964995.1171875
2.061	165349148.4375
2.062	172456020.5078125
2.063	176262057.6171875
2.064	157865510.7421875
2.065	177934754.8828125
2.066	173855712.890625
2.067	184164657.71484375
2.068	181152663.0859375
2.069	171591619.62890625
2.07	190185988.76953125
2.071	180642655.2734375
2.072	169823975.09765625
2.073	176109643.5546875
2.074	175832110.3515625
2.075	174342838.37890625
2.076	182641737.06054688
2.077	181039683.83789062
2.078	185236389.6484375
2.079	181348655.2734375
2.08	179884456.0546875
2.081	181393312.5
2.082	184818057.6171875
2.083	176035086.42578125
2.084	181068958.0078125
2.085	184136104.98046875
2.086	187931013.18359375
2.087	171941192.3828125
2.088	188426274.4140625
2.089	185210750.48828125
2.09	178641853.515625
2.091	195883474.12109375
2.092	185540689.94140625
2.093	195095977.5390625
2.094	177552511.71875
2.095	187677741.2109375
2.096	188173439.453125
2.097	185252644.53125
2.098	188299049.31640625
2.099	186792753.90625
2.1	186722872.55859375
2.101	194921560.05859375
2.102	189078288.57421875
2.103	188967574.70703125
2.104	191048241.2109375
2.105	183953578.125
2.106	194165395.01953125
2.107	195259496.09375
2.108	189343398.4375
2.109	188224511.71875
2.11	194559833.984375
2.111	197235342.28515625
2.112	183773121.58203125
2.113	194896054.19921875
2.114	200573562.01171875
2.115	197439348.6328125
2.116	196965015.13671875
2.117	184460918.9453125
2.118	192568402.83203125
2.119	192463497.0703125
2.12	196407500.9765625
2.121	196548147.4609375
2.122	196283602.05078125
2.123	197664358.3984375
2.124	195538551.7578125
2.125	202018937.01171875
2.126	197803540.52734375
2.127	197459897.4609375
2.128	191707234.86328125
2.129	190999154.78515625
2.13	193725969.7265625
2.131	198576820.3125
2.132	197930350.09765625
2.133	200336231.4453125
2.134	197852138.18359375
2.135	201438491.2109375
2.136	201696565.91796875
2.137	196278704.1015625
2.138	198677738.76953125
2.139	198990084.47265625
2.14	194925522.4609375
2.141	193564499.51171875
2.142	196374902.34375
2.143	196281290.52734375
2.144	206203930.6640625
2.145	204960602.5390625
2.146	205504362.3046875
2.147	201787327.63671875
2.148	200478666.50390625
2.149	198903458.49609375
2.15	193009356.93359375
2.151	201517553.22265625
2.152	198139077.63671875
2.153	196659204.58984375
2.154	201566730.46875
2.155	202571062.5
2.156	199034630.859375
2.157	200724763.18359375
2.158	204506724.12109375
2.159	200718087.40234375
2.16	199379308.10546875
2.161	202865966.30859375
2.162	199203175.78125
2.163	197004124.51171875
2.164	202772976.07421875
2.165	201840161.62109375
2.166	197607748.046875
2.167	199663286.62109375
2.168	204151421.875
2.169	206999936.03515625
2.17	202100904.78515625
2.171	197453591.30859375
2.172	201172438.4765625
2.173	198626002.44140625
2.174	199119930.17578125
2.175	204047889.16015625
2.176	195115153.3203125
2.177	200832656.25
2.178	196462056.15234375
2.179	195857379.8828125
2.18	200419769.04296875
2.181	202726500.9765625
2.182	201683609.86328125
2.183	197348054.19921875
2.184	201212082.03125
2.185	199416510.7421875
2.186	195334982.421875
2.187	197891738.28125
2.188	199341011.23046875
2.189	201687248.53515625
2.19	198135206.0546875
2.191	202495506.8359375
2.192	199945718.26171875
2.193	194686973.6328125
2.194	198536880.859375
2.195	201446351.5625
2.196	196711646.97265625
2.197	197421352.05078125
2.198	199013239.2578125
2.199	199096208.0078125
2.2	199271329.58984375
2.201	197415154.296875
2.202	196420490.234375
2.203	194736186.03515625
2.204	193130146.97265625
2.205	195675015.13671875
2.206	199242784.66796875
2.207	195940673.828125
2.208	195461939.453125
2.209	197627853.515625
2.21	199132242.1875
2.211	192504368.1640625
2.212	200371393.5546875
2.213	196769123.046875
2.214	198753527.34375
2.215	196462472.16796875
2.216	196848909.66796875
2.217	193908742.67578125
2.218	198168490.72265625
2.219	192330933.59375
2.22	187150797.8515625
2.221	188869525.390625
2.222	194829830.078125
2.223	196801192.3828125
2.224	196928691.89453125
2.225	200258746.58203125
2.226	197839950.1953125
2.227	191010234.86328125
2.228	191855239.74609375
2.229	192115968.75
2.23	192866110.3515625
2.231	197287359.86328125
2.232	199442768.5546875
2.233	189481021.484375
2.234	195977535.64453125
2.235	187250597.16796875
2.236	186539563.4765625
2.237	195780082.51953125
2.238	194301200.68359375
2.239	187631680.17578125
2.24	197851482.91015625
2.241	196551109.375
2.242	187898393.06640625
2.243	187824821.77734375
2.244	189311396.97265625
2.245	191347046.875
2.246	198419050.29296875
2.247	187822953.61328125
2.248	190283506.8359375
2.249	195486490.234375
2.25	182088836.42578125
2.251	195913898.4375
2.252	189309954.1015625
2.253	191097890.625
2.254	187664895.01953125
2.255	187107537.59765625
2.256	189563390.13671875
2.257	193532744.140625
2.258	186236749.0234375
2.259	192151085.9375
2.26	191306717.7734375
2.261	191260173.33984375
2.262	191026245.60546875
2.263	186476312.01171875
2.264	186247574.70703125
2.265	181022441.40625
2.266	189385350.09765625
2.267	189611075.68359375
2.268	189479840.33203125
2.269	187018782.2265625
2.27	183348813.4765625
2.271	185644505.37109375
2.272	181848300.78125
2.273	187026528.3203125
2.274	190762207.51953125
2.275	188110646.97265625
2.276	187349171.875
2.277	191657900.390625
2.278	190824867.67578125
2.279	180785958.49609375
2.28	177773878.41796875
2.281	178889325.68359375
2.282	190539777.83203125
2.283	188906884.27734375
2.284	181790879.63867188
2.285	185291547.11914062
2.286	188434008.7890625
2.287	184822397.94921875
2.288	192806017.578125
2.289	184707211.9140625
2.29	186419234.86328125
2.291	184853270.5078125
2.292	176301399.90234375
2.293	179983931.39648438
2.294	138295148.68164062
2.295	152105521.484375
2.296	156919687.98828125
2.297	159390161.62109375
2.298	159283339.11132812
2.299	163153981.68945312
2.3	168508158.203125
2.301	153383152.58789062
2.302	169145023.19335938
2.303	165229674.8046875
2.304	171192839.84375
2.305	163415097.16796875
2.306	164712240.234375
2.307	166660640.13671875
2.308	165102115.234375
2.309	168503053.7109375
2.31	158049855.46875
2.311	163824824.70703125
2.312	164570030.51757812
2.313	176787829.58984375
2.314	161040031.25
2.315	155113862.79296875
2.316	167617215.08789062
2.317	172545833.74023438
2.318	160486445.55664062
2.319	166939431.88476562
2.32	173975287.59765625
2.321	164995150.87890625
2.322	162698338.37890625
2.323	143843596.6796875
2.324	147135483.88671875
2.325	151480176.26953125
2.326	160110819.3359375
2.327	156029653.07617188
2.328	155528508.7890625
2.329	158677923.09570312
2.33	152564917.72460938
2.331	158224815.18554688
2.332	160182487.3046875
2.333	165569908.69140625
2.334	156813013.671875
2.335	159785498.29101562
2.336	154774662.109375
2.337	155031728.75976562
2.338	163977871.58203125
2.339	154880748.046875
2.34	154692355.95703125
2.341	156034822.75390625
2.342	164792037.109375
2.343	160377958.25195312
2.344	155868058.34960938
2.345	142100338.13476562
2.346	167646107.17773438
2.347	163216456.0546875
2.348	163837558.10546875
2.349	168490157.2265625
2.35	157948954.1015625
2.351	154045207.51953125
2.352	153617494.62890625
2.353	145403902.34375
2.354	145354443.84765625
2.355	161593916.015625
2.356	148432754.39453125
2.357	157165309.81445312
2.358	151577553.7109375
2.359	140125851.80664062
2.36	158774523.4375
2.361	149526288.57421875
2.362	153444229.73632812
2.363	147053430.17578125
2.364	151700010.00976562
2.365	158377238.76953125
2.366	153789178.22265625
2.367	151417655.76171875
2.368	147919634.765625
2.369	151104369.87304688
2.37	153149067.13867188
2.371	146354010.25390625
2.372	163166860.3515625
2.373	151871850.5859375
2.374	153509584.47265625
2.375	158170241.45507812
2.376	150341547.8515625
2.377	150985563.23242188
2.378	151356081.29882812
2.379	145228178.7109375
2.38	162087435.30273438
2.381	141149058.59375
2.382	156971583.49609375
2.383	144099002.68554688
2.384	137070800.53710938
2.385	156362928.46679688
2.386	140355500.8544922
2.387	139208940.5517578
2.388	136728528.56445312
2.389	144863676.02539062
2.39	163635094.48242188
2.391	155355882.32421875
2.392	134997037.109375
2.393	145782032.95898438
2.394	161286211.42578125
2.395	141113890.38085938
2.396	146800973.6328125
2.397	146153173.828125
2.398	142159000.48828125
2.399	153607651.3671875
2.4	149784224.609375
2.401	139030445.80078125
2.402	148009488.28125
2.403	143656330.32226562
2.404	141632556.640625
2.405	146544236.57226562
2.406	147419738.76953125
2.407	144270145.75195312
2.408	132291357.66601562
2.409	139062538.57421875
2.41	139255369.38476562
2.411	142747019.77539062
2.412	143040255.859375
2.413	137009005.61523438
2.414	124693030.02929688
2.415	150738180.17578125
2.416	139267561.76757812
2.417	131180079.34570312
2.418	137469540.28320312
2.419	138128555.17578125
2.42	129111867.43164062
2.421	149572320.06835938
2.422	126006184.81445312
2.423	134457306.88476562
2.424	140909141.11328125
2.425	134126262.20703125
2.426	130881551.26953125
2.427	127441043.45703125
2.428	128305385.49804688
2.429	142485452.63671875
2.43	134644768.79882812
2.431	124451509.03320312
2.432	135448187.98828125
2.433	132442536.86523438
2.434	125327001.953125
2.435	127817874.51171875
2.436	132464965.57617188
2.437	110562705.32226562
2.438	130955424.56054688
2.439	142179869.62890625
2.44	129673510.98632812
2.441	131428582.76367188
2.442	126976413.0859375
2.443	124971097.41210938
2.444	116327359.86328125
2.445	129973762.93945312
2.446	128583856.68945312
2.447	128876754.15039062
2.448	109107716.30859375
2.449	125145268.31054688
2.45	134943497.80273438
2.451	131685397.70507812
2.452	113186523.19335938
2.453	111238476.07421875
2.454	105757625.73242188
2.455	117953665.77148438
2.456	128996816.16210938
2.457	135428492.91992188
2.458	135934001.22070312
2.459	129815585.69335938
2.46	118162561.76757812
2.461	98336203.61328125
2.462	126686968.75
2.463	123216515.86914062
2.464	135675755.61523438
2.465	129096404.54101562
2.466	121080226.80664062
2.467	120402279.05273438
2.468	100135158.203125
2.469	125210247.55859375
2.47	116036361.57226562
2.471	116938119.62890625
2.472	118697684.5703125
2.473	116135712.40234375
2.474	103920620.36132812
2.475	104924884.765625
2.476	106326809.08203125
2.477	131501973.87695312
2.478	121857704.83398438
2.479	103765090.08789062
2.48	122464242.43164062
2.481	113651881.8359375
2.482	103171177.49023438
2.483	107894530.76171875
2.484	126653286.37695312
2.485	132633306.15234375
2.486	123353298.828125
2.487	106820276.3671875
2.488	106079806.640625
2.489	104736351.80664062
2.49	97566604.00390625
2.491	100095136.71875
2.492	118977442.87109375
2.493	112790541.9921875
2.494	131831371.58203125
2.495	118708746.09375
2.496	108200785.64453125
2.497	110112195.3125
2.498	94130575.1953125
2.499	113326499.26757812
2.5	116372088.62304688
2.501	112240198.48632812
2.502	120895353.02734375
2.503	100751905.76171875
2.504	107150674.31640625
2.505	102294178.95507812
2.506	87922507.32421875
2.507	108386495.1171875
2.508	111678539.91699219
2.509	115759244.50683594
2.51	115371347.90039062
2.511	100323851.07421875
2.512	104593152.09960938
2.513	100158713.8671875
2.514	115544439.453125
2.515	88546790.28320312
2.516	102767338.62304688
2.517	114721381.59179688
2.518	104641236.57226562
2.519	106205363.76953125
2.52	107171786.37695312
2.521	108246133.7890625
2.522	102671728.02734375
2.523	111095916.9921875
2.524	92213588.37890625
2.525	99213282.95898438
2.526	99930769.04296875
2.527	111741718.50585938
2.528	93642523.19335938
2.529	102963098.87695312
2.53	113068557.6171875
2.531	117766139.40429688
2.532	107354979.98046875
2.533	87764155.02929688
2.534	115826048.33984375
2.535	102504091.91894531
2.536	91410091.91894531
2.537	99070494.140625
2.538	99890317.01660156
2.539	95379869.99511719
2.54	110907395.99609375
2.541	104980005.12695312
2.542	107731694.3359375
2.543	89672514.40429688
2.544	94403280.76171875
2.545	105489901.85546875
2.546	102125504.63867188
2.547	104449689.69726562
2.548	94289406.49414062
2.549	92489997.31445312
2.55	104601808.59375
2.551	106839302.24609375
2.552	110185610.3515625
2.553	84777841.796875
2.554	108492930.17578125
2.555	101499311.76757812
2.556	98872877.44140625
2.557	102370794.18945312
2.558	105267071.2890625
2.559	105879662.35351562
2.56	97288611.57226562
2.561	83883460.69335938
2.562	111856185.30273438
2.563	88855007.8125
2.564	97096791.9921875
2.565	98780988.03710938
2.566	101787365.234375
2.567	95331851.5625
2.568	99306064.94140625
2.569	98435092.28515625
2.57	98338317.13867188
2.571	127739156.25
2.572	109194203.85742188
2.573	98666145.5078125
2.574	90872791.74804688
2.575	96066265.86914062
2.576	101200668.45703125
2.577	82457328.61328125
2.578	89692870.36132812
2.579	99519128.90625
2.58	122084625.0
2.581	96618356.93359375
2.582	104741002.19726562
2.583	93662461.66992188
2.584	95704955.56640625
2.585	97171314.20898438
2.586	115919552.00195312
2.587	92269587.40234375
2.588	95736728.75976562
2.589	97772953.85742188
2.59	101619460.69335938
2.591	104476768.31054688
2.592	108871722.41210938
2.593	91368782.71484375
2.594	101191851.07421875
2.595	92149697.50976562
2.596	100149993.65234375
2.597	100690637.6953125
2.598	89541746.82617188
2.599	105183342.28515625
