0.7	30660405.029296875
0.701	26804065.795898438
0.702	35738239.2578125
0.703	40570098.388671875
0.704	37976673.95019531
0.705	47535050.65917969
0.706	18333120.1171875
0.707	18215980.224609375
0.708	19743403.442382812
0.709	18481842.95654297
0.71	18139432.80029297
0.711	19198961.486816406
0.712	19640746.88720703
0.713	17999015.502929688
0.714	18005812.561035156
0.715	18772019.409179688
0.716	19422102.5390625
0.717	19956481.62841797
0.718	20890654.418945312
0.719	21874170.776367188
0.72	22014673.828125
0.721	21994934.5703125
0.722	23876517.944335938
0.723	24713549.560546875
0.724	25977901.489257812
0.725	28362684.692382812
0.726	29283898.193359375
0.727	29924222.412109375
0.728	33566284.79003906
0.729	35744185.18066406
0.73	42962296.630859375
0.731	41206904.052734375
0.732	48101852.783203125
0.733	47643224.853515625
0.734	44784776.611328125
0.735	45520024.04785156
0.736	45116492.79785156
0.737	48757176.025390625
0.738	46807735.595703125
0.739	46343165.0390625
0.74	45656719.7265625
0.741	44456140.380859375
0.742	41768236.572265625
0.743	43316461.669921875
0.744	42510192.3828125
0.745	39318016.11328125
0.746	38462750.732421875
0.747	38720404.41894531
0.748	37720898.80371094
0.749	36628152.099609375
0.75	35789287.59765625
0.751	35143310.66894531
0.752	34357708.984375
0.753	33390593.994140625
0.754	32239185.180664062
0.755	31634279.907226562
0.756	30580661.865234375
0.757	29954465.942382812
0.758	29185165.283203125
0.759	27536253.051757812
0.76	25808147.094726562
0.761	24747640.014648438
0.762	23708167.846679688
0.763	21560673.706054688
0.764	19314573.303222656
0.765	16528514.709472656
0.766	12528235.99243164
0.767	9125423.030853271
0.768	14813071.166992188
0.769	15453647.4609375
0.77	9934050.750732422
0.771	15856849.670410156
0.772	19686340.51513672
0.773	22775619.873046875
0.774	25577439.453125
0.775	27837029.174804688
0.776	29972144.287109375
0.777	31198860.3515625
0.778	33290028.564453125
0.779	34961778.93066406
0.78	31833281.25
0.781	39433258.056640625
0.782	41940064.94140625
0.783	42687223.876953125
0.784	43305954.833984375
0.785	44146264.404296875
0.786	47760031.73828125
0.787	49246474.365234375
0.788	55728830.322265625
0.789	58654170.8984375
0.79	61387929.931640625
0.791	64326197.998046875
0.792	60471492.67578125
0.793	69448462.15820312
0.794	72336695.06835938
0.795	57165835.205078125
0.796	82467147.94921875
0.797	87196912.109375
0.798	92357402.09960938
0.799	91779336.18164062
0.8	99782274.90234375
0.801	100438578.125
0.802	114208647.4609375
0.803	117056942.3828125
0.804	119216252.9296875
0.805	123836989.74609375
0.806	131810536.62109375
0.807	138338035.64453125
0.808	146155364.74609375
0.809	147081092.7734375
0.81	166343072.265625
0.811	163318981.93359375
0.812	177385104.4921875
0.813	191715251.46484375
0.814	191632120.1171875
0.815	209303576.171875
0.816	206317086.9140625
0.817	192218679.6875
0.818	172517702.63671875
0.819	134317957.03125
0.82	126384072.265625
0.821	162629393.5546875
0.822	206071829.1015625
0.823	200184939.453125
0.824	216343282.2265625
0.825	201702595.703125
0.826	218814857.421875
0.827	223521095.703125
0.828	208895479.00390625
0.829	173299736.81640625
0.83	236542711.9140625
0.831	211472749.0234375
0.832	226964037.109375
0.833	222948342.7734375
0.834	232213946.2890625
0.835	221902583.0078125
0.836	221217134.765625
0.837	228166770.5078125
0.838	228036300.78125
0.839	187980693.359375
0.84	204352207.03125
0.841	286983382.8125
0.842	263575654.296875
0.843	232455123.046875
0.844	138399019.04296875
0.845	107452936.27929688
0.846	100014749.75585938
0.847	98864921.875
0.848	115444740.72265625
0.849	112627274.90234375
0.85	131692790.52734375
0.851	125042499.51171875
0.852	125657890.13671875
0.853	137291469.7265625
0.854	143842523.4375
0.855	183786523.92578125
0.856	198695872.55859375
0.857	195277438.4765625
0.858	239345277.34375
0.859	220002986.328125
0.86	222193982.421875
0.861	229234470.703125
0.862	258029965.8203125
0.863	267478258.7890625
0.864	254831544.921875
0.865	269088389.6484375
0.866	298305843.75
0.867	318460612.3046875
0.868	302510466.796875
0.869	263399583.984375
0.87	225821657.2265625
0.871	267325186.5234375
0.872	275558031.25
0.873	319493996.09375
0.874	278738296.875
0.875	339949013.671875
0.876	406109703.125
0.877	405900015.625
0.878	424473541.015625
0.879	392059885.7421875
0.88	341750810.546875
0.881	390534406.25
0.882	456164434.5703125
0.883	418503117.1875
0.884	546478359.375
0.885	451383292.96875
0.886	418091105.46875
0.887	223306312.5
0.888	213144926.7578125
0.889	306117661.62109375
0.89	260538192.87109375
0.891	396192730.46875
0.892	246148778.3203125
0.893	383937516.6015625
0.894	356324873.046875
0.895	320011683.10546875
0.896	286016517.578125
0.897	343452960.9375
0.898	396619805.6640625
0.899	385710009.765625
0.9	424041770.5078125
0.901	550118475.5859375
0.902	482586108.3984375
0.903	436375998.046875
0.904	454808289.0625
0.905	565035183.1054688
0.906	446148915.52734375
0.907	505540442.3828125
0.908	720471714.84375
0.909	588260972.65625
0.91	569577662.109375
0.911	557210283.203125
0.912	686237164.0625
0.913	660252953.125
0.914	630223450.1953125
0.915	689704792.4804688
0.916	715030854.9804688
0.917	718301541.015625
0.918	631290942.3828125
0.919	781798376.953125
0.92	666209678.7109375
0.921	550821156.25
0.922	572089797.8515625
0.923	454436334.47265625
0.924	501040924.8046875
0.925	534242568.359375
0.926	535964511.71875
0.927	503758184.5703125
0.928	414796957.03125
0.929	505040851.5625
0.93	442246945.3125
0.931	399433902.34375
0.932	512235015.625
0.933	425478718.75
0.934	604101897.9492188
0.935	357045298.828125
0.936	511897798.33984375
0.937	494007108.3984375
0.938	581368922.8515625
0.939	455738378.90625
0.94	486117012.6953125
0.941	484488095.703125
0.942	634270599.609375
0.943	620056955.078125
0.944	563646064.453125
0.945	596972462.890625
0.946	580284542.96875
0.947	615792904.296875
0.948	750651589.84375
0.949	813945207.03125
0.95	471557961.9140625
0.951	610547637.6953125
0.952	744487029.296875
0.953	694677916.015625
0.954	770965699.21875
0.955	610430933.59375
0.956	772462287.109375
0.957	625311164.0625
0.958	806329914.0625
0.959	820832175.78125
0.96	643610003.90625
0.961	742159633.7890625
0.962	651358309.5703125
0.963	823168785.15625
0.964	467387527.34375
0.965	552096777.34375
0.966	784186011.71875
0.967	824180445.3125
0.968	569386718.75
0.969	625680101.5625
0.97	781322683.59375
0.971	545912617.1875
0.972	744870927.734375
0.973	623743263.671875
0.974	651898121.09375
0.975	683970753.90625
0.976	775748294.921875
0.977	694967720.703125
0.978	719882572.265625
0.979	504574861.328125
0.98	773009445.3125
0.981	796354367.1875
0.982	721224710.9375
0.983	733925253.90625
0.984	816602988.28125
0.985	882850380.859375
0.986	854543943.359375
0.987	834770589.84375
0.988	861480003.90625
0.989	908679152.34375
0.99	296203768.5546875
0.991	117496828.61328125
0.992	108389853.515625
0.993	142282524.90234375
0.994	225617695.3125
0.995	308696394.53125
0.996	297263001.953125
0.997	289892208.0078125
0.998	209885867.1875
0.999	210857466.796875
1.0	264418959.47265625
1.001	341431740.72265625
1.002	350470312.01171875
1.003	522639015.13671875
1.004	341961924.8046875
1.005	392527891.6015625
1.006	155430845.21484375
1.007	317209866.69921875
1.008	454935731.4453125
1.009	442602522.4609375
1.01	522683909.1796875
1.011	461026870.1171875
1.012	333240349.609375
1.013	392661760.25390625
1.014	292281160.64453125
1.015	347894190.91796875
1.016	308177471.6796875
1.017	322256145.99609375
1.018	424802484.375
1.019	357260263.18359375
1.02	368916425.78125
1.021	521633170.8984375
1.022	338929008.30078125
1.023	427392950.1953125
1.024	533991137.6953125
1.025	533525431.640625
1.026	327859791.50390625
1.027	436299205.56640625
1.028	426999049.0722656
1.029	442269457.2753906
1.03	405518622.0703125
1.031	571509333.0078125
1.032	469573917.48046875
1.033	577249964.3554688
1.034	445557519.53125
1.035	517780127.9296875
1.036	648408552.734375
1.037	739034283.203125
1.038	621072345.703125
1.039	560047461.9140625
1.04	600918533.203125
1.041	794958714.84375
1.042	591244522.4609375
1.043	516865172.8515625
1.044	795975221.6796875
1.045	945555375.0
1.046	982963430.1757812
1.047	543965875.9765625
1.048	704393384.0332031
1.049	862506802.9785156
1.05	710804894.53125
1.051	778259497.0703125
1.052	654234875.9765625
1.053	858224387.6953125
1.054	996136376.953125
1.055	933738302.734375
1.056	941821697.265625
1.057	756986696.2890625
1.058	864834891.6015625
1.059	803783193.359375
1.06	986824256.8359375
1.061	969682117.1875
1.062	906488291.015625
1.063	1068833724.609375
1.064	1086549669.921875
1.065	964131486.328125
1.066	844106015.1367188
1.067	877342471.6796875
1.068	922714222.65625
1.069	992026924.8046875
1.07	986769833.984375
1.071	944507384.2773438
1.072	1021445584.9609375
1.073	936823892.578125
1.074	915635942.3828125
1.075	1004012625.4882812
1.076	950583191.8945312
1.077	1094420500.9765625
1.078	1188649940.4296875
1.079	1129669574.21875
1.08	1135252024.4140625
1.081	1060167497.0703125
1.082	962449249.0234375
1.083	1094570890.625
1.084	1261206634.765625
1.085	1102771200.6835938
1.086	1041683441.8945312
1.087	1082222647.4609375
1.088	1183166612.3046875
1.089	916432469.7265625
1.09	1127675796.875
1.091	1036940625.9765625
1.092	1134093655.2734375
1.093	1237542083.984375
1.094	1126009906.25
1.095	1127715614.7460938
1.096	1031732514.1601562
1.097	1157540968.75
1.098	1005026954.1015625
1.099	1094573438.4765625
1.1	1059697479.4921875
1.101	1163950668.9453125
1.102	1028709636.71875
1.103	946022583.984375
1.104	985565722.65625
1.105	1026313791.015625
1.106	1066996085.9375
1.107	942399656.25
1.108	991121264.6484375
1.109	959326870.1171875
1.11	916080105.46875
1.111	919582749.0234375
1.112	993578171.875
1.113	1056257923.828125
1.114	1055016273.4375
1.115	1019461072.265625
1.116	1044196863.28125
1.117	1071668640.625
1.118	1141125523.4375
1.119	1030655338.8671875
1.12	1026590816.40625
1.121	991669728.0273438
1.122	1099811760.2539062
1.123	1080485054.6875
1.124	1169709644.53125
1.125	1104837964.84375
1.126	1156397974.609375
1.127	1096997043.9453125
1.128	1126530395.5078125
1.129	1127024351.5625
1.13	994760656.25
1.131	1196046191.40625
1.132	1208887447.265625
1.133	1062492561.5234375
1.134	1057381052.734375
1.135	991430199.21875
1.136	1054505878.90625
1.137	1001731245.1171875
1.138	668798739.2578125
1.139	800390716.796875
1.14	787168381.8359375
1.141	575127749.0234375
1.142	991341884.765625
1.143	1041018029.296875
1.144	1083327042.96875
1.145	1137440591.796875
1.146	1168187457.03125
1.147	1114228133.7890625
1.148	1005989101.5625
1.149	1218316511.71875
1.15	1275134365.234375
1.151	1200530921.875
1.152	1235951458.984375
1.153	1179180000.0
1.154	1124690099.609375
1.155	1265186810.546875
1.156	1213352902.34375
1.157	1187167078.125
1.158	1208834192.3828125
1.159	1183893008.7890625
1.16	1150698644.53125
1.161	1034785884.765625
1.162	1174541289.0625
1.163	1203038888.671875
1.164	1079443085.9375
1.165	1218598371.09375
1.166	1112096011.71875
1.167	1191996187.5
1.168	1037374726.5625
1.169	497583562.98828125
1.17	752033589.84375
1.171	1070450189.453125
1.172	1186209851.5625
1.173	1200929761.71875
1.174	1123355443.359375
1.175	1108946501.953125
1.176	956803957.03125
1.177	528359460.44921875
1.178	453518505.37109375
1.179	935563173.828125
1.18	1109757109.375
1.181	1144490474.609375
1.182	1184934875.0
1.183	1209879197.265625
1.184	1209835189.453125
1.185	1236481966.796875
1.186	1201310429.6875
1.187	1229674570.3125
1.188	1159202740.234375
1.189	1009851117.1875
1.19	1228657632.8125
1.191	1269452027.34375
1.192	1286550042.96875
1.193	1255284464.84375
1.194	1182986910.15625
1.195	1190601294.921875
1.196	1175830304.6875
1.197	1022461814.453125
1.198	888801472.65625
1.199	1138112814.453125
1.2	1142232013.671875
1.201	1171457509.765625
1.202	1151667759.765625
1.203	1202671451.171875
1.204	1235904791.015625
1.205	1205891685.546875
1.206	1366814640.625
1.207	1212790576.171875
1.208	1363138570.3125
1.209	1144400095.703125
1.21	1314896515.625
1.211	1191914703.125
1.212	1235509019.53125
1.213	1299292007.8125
1.214	1282608767.578125
1.215	1319515667.96875
1.216	1298303217.7734375
1.217	1285317040.0390625
1.218	1301278031.25
1.219	1307767906.25
1.22	1269936603.515625
1.221	1262927529.296875
1.222	1294504242.1875
1.223	1237568550.78125
1.224	1300207517.578125
1.225	1359073082.03125
1.226	1349425335.9375
1.227	1340759525.390625
1.228	1365440076.171875
1.229	1296155828.125
1.23	1339429761.71875
1.231	1372541980.46875
1.232	1312223281.25
1.233	1310175890.625
1.234	1313349503.90625
1.235	1305001597.65625
1.236	1295280548.828125
1.237	1307153238.28125
1.238	1298039457.03125
1.239	1304945027.34375
1.24	1308136773.4375
1.241	1159849818.359375
1.242	1189023179.6875
1.243	959378473.1445312
1.244	800671920.4101562
1.245	1284102953.125
1.246	1272922126.953125
1.247	1224453529.296875
1.248	1251842580.078125
1.249	1285582816.40625
1.25	1107665328.125
1.251	1253824226.5625
1.252	811066221.1914062
1.253	763776373.046875
1.254	1259781595.703125
1.255	1280729251.953125
1.256	1229663785.15625
1.257	1376586843.75
1.258	1282711515.625
1.259	1296897371.09375
1.26	1353613166.015625
1.261	1337908941.40625
1.262	1277008734.375
1.263	1371953539.0625
1.264	1252273210.9375
1.265	1346004425.78125
1.266	1298524847.65625
1.267	1346338984.375
1.268	1338581269.53125
1.269	1378043378.90625
1.27	1340101427.734375
1.271	1401061748.046875
1.272	1426471832.03125
1.273	1417983164.0625
1.274	1343880685.546875
1.275	1280222718.75
1.276	1405682771.484375
1.277	1364304330.078125
1.278	1364121781.25
1.279	1438568066.40625
1.28	1334584128.90625
1.281	1355109560.546875
1.282	1317480273.4375
1.283	1267380146.484375
1.284	1355592087.890625
1.285	1265263167.96875
1.286	1242273478.515625
1.287	1270419439.453125
1.288	1286798816.40625
1.289	1291719798.828125
1.29	1307404068.359375
1.291	1340176218.75
1.292	1271139570.3125
1.293	1138228669.921875
1.294	1328648636.71875
1.295	1276087763.671875
1.296	1476475347.65625
1.297	1393362015.625
1.298	1379266539.0625
1.299	1348420062.5
1.3	1417371183.59375
1.301	1323892343.75
1.302	1354745289.0625
1.303	1328952503.90625
1.304	1357591902.34375
1.305	1278964996.09375
1.306	1421256355.46875
1.307	1269848890.625
1.308	1420378119.140625
1.309	1318237033.203125
1.31	1353371296.875
1.311	1377874929.6875
1.312	1406680304.6875
1.313	1325433093.75
1.314	1358257757.8125
1.315	1396539472.65625
1.316	1378837855.46875
1.317	1328193785.15625
1.318	1335426027.34375
1.319	1396003421.875
1.32	1240762488.28125
1.321	1314791675.78125
1.322	1307220847.65625
1.323	1318562734.375
1.324	1281355796.875
1.325	1220951267.578125
1.326	1308634009.765625
1.327	1136115287.109375
1.328	1215137958.984375
1.329	1194869474.609375
1.33	1212320033.203125
1.331	1064776115.234375
1.332	861150840.8203125
1.333	989708012.6953125
1.334	981827251.953125
1.335	612541304.6875
1.336	637305586.9140625
1.337	567908965.8203125
1.338	577647524.4140625
1.339	628605248.046875
1.34	607414958.984375
1.341	765568823.2421875
1.342	548597432.6171875
1.343	521318247.0703125
1.344	664870066.40625
1.345	556874539.0625
1.346	742625802.2460938
1.347	549392429.1992188
1.348	420264783.203125
1.349	647120218.75
1.35	616047726.5625
1.351	561260125.9765625
1.352	523850812.98828125
1.353	675382435.0585938
1.354	478629359.375
1.355	481237116.2109375
1.356	578445455.078125
1.357	600905816.40625
1.358	607621766.6015625
1.359	640114422.3632812
1.36	645592736.8164062
1.361	622051344.7265625
1.362	459263783.203125
1.363	728470531.25
1.364	751885330.078125
1.365	639984929.6875
1.366	807790853.515625
1.367	721023728.515625
1.368	716180813.4765625
1.369	664560117.1875
1.37	744332062.5
1.371	697692705.078125
1.372	762568093.75
1.373	729790509.765625
1.374	767789097.65625
1.375	790040492.1875
1.376	805275904.296875
1.377	774876703.125
1.378	816423384.765625
1.379	818008453.125
1.38	884189066.40625
1.381	711106402.34375
1.382	824007187.5
1.383	555859347.65625
1.384	842053753.90625
1.385	668100703.125
1.386	654185887.6953125
1.387	872061672.8515625
1.388	607681238.28125
1.389	756047882.8125
1.39	705869524.4140625
1.391	628011572.265625
1.392	612316565.4296875
1.393	644743089.84375
1.394	648387843.75
1.395	615243661.1328125
1.396	602584466.796875
1.397	619660049.8046875
1.398	570578526.3671875
1.399	669011086.9140625
1.4	596914889.6484375
1.401	535835008.7890625
1.402	724276959.9609375
1.403	724276067.3828125
1.404	642867982.421875
1.405	559639957.5195312
1.406	869593470.703125
1.407	582781517.578125
1.408	635541087.890625
1.409	534904526.6113281
1.41	634346931.8847656
1.411	634229178.7109375
1.412	475273602.5390625
1.413	650774349.609375
1.414	498447309.5703125
1.415	596324012.6953125
1.416	704712328.125
1.417	558233554.6875
1.418	518385301.7578125
1.419	471233146.97265625
1.42	614047824.21875
1.421	636903965.8203125
1.422	595112755.859375
1.423	556539852.5390625
1.424	451949010.7421875
1.425	623102039.0625
1.426	534286270.5078125
1.427	618008427.734375
1.428	581933770.5078125
1.429	408679037.109375
1.43	719333114.2578125
1.431	678972513.671875
1.432	567385611.328125
1.433	642514166.015625
1.434	393586695.3125
1.435	634702387.6953125
1.436	670385183.59375
1.437	601983884.765625
1.438	634133384.765625
1.439	611865079.1015625
1.44	559709929.6875
1.441	561809091.796875
1.442	614239963.8671875
1.443	684548193.359375
1.444	672559383.7890625
1.445	472715350.5859375
1.446	693561817.3828125
1.447	591442704.1015625
1.448	662218612.3046875
1.449	719719660.15625
1.45	582524351.5625
1.451	495413641.6015625
1.452	819961898.4375
1.453	737057951.171875
1.454	619904863.28125
1.455	737950887.6953125
1.456	598262951.171875
1.457	502128051.7578125
1.458	745376984.375
1.459	794870806.640625
1.46	753936781.25
1.461	737066647.4609375
1.462	615055047.8515625
1.463	512959688.4765625
1.464	731289591.796875
1.465	723254285.15625
1.466	762549406.25
1.467	762692505.859375
1.468	598636265.625
1.469	552722109.375
1.47	673425279.296875
1.471	682173400.390625
1.472	752956359.375
1.473	785775628.90625
1.474	659825916.015625
1.475	628915525.390625
1.476	683433597.65625
1.477	723524375.0
1.478	720306218.75
1.479	805512416.015625
1.48	642602602.5390625
1.481	722600266.6015625
1.482	604066126.953125
1.483	746193167.96875
1.484	781098505.859375
1.485	696572970.703125
1.486	744848544.921875
1.487	763084659.1796875
1.488	695114654.296875
1.489	699278571.2890625
1.49	711063824.21875
1.491	787184511.71875
1.492	773576054.6875
1.493	769664908.203125
1.494	716214724.609375
1.495	717719968.75
1.496	719321629.8828125
1.497	778829696.2890625
1.498	789558556.640625
1.499	805710281.25
1.5	783553216.796875
1.501	769960001.953125
1.502	673503791.015625
1.503	830894406.25
1.504	789795689.453125
1.505	833755060.546875
1.506	797617482.421875
1.507	821890287.109375
1.508	751387558.59375
1.509	817751621.09375
1.51	777026964.84375
1.511	790799349.609375
1.512	840779042.96875
1.513	778740845.703125
1.514	788000312.5
1.515	894047046.875
1.516	808643546.875
1.517	662465201.171875
1.518	763137646.484375
1.519	834330240.234375
1.52	818273941.40625
1.521	887034056.640625
1.522	849107876.953125
1.523	862551933.59375
1.524	872298804.6875
1.525	806033242.1875
1.526	809771134.765625
1.527	848805849.609375
1.528	851296814.453125
1.529	849725378.90625
1.53	905435201.171875
1.531	885185968.75
1.532	790096457.03125
1.533	819541189.453125
1.534	923307132.8125
1.535	872080281.25
1.536	901347906.25
1.537	877260152.34375
1.538	867345826.171875
1.539	940384916.015625
1.54	867139007.8125
1.541	847702333.984375
1.542	892904154.296875
1.543	883119167.96875
1.544	863669935.546875
1.545	905258587.890625
1.546	948261529.296875
1.547	894343136.71875
1.548	885266964.84375
1.549	907958882.8125
1.55	920722730.46875
1.551	867440158.203125
1.552	922450458.984375
1.553	925950269.53125
1.554	919099169.921875
1.555	903127238.28125
1.556	906645353.515625
1.557	905538261.71875
1.558	874184400.390625
1.559	913057755.859375
1.56	933436691.40625
1.561	909954738.28125
1.562	935305599.609375
1.563	928261792.96875
1.564	942409343.75
1.565	910914363.28125
1.566	890164167.96875
1.567	961645759.765625
1.568	977254435.546875
1.569	928359449.21875
1.57	929831349.609375
1.571	946385216.796875
1.572	935526818.359375
1.573	946794814.453125
1.574	960169945.3125
1.575	953545630.859375
1.576	958382910.15625
1.577	969581488.28125
1.578	931923693.359375
1.579	966608994.140625
1.58	953850208.984375
1.581	958480412.109375
1.582	955213533.203125
1.583	975366367.1875
1.584	940358962.890625
1.585	951791767.578125
1.586	983758513.671875
1.587	969380560.546875
1.588	980699896.484375
1.589	988117744.140625
1.59	954661160.15625
1.591	983684960.9375
1.592	970159289.0625
1.593	963407658.203125
1.594	970948925.78125
1.595	977276908.203125
1.596	997090179.6875
1.597	983171332.03125
1.598	965595667.96875
1.599	964121345.703125
1.6	977372634.765625
1.601	986815134.765625
1.602	958983253.90625
1.603	991940326.171875
1.604	974023837.890625
1.605	974857656.25
1.606	964447304.6875
1.607	977470011.71875
1.608	981534523.4375
1.609	973854277.34375
1.61	982655201.171875
1.611	968339333.984375
1.612	978308033.203125
1.613	981693031.25
1.614	978040333.984375
1.615	970277984.375
1.616	992677644.53125
1.617	1004022775.390625
1.618	998561667.96875
1.619	957974220.703125
1.62	975716886.71875
1.621	958545103.515625
1.622	980663533.203125
1.623	983989283.203125
1.624	990976654.296875
1.625	975922187.5
1.626	985204724.609375
1.627	990689746.09375
1.628	982274703.125
1.629	970509533.203125
1.63	990622591.796875
1.631	976680757.8125
1.632	975738093.75
1.633	991167685.546875
1.634	990967642.578125
1.635	990383585.9375
1.636	990038554.6875
1.637	983947033.203125
1.638	980270279.296875
1.639	983360492.1875
1.64	978316751.953125
1.641	979277615.234375
1.642	965234947.265625
1.643	971120240.234375
1.644	970882505.859375
1.645	983672150.390625
1.646	976058878.90625
1.647	974711095.703125
1.648	976039261.71875
1.649	980266523.4375
1.65	972244300.78125
1.651	972080265.625
1.652	975669392.578125
1.653	962687890.625
1.654	978166519.53125
1.655	968177994.140625
1.656	972664205.078125
1.657	974450060.546875
1.658	969840947.265625
1.659	957882792.96875
1.66	959473785.15625
1.661	956483693.359375
1.662	947524966.796875
1.663	971535425.78125
1.664	971041974.609375
1.665	964518890.625
1.666	969006880.859375
1.667	954501855.46875
1.668	953935865.234375
1.669	959491505.859375
1.67	960647064.453125
1.671	958920271.484375
1.672	949993511.71875
1.673	953148732.421875
1.674	956081753.90625
1.675	961202000.0
1.676	965795630.859375
1.677	944684355.46875
1.678	955415470.703125
1.679	948633980.46875
1.68	947605689.453125
1.681	944807083.984375
1.682	951552865.234375
1.683	949716158.203125
1.684	939937197.265625
1.685	946534425.78125
1.686	937802470.703125
1.687	926501886.71875
1.688	934120855.46875
1.689	913466693.359375
1.69	924736503.90625
1.691	939847283.203125
1.692	908995408.203125
1.693	918508527.34375
1.694	917454724.609375
1.695	905724988.28125
1.696	908286642.578125
1.697	891970574.21875
1.698	891088214.84375
1.699	891055757.8125
1.7	885101601.5625
1.701	888241728.515625
1.702	898734164.0625
1.703	890702046.875
1.704	866577152.34375
1.705	868540958.984375
1.706	883039996.09375
1.707	871384716.796875
1.708	833843939.453125
1.709	839251568.359375
1.71	882652056.640625
1.711	824599583.984375
1.712	824565453.125
1.713	823467035.15625
1.714	813324369.140625
1.715	805137457.03125
1.716	798333494.140625
1.717	776022490.234375
1.718	764420539.0625
1.719	736597984.375
1.72	778817753.90625
1.721	774800687.5
1.722	801906673.828125
1.723	749633634.765625
1.724	758128732.421875
1.725	790150158.203125
1.726	767871894.53125
1.727	666641996.09375
1.728	757508023.4375
1.729	741598189.453125
1.73	740696570.3125
1.731	757866111.328125
1.732	647518111.328125
1.733	719926257.8125
1.734	720807550.78125
1.735	687966074.21875
1.736	701322523.4375
1.737	665370140.625
1.738	707380412.109375
1.739	704446763.671875
1.74	636939899.4140625
1.741	588623270.5078125
1.742	691143847.65625
1.743	672788484.375
1.744	659544823.2421875
1.745	635194967.7734375
1.746	649629144.53125
1.747	581487028.3203125
1.748	616480698.2421875
1.749	659272644.53125
1.75	635909705.078125
1.751	546482752.9296875
1.752	612892952.1484375
1.753	666684519.53125
1.754	537891863.28125
1.755	599678170.8984375
1.756	490429618.1640625
1.757	573314834.9609375
1.758	512001243.1640625
1.759	552871327.1484375
1.76	657396531.25
1.761	522213219.7265625
1.762	551764159.1796875
1.763	476768665.0390625
1.764	601313128.90625
1.765	538572541.015625
1.766	645766660.15625
1.767	472119809.5703125
1.768	408181909.1796875
1.769	456736200.1953125
1.77	544292161.1328125
1.771	527710305.6640625
1.772	464053914.55078125
1.773	433002204.58984375
1.774	584396108.3984375
1.775	465557146.484375
1.776	400235626.953125
1.777	474857886.71875
1.778	476319417.96875
1.779	470366620.1171875
1.78	485270750.0
1.781	404108823.2421875
1.782	459242879.8828125
1.783	416665219.7265625
1.784	495971950.1953125
1.785	399690460.9375
1.786	364117147.4609375
1.787	352385858.88671875
1.788	417993250.48828125
1.789	480476602.5390625
1.79	518742946.2890625
1.791	345758237.3046875
1.792	382849405.2734375
1.793	444740171.875
1.794	374536975.5859375
1.795	410337371.09375
1.796	365222903.3203125
1.797	399434335.9375
1.798	471547300.29296875
1.799	457324603.515625
1.8	363338243.1640625
1.801	298209669.921875
1.802	347780685.546875
1.803	368849275.390625
1.804	485445439.453125
1.805	371466447.265625
1.806	305308209.47265625
1.807	382369861.81640625
1.808	367621290.0390625
1.809	406027361.81640625
1.81	475059706.54296875
1.811	281729441.89453125
1.812	375725970.21484375
1.813	355846193.359375
1.814	532296294.921875
1.815	396143076.171875
1.816	353212011.23046875
1.817	344375627.9296875
1.818	389897474.12109375
1.819	355092474.12109375
1.82	345064839.35546875
1.821	340233341.30859375
1.822	257830500.0
1.823	434228926.26953125
1.824	545984936.5234375
1.825	438249327.1484375
1.826	347590016.11328125
1.827	347811861.328125
1.828	362573077.1484375
1.829	442143385.7421875
1.83	411203673.828125
1.831	319234788.0859375
1.832	370154451.171875
1.833	373346744.140625
1.834	449321806.640625
1.835	337419872.0703125
1.836	348466396.97265625
1.837	399549246.09375
1.838	343435445.3125
1.839	383361852.5390625
1.84	336194445.3125
1.841	477508852.5390625
1.842	331048068.359375
1.843	374814254.8828125
1.844	303713169.921875
1.845	370627613.76953125
1.846	362611156.73828125
1.847	313906848.6328125
1.848	302260220.21484375
1.849	339567364.74609375
1.85	294268451.66015625
1.851	370075663.57421875
1.852	397789036.1328125
1.853	321694398.4375
1.854	292314163.0859375
1.855	341155641.6015625
1.856	354011640.625
1.857	261231705.56640625
1.858	265624598.6328125
1.859	308511952.1484375
1.86	272115070.80078125
1.861	248622249.0234375
1.862	351330925.78125
1.863	330695500.9765625
1.864	306563530.76171875
1.865	265755927.734375
1.866	353758151.85546875
1.867	349119978.515625
1.868	250750201.66015625
1.869	413057358.3984375
1.87	369244814.453125
1.871	287882047.36328125
1.872	352364190.91796875
1.873	261305996.58203125
1.874	339749251.953125
1.875	352073023.4375
1.876	363270133.7890625
1.877	287293633.7890625
1.878	363555322.75390625
1.879	327677208.0078125
1.88	381051611.328125
1.881	305782654.78515625
1.882	364403444.3359375
1.883	448625398.4375
1.884	401065610.3515625
1.885	278469654.296875
1.886	399800611.328125
1.887	371346184.5703125
1.888	424476461.9140625
1.889	325111815.4296875
1.89	376656923.828125
1.891	378091652.34375
1.892	297670375.9765625
1.893	376676158.203125
1.894	386343403.3203125
1.895	387625006.8359375
1.896	383806116.2109375
1.897	419366020.5078125
1.898	358342591.796875
1.899	398461173.828125
1.9	398187475.5859375
1.901	353533383.30078125
1.902	424329209.47265625
1.903	374034479.4921875
1.904	399894222.65625
1.905	391725547.8515625
1.906	331049791.015625
1.907	346579480.46875
1.908	444929540.0390625
1.909	433948091.796875
1.91	399250861.328125
1.911	341027742.67578125
1.912	381275524.90234375
1.913	416760502.9296875
1.914	361226371.09375
1.915	445507673.828125
1.916	357635419.921875
1.917	373011819.3359375
1.918	420593998.046875
1.919	461069586.9140625
1.92	322538069.3359375
1.921	294558425.78125
1.922	416627904.296875
1.923	392011141.6015625
1.924	307448703.61328125
1.925	378273224.609375
1.926	384407933.10546875
1.927	324536854.00390625
1.928	433008814.94140625
1.929	316387132.8125
1.93	343159255.859375
1.931	267149673.33984375
1.932	295276641.11328125
1.933	359247915.52734375
1.934	302604410.15625
1.935	385538498.046875
1.936	334071169.921875
1.937	357207700.1953125
1.938	355751651.3671875
1.939	294315256.34765625
1.94	271540823.2421875
1.941	281695835.9375
1.942	342317622.55859375
1.943	337778844.23828125
1.944	332137278.80859375
1.945	254830200.68359375
1.946	239797877.9296875
1.947	317934766.6015625
1.948	281923868.1640625
1.949	286098241.69921875
1.95	331834989.74609375
1.951	270073043.45703125
1.952	336967041.9921875
1.953	270336322.265625
1.954	324523664.55078125
1.955	287411040.0390625
1.956	280541161.1328125
1.957	345190983.3984375
1.958	314067182.6171875
1.959	412397256.8359375
1.96	297188917.96875
1.961	271529212.890625
1.962	307892322.265625
1.963	342315366.69921875
1.964	323133813.4765625
1.965	303872998.53515625
1.966	350333617.67578125
1.967	372595501.953125
1.968	284682512.6953125
1.969	317244247.0703125
1.97	383822387.6953125
1.971	279256636.71875
1.972	330312508.7890625
1.973	314934012.6953125
1.974	288270249.51171875
1.975	299851738.28125
1.976	236919943.84765625
1.977	282096679.6875
1.978	228324682.12890625
1.979	267006455.56640625
1.98	256523076.66015625
1.981	314850451.171875
1.982	274691728.515625
1.983	302323396.484375
1.984	305453588.37890625
1.985	317972067.87109375
1.986	294601342.7734375
1.987	276795790.0390625
1.988	304905860.3515625
1.989	298167803.7109375
1.99	249083289.0625
1.991	295499269.04296875
1.992	270927142.578125
1.993	309487249.0234375
1.994	350494862.3046875
1.995	296850852.5390625
1.996	341825914.0625
1.997	338809332.51953125
1.998	285710820.3125
1.999	336440640.13671875
2.0	269900700.1953125
2.001	338987175.78125
2.002	312913784.1796875
2.003	344410155.76171875
2.004	345832406.73828125
2.005	360115191.40625
2.006	321042591.30859375
2.007	308267927.24609375
2.008	374045038.0859375
2.009	267909659.66796875
2.01	296224436.03515625
2.011	297564685.546875
2.012	337176907.2265625
2.013	343336457.03125
2.014	336673149.4140625
2.015	353104000.0
2.016	307145059.08203125
2.017	312929315.91796875
2.018	364184943.359375
2.019	328812259.765625
2.02	266760115.72265625
2.021	374213988.76953125
2.022	367953903.3203125
2.023	346875080.078125
2.024	384674283.69140625
2.025	351312947.75390625
2.026	297288793.9453125
2.027	331622170.8984375
2.028	343373971.6796875
2.029	298568316.89453125
2.03	355526645.99609375
2.031	301859555.6640625
2.032	389565887.6953125
2.033	363189073.2421875
2.034	354878601.5625
2.035	353976036.1328125
2.036	303898724.609375
2.037	387661208.0078125
2.038	365772765.625
2.039	337520637.20703125
2.04	343201276.85546875
2.041	335293916.015625
2.042	375364543.9453125
2.043	402852576.171875
2.044	325727849.609375
2.045	327670403.3203125
2.046	343450199.21875
2.047	377134578.125
2.048	386973912.109375
2.049	333843455.078125
2.05	335548451.171875
2.051	408232713.8671875
2.052	356110064.453125
2.053	366690208.0078125
2.054	343170610.83984375
2.055	358547136.23046875
2.056	343850758.7890625
2.057	389526393.5546875
2.058	405908007.8125
2.059	377346651.3671875
2.06	389703291.015625
2.061	348403993.1640625
2.062	371079817.3828125
2.063	369841965.8203125
2.064	318078277.34375
2.065	380362712.890625
2.066	371448208.984375
2.067	393619397.4609375
2.068	386463795.8984375
2.069	365231063.4765625
2.07	404270908.203125
2.071	384743725.09765625
2.072	357245687.01171875
2.073	367897306.640625
2.074	373740668.9453125
2.075	367186073.2421875
2.076	385860707.03125
2.077	381446468.75
2.078	393795517.578125
2.079	384545631.8359375
2.08	381553160.15625
2.081	385431839.84375
2.082	388503117.1875
2.083	372942276.3671875
2.084	378770008.7890625
2.085	386586777.34375
2.086	391761220.703125
2.087	360917623.046875
2.088	395360170.8984375
2.089	388899017.578125
2.09	372162096.6796875
2.091	408386963.8671875
2.092	389103201.171875
2.093	406949954.1015625
2.094	366948575.1953125
2.095	388890824.21875
2.096	390666593.75
2.097	389017508.7890625
2.098	391724487.3046875
2.099	387496763.671875
2.1	385780184.5703125
2.101	401863642.578125
2.102	391675960.9375
2.103	390051960.9375
2.104	396234771.484375
2.105	376576042.96875
2.106	397475644.53125
2.107	400542596.6796875
2.108	392705374.0234375
2.109	387047078.125
2.11	405712321.2890625
2.111	400068363.28125
2.112	378223903.3203125
2.113	397646441.40625
2.114	408580667.96875
2.115	402073514.6484375
2.116	401075562.5
2.117	376995169.921875
2.118	395819701.171875
2.119	391399487.3046875
2.12	397285385.7421875
2.121	395026409.1796875
2.122	397131381.8359375
2.123	398425875.0
2.124	397935267.578125
2.125	405402538.0859375
2.126	398451840.8203125
2.127	396258790.0390625
2.128	382890693.359375
2.129	384981185.546875
2.13	392287838.8671875
2.131	399468653.3203125
2.132	398994906.25
2.133	401426048.828125
2.134	390846080.078125
2.135	400987960.9375
2.136	399546034.1796875
2.137	391750754.8828125
2.138	392938303.7109375
2.139	396965210.9375
2.14	385677101.5625
2.141	388636323.2421875
2.142	392434895.5078125
2.143	393250420.8984375
2.144	405030589.84375
2.145	403093410.15625
2.146	403662538.0859375
2.147	398734515.625
2.148	394014156.25
2.149	393370773.4375
2.15	383214268.5546875
2.151	398449658.203125
2.152	392054689.453125
2.153	385760197.265625
2.154	395648843.75
2.155	396694587.890625
2.156	392437450.1953125
2.157	392703308.59375
2.158	397212438.4765625
2.159	394660356.4453125
2.16	388449277.34375
2.161	395827975.5859375
2.162	387574975.5859375
2.163	387089649.4140625
2.164	393353524.4140625
2.165	392643301.7578125
2.166	385359538.0859375
2.167	389838558.59375
2.168	395250125.9765625
2.169	398588345.703125
2.17	390657766.6015625
2.171	383917978.515625
2.172	388922432.6171875
2.173	384092472.65625
2.174	387041199.21875
2.175	391622406.25
2.176	380327532.2265625
2.177	388171974.609375
2.178	380153749.0234375
2.179	378606761.71875
2.18	386381212.890625
2.181	388091618.1640625
2.182	383844094.7265625
2.183	380145491.2109375
2.184	384988156.25
2.185	380693606.4453125
2.186	377644945.3125
2.187	381111043.9453125
2.188	382982572.265625
2.189	384781401.3671875
2.19	379976297.8515625
2.191	385686774.4140625
2.192	381050678.7109375
2.193	373741228.515625
2.194	380041245.1171875
2.195	381895511.71875
2.196	377709188.4765625
2.197	377037544.921875
2.198	379510379.8828125
2.199	378594519.53125
2.2	379195049.8046875
2.201	376432197.265625
2.202	375083458.984375
2.203	371430961.9140625
2.204	370700705.078125
2.205	369377557.6171875
2.206	368607000.9765625
2.207	369211970.703125
2.208	370151990.234375
2.209	368840314.453125
2.21	373956084.9609375
2.211	367992206.0546875
2.212	376444316.40625
2.213	370006654.296875
2.214	374244871.09375
2.215	371617506.8359375
2.216	370614096.6796875
2.217	366721964.84375
2.218	372008890.625
2.219	362880861.328125
2.22	358433567.3828125
2.221	359934172.8515625
2.222	366969898.4375
2.223	368859361.328125
2.224	369025107.421875
2.225	372429757.8125
2.226	369724548.828125
2.227	361064201.171875
2.228	360647490.234375
2.229	362102380.859375
2.23	361557229.4921875
2.231	367348320.3125
2.232	368433067.3828125
2.233	358210653.3203125
2.234	362930234.375
2.235	355429429.6875
2.236	353879346.6796875
2.237	363387772.4609375
2.238	362470501.953125
2.239	354971098.6328125
