# Flux units: erg / (cm m2 s)
# Wavelength units: Angstrom
wave	flux
7000.0	2456934.272766113
7010.0	2472995.498657226
7020.0	2520699.241638183
7030.0	2576184.173583984
7040.0	2615209.7625732417
7050.0	2665367.7978515616
7060.0	2656024.1241455073
7070.0	2690224.8077392573
7080.0	2734915.1458740225
7090.0	2763175.384521484
7100.0	2790212.249755859
7110.0	2838180.4046630855
7120.0	2874806.3659667964
7130.0	2900046.4477539053
7140.0	2934492.309570312
7150.0	2977445.617675781
7160.0	3020580.3680419917
7170.0	3060784.1644287105
7180.0	3106848.663330077
7190.0	3149900.299072265
7200.0	3187837.493896484
7210.0	3227068.527221679
7220.0	3269675.018310546
7230.0	3317984.4055175777
7240.0	3354832.199096679
7250.0	3406996.994018554
7260.0	3445228.622436523
7270.0	3490022.0794677725
7280.0	3535656.814575195
7290.0	3578980.010986327
7300.0	3628245.5902099605
7310.0	3663967.803955077
7320.0	3712532.226562499
7330.0	3751889.7857666006
7340.0	3790127.7465820303
7350.0	3830764.4042968745
7360.0	3870462.631225585
7370.0	3914169.4793701167
7380.0	3952688.5986328116
7390.0	3991807.556152343
7400.0	4034496.4141845694
7410.0	4073897.3236083975
7420.0	4107031.2957763667
7430.0	4155416.1682128897
7440.0	4195619.201660155
7450.0	4230625.625610351
7460.0	4268454.666137694
7470.0	4312069.091796874
7480.0	4350394.210815429
7490.0	4384432.76977539
7500.0	4422535.827636718
7510.0	4463639.63317871
7520.0	4496771.331787108
7530.0	4527794.7845458975
7540.0	4560866.760253905
7550.0	4595125.1068115225
7560.0	4621887.634277343
7570.0	4651377.655029296
7580.0	4685701.339721679
7590.0	4698149.124145507
7600.0	4692601.135253905
7610.0	4687225.997924804
7620.0	4662426.757812499
7630.0	4572485.443115233
7640.0	4445746.826171874
7650.0	4296529.876708983
7660.0	4181582.946777343
7670.0	3824851.125717162
7680.0	4325888.839721679
7690.0	4393007.064819335
7700.0	3993988.6245727534
7710.0	4498797.012329101
7720.0	4765296.524047851
7730.0	5035493.774414062
7740.0	5272084.014892576
7750.0	5458183.929443358
7760.0	5612731.964111327
7770.0	5741533.599853515
7780.0	5864917.236328124
7790.0	5979798.065185546
7800.0	5817822.357177733
7810.0	6167949.401855468
7820.0	6294457.702636718
7830.0	6384032.501220702
7840.0	6492882.324218749
7850.0	6581727.111816404
7860.0	6691092.437744139
7870.0	6781120.300292968
7880.0	6884979.736328124
7890.0	6984338.317871093
7900.0	7104936.370849608
7910.0	7198578.063964843
7920.0	7287553.0700683575
7930.0	7401266.326904296
7940.0	7498065.704345701
7950.0	7191214.385986327
7960.0	7707543.7927246075
7970.0	7824075.439453123
7980.0	7939075.34790039
7990.0	8037712.219238279
8000.0	8135130.279541014
8010.0	8244890.9606933575
8020.0	8370706.451416014
8030.0	8487510.37597656
8040.0	8565356.506347654
8050.0	8676460.357666014
8060.0	8821136.932373045
8070.0	8932460.510253904
8080.0	9045698.120117186
8090.0	9140492.584228514
8100.0	9337112.030029295
8110.0	9403638.15307617
8120.0	9568480.682373045
8130.0	9734181.488037108
8140.0	9838841.583251951
8150.0	10040125.732421873
8160.0	10141897.216796873
8170.0	10188152.46582031
8180.0	10304829.589843748
8190.0	10234158.203124998
8200.0	10091743.95751953
8210.0	10568478.393554686
8220.0	10847711.05957031
8230.0	10927723.693847654
8240.0	11119256.042480467
8250.0	11109483.886718746
8260.0	11324663.146972654
8270.0	11485842.041015623
8280.0	11533605.10253906
8290.0	11524395.62988281
8300.0	11927576.721191404
8310.0	11911197.448730465
8320.0	12125974.73144531
8330.0	12252427.429199217
8340.0	12397819.580078123
8350.0	12487958.618164059
8360.0	12640795.776367186
8370.0	12803569.091796873
8380.0	13078550.720214842
8390.0	12834144.714355467
8400.0	13046185.546874996
8410.0	13741585.510253903
8420.0	13736502.868652342
8430.0	13832742.736816403
8440.0	13287634.21630859
8450.0	13174344.05517578
8460.0	13199345.764160154
8470.0	13356029.907226559
8480.0	13596574.64599609
8490.0	13686288.452148436
8500.0	13920234.008789059
8510.0	14038329.284667965
8520.0	14181243.835449215
8530.0	14310080.200195309
8540.0	14506626.58691406
8550.0	14875156.982421871
8560.0	15064799.560546873
8570.0	15201494.689941403
8580.0	15534218.444824215
8590.0	15538028.320312498
8600.0	15654484.191894528
8610.0	15778497.131347653
8620.0	15987024.658203121
8630.0	16102801.39160156
8640.0	16190147.644042965
8650.0	16434059.082031246
8660.0	16851524.475097653
8670.0	17033343.749999996
8680.0	17058466.73583984
8690.0	16909210.20507812
8700.0	16215633.972167965
8710.0	16630317.81005859
8720.0	16732973.449707028
8730.0	17391378.112792965
8740.0	17125487.670898434
8750.0	17861203.73535156
8760.0	18722403.503417965
8770.0	18909241.271972653
8780.0	19369981.38427734
8790.0	19285483.215332028
8800.0	18453163.085937496
8810.0	19465046.203613278
8820.0	20665200.43945312
8830.0	20619641.23535156
8840.0	22260454.71191406
8850.0	21000955.078124993
8860.0	21306299.01123046
8870.0	19285966.491699215
8880.0	19731384.277343746
8890.0	20479766.72363281
8900.0	20380222.77832031
8910.0	21858940.67382812
8920.0	20575317.62695312
8930.0	21911086.30371093
8940.0	22119114.01367187
8950.0	21607632.324218743
8960.0	21831590.454101555
8970.0	22424604.492187496
8980.0	23360011.718749996
8990.0	23503172.60742187
9000.0	24400916.992187496
9010.0	26199454.956054684
9020.0	25672529.296874996
9030.0	24774148.315429684
9040.0	25448339.72167968
9050.0	27790171.142578118
9060.0	26237192.99316406
9070.0	27091265.50292968
9080.0	32440928.710937496
9090.0	29998791.015624996
9100.0	28979227.783203118
9110.0	29510715.45410156
9120.0	32909725.585937493
9130.0	32338390.86914062
9140.0	31976962.158203118
9150.0	33845429.19921874
9160.0	35034269.04296874
9170.0	35680293.579101555
9180.0	33593907.95898437
9190.0	38268914.91699218
9200.0	35378587.524414055
9210.0	31704210.937499996
9220.0	31465758.544921868
9230.0	29131458.984374993
9240.0	30079666.74804687
9250.0	31181933.227539055
9260.0	31243337.28027343
9270.0	30992238.64746093
9280.0	29227028.320312496
9290.0	30808003.295898434
9300.0	30105200.80566406
9310.0	29570899.780273434
9320.0	31681036.132812496
9330.0	30501450.07324218
9340.0	34225163.45214843
9350.0	29395824.95117187
9360.0	32717291.992187496
9370.0	32519238.525390618
9380.0	35112617.18749999
9390.0	32973832.76367187
9400.0	34226391.47949218
9410.0	34249010.62011718
9420.0	38083589.59960937
9430.0	38490760.62011718
9440.0	36412451.293945305
9450.0	37554120.97167968
9460.0	38358767.211914055
9470.0	38041455.44433593
9480.0	43114730.95703124
9490.0	45552908.44726562
9500.0	35350846.06933593
9510.0	39887450.56152343
9520.0	44736086.18164061
9530.0	43949656.24999999
9540.0	47601629.394531235
9550.0	44171649.41406249
9560.0	46787475.09765624
9570.0	43412247.80273437
9580.0	52584953.12499999
9590.0	51870139.16015624
9600.0	47341052.73437499
9610.0	50636705.81054687
9620.0	47663558.83789062
9630.0	55673132.08007811
9640.0	45381074.21874999
9650.0	48127173.58398437
9660.0	55838887.45117187
9670.0	58654599.60937499
9680.0	52831467.04101561
9690.0	52650625.24414062
9700.0	59222504.63867186
9710.0	51558747.80273437
9720.0	56777645.26367187
9730.0	53132698.97460937
9740.0	52405355.22460937
9750.0	54441366.21093749
9760.0	56638084.96093749
9770.0	55544659.91210936
9780.0	56412409.91210937
9790.0	51610250.24414062
9800.0	57613281.00585936
9810.0	57133797.363281235
9820.0	52222762.69531249
9830.0	54222566.894531235
9840.0	59114068.359374985
9850.0	60645233.64257811
9860.0	62118842.04101561
9870.0	61850164.550781235
9880.0	62061555.90820312
9890.0	67022675.29296874
9900.0	38042150.39062499
9910.0	33301769.40917968
9920.0	33109276.367187493
9930.0	34758977.172851555
9940.0	37006486.20605468
9950.0	39112192.504882805
9960.0	38933770.75195312
9970.0	39282359.25292968
9980.0	37665185.79101562
9990.0	37607909.790039055
10000.0	39382423.58398437
10010.0	41360539.672851555
10020.0	41764720.09277343
10030.0	48214117.309570305
10040.0	42045063.47656249
10050.0	44655233.15429687
10060.0	37716032.10449218
10070.0	42257002.5024414
10080.0	46487860.77880858
10090.0	46758568.72558593
10100.0	50509029.17480468
10110.0	47741607.421874985
10120.0	43746259.399414055
10130.0	45867493.774414055
10140.0	43173512.93945311
10150.0	45248459.594726555
10160.0	44097218.38378905
10170.0	44369432.98339843
10180.0	48221098.51074218
10190.0	46196486.69433593
10200.0	46060381.10351562
10210.0	52060616.3330078
10220.0	46087597.65624999
10230.0	49100976.92871092
10240.0	53449960.81542967
10250.0	54410101.6845703
10260.0	46433251.70898436
10270.0	50519265.86914062
10280.0	49577302.12402343
10290.0	52060078.00292967
10300.0	50091396.85058592
10310.0	57639752.80761718
10320.0	52500312.74414062
10330.0	59514252.44140624
10340.0	52659482.42187499
10350.0	58629113.52539061
10360.0	62824760.62011717
10370.0	71489031.49414061
10380.0	61869421.9970703
10390.0	58305197.875976555
10400.0	67176948.97460936
10410.0	75271340.9423828
10420.0	61503000.488281235
10430.0	56858004.0283203
10440.0	76513809.32617186
10450.0	88791975.8300781
10460.0	98222051.51367185
10470.0	60122023.80371092
10480.0	70251469.11621092
10490.0	87090584.47265624
10500.0	79295381.34765624
10510.0	79258759.64355467
10520.0	66583248.65722655
10530.0	87392758.78906249
10540.0	97369434.32617185
10550.0	96086566.89453122
10560.0	88738079.10156249
10570.0	75926803.22265624
10580.0	93604214.11132811
10590.0	93580547.36328124
10600.0	107776068.35937499
10610.0	103763832.76367185
10620.0	91611820.06835936
10630.0	110316554.9316406
10640.0	121608217.04101561
10650.0	107290106.44531249
10660.0	101369769.28710936
10670.0	96438127.92968749
10680.0	109859943.35937497
10690.0	121577587.89062499
10700.0	117914655.02929686
10710.0	114935712.15820311
10720.0	125123058.34960936
10730.0	116984425.53710936
10740.0	115699548.46191403
10750.0	126212711.0595703
10760.0	124799328.61328122
10770.0	137905654.78515622
10780.0	149775093.74999997
10790.0	139552964.35546872
10800.0	140242746.82617185
10810.0	133968609.74121091
10820.0	128334135.62011717
10830.0	138273034.4238281
10840.0	159391181.8847656
10850.0	142990497.07031247
10860.0	136813154.29687497
10870.0	141496133.78906247
10880.0	155729205.56640622
10890.0	119306083.49609372
10900.0	144519026.36718747
10910.0	138490793.70117185
10920.0	149127025.6347656
10930.0	157243837.1582031
10940.0	145440874.51171872
10950.0	148207422.97363278
10960.0	135370235.22949216
10970.0	147644324.21874997
10980.0	133430432.8613281
10990.0	140608447.5097656
11000.0	136312892.33398435
11010.0	145198319.33593747
11020.0	133988772.21679686
11030.0	120928363.28124999
11040.0	120533411.62109372
11050.0	127389893.55468747
11060.0	125917561.52343749
11070.0	117717172.85156249
11080.0	124280963.37890624
11090.0	123940589.23339842
11100.0	117025706.90917966
11110.0	114447146.24023436
11120.0	131176311.27929686
11130.0	136901573.36425778
11140.0	132585263.79394528
11150.0	132168860.5957031
11160.0	135145769.53124997
11170.0	133102425.78124999
11180.0	151538600.58593747
11190.0	135116271.7285156
11200.0	132028404.5410156
11210.0	131870493.89648435
11220.0	145797068.84765622
11230.0	144141293.94531247
11240.0	154320874.02343747
11250.0	149751056.15234372
11260.0	155289312.49999997
11270.0	149799005.85937497
11280.0	156576544.67773435
11290.0	157391986.5722656
11300.0	141065654.05273435
11310.0	165241569.82421872
11320.0	163676702.88085935
11330.0	148214927.9785156
11340.0	140597725.34179685
11350.0	127154204.10156247
11360.0	143997751.70898435
11370.0	143162857.91015622
11380.0	109107511.10839841
11390.0	122846334.1064453
11400.0	121531534.42382811
11410.0	102448837.40234372
11420.0	144832864.01367185
11430.0	147047334.71679685
11440.0	149038458.98437497
11450.0	165140580.56640622
11460.0	170921236.32812497
11470.0	164090558.59374997
11480.0	148521979.49218747
11490.0	182810267.8222656
11500.0	189857899.6582031
11510.0	178531350.58593747
11520.0	182099819.09179685
11530.0	170830959.71679682
11540.0	165482868.16406247
11550.0	191084745.60546872
11560.0	181770172.60742185
11570.0	180052258.0566406
11580.0	183410523.9257812
11590.0	179528278.32031247
11600.0	172122064.45312494
11610.0	156659363.28124997
11620.0	176581276.36718747
11630.0	189573617.67578122
11640.0	163032146.97265622
11650.0	188800163.57421872
11660.0	162464705.07812497
11670.0	174304496.58203122
11680.0	148838257.32421872
11690.0	98963161.62109374
11700.0	121018589.84374997
11710.0	158579451.90429685
11720.0	177083393.06640622
11730.0	178614828.85742185
11740.0	168981787.84179685
11750.0	163367287.84179685
11760.0	141383828.12499997
11770.0	105510687.86621092
11780.0	97859538.2080078
11790.0	142484628.1738281
11800.0	167894220.70312497
11810.0	177757813.9648437
11820.0	183653348.14453122
11830.0	192285370.3613281
11840.0	193096810.54687494
11850.0	198380860.10742185
11860.0	197634085.44921872
11870.0	201049449.21874997
11880.0	192441762.69531247
11890.0	171417082.51953122
11900.0	205676265.62499997
11910.0	210934800.04882807
11920.0	217873873.77929685
11930.0	215757854.00390622
11940.0	195142200.68359372
11950.0	196278251.95312497
11960.0	198576862.30468747
11970.0	174267485.10742185
11980.0	154329349.8535156
11990.0	181234999.51171872
12000.0	180854733.39843747
12010.0	186925298.33984372
12020.0	185760659.66796872
12030.0	193974197.26562497
12040.0	213700061.03515622
12050.0	204334060.54687497
12060.0	249902266.11328122
12070.0	207074405.27343747
12080.0	244982922.85156247
12090.0	196500207.03124997
12100.0	232389862.30468744
12110.0	199964764.64843744
12120.0	215185100.58593747
12130.0	229340218.26171872
12140.0	240915513.67187497
12150.0	244787445.8007812
12160.0	237105649.41406247
12170.0	242512541.50390622
12180.0	243070801.75781247
12190.0	248078017.57812494
12200.0	231540981.93359372
12210.0	231856796.87499997
12220.0	230982348.1445312
12230.0	225109272.46093747
12240.0	243642033.69140622
12250.0	262748343.74999994
12260.0	259804327.6367187
12270.0	257754528.8085937
12280.0	268512782.22656244
12290.0	254979530.7617187
12300.0	259961474.1210937
12310.0	267789620.11718747
12320.0	249641653.80859372
12330.0	253519004.88281247
12340.0	254632629.3945312
12350.0	248843177.73437494
12360.0	248902505.85937497
12370.0	257858886.71874994
12380.0	252566906.24999994
12390.0	248934402.34374997
12400.0	253807260.2539062
12410.0	215986002.68554685
12420.0	217633893.7988281
12430.0	177331365.72265622
12440.0	157111887.20703122
12450.0	241610228.51562494
12460.0	242809479.49218744
12470.0	242028146.97265622
12480.0	244265845.70312497
12490.0	251588656.7382812
12500.0	216017139.64843747
12510.0	237900095.70312497
12520.0	163403848.14453122
12530.0	157826507.81249997
12540.0	239906219.9707031
12550.0	252059034.91210935
12560.0	246978630.85937497
12570.0	284052964.84374994
12580.0	255260968.74999994
12590.0	267919945.8007812
12600.0	284110881.3476562
12610.0	284262263.1835937
12620.0	261989140.1367187
12630.0	284268262.2070312
12640.0	257374488.7695312
12650.0	276357330.07812494
12660.0	272779871.5820312
12670.0	291728580.5664062
12680.0	289285887.69531244
12690.0	303581898.43749994
12700.0	289700192.38281244
12710.0	305370093.2617187
12720.0	312399919.92187494
12730.0	315837277.34374994
12740.0	294141645.50781244
12750.0	273969351.0742187
12760.0	311108942.8710937
12770.0	300921128.4179687
12780.0	302155908.6914062
12790.0	323496872.07031244
12800.0	298417066.1621093
12810.0	305653339.11132807
12820.0	303573780.27343744
12830.0	292752562.0117187
12840.0	309540049.80468744
12850.0	298238618.6523437
12860.0	272421048.3398437
12870.0	286270551.75781244
12880.0	289518718.74999994
12890.0	294212484.8632812
12900.0	305472884.76562494
12910.0	315597516.60156244
12920.0	294667687.2558593
12930.0	255930153.5644531
12940.0	314449915.03906244
12950.0	299567133.78906244
12960.0	353274327.14843744
12970.0	328985674.80468744
12980.0	330542995.11718744
12990.0	317881966.79687494
13000.0	335746672.8515624
13010.0	316826971.67968744
13020.0	322502520.50781244
13030.0	316293701.17187494
13040.0	327074020.50781244
13050.0	304256818.8476562
13060.0	348416875.48828113
13070.0	296123626.4648437
13080.0	347289900.8789062
13090.0	315324406.24999994
13100.0	324495905.7617187
13110.0	338096970.2148437
13120.0	342302819.33593744
13130.0	320971527.8320312
13140.0	325876419.92187494
13150.0	339819189.45312494
13160.0	333513453.12499994
13170.0	327884167.4804687
13180.0	319064953.6132812
13190.0	343174416.01562494
13200.0	300021950.19531244
13210.0	321171185.54687494
13220.0	315692916.01562494
13230.0	319606129.88281244
13240.0	301621491.21093744
13250.0	281723107.9101562
13260.0	313800533.6914062
13270.0	268478459.4726562
13280.0	287866717.2851562
13290.0	282285251.95312494
13300.0	271664449.7070312
13310.0	239042364.7460937
13320.0	180362281.7382812
13330.0	211664002.92968744
13340.0	209248783.6914062
13350.0	140443570.5566406
13360.0	146992130.1269531
13370.0	135565544.1894531
13380.0	137405588.62304685
13390.0	146761673.33984372
13400.0	147321762.69531247
13410.0	166794470.70312497
13420.0	135660062.49999997
13430.0	133519642.82226561
13440.0	152095889.8925781
13450.0	139938369.62890622
13460.0	160568315.55175778
13470.0	139764880.98144528
13480.0	122009387.45117186
13490.0	150244054.9316406
13500.0	149804834.47265622
13510.0	141677167.96874997
13520.0	133843320.06835935
13530.0	153802713.86718747
13540.0	126801835.20507811
13550.0	129296842.77343747
13560.0	142711949.21874997
13570.0	143198688.47656247
13580.0	144081033.93554685
13590.0	147899630.2490234
13600.0	151559354.12597653
13610.0	147425186.7675781
13620.0	127605787.59765624
13630.0	163923358.88671872
13640.0	168736784.4238281
13650.0	150575769.7753906
13660.0	176836093.26171872
13670.0	164149296.87499997
13680.0	160673505.37109372
13690.0	153556718.26171872
13700.0	164332084.96093747
13710.0	157637121.3378906
13720.0	167985381.34765622
13730.0	165005599.36523435
13740.0	167543812.49999994
13750.0	173952074.21874994
13760.0	178160332.51953122
13770.0	172815403.32031247
13780.0	182841891.35742185
13790.0	179909352.29492185
13800.0	196366809.57031247
13810.0	164849462.40234372
13820.0	188604211.91406247
13830.0	145892588.86718747
13840.0	189329605.46874997
13850.0	163082617.18749997
13860.0	158923517.08984372
13870.0	194504815.9179687
13880.0	156270370.60546872
13890.0	180208563.96484372
13900.0	168714656.98242185
13910.0	155937120.60546872
13920.0	156398713.37890622
13930.0	164113216.30859372
13940.0	160940199.70703122
13950.0	155467426.75781247
13960.0	155101401.36718747
13970.0	158814775.14648435
13980.0	150412199.70703122
13990.0	166120657.22656247
14000.0	154436970.9472656
14010.0	146027513.18359372
14020.0	175984838.86718747
14030.0	172561136.71874994
14040.0	159332288.08593747
14050.0	153203887.45117185
14060.0	202638932.1289062
14070.0	153959661.62109372
14080.0	159510353.02734372
14090.0	151972124.75585935
14100.0	162305427.24609372
14110.0	162160706.78710935
14120.0	142420724.12109372
14130.0	167815620.36132807
14140.0	148151541.74804685
14150.0	158536549.80468747
14160.0	175330015.13671872
14170.0	154461228.7597656
14180.0	147651231.6894531
14190.0	145998243.65234372
14200.0	162016218.0175781
14210.0	166598854.7363281
14220.0	159364258.54492185
14230.0	154690020.50781247
14240.0	143551796.87499997
14250.0	163557310.54687497
14260.0	151279278.80859372
14270.0	165051394.04296872
14280.0	158728899.6582031
14290.0	138099869.87304685
14300.0	182522131.83593747
14310.0	177131159.17968747
14320.0	156762961.91406247
14330.0	169060011.2304687
14340.0	136494373.2910156
14350.0	171118934.32617185
14360.0	175177381.34765622
14370.0	165054626.46484372
14380.0	170931086.42578122
14390.0	170117401.85546872
14400.0	161507778.80859372
14410.0	159295699.70703122
14420.0	165922991.4550781
14430.0	183127312.25585932
14440.0	178862117.18749997
14450.0	149190754.1503906
14460.0	181563001.2207031
14470.0	163779116.21093747
14480.0	178526352.05078122
14490.0	189529439.45312497
14500.0	166818830.07812497
14510.0	155028679.19921872
14520.0	210980005.37109372
14530.0	193539077.63671872
14540.0	169553508.78906247
14550.0	196098793.94531247
14560.0	169669069.33593747
14570.0	156848840.82031247
14580.0	196595671.87499997
14590.0	206187550.2929687
14600.0	200223256.34765622
14610.0	195172017.8222656
14620.0	174351664.79492185
14630.0	159645987.79296872
14640.0	196424921.38671872
14650.0	194314848.63281247
14660.0	203775225.09765622
14670.0	206091956.05468747
14680.0	173173729.98046872
14690.0	168567448.24218747
14700.0	187363739.74609372
14710.0	190494707.03124997
14720.0	201833480.46874994
14730.0	212105329.58984372
14740.0	185055124.51171872
14750.0	181605159.17968747
14760.0	191427867.18749997
14770.0	198774878.90624997
14780.0	200885435.05859372
14790.0	219590250.97656244
14800.0	183406286.86523432
14810.0	201689018.79882807
14820.0	180043971.67968747
14830.0	203193663.5742187
14840.0	215132802.2460937
14850.0	197703581.54296872
14860.0	205481853.51562497
14870.0	211235430.66406247
14880.0	196736549.3164062
14890.0	199313575.19531247
14900.0	198503592.77343744
14910.0	220204707.03124997
14920.0	213547030.27343744
14930.0	214759907.71484372
14940.0	200845246.58203122
14950.0	204437713.37890622
14960.0	204985116.69921872
14970.0	216931812.9882812
14980.0	221213500.4882812
14990.0	224899898.43749997
15000.0	220062855.46874994
15010.0	217643225.58593747
15020.0	193965474.12109372
15030.0	235637981.93359372
15040.0	223098665.03906247
15050.0	235034241.21093747
15060.0	225538614.25781247
15070.0	232625116.21093744
15080.0	216214460.44921872
15090.0	235678174.31640622
15100.0	222762346.67968747
15110.0	224339486.32812494
15120.0	242911732.42187494
15130.0	223984481.9335937
15140.0	228531840.82031247
15150.0	261132528.8085937
15160.0	239299604.98046872
15170.0	209415591.79687497
15180.0	227165808.59374997
15190.0	242337584.4726562
15200.0	238131945.80078122
15210.0	260994584.96093744
15220.0	247991188.9648437
15230.0	254424242.6757812
15240.0	259708819.8242187
15250.0	236772133.3007812
15260.0	239384869.14062497
15270.0	249447484.8632812
15280.0	252815997.5585937
15290.0	252507055.66406244
15300.0	269583731.9335937
15310.0	265293810.0585937
15320.0	236212116.69921872
15330.0	247326405.7617187
15340.0	283793553.2226562
15350.0	262214140.1367187
15360.0	273004419.4335937
15370.0	265553703.12499994
15380.0	263940524.41406244
15390.0	291862668.4570312
15400.0	265082021.48437494
15410.0	259716115.7226562
15420.0	277431346.1914062
15430.0	271171177.73437494
15440.0	262708517.0898437
15450.0	286379597.65624994
15460.0	301143791.01562494
15470.0	278819437.49999994
15480.0	277198902.8320312
15490.0	286023506.83593744
15500.0	291014607.9101562
15510.0	273917349.1210937
15520.0	295494038.08593744
15530.0	298410717.77343744
15540.0	296664120.11718744
15550.0	295171255.85937494
15560.0	289188941.8945312
15570.0	292953429.1992187
15580.0	278040616.21093744
15590.0	298122926.75781244
15600.0	297833160.15624994
15610.0	295895162.5976562
15620.0	308380809.57031244
15630.0	303796882.3242187
15640.0	310872050.2929687
15650.0	293955001.95312494
15660.0	289337511.71874994
15670.0	326042498.04687494
15680.0	333355105.4687499
15690.0	311074326.17187494
15700.0	311274778.32031244
15710.0	321414151.8554687
15720.0	316968851.56249994
15730.0	320317546.87499994
15740.0	331589877.4414062
15750.0	330787188.47656244
15760.0	330354034.17968744
15770.0	331003952.6367187
15780.0	322399677.2460937
15790.0	328000702.14843744
15800.0	331865585.93749994
15810.0	330596410.15624994
15820.0	332452336.9140624
15830.0	347360488.28124994
15840.0	327401473.63281244
15850.0	334887521.48437494
15860.0	351542375.4882812
15870.0	342856650.87890613
15880.0	351249425.78124994
15890.0	351916145.5078124
15900.0	338019851.0742187
15910.0	350573983.8867187
15920.0	350217069.33593744
15930.0	349444094.7265624
15940.0	353500123.04687494
15950.0	356917510.74218744
15960.0	365282743.16406244
15970.0	359420351.56249994
15980.0	352201964.84374994
15990.0	356900916.0156249
16000.0	360567140.62499994
16010.0	364553166.01562494
16020.0	352368924.80468744
16030.0	371435751.95312494
16040.0	361936277.3437499
16050.0	361481958.00781244
16060.0	363080109.37499994
16070.0	366066407.22656244
16080.0	374371997.07031244
16090.0	370762440.42968744
16100.0	369557814.45312494
16110.0	363302593.74999994
16120.0	368491253.90624994
16130.0	375988181.6406249
16140.0	374665743.16406244
16150.0	372598614.25781244
16160.0	382341524.41406244
16170.0	386021511.7187499
16180.0	390260905.27343744
16190.0	367756411.13281244
16200.0	375649723.63281244
16210.0	370638981.44531244
16220.0	381936880.85937494
16230.0	386472166.99218744
16240.0	388215709.96093744
16250.0	386053833.00781244
16260.0	383074759.76562494
16270.0	389083290.03906244
16280.0	392595478.51562494
16290.0	384525249.99999994
16300.0	393063437.49999994
16310.0	384363156.24999994
16320.0	390543101.56249994
16330.0	395581538.08593744
16340.0	399765311.52343744
16350.0	396346443.3593749
16360.0	398824358.3984374
16370.0	398332715.82031244
16380.0	399736113.28124994
16390.0	396333999.99999994
16400.0	395947958.00781244
16410.0	401226698.24218744
16420.0	392269540.03906244
16430.0	397242929.68749994
16440.0	401301256.83593744
16450.0	407362245.11718744
16460.0	404930703.12499994
16470.0	403144613.28124994
16480.0	409215392.57812494
16490.0	404805381.83593744
16500.0	404424311.52343744
16510.0	402584146.48437494
16520.0	410066625.97656244
16530.0	403605557.61718744
16540.0	409742592.77343744
16550.0	408411432.61718744
16560.0	412535364.2578124
16570.0	415487611.3281249
16580.0	412020003.9062499
16590.0	406408725.58593744
16600.0	403371798.82812494
16610.0	403957385.7421874
16620.0	401698404.29687494
16630.0	414233579.10156244
16640.0	417758653.32031244
16650.0	413510456.05468744
16660.0	420243579.10156244
16670.0	410643672.85156244
16680.0	412819980.46874994
16690.0	415111910.15624994
16700.0	416419549.8046874
16710.0	417956422.85156244
16720.0	412885449.21874994
16730.0	415486871.09374994
16740.0	417321224.6093749
16750.0	423080389.6484374
16760.0	426351995.1171874
16770.0	411720294.92187494
16780.0	421099803.7109374
16790.0	420718502.92968744
16800.0	416875878.90624994
16810.0	420001003.9062499
16820.0	423842020.5078124
16830.0	419951668.9453124
16840.0	417880104.49218744
16850.0	422191680.66406244
16860.0	421340546.87499994
16870.0	406583096.67968744
16880.0	416588997.0703124
16890.0	404845167.96874994
16900.0	422673143.5546874
16910.0	421858723.6328124
16920.0	398905698.24218744
16930.0	409655971.67968744
16940.0	410189926.75781244
16950.0	402198921.87499994
16960.0	403872272.46093744
16970.0	392284648.43749994
16980.0	392589927.73437494
16990.0	396864512.69531244
17000.0	391371521.4843749
17010.0	390346289.06249994
17020.0	408255051.7578124
17030.0	401561464.84374994
17040.0	378790739.25781244
17050.0	382951170.89843744
17060.0	395937993.16406244
17070.0	385249151.36718744
17080.0	361055432.6171874
17090.0	365926557.61718744
17100.0	399347281.24999994
17110.0	353549270.5078124
17120.0	353950470.70312494
17130.0	358602099.60937494
17140.0	349105287.5976562
17150.0	341101754.3945312
17160.0	337993886.71874994
17170.0	326460884.76562494
17180.0	320828743.16406244
17190.0	306947172.85156244
17200.0	329861051.75781244
17210.0	333132093.2617187
17220.0	350618990.7226562
17230.0	311809733.39843744
17240.0	326334720.70312494
17250.0	342257992.18749994
17260.0	329597662.5976562
17270.0	274373700.19531244
17280.0	318310831.05468744
17290.0	311152469.72656244
17300.0	313650953.6132812
17310.0	331661412.5976562
17320.0	266634947.26562497
17330.0	306555635.74218744
17340.0	303234661.13281244
17350.0	285359409.6679687
17360.0	295578854.9804687
17370.0	273129164.5507812
17380.0	298338374.02343744
17390.0	298734580.07812494
17400.0	268057467.77343744
17410.0	246375163.5742187
17420.0	292726636.71874994
17430.0	287450335.93749994
17440.0	276131175.2929687
17450.0	262343459.4726562
17460.0	277365301.2695312
17470.0	242334496.09374994
17480.0	259502699.21874994
17490.0	285425294.92187494
17500.0	271530674.80468744
17510.0	234936072.26562497
17520.0	260502609.37499994
17530.0	286771696.7773437
17540.0	232882372.07031244
17550.0	258607593.26171872
17560.0	217535001.4648437
17570.0	245518857.91015622
17580.0	224801272.46093747
17590.0	237717634.27734372
17600.0	286293649.41406244
17610.0	227675939.45312494
17620.0	244973019.53124994
17630.0	213707830.07812497
17640.0	265882244.14062497
17650.0	236793322.75390622
17660.0	285426994.6289062
17670.0	218164583.00781247
17680.0	194973110.35156247
17690.0	210324262.69531247
17700.0	241486847.65624994
17710.0	235917418.94531244
17720.0	214881076.66015622
17730.0	203723914.55078122
17740.0	257109748.04687494
17750.0	213797661.13281247
17760.0	198088711.66992185
17770.0	218012197.50976557
17780.0	217111890.62499997
17790.0	220437342.77343744
17800.0	225318918.45703122
17810.0	198357958.00781244
17820.0	215438454.58984372
17830.0	205068145.9960937
17840.0	227477404.78515622
17850.0	196662367.18749994
17860.0	187610244.14062497
17870.0	185138485.83984372
17880.0	205783644.0429687
17890.0	221938400.39062494
17900.0	238166459.96093747
17910.0	183289962.89062497
17920.0	194210384.76562494
17930.0	211154601.56249994
17940.0	192140633.78906244
17950.0	203391722.16796872
17960.0	191074279.78515622
17970.0	204746646.48437497
17980.0	221896833.98437497
17990.0	222769954.58984372
18000.0	186727578.12499997
18010.0	173079536.62109372
18020.0	184382126.95312497
18030.0	192578918.45703122
18040.0	227860740.23437497
18050.0	195709385.49804685
18060.0	171241416.74804685
18070.0	195521590.33203122
18080.0	194157369.6289062
18090.0	203442391.60156244
18100.0	225015716.30859372
18110.0	165749594.23828122
18120.0	194525007.32421872
18130.0	189040341.79687497
18140.0	246820634.2773437
18150.0	205498549.80468747
18160.0	187035717.77343747
18170.0	188964981.44531247
18180.0	199454915.52734372
18190.0	189287448.73046872
18200.0	186763522.46093747
18210.0	186390714.3554687
18220.0	161920178.71093747
18230.0	217666934.08203122
18240.0	255210022.46093747
18250.0	211900104.0039062
18260.0	188363795.4101562
18270.0	190151199.21874997
18280.0	189737916.01562497
18290.0	215236831.54296872
18300.0	207670968.2617187
18310.0	181720121.09374994
18320.0	198134616.69921872
18330.0	192235648.92578122
18340.0	218308684.08203122
18350.0	187444214.84374997
18360.0	188729840.0878906
18370.0	207276209.71679685
18380.0	189064475.58593747
18390.0	200358968.74999994
18400.0	187102521.97265622
18410.0	231348687.9882812
18420.0	181616929.68749997
18430.0	195684419.92187497
18440.0	177397169.67773435
18450.0	197043066.65039057
18460.0	190661375.48828122
18470.0	178967729.00390622
18480.0	177149020.50781247
18490.0	188319822.75390622
18500.0	172886749.02343747
18510.0	196831822.26562497
18520.0	206547783.20312497
18530.0	183644262.20703122
18540.0	174026212.4023437
18550.0	191899224.60937497
18560.0	191942029.29687497
18570.0	165817966.30859372
18580.0	164526865.23437497
18590.0	179089959.96093744
18600.0	166976447.5097656
18610.0	161188478.7597656
18620.0	191141904.29687497
18630.0	183238383.78906247
18640.0	179997305.17578122
18650.0	164094103.7597656
18660.0	192872551.51367182
18670.0	190388024.90234372
18680.0	161044703.12499997
18690.0	212964747.07031247
18700.0	195910570.80078122
18710.0	174887416.01562494
18720.0	193371352.05078122
18730.0	163903131.34765622
18740.0	191372679.19921872
18750.0	192744221.19140622
18760.0	199324385.49804685
18770.0	174041552.97851557
18780.0	197223759.27734372
18790.0	184872124.02343747
18800.0	204802706.05468747
18810.0	180195417.96874997
18820.0	197585218.74999994
18830.0	227115199.21874994
18840.0	212605406.7382812
18850.0	170283174.80468747
18860.0	209539457.03124994
18870.0	201496841.30859372
18880.0	222496734.37499997
18890.0	186696734.37499997
18900.0	201176361.81640622
18910.0	204083421.87499994
18920.0	176215063.47656247
18930.0	203797738.28124994
18940.0	204195270.50781247
18950.0	209197104.0039062
18960.0	206372179.68749994
18970.0	220014702.63671872
18980.0	195381295.89843747
18990.0	209823102.53906244
19000.0	214891627.92968744
19010.0	195998643.7988281
19020.0	223672625.73242185
19030.0	206038235.83984372
19040.0	213244443.84765622
19050.0	211331081.05468744
19060.0	189971496.58203122
19070.0	194288653.8085937
19080.0	231865138.1835937
19090.0	226568858.39843747
19100.0	214429709.96093747
19110.0	191386045.89843747
19120.0	207001478.02734372
19130.0	222877908.69140622
19140.0	201809335.44921872
19150.0	232706487.79296872
19160.0	201946469.72656247
19170.0	203061560.54687497
19180.0	222842162.5976562
19190.0	244415696.28906247
19200.0	190691406.24999997
19210.0	180771180.66406244
19220.0	220516058.10546872
19230.0	215421651.8554687
19240.0	184991755.85937497
19250.0	209963265.62499994
19260.0	212779053.22265622
19270.0	190320500.48828122
19280.0	240046789.06249994
19290.0	189398995.6054687
19300.0	205108255.37109372
19310.0	184777124.51171872
19320.0	197177298.82812494
19330.0	210220632.81249997
19340.0	187516619.14062497
19350.0	215640278.32031247
19360.0	196551965.82031247
19370.0	205959621.09374994
19380.0	203424691.40624994
19390.0	181731518.55468747
19400.0	173306925.2929687
19410.0	175754461.42578122
19420.0	200429851.56249997
19430.0	201343437.49999997
19440.0	202776106.93359372
19450.0	178430597.1679687
19460.0	182223082.03124997
19470.0	203512805.17578122
19480.0	180003344.23828122
19490.0	181245285.15624997
19500.0	203557643.7988281
19510.0	196705278.56445307
19520.0	206605396.9726562
19530.0	172421790.03906247
19540.0	197057645.99609372
19550.0	181912692.6269531
19560.0	177668404.29687497
19570.0	201263142.33398432
19580.0	191815602.0507812
19590.0	232197367.6757812
19600.0	182149514.16015622
19610.0	172433650.87890622
19620.0	189773094.23828122
19630.0	200333987.79296872
19640.0	195386489.25781247
19650.0	183129245.11718747
19660.0	203032869.62890622
19670.0	209574075.68359372
19680.0	178473309.08203122
19690.0	190736056.64062497
19700.0	218130501.46484372
19710.0	179403202.14843744
19720.0	201517007.81249997
19730.0	192708926.26953122
19740.0	184556146.97265622
19750.0	188100090.0878906
19760.0	163366816.6503906
19770.0	191310005.85937497
19780.0	183128683.1054687
19790.0	191772187.98828122
19800.0	174769573.24218747
19810.0	198671743.65234372
19820.0	178575649.41406247
19830.0	188157724.12109372
19840.0	189823954.10156244
19850.0	196330796.38671872
19860.0	191773754.39453122
19870.0	200106635.74218747
19880.0	191390918.45703122
19890.0	189810227.53906247
19900.0	166576282.95898435
19910.0	187471176.51367185
19920.0	176951752.44140622
19930.0	192936479.00390622
19940.0	209116529.7851562
19950.0	184889284.17968747
19960.0	202750825.68359372
19970.0	201332971.19140622
19980.0	181174662.10937494
19990.0	199941970.70312497
20000.0	176511293.45703122
20010.0	199685627.92968747
20020.0	190443604.00390622
20030.0	203988235.35156247
20040.0	204779329.58984372
20050.0	209018398.43749997
20060.0	194323395.99609372
20070.0	189642185.54687497
20080.0	218215031.00585935
20090.0	173083157.4707031
20100.0	187411549.80468747
20110.0	186862879.63867185
20120.0	201589017.33398435
20130.0	204766479.49218747
20140.0	203116913.08593744
20150.0	211077853.51562494
20160.0	189419951.17187497
20170.0	190638033.20312497
20180.0	212921452.63671872
20190.0	199278498.04687497
20200.0	174812649.90234372
20210.0	218762740.23437497
20220.0	217116482.42187497
20230.0	205040596.19140622
20240.0	223192529.78515622
20250.0	209114962.4023437
20260.0	186648317.38281247
20270.0	199650281.73828122
20280.0	206305041.99218747
20290.0	187878351.0742187
20300.0	215642301.2695312
20310.0	187737259.27734372
20320.0	227444223.63281247
20330.0	214989109.37499997
20340.0	210130316.8945312
20350.0	212316152.34374997
20360.0	190001304.68749997
20370.0	229608874.51171872
20380.0	216276173.3398437
20390.0	206324233.64257807
20400.0	208014668.21289057
20410.0	202238697.26562497
20420.0	224348476.0742187
20430.0	240168338.37890622
20440.0	197521218.26171872
20450.0	199947983.88671872
20460.0	207947262.69531244
20470.0	223345847.65624997
20480.0	230993177.73437494
20490.0	203522890.62499997
20500.0	206949816.89453122
20510.0	240414920.41015622
20520.0	214799219.72656247
20530.0	219469589.3554687
20540.0	208534659.6679687
20550.0	218140047.36328122
20560.0	210631596.67968747
20570.0	235931122.5585937
20580.0	239871126.46484372
20590.0	227835585.4492187
20600.0	233263951.17187497
20610.0	211311388.1835937
20620.0	221841935.0585937
20630.0	226410543.4570312
20640.0	199772280.76171872
20650.0	229147716.3085937
20660.0	223105680.1757812
20670.0	238113252.92968747
20680.0	235944062.49999997
20690.0	220496692.87109372
20700.0	246791789.5507812
20710.0	234948817.13867185
20720.0	219111895.26367182
20730.0	226422052.73437494
20740.0	226734134.76562494
20750.0	224527806.64062494
20760.0	234961949.21874997
20770.0	234139349.60937494
20780.0	240049712.40234372
20790.0	234620256.34765622
20800.0	233442504.3945312
20810.0	234422986.32812497
20820.0	237581349.60937494
20830.0	226647578.12499997
20840.0	234299460.93749997
20850.0	238894251.95312494
20860.0	243079653.80859372
20870.0	220376736.32812497
20880.0	243612164.5507812
20890.0	238904738.76953122
20900.0	230318849.1210937
20910.0	254982395.0195312
20920.0	241577379.3945312
20930.0	253926287.10937497
20940.0	229141348.63281247
20950.0	243351747.5585937
20960.0	243961349.1210937
20970.0	240834715.82031244
20980.0	243829132.3242187
20990.0	241671978.51562497
21000.0	241165451.66015622
21010.0	252927101.0742187
21020.0	245029166.01562497
21030.0	245491221.19140622
21040.0	251067231.44531244
21050.0	236670264.64843747
21060.0	252334982.9101562
21070.0	255283097.65624994
21080.0	244820906.73828122
21090.0	244903230.95703122
21100.0	253899421.87499997
21110.0	256489662.10937494
21120.0	237229598.63281244
21130.0	251670257.81249994
21140.0	261182854.98046872
21150.0	256823686.0351562
21160.0	256223698.24218744
21170.0	239273496.58203122
21180.0	250719947.7539062
21190.0	251220843.26171872
21200.0	254189957.03124997
21210.0	255582926.75781244
21220.0	256089256.83593744
21230.0	257198279.29687497
21240.0	255401058.10546872
21250.0	264979093.74999994
21260.0	256304176.75781244
21270.0	257235996.09374994
21280.0	248969738.28124994
21290.0	248243984.86328122
21300.0	251878057.12890622
21310.0	257759224.12109372
21320.0	257122101.56249994
21330.0	260604527.8320312
21340.0	257270767.57812497
21350.0	262055624.99999994
21360.0	263566061.0351562
21370.0	255472201.17187494
21380.0	257966813.47656244
21390.0	259101629.39453122
21400.0	253339686.52343744
21410.0	252381558.10546872
21420.0	256859140.62499994
21430.0	256589799.3164062
21440.0	270346297.85156244
21450.0	267889131.34765622
21460.0	268166166.01562494
21470.0	264623770.9960937
21480.0	261756496.09374994
21490.0	258811357.42187494
21500.0	250150736.8164062
21510.0	263166169.92187497
21520.0	258828571.28906244
21530.0	256556471.67968744
21540.0	262843972.1679687
21550.0	266011615.7226562
21560.0	260928971.67968744
21570.0	264048879.88281247
21580.0	267167554.68749997
21590.0	263911729.49218747
21600.0	261141259.2773437
21610.0	266729125.4882812
21620.0	261160594.23828122
21630.0	257654306.64062494
21640.0	265666407.22656247
21650.0	265394351.56249997
21660.0	260923343.74999994
21670.0	262395576.66015622
21680.0	267902871.09374994
21690.0	272908105.9570312
21700.0	265823333.98437494
21710.0	259004474.1210937
21720.0	263648584.96093747
21730.0	261417912.5976562
21740.0	262139416.99218747
21750.0	268196650.39062494
21760.0	256768728.51562497
21770.0	264167116.21093744
21780.0	258633312.9882812
21790.0	257617552.24609372
21800.0	263584847.65624994
21810.0	266643325.19531244
21820.0	264684769.04296872
21830.0	260152657.22656247
21840.0	263955670.89843744
21850.0	263396210.93749994
21860.0	257614253.90624997
21870.0	261663410.15624994
21880.0	263103430.1757812
21890.0	265086927.73437494
21900.0	260154547.85156244
21910.0	267185562.9882812
21920.0	263841286.13281244
21930.0	256443206.54296872
21940.0	261497848.1445312
21950.0	265935763.67187494
21960.0	260793467.77343747
21970.0	261309788.57421872
21980.0	262712548.82812494
21990.0	262216977.0507812
22000.0	264183642.0898437
22010.0	262541893.55468744
22020.0	259387853.51562494
22030.0	256887162.5976562
22040.0	256169813.47656244
22050.0	257822112.79296872
22060.0	258507789.06249997
22070.0	258375530.76171872
22080.0	258320298.82812497
22090.0	258309933.1054687
22100.0	262844900.87890622
22110.0	254715801.75781247
22120.0	265466055.17578122
22130.0	260695646.9726562
22140.0	263569085.44921872
22150.0	261361284.17968744
22160.0	260300558.59374994
22170.0	256258021.9726562
22180.0	263409106.44531244
22190.0	255296102.53906244
22200.0	248709264.64843744
22210.0	250028979.49218744
22220.0	258568894.53124997
22230.0	261501157.22656244
22240.0	261676362.79296872
22250.0	266670998.04687494
22260.0	262609077.63671872
22270.0	253648660.64453122
22280.0	254976824.21874997
22290.0	254113041.5039062
22300.0	255421895.01953122
22310.0	262525071.77734372
22320.0	265442316.40624994
22330.0	252232211.91406244
22340.0	259731738.28124994
22350.0	248644865.23437494
22360.0	247829209.47265622
22370.0	260059675.2929687
22380.0	257956828.6132812
22390.0	249725154.29687497
22400.0	263714170.41015622
22410.0	260839397.46093747
22420.0	248976860.35156244
22430.0	249439607.91015622
22440.0	251791072.75390622
22450.0	254541023.92578122
22460.0	263363930.66406244
22470.0	250371930.66406244
22480.0	252609340.3320312
22490.0	260734443.35937494
22500.0	241547241.69921872
22510.0	259341883.78906244
22520.0	251267287.10937494
22530.0	253744828.12499994
22540.0	250322578.61328122
22550.0	248746187.9882812
22560.0	253126276.36718744
22570.0	257244371.5820312
22580.0	247504214.35546872
22590.0	255563951.6601562
22600.0	254919067.87109372
22610.0	253901371.5820312
22620.0	254107773.43749994
22630.0	246847376.95312494
22640.0	246861234.37499994
22650.0	240085004.3945312
22660.0	252892439.45312497
22670.0	252399739.74609372
22680.0	252303576.17187494
22690.0	249109732.9101562
22700.0	243349104.98046872
22710.0	245280507.81249997
22720.0	242284433.59374997
22730.0	248055655.7617187
22740.0	252590024.90234372
22750.0	250303704.10156247
22760.0	249721491.21093744
22770.0	255610005.85937497
22780.0	253291670.89843747
22790.0	240251363.28124997
22800.0	235860621.09374997
22810.0	236205198.73046872
22820.0	254348630.3710937
22830.0	251083496.58203122
22840.0	239962038.57421872
22850.0	245538294.92187494
22860.0	251226925.78124994
22870.0	247526828.6132812
22880.0	255960585.4492187
22890.0	245703187.9882812
22900.0	248796946.28906247
22910.0	245721313.47656247
22920.0	232755590.82031247
22930.0	233041652.83203122
22940.0	168885773.43749997
22950.0	186060185.54687497
22960.0	194511601.56249997
22970.0	196430440.42968747
22980.0	198301018.06640622
22990.0	203405094.2382812
23000.0	208446391.1132812
23010.0	190920957.03124997
23020.0	211426700.19531247
23030.0	208142159.17968747
23040.0	214519167.48046872
23050.0	204767951.17187497
23060.0	207408896.48437497
23070.0	208192736.32812494
23080.0	207114130.85937497
23090.0	210391261.71874994
23100.0	198497325.19531247
23110.0	206096032.22656244
23120.0	210213906.49414057
23130.0	226611114.99023435
23140.0	201050479.49218747
23150.0	194091388.1835937
23160.0	213034653.80859372
23170.0	222557783.69140622
23180.0	202936637.2070312
23190.0	209935676.75781247
23200.0	226613468.74999994
23210.0	211057034.17968747
23220.0	203339745.60546872
23230.0	175836649.90234372
23240.0	179312228.0273437
23250.0	184119380.37109372
23260.0	198245191.8945312
23270.0	191238140.13671872
23280.0	193205735.83984372
23290.0	196385045.89843747
23300.0	187491845.70312497
23310.0	198824990.72265622
23320.0	199247441.40624997
23330.0	207501499.99999997
23340.0	195892991.69921872
23350.0	199260681.64062497
23360.0	193107390.62499997
23370.0	191011440.91796872
23380.0	204977610.35156247
23390.0	193092079.58984372
23400.0	196487586.91406244
23410.0	196146570.80078122
23420.0	211722740.23437497
23430.0	199866258.30078122
23440.0	195507290.52734372
23450.0	177391002.92968747
23460.0	214876784.17968744
23470.0	205243729.49218744
23480.0	206903856.44531244
23490.0	217414705.07812497
23500.0	199196058.59374994
23510.0	193783222.65624997
23520.0	194380870.11718747
23530.0	178949697.26562497
23540.0	178691485.35156247
23550.0	202769099.60937497
23560.0	184055230.46874997
23570.0	197951932.12890622
23580.0	185414370.60546872
23590.0	173826679.68749997
23600.0	199317051.26953122
23610.0	182067924.80468747
23620.0	193636076.4160156
23630.0	180858973.38867185
23640.0	191487334.96093747
23650.0	197301802.49023435
23660.0	192549867.4316406
23670.0	189702609.86328122
23680.0	182381366.21093744
23690.0	190239171.3867187
23700.0	190179369.3847656
23710.0	183500946.04492185
23720.0	209473935.54687497
23730.0	188705264.16015622
23740.0	193783495.60546872
23750.0	199007318.84765622
23760.0	187602078.61328122
23770.0	191093336.4257812
23780.0	188486438.47656247
23790.0	180849032.71484372
23800.0	207474961.42578122
23810.0	172955889.64843747
23820.0	200884675.29296872
23830.0	178450067.13867185
23840.0	168509021.7285156
23850.0	197559826.66015622
23860.0	172888013.9160156
23870.0	173133060.7910156
23880.0	168889979.00390622
23890.0	177680521.48437494
23900.0	204867923.0957031
23910.0	194552330.3222656
23920.0	165660529.78515622
23930.0	182877124.99999997
23940.0	206869568.35937497
23950.0	170983263.1835937
23960.0	182707052.73437497
23970.0	183303208.49609372
23980.0	173811822.7539062
23990.0	193758231.44531244
24000.0	186873305.66406247
24010.0	169667992.67578122
24020.0	184732155.27343747
24030.0	177959375.48828122
24040.0	174113563.47656244
24050.0	179000611.32812497
24060.0	183477775.87890622
24070.0	177684359.37499994
24080.0	162305795.41015622
24090.0	170739144.53124994
24100.0	170950323.7304687
24110.0	175926193.35937497
24120.0	179814110.83984372
24130.0	165799441.40624997
24140.0	148091060.05859372
24150.0	186897210.93749994
24160.0	175276693.6035156
24170.0	158904836.66992185
24180.0	169184306.88476557
24190.0	173210530.27343747
24200.0	154614659.91210935
24210.0	186164777.83203122
24220.0	152061498.04687497
24230.0	161643375.2441406
24240.0	173830557.37304685
24250.0	163007702.63671872
24260.0	158775672.1191406
24270.0	150014221.9238281
24280.0	156126468.9941406
24290.0	175800240.4785156
24300.0	163441607.91015622
24310.0	151888438.23242185
24320.0	165218085.69335935
24330.0	163520550.0488281
24340.0	147913302.9785156
24350.0	155421962.40234372
24360.0	159219175.78124997
24370.0	131042762.69531249
24380.0	158395738.76953122
24390.0	176014814.94140622
24400.0	155554525.87890622
24410.0	154104459.96093747
24420.0	151352643.55468747
24430.0	150573702.88085935
24440.0	137627161.62109372
24450.0	158328618.4082031
24460.0	157439716.30859372
24470.0	152552093.26171872
24480.0	129844617.67578122
24490.0	148919914.55078122
24500.0	164231789.3066406
24510.0	158106449.21874997
24520.0	134155055.17578124
24530.0	129369560.54687497
24540.0	124752419.92187499
24550.0	140955221.9238281
24560.0	153273291.50390622
24570.0	167839809.57031247
24580.0	167214892.08984372
24590.0	155527858.39843747
24600.0	137328972.41210935
24610.0	115736079.83398435
24620.0	151168476.07421872
24630.0	148684797.1191406
24640.0	167302658.4472656
24650.0	155166736.5722656
24660.0	141854693.35937497
24670.0	137277557.61718747
24680.0	118176811.52343749
24690.0	147594995.3613281
24700.0	137537857.91015622
24710.0	139247269.28710935
24720.0	141308943.6035156
24730.0	138494980.95703122
24740.0	121116100.09765624
24750.0	121566716.79687499
24760.0	127631934.32617185
24770.0	157121487.30468747
24780.0	142138229.00390622
24790.0	124140749.99999999
24800.0	148288481.93359372
24810.0	133656276.12304686
24820.0	120045758.78906247
24830.0	125032373.53515624
24840.0	154257169.92187497
24850.0	158019061.7675781
24860.0	148296291.01562497
24870.0	125646596.43554685
24880.0	125034663.33007811
24890.0	121119817.87109372
24900.0	113052918.45703122
24910.0	115861355.22460936
24920.0	142492042.48046872
24930.0	134594402.34374997
24940.0	155999712.89062497
24950.0	141500683.8378906
24960.0	126447013.18359374
24970.0	127804838.86718747
24980.0	109243142.57812499
24990.0	134967514.40429685
25000.0	136676181.64062497
25010.0	131832328.61328122
25020.0	144727317.13867185
25030.0	117801071.04492186
25040.0	125596568.84765624
25050.0	120841166.99218749
25060.0	102719123.77929686
25070.0	129240177.24609374
25080.0	133532639.8925781
25090.0	136229593.9941406
25100.0	138252383.78906247
25110.0	118730857.42187499
25120.0	122310080.81054686
25130.0	118727925.53710935
25140.0	139599468.26171872
25150.0	103390067.62695311
25160.0	120693890.38085936
25170.0	134115310.05859372
25180.0	123880612.5488281
25190.0	123829176.0253906
25200.0	126873470.94726561
25210.0	127691460.93749997
25220.0	121571854.98046872
25230.0	130612974.8535156
25240.0	106886783.20312497
25250.0	117282544.92187497
25260.0	117383372.55859372
25270.0	131086622.80273436
25280.0	110521753.17382811
25290.0	118415351.07421872
25300.0	137041148.92578122
25310.0	139779153.07617185
25320.0	125583679.19921872
25330.0	103119478.51562497
25340.0	136600603.02734372
25350.0	121898438.47656247
25360.0	107878366.4550781
25370.0	116293278.5644531
25380.0	116017179.9316406
25390.0	112168119.87304685
25400.0	132906718.74999997
25410.0	125112257.81249997
25420.0	125939758.30078122
25430.0	105247931.15234374
25440.0	112075929.9316406
25450.0	123525182.8613281
25460.0	119789716.30859372
25470.0	121433680.66406249
25480.0	110628569.82421874
25490.0	108837932.37304686
25500.0	125025247.07031249
25510.0	123792701.66015624
25520.0	130821356.20117185
25530.0	99272944.58007811
25540.0	127378164.06249997
25550.0	121311421.87499997
25560.0	116998059.57031249
25570.0	122174955.32226561
25580.0	127189250.97656249
25590.0	123352504.88281247
25600.0	114150877.92968749
25610.0	98388527.83203124
25620.0	132627104.98046874
25630.0	103446750.48828124
25640.0	114029513.7939453
25650.0	116325226.6845703
25660.0	120297650.87890622
25670.0	112492125.48828124
25680.0	116987829.10156247
25690.0	117103101.80664061
25700.0	115213813.47656249
25710.0	156132607.42187497
25720.0	128556711.1816406
25730.0	117000955.68847655
25740.0	105745908.56933591
25750.0	113568673.09570311
25760.0	121156010.74218749
25770.0	96198577.88085936
25780.0	107111167.96874997
25790.0	117867792.72460935
25800.0	148283496.58203122
25810.0	114561338.37890624
25820.0	125446603.51562497
25830.0	112108090.08789061
25840.0	111598527.83203124
25850.0	113682457.51953124
25860.0	141140115.23437497
25870.0	108276006.83593747
25880.0	112199375.48828124
25890.0	114280916.2597656
25900.0	121152188.96484374
25910.0	125746333.98437497
25920.0	128692031.73828124
25930.0	108574963.62304686
25940.0	119500241.4550781
25950.0	108170509.03320311
25960.0	117049749.51171872
25970.0	118129540.03906249
25980.0	107562927.9785156
25990.0	123408065.42968749
