# Flux units: erg / (cm m2 s)
# Wavelength units: Angstrom
wave	flux
7000.0	1.5006698029055998e+16
7010.0	1.3681828593663996e+16
7020.0	1.9272085045247996e+16
7030.0	2.0898511454207996e+16
7040.0	1.9250623217663996e+16
7050.0	2.4841379512319996e+16
7060.0	5579782717439999.0
7070.0	4790521872383999.0
7080.0	8107993415679999.0
7090.0	5723239088127999.0
7100.0	5033109995519999.0
7110.0	5913377718271998.0
7120.0	6302300405759999.0
7130.0	4703016697855999.0
7140.0	4314573291519999.0
7150.0	4481029390335999.0
7160.0	5504772030463999.0
7170.0	5051486207999999.0
7180.0	6017362116607999.0
7190.0	6170161037311998.0
7200.0	6772061077503999.0
7210.0	5763315728383999.0
7220.0	7637962391551998.0
7230.0	7983728558079999.0
7240.0	7563776098303999.0
7250.0	1.1111690633215998e+16
7260.0	1.0465067237375998e+16
7270.0	1.1465671507967998e+16
7280.0	1.4328452808703996e+16
7290.0	1.4722659188735998e+16
7300.0	2.0132373495807996e+16
7310.0	1.9413393637375996e+16
7320.0	2.7451281637375996e+16
7330.0	2.7877279072255996e+16
7340.0	2.4690060427263996e+16
7350.0	2.3415648813055996e+16
7360.0	2.7006461804543996e+16
7370.0	3.4980844142591996e+16
7380.0	3.1837747019775996e+16
7390.0	3.1486020288511996e+16
7400.0	3.212250434764799e+16
7410.0	3.0303086313471996e+16
7420.0	2.448607005900799e+16
7430.0	3.1252673069055996e+16
7440.0	3.2503610867711996e+16
7450.0	2.3668985823231996e+16
7460.0	2.5835872059391996e+16
7470.0	2.715556826316799e+16
7480.0	2.6493229465599996e+16
7490.0	2.9099536547839996e+16
7500.0	3.2227087220735996e+16
7510.0	2.8300204834815996e+16
7520.0	2.9926119833599996e+16
7530.0	3.387075382476799e+16
7540.0	3.372542132223999e+16
7550.0	3.601270426828799e+16
7560.0	3.857608382873599e+16
7570.0	4.008887464755199e+16
7580.0	3.649484855705599e+16
7590.0	2.631264144588799e+16
7600.0	1.8133809528831996e+16
7610.0	1.8091609030655996e+16
7620.0	2.2700978339839996e+16
7630.0	1.5601752014847998e+16
7640.0	1.2815589441535998e+16
7650.0	1.0514133712895998e+16
7660.0	7351433625599999.0
7670.0	4799122638847999.0
7680.0	8031841091583999.0
7690.0	8798715936767999.0
7700.0	5327709632511999.0
7710.0	8578335342591998.0
7720.0	1.0605699661823998e+16
7730.0	1.7061037146111996e+16
7740.0	1.7666144534527998e+16
7750.0	1.4995614531583996e+16
7760.0	1.5164536782847998e+16
7770.0	1.3306543276031998e+16
7780.0	1.6563968409599996e+16
7790.0	1.6260797628415998e+16
7800.0	2.0067665969151996e+16
7810.0	2.535175212236799e+16
7820.0	2.4243102351359996e+16
7830.0	2.2179084697599996e+16
7840.0	1.9556227153919996e+16
7850.0	2.0369244422143996e+16
7860.0	2.3848501051391996e+16
7870.0	2.369978584268799e+16
7880.0	3.444462275788799e+16
7890.0	3.567366294732799e+16
7900.0	3.3533480927231996e+16
7910.0	3.450149922406399e+16
7920.0	2.6081902526463996e+16
7930.0	3.296403613286399e+16
7940.0	3.5651581509631996e+16
7950.0	3.731211786649599e+16
7960.0	4.251361974681599e+16
7970.0	4.333860342988799e+16
7980.0	4.374449133977599e+16
7990.0	4.016114984550399e+16
8000.0	4.639659078451199e+16
8010.0	4.263548105523199e+16
8020.0	5.133059227647999e+16
8030.0	5.193320523366399e+16
8040.0	5.807252439039999e+16
8050.0	5.383278428159999e+16
8060.0	5.429944437964799e+16
8070.0	5.987486715084798e+16
8080.0	6.758203916287998e+16
8090.0	6.948093925785598e+16
8100.0	7.762693796659198e+16
8110.0	8.042057223372798e+16
8120.0	8.635346164121598e+16
8130.0	9.494253299302398e+16
8140.0	9.682788050534398e+16
8150.0	1.0196855894835197e+17
8160.0	1.0404044708249598e+17
8170.0	1.0277810156339197e+17
8180.0	9.649833954508798e+16
8190.0	7.635178749951998e+16
8200.0	6.100465097113598e+16
8210.0	6.190561912422399e+16
8220.0	8.037544335769598e+16
8230.0	7.396972193382398e+16
8240.0	8.137324704563198e+16
8250.0	7.787995909324798e+16
8260.0	8.427395665100798e+16
8270.0	7.916253767270398e+16
8280.0	6.914824208383998e+16
8290.0	5.235357856563199e+16
8300.0	7.046313095987199e+16
8310.0	6.317593408307199e+16
8320.0	6.658325767782399e+16
8330.0	7.051903867289598e+16
8340.0	6.751454809292798e+16
8350.0	6.067968514457598e+16
8360.0	6.076164997119999e+16
8370.0	6.610529524121598e+16
8380.0	6.868514268774399e+16
8390.0	5.362071686348799e+16
8400.0	6.226396263219199e+16
8410.0	8.501807205580798e+16
8420.0	7.319814065356798e+16
8430.0	7.346281958604798e+16
8440.0	3.605758358323199e+16
8450.0	2.5242623148031996e+16
8460.0	2.3061689532415996e+16
8470.0	2.2668374114303996e+16
8480.0	2.5377154465791996e+16
8490.0	2.5955789438975996e+16
8500.0	2.989174541516799e+16
8510.0	2.8319878742015996e+16
8520.0	3.0182818578431996e+16
8530.0	2.9719872602111996e+16
8540.0	3.049853897932799e+16
8550.0	3.669836667289599e+16
8560.0	4.059873227571199e+16
8570.0	4.091667362611199e+16
8580.0	4.615715605708799e+16
8590.0	4.030290880102399e+16
8600.0	3.861219835903999e+16
8610.0	4.378421559295999e+16
8620.0	5.012567870668799e+16
8630.0	5.234768045670399e+16
8640.0	4.914531454156799e+16
8650.0	4.891155247923199e+16
8660.0	5.308700413132799e+16
8670.0	5.469478374604799e+16
8680.0	5.079169866137598e+16
8690.0	5.042467150233598e+16
8700.0	4.731351020339199e+16
8710.0	5.228151098572799e+16
8720.0	5.504126497587199e+16
8730.0	6.196430136934399e+16
8740.0	5.974414091878399e+16
8750.0	6.350189022412798e+16
8760.0	7.596476360294398e+16
8770.0	7.408429170687998e+16
8780.0	8.059191217356798e+16
8790.0	7.994612383743998e+16
8800.0	7.894972602777598e+16
8810.0	8.835827577651198e+16
8820.0	9.520103397785598e+16
8830.0	9.532782359347197e+16
8840.0	1.1055049841049597e+17
8850.0	1.0578558241996798e+17
8860.0	7.935531103027198e+16
8870.0	4.566986981375999e+16
8880.0	3.819616560742399e+16
8890.0	5.534813650943999e+16
8900.0	4.980580443750399e+16
8910.0	6.935695903948798e+16
8920.0	5.021728820428799e+16
8930.0	7.485308508569598e+16
8940.0	6.463358527078399e+16
8950.0	5.958217223372798e+16
8960.0	5.381985350451199e+16
8970.0	6.614264918835199e+16
8980.0	7.388094804787198e+16
8990.0	7.634120146943998e+16
9000.0	8.060973481983998e+16
9010.0	9.867418350387197e+16
9020.0	9.204427286118398e+16
9030.0	8.573118788403198e+16
9040.0	8.508655271935998e+16
9050.0	1.0123347702579197e+17
9060.0	9.293928280883197e+16
9070.0	1.0023245447167998e+17
9080.0	1.3405631021055997e+17
9090.0	1.1842736226303998e+17
9100.0	1.1966247364198398e+17
9110.0	1.2005555778355197e+17
9120.0	1.3995394990079997e+17
9130.0	1.4090622205951997e+17
9140.0	1.3309108132249597e+17
9150.0	1.4306112962559997e+17
9160.0	1.5450275315711997e+17
9170.0	1.5325094897254397e+17
9180.0	1.4778418960793597e+17
9190.0	1.6464611377151997e+17
9200.0	1.4877282480947197e+17
9210.0	1.1863486680268798e+17
9220.0	1.1305846413721597e+17
9230.0	9.505638527795197e+16
9240.0	9.301613294387197e+16
9250.0	9.590280264089598e+16
9260.0	9.738280737177598e+16
9270.0	9.710066099814398e+16
9280.0	8.618361644646398e+16
9290.0	9.126733519257598e+16
9300.0	8.412133221990398e+16
9310.0	7.875475695206398e+16
9320.0	8.903588157849598e+16
9330.0	8.122331745484798e+16
9340.0	1.0115438529740798e+17
9350.0	8.114972026470398e+16
9360.0	9.247196525363197e+16
9370.0	8.728215263641598e+16
9380.0	9.858266746060798e+16
9390.0	9.299869800857598e+16
9400.0	9.844270537113598e+16
9410.0	1.0042356531199998e+17
9420.0	1.1922962382847998e+17
9430.0	1.1884653549977597e+17
9440.0	1.0407493343641598e+17
9450.0	1.0666078581555197e+17
9460.0	1.1523995258060798e+17
9470.0	1.1170734040678398e+17
9480.0	1.3014625209548798e+17
9490.0	1.4382981080678398e+17
9500.0	1.1464178165350398e+17
9510.0	1.1937881495961597e+17
9520.0	1.3415426346188798e+17
9530.0	1.3258767151923197e+17
9540.0	1.4559330697215997e+17
9550.0	1.3362610411929597e+17
9560.0	1.4330989117439997e+17
9570.0	1.3388970301849597e+17
9580.0	1.6429819677900797e+17
9590.0	1.6032737053900797e+17
9600.0	1.4294921091481597e+17
9610.0	1.5584667631615997e+17
9620.0	1.4657376642662397e+17
9630.0	1.7208771608575997e+17
9640.0	1.3706833376051197e+17
9650.0	1.5053992388198397e+17
9660.0	1.6711858834636797e+17
9670.0	1.7840239594700797e+17
9680.0	1.6439543385292797e+17
9690.0	1.6394444760678397e+17
9700.0	1.8118921892659197e+17
9710.0	1.5811036839935997e+17
9720.0	1.7072606779801597e+17
9730.0	1.4285821811097597e+17
9740.0	1.4122298848051197e+17
9750.0	1.4058668687359997e+17
9760.0	1.4762289502617597e+17
9770.0	1.3564878520319997e+17
9780.0	1.5452210148147197e+17
9790.0	1.3909268050739197e+17
9800.0	1.5951551266815997e+17
9810.0	1.4903056426598397e+17
9820.0	1.3443909497651197e+17
9830.0	1.3105461670707197e+17
9840.0	1.4357341667327997e+17
9850.0	1.5021998342143997e+17
9860.0	1.5125761438515197e+17
9870.0	1.5514096526950397e+17
9880.0	1.5612737853849597e+17
9890.0	1.6368391788953597e+17
9900.0	8.367168919961598e+16
9910.0	4.674732530073598e+16
9920.0	4.824105667788799e+16
9930.0	5.975844192255999e+16
9940.0	7.511631016755198e+16
9950.0	8.442191596748798e+16
9960.0	8.597333816115198e+16
9970.0	9.359840090521598e+16
9980.0	8.209683998310398e+16
9990.0	7.027311745433598e+16
10000.0	8.550841765068798e+16
10010.0	8.834001875763198e+16
10020.0	9.399548326707197e+16
10030.0	1.1133886765465597e+17
10040.0	9.003099514470398e+16
10050.0	1.0131123680051197e+17
10060.0	6.748515047833598e+16
10070.0	9.286971608268798e+16
10080.0	1.0910379920588798e+17
10090.0	1.0552612513382398e+17
10100.0	1.2270589863526398e+17
10110.0	1.0482697345433598e+17
10120.0	1.0232803622911998e+17
10130.0	1.1826912690175998e+17
10140.0	8.735769100287998e+16
10150.0	1.1180620224921597e+17
10160.0	9.537137790156798e+16
10170.0	9.014225652940798e+16
10180.0	1.1623411194265597e+17
10190.0	1.0098542051327998e+17
10200.0	9.702332969779197e+16
10210.0	1.2359920202547197e+17
10220.0	9.089457245388798e+16
10230.0	1.1394299933491197e+17
10240.0	1.2713144090623998e+17
10250.0	1.1655016847769597e+17
10260.0	8.523398879641598e+16
10270.0	9.542632000716798e+16
10280.0	8.988933206835197e+16
10290.0	1.0124437441740798e+17
10300.0	9.519040403865598e+16
10310.0	1.2181514564403197e+17
10320.0	1.0261146527334398e+17
10330.0	1.1571343523839998e+17
10340.0	1.0175915701043197e+17
10350.0	1.0580200810086398e+17
10360.0	1.2873788948479998e+17
10370.0	1.3357923382067197e+17
10380.0	1.2013031325695998e+17
10390.0	1.1586724993433597e+17
10400.0	1.2704908889292798e+17
10410.0	1.5137914748927997e+17
10420.0	1.1939401066086398e+17
10430.0	9.992972350259197e+16
10440.0	1.4688109540147197e+17
10450.0	1.5989045539635197e+17
10460.0	1.7535089377279997e+17
10470.0	1.0051884128665598e+17
10480.0	1.2504520864563197e+17
10490.0	1.5527604767948797e+17
10500.0	1.4540896416563197e+17
10510.0	1.3902458152550398e+17
10520.0	1.1236940762316798e+17
10530.0	1.5814055375667197e+17
10540.0	1.6372243680460797e+17
10550.0	1.6378782521753597e+17
10560.0	1.4388379307212798e+17
10570.0	1.2163109565235197e+17
10580.0	1.6574570849894397e+17
10590.0	1.5777801410969597e+17
10600.0	1.7006357276262397e+17
10610.0	1.5570427602534397e+17
10620.0	1.4247267165798398e+17
10630.0	1.7036996142694397e+17
10640.0	1.9083039028019197e+17
10650.0	1.7682407987609597e+17
10660.0	1.5890953509273597e+17
10670.0	1.4417832941977597e+17
10680.0	1.6841523671859197e+17
10690.0	1.8150241625702394e+17
10700.0	1.7323434652467197e+17
10710.0	1.7401781184102397e+17
10720.0	1.9059497133670394e+17
10730.0	1.7658814450892797e+17
10740.0	1.8374216279654394e+17
10750.0	1.8535710300569597e+17
10760.0	1.8638240114278394e+17
10770.0	2.0034586620723197e+17
10780.0	2.1283272812134394e+17
10790.0	2.0282255212543997e+17
10800.0	2.0263320289279997e+17
10810.0	1.9320734718361597e+17
10820.0	1.8385680046489597e+17
10830.0	2.0513672134655997e+17
10840.0	2.1807073486438394e+17
10850.0	2.0365071168307197e+17
10860.0	1.9618370368307197e+17
10870.0	1.9874374772326394e+17
10880.0	2.1628370786713597e+17
10890.0	1.8337380853350394e+17
10900.0	2.0599864347852797e+17
10910.0	1.9565093715967997e+17
10920.0	2.0751157769011197e+17
10930.0	2.1433841352703997e+17
10940.0	2.0545521424793597e+17
10950.0	2.0589546294476797e+17
10960.0	1.8851297479884797e+17
10970.0	2.0775254727065597e+17
10980.0	1.8774568809267197e+17
10990.0	1.9587461834342394e+17
11000.0	1.9131467196006394e+17
11010.0	2.0474007650303997e+17
11020.0	1.8843127513087997e+17
11030.0	1.6922330424934397e+17
11040.0	1.7478554170163197e+17
11050.0	1.7410020081663997e+17
11060.0	1.7572944071884797e+17
11070.0	1.6448052605747197e+17
11080.0	1.7228323068313597e+17
11090.0	1.7253437721804797e+17
11100.0	1.6823214564966397e+17
11110.0	1.6641492805222397e+17
11120.0	1.7191643774975997e+17
11130.0	1.8409474673868797e+17
11140.0	1.8150107827404797e+17
11150.0	1.7694406659276797e+17
11160.0	1.8242132351385597e+17
11170.0	1.8336778394009597e+17
11180.0	1.9320327949516797e+17
11190.0	1.7860439860838394e+17
11200.0	1.7825221496012797e+17
11210.0	1.7506667515084797e+17
11220.0	1.8900768129023997e+17
11230.0	1.8755348804403197e+17
11240.0	1.9830703128575997e+17
11250.0	1.9150902866739197e+17
11260.0	1.9578596884479997e+17
11270.0	1.9102838711910394e+17
11280.0	1.9697010055577597e+17
11290.0	1.9283500964249597e+17
11300.0	1.7792314716979197e+17
11310.0	2.0278720515276797e+17
11320.0	2.0160867860479997e+17
11330.0	1.9330665729228797e+17
11340.0	1.9252415850086394e+17
11350.0	1.8034353294540797e+17
11360.0	1.9368093260185597e+17
11370.0	1.8930807209983997e+17
11380.0	1.4504401213849597e+17
11390.0	1.6883210400563197e+17
11400.0	1.7075484491775997e+17
11410.0	1.3621602471116798e+17
11420.0	1.8950246472089597e+17
11430.0	1.8700496011263997e+17
11440.0	1.8587971223551997e+17
11450.0	1.9946927135129597e+17
11460.0	2.0335252786380797e+17
11470.0	1.9367277258342394e+17
11480.0	1.8240126373068797e+17
11490.0	2.0663058038783997e+17
11500.0	2.1324733507174394e+17
11510.0	2.0431208395571197e+17
11520.0	2.0711215857663997e+17
11530.0	2.0536562417663997e+17
11540.0	1.9458406272204797e+17
11550.0	2.1319873042841597e+17
11560.0	2.0912881532927997e+17
11570.0	2.0441421473382394e+17
11580.0	2.0856590984806394e+17
11590.0	2.0704432645734394e+17
11600.0	1.9229003271372797e+17
11610.0	1.8099166773247997e+17
11620.0	2.0579605125529597e+17
11630.0	2.0747504477798394e+17
11640.0	1.8234913010483197e+17
11650.0	2.1146580130201597e+17
11660.0	1.9538329940787197e+17
11670.0	2.1138326945791997e+17
11680.0	2.0147449941196797e+17
11690.0	1.3652620541951997e+17
11700.0	1.8042502093209597e+17
11710.0	2.0016118366207997e+17
11720.0	2.0894835277823997e+17
11730.0	2.0720581554995197e+17
11740.0	2.0314826368614394e+17
11750.0	2.0442623141478394e+17
11760.0	1.9330002111692797e+17
11770.0	1.4455791052390397e+17
11780.0	1.2912356419174398e+17
11790.0	1.8575348570521597e+17
11800.0	2.0112564341964797e+17
11810.0	2.0095205113855997e+17
11820.0	2.0114096363929597e+17
11830.0	1.9565460901068797e+17
11840.0	2.0533480443084797e+17
11850.0	2.0398044427059197e+17
11860.0	2.0301103916646394e+17
11870.0	2.0661773061324797e+17
11880.0	2.0099182598553597e+17
11890.0	1.7433280983859197e+17
11900.0	2.0603917198950394e+17
11910.0	2.0871559512063997e+17
11920.0	2.1043784187903997e+17
11930.0	2.0814469686886394e+17
11940.0	1.9199591501004797e+17
11950.0	1.8912510056857597e+17
11960.0	1.8983442605670394e+17
11970.0	1.7905187160063997e+17
11980.0	1.5640887086284797e+17
11990.0	1.8353716907212797e+17
12000.0	1.7843045400575997e+17
12010.0	1.8217927232716797e+17
12020.0	1.8274178773811197e+17
12030.0	1.8662604878643197e+17
12040.0	1.9769740230655997e+17
12050.0	1.9039962110361597e+17
12060.0	2.1469680789094394e+17
12070.0	1.9325428380467197e+17
12080.0	2.1155392992051197e+17
12090.0	1.8597361693491197e+17
12100.0	2.0791077424332797e+17
12110.0	1.8655937875148797e+17
12120.0	1.9363285224652797e+17
12130.0	2.0085545107455997e+17
12140.0	2.0559704254054394e+17
12150.0	2.0983688724479997e+17
12160.0	2.0581199144550394e+17
12170.0	2.0665743782707197e+17
12180.0	2.0828541891379197e+17
12190.0	2.0881224656486394e+17
12200.0	2.0103378763775997e+17
12210.0	2.0286108021555197e+17
12220.0	2.0203594370252797e+17
12230.0	1.9832554337075197e+17
12240.0	2.0575359598591997e+17
12250.0	2.1572367364915197e+17
12260.0	2.1467088447078394e+17
12270.0	2.1270352415948797e+17
12280.0	2.1564661799321597e+17
12290.0	2.0973525454028797e+17
12300.0	2.0921936825548797e+17
12310.0	2.1539349069823997e+17
12320.0	2.0289644868403197e+17
12330.0	2.0615000647270394e+17
12340.0	2.0989039083519997e+17
12350.0	2.0392270154956797e+17
12360.0	2.0382779598438394e+17
12370.0	2.0848530738380797e+17
12380.0	2.0498061616742394e+17
12390.0	1.9781600883507197e+17
12400.0	2.0167024600678394e+17
12410.0	1.7925148691660797e+17
12420.0	1.7605445052006397e+17
12430.0	1.7467213663436797e+17
12440.0	1.5555527232716797e+17
12450.0	2.0132625068851197e+17
12460.0	1.9790437915033597e+17
12470.0	1.9632431929753597e+17
12480.0	1.9214321057791997e+17
12490.0	1.9937143973478394e+17
12500.0	1.8449781751807997e+17
12510.0	1.9925628511846394e+17
12520.0	1.6773585082777597e+17
12530.0	1.6044755851673597e+17
12540.0	2.0150466458419197e+17
12550.0	1.9411403564646394e+17
12560.0	1.9202745407897597e+17
12570.0	2.0828505033932797e+17
12580.0	1.9626679756390394e+17
12590.0	1.9701547715788797e+17
12600.0	2.0015643046707197e+17
12610.0	2.0613742906572797e+17
12620.0	1.9605176424857597e+17
12630.0	2.0033542553599997e+17
12640.0	1.9118852774297597e+17
12650.0	2.0036494819327997e+17
12660.0	2.0013493465907197e+17
12670.0	2.0607860106854394e+17
12680.0	1.9300496336486394e+17
12690.0	2.1023495867596797e+17
12700.0	2.0406980837375997e+17
12710.0	2.0510812930047997e+17
12720.0	2.1446797610188797e+17
12730.0	2.1311752922726394e+17
12740.0	2.0037652709375997e+17
12750.0	1.9606048551731197e+17
12760.0	2.0923050832691197e+17
12770.0	2.0371867697151997e+17
12780.0	2.0337714003967997e+17
12790.0	2.1313129965158394e+17
12800.0	2.0595210977279997e+17
12810.0	2.0355739916697597e+17
12820.0	2.0189051512422394e+17
12830.0	1.9621445029068797e+17
12840.0	2.0541311575654394e+17
12850.0	2.0008488979660797e+17
12860.0	1.9194272127385597e+17
12870.0	2.0277778867814394e+17
12880.0	2.0080262119423997e+17
12890.0	2.0118776997478394e+17
12900.0	2.0521396731903997e+17
12910.0	2.0224223372902394e+17
12920.0	1.9996502340403197e+17
12930.0	1.9016534510796797e+17
12940.0	2.0683679648972797e+17
12950.0	1.9709700184473597e+17
12960.0	2.1911587992371197e+17
12970.0	2.1384413105356797e+17
12980.0	2.1271358157619197e+17
12990.0	2.0728287120588797e+17
13000.0	2.1573690877542394e+17
13010.0	2.0682364682239997e+17
13020.0	2.1109282177023997e+17
13030.0	2.0766448471244797e+17
13040.0	2.1150527861555197e+17
13050.0	2.0585631920947197e+17
13060.0	2.1687077332582394e+17
13070.0	2.0183258234879997e+17
13080.0	2.1188806023577597e+17
13090.0	2.0388062062182394e+17
13100.0	2.0863416061132797e+17
13110.0	2.1208210394316797e+17
13120.0	2.1564836020223997e+17
13130.0	2.0727913984819197e+17
13140.0	2.0669880441241597e+17
13150.0	2.1431917425459197e+17
13160.0	2.1131203182591997e+17
13170.0	2.0758898724044797e+17
13180.0	2.0412096158105597e+17
13190.0	2.1313844464844797e+17
13200.0	1.9753174722150394e+17
13210.0	2.0375817263513597e+17
13220.0	2.0118217896755197e+17
13230.0	2.0464715431935997e+17
13240.0	1.9901478600703997e+17
13250.0	1.8902207483084797e+17
13260.0	2.0167198611865597e+17
13270.0	1.8398167747788797e+17
13280.0	1.8936997924044797e+17
13290.0	1.8886532792319997e+17
13300.0	1.8552016286515197e+17
13310.0	1.7193834040524797e+17
13320.0	1.4869110862643197e+17
13330.0	1.5189598627430397e+17
13340.0	1.5964172556697597e+17
13350.0	1.0171115765759998e+17
13360.0	1.2278030191820798e+17
13370.0	1.0966258352127998e+17
13380.0	1.1621298117017597e+17
13390.0	1.2230426348748798e+17
13400.0	1.3084538581811197e+17
13410.0	1.3998059447910398e+17
13420.0	1.1436600983551998e+17
13430.0	1.0551136236339197e+17
13440.0	1.3069448183807998e+17
13450.0	1.1648097281638398e+17
13460.0	1.3167268364287998e+17
13470.0	1.1289090464153597e+17
13480.0	1.0127002409369598e+17
13490.0	1.3204332806143997e+17
13500.0	1.2155096321228798e+17
13510.0	1.1365569304985597e+17
13520.0	1.0876314137395197e+17
13530.0	1.2593291316428798e+17
13540.0	9.709353343385598e+16
13550.0	1.0483569839308798e+17
13560.0	1.1618434521497597e+17
13570.0	1.2056781442252798e+17
13580.0	1.1556757857894398e+17
13590.0	1.1946516696268798e+17
13600.0	1.1713753599180798e+17
13610.0	1.2185473069875197e+17
13620.0	9.733170410291197e+16
13630.0	1.2611768523161597e+17
13640.0	1.2565135019212798e+17
13650.0	1.1881109703884798e+17
13660.0	1.2856928527974398e+17
13670.0	1.2001285714739197e+17
13680.0	1.2159847104511998e+17
13690.0	1.1288944259891197e+17
13700.0	1.2157235573555197e+17
13710.0	1.1371907383295998e+17
13720.0	1.2283674623999998e+17
13730.0	1.2161597282713597e+17
13740.0	1.2145308650700798e+17
13750.0	1.2298003388825597e+17
13760.0	1.2637169804902398e+17
13770.0	1.2190349970636798e+17
13780.0	1.3151289094963197e+17
13790.0	1.2502415979315197e+17
13800.0	1.3873828016947197e+17
13810.0	1.2322447609036798e+17
13820.0	1.3261424479436798e+17
13830.0	1.0701866178969598e+17
13840.0	1.3226756446617597e+17
13850.0	1.2383335258521597e+17
13860.0	1.2173408141311998e+17
13870.0	1.3224682769612798e+17
13880.0	1.1446636825804798e+17
13890.0	1.3129877277900798e+17
13900.0	1.1706040136499197e+17
13910.0	1.0570611648102398e+17
13920.0	1.1370281264742398e+17
13930.0	1.1369667415244798e+17
13940.0	1.1093251692953597e+17
13950.0	1.1115847234355197e+17
13960.0	1.1169484308479998e+17
13970.0	1.1357297390387197e+17
13980.0	1.0333528968396798e+17
13990.0	1.1422518791372798e+17
14000.0	1.0436094748262398e+17
14010.0	1.0291615157452798e+17
14020.0	1.1743023962521597e+17
14030.0	1.1465698076262398e+17
14040.0	1.0358604143001598e+17
14050.0	1.0765137294131197e+17
14060.0	1.3135639609343998e+17
14070.0	1.0327447044095998e+17
14080.0	1.0619268576051197e+17
14090.0	1.0267878496665598e+17
14100.0	1.0903535819161598e+17
14110.0	1.0470905610239998e+17
14120.0	9.357926793215998e+16
14130.0	1.1184665093734398e+17
14140.0	1.0270188227788798e+17
14150.0	1.0200275406028798e+17
14160.0	1.1096433623039998e+17
14170.0	9.727681521254398e+16
14180.0	8.967811222732798e+16
14190.0	9.653466313523197e+16
14200.0	1.0464823122329598e+17
14210.0	1.0551212782387197e+17
14220.0	9.913721867468798e+16
14230.0	1.0054192123084798e+17
14240.0	9.239523098623998e+16
14250.0	1.0082664683929598e+17
14260.0	9.215667181977598e+16
14270.0	1.0329397788671998e+17
14280.0	9.737732515430398e+16
14290.0	8.160667264614398e+16
14300.0	1.1303328232243197e+17
14310.0	1.0885434336870398e+17
14320.0	9.721609453567998e+16
14330.0	1.0242519518412798e+17
14340.0	8.322048734003198e+16
14350.0	1.0813464772607998e+17
14360.0	1.0679574462463998e+17
14370.0	9.988212234649598e+16
14380.0	1.0517915684044798e+17
14390.0	1.0501748293631998e+17
14400.0	9.667215137177598e+16
14410.0	9.332467328614398e+16
14420.0	9.774826258431998e+16
14430.0	1.0881476565401598e+17
14440.0	1.0608527107686398e+17
14450.0	9.143512216371197e+16
14460.0	1.1059027810713597e+17
14470.0	9.476534173695998e+16
14480.0	1.0573297981849598e+17
14490.0	1.1295287725260798e+17
14500.0	1.0074561576959998e+17
14510.0	9.100432782131197e+16
14520.0	1.2179482869759998e+17
14530.0	1.0806806878617598e+17
14540.0	9.567335468236798e+16
14550.0	1.1703622303743998e+17
14560.0	9.999793166745598e+16
14570.0	9.182947193651197e+16
14580.0	1.1029311625625598e+17
14590.0	1.1350247342079998e+17
14600.0	1.1097328713727998e+17
14610.0	1.0946757787647998e+17
14620.0	1.0105509432524798e+17
14630.0	9.153882868940798e+16
14640.0	1.0851878200934398e+17
14650.0	1.0697325464780798e+17
14660.0	1.1517552597401597e+17
14670.0	1.1276141618790398e+17
14680.0	9.570804170751998e+16
14690.0	9.546326946611197e+16
14700.0	1.0210421034188798e+17
14710.0	1.0494686278451197e+17
14720.0	1.0725962442342398e+17
14730.0	1.1204253633740798e+17
14740.0	1.0107624620031998e+17
14750.0	1.0044375118643197e+17
14760.0	1.0191586433433598e+17
14770.0	1.0499495087308798e+17
14780.0	1.0383822762803197e+17
14790.0	1.1607216934092798e+17
14800.0	9.622411437670398e+16
14810.0	1.0812213218508798e+17
14820.0	9.816791370956798e+16
14830.0	1.0606379479859197e+17
14840.0	1.1281540133683197e+17
14850.0	1.0462284873727998e+17
14860.0	1.0717454716108798e+17
14870.0	1.1147430199295998e+17
14880.0	1.0369563833139197e+17
14890.0	1.0512206895513598e+17
14900.0	1.0597307174092798e+17
14910.0	1.1232975703244798e+17
14920.0	1.1226868953907197e+17
14930.0	1.0705129229516798e+17
14940.0	1.0216149771878398e+17
14950.0	1.0600186668646398e+17
14960.0	1.0845349845401598e+17
14970.0	1.1057935967846398e+17
14980.0	1.1261832855551998e+17
14990.0	1.1295460058726398e+17
15000.0	1.0994274847948798e+17
15010.0	1.0891987963084798e+17
15020.0	9.595210301439998e+16
15030.0	1.1851790575206398e+17
15040.0	1.1063936155647998e+17
15050.0	1.1668383308185597e+17
15060.0	1.1177246798643197e+17
15070.0	1.1778479856025597e+17
15080.0	1.0764021871411197e+17
15090.0	1.1761893978931197e+17
15100.0	1.0890296950783998e+17
15110.0	1.1391906768486398e+17
15120.0	1.1832277047705597e+17
15130.0	1.0973065982771197e+17
15140.0	1.1000417012940798e+17
15150.0	1.2094843178188798e+17
15160.0	1.1656154395443197e+17
15170.0	9.645718372351998e+16
15180.0	1.1183740315238398e+17
15190.0	1.1529903118745597e+17
15200.0	1.1382916880793597e+17
15210.0	1.2378713908838398e+17
15220.0	1.1886652424191998e+17
15230.0	1.2033034315366398e+17
15240.0	1.1947442647859197e+17
15250.0	1.1084213334835197e+17
15260.0	1.1144029641113597e+17
15270.0	1.1732725451980798e+17
15280.0	1.1694039289036798e+17
15290.0	1.1463477166079998e+17
15300.0	1.2721854296883197e+17
15310.0	1.2063363275161597e+17
15320.0	1.0785801581363197e+17
15330.0	1.1389687169023998e+17
15340.0	1.2540996170547197e+17
15350.0	1.1981201525964798e+17
15360.0	1.2339872818790398e+17
15370.0	1.1919927148543998e+17
15380.0	1.1895319769907197e+17
15390.0	1.2794125929676798e+17
15400.0	1.1742721526988798e+17
15410.0	1.1297552570777597e+17
15420.0	1.2222968456806398e+17
15430.0	1.1773736373452798e+17
15440.0	1.1887338350182398e+17
15450.0	1.2410002604031998e+17
15460.0	1.3131450443366398e+17
15470.0	1.1929274810367998e+17
15480.0	1.2058006126591998e+17
15490.0	1.2315849156198398e+17
15500.0	1.2635382847897597e+17
15510.0	1.1884896531251197e+17
15520.0	1.2791313727487998e+17
15530.0	1.2813349971558398e+17
15540.0	1.2546098567577597e+17
15550.0	1.2421096066252798e+17
15560.0	1.2077667765452798e+17
15570.0	1.2288069415731197e+17
15580.0	1.1785334004121597e+17
15590.0	1.2675869232332798e+17
15600.0	1.2551722736025597e+17
15610.0	1.2551691750604798e+17
15620.0	1.2879035577139197e+17
15630.0	1.2684832014335998e+17
15640.0	1.3216479418777597e+17
15650.0	1.2309648533094398e+17
15660.0	1.1961784493670398e+17
15670.0	1.3315890269388798e+17
15680.0	1.3633006154547197e+17
15690.0	1.2704095639961597e+17
15700.0	1.2732502691020798e+17
15710.0	1.3052450596454398e+17
15720.0	1.2838253992345597e+17
15730.0	1.2875935960268798e+17
15740.0	1.3277733925683197e+17
15750.0	1.3283545343590398e+17
15760.0	1.3047152220569597e+17
15770.0	1.3259757715455997e+17
15780.0	1.2946589509222398e+17
15790.0	1.3209099121459197e+17
15800.0	1.3335858118655997e+17
15810.0	1.3470333272063997e+17
15820.0	1.3319154827263997e+17
15830.0	1.3672435417087997e+17
15840.0	1.2990282910924798e+17
15850.0	1.3070339119513597e+17
15860.0	1.3972832177356798e+17
15870.0	1.3653639535001597e+17
15880.0	1.3763230302207997e+17
15890.0	1.3501990017433597e+17
15900.0	1.2827147947212798e+17
15910.0	1.3726641579622398e+17
15920.0	1.3467226000588798e+17
15930.0	1.3519759238758398e+17
15940.0	1.3902912893747197e+17
15950.0	1.4025491585433597e+17
15960.0	1.4184129757183997e+17
15970.0	1.3933493616639997e+17
15980.0	1.3759228516761597e+17
15990.0	1.3842672805478398e+17
16000.0	1.4038447816703997e+17
16010.0	1.4097041614438398e+17
16020.0	1.3549438396006398e+17
16030.0	1.4457686117580797e+17
16040.0	1.3754415448063997e+17
16050.0	1.3931649354956798e+17
16060.0	1.3618420514815997e+17
16070.0	1.3709138486886398e+17
16080.0	1.4058140598271997e+17
16090.0	1.4199026902630398e+17
16100.0	1.4155369860300798e+17
16110.0	1.3952522282598398e+17
16120.0	1.4140599854694398e+17
16130.0	1.4298661781503997e+17
16140.0	1.4102801154047997e+17
16150.0	1.4085172730265597e+17
16160.0	1.4105930602905597e+17
16170.0	1.4629987129753597e+17
16180.0	1.4718158949580797e+17
16190.0	1.3805661795123197e+17
16200.0	1.3838500495359997e+17
16210.0	1.3647688787558398e+17
16220.0	1.4378321628364798e+17
16230.0	1.4334910634393597e+17
16240.0	1.4675750944767997e+17
16250.0	1.4183608562483197e+17
16260.0	1.3982478657126398e+17
16270.0	1.4572148044595197e+17
16280.0	1.4576373936947197e+17
16290.0	1.4557679478374397e+17
16300.0	1.4652315533311997e+17
16310.0	1.4441706264985597e+17
16320.0	1.4423506603212797e+17
16330.0	1.4792787859865597e+17
16340.0	1.4794980694425597e+17
16350.0	1.4527732829388797e+17
16360.0	1.4463101724262397e+17
16370.0	1.4423896463769597e+17
16380.0	1.4816350280089597e+17
16390.0	1.4788552425471997e+17
16400.0	1.4708115190579197e+17
16410.0	1.4795594006527997e+17
16420.0	1.4585320623308797e+17
16430.0	1.4670658194636797e+17
16440.0	1.4956615879884797e+17
16450.0	1.4679216803020797e+17
16460.0	1.4692551963443197e+17
16470.0	1.5111855826534397e+17
16480.0	1.4985023796019197e+17
16490.0	1.4967272374271997e+17
16500.0	1.4942414779187197e+17
16510.0	1.4885992215347197e+17
16520.0	1.5079399961395197e+17
16530.0	1.4663677457203197e+17
16540.0	1.4712543772671997e+17
16550.0	1.5018430640947197e+17
16560.0	1.5359503106047997e+17
16570.0	1.5279349720678397e+17
16580.0	1.5257343125094397e+17
16590.0	1.4862963048447997e+17
16600.0	1.4966102976102397e+17
16610.0	1.4733362987007997e+17
16620.0	1.4941081383731197e+17
16630.0	1.5427962352435197e+17
16640.0	1.5372555806310397e+17
16650.0	1.5252210371788797e+17
16660.0	1.4973644675481597e+17
16670.0	1.4889398986342397e+17
16680.0	1.5029594724761597e+17
16690.0	1.5292340266598397e+17
16700.0	1.5275254847897597e+17
16710.0	1.4986642561433597e+17
16720.0	1.4767778299903997e+17
16730.0	1.5073160200191997e+17
16740.0	1.5393459247513597e+17
16750.0	1.5454912905215997e+17
16760.0	1.5552645693439997e+17
16770.0	1.5006170218495997e+17
16780.0	1.5352966781337597e+17
16790.0	1.5455264020889597e+17
16800.0	1.5231429718835197e+17
16810.0	1.5190926216396797e+17
16820.0	1.5483621919948797e+17
16830.0	1.5381514236723197e+17
16840.0	1.5147806936268797e+17
16850.0	1.5345896154726397e+17
16860.0	1.5271957023948797e+17
16870.0	1.4721474310963197e+17
16880.0	1.4707194645708797e+17
16890.0	1.4565378831155197e+17
16900.0	1.5013828912742397e+17
16910.0	1.5087846975078397e+17
16920.0	1.4539564751257597e+17
16930.0	1.4839545226854397e+17
16940.0	1.4955909742591997e+17
16950.0	1.4596230610943997e+17
16960.0	1.4481981911859197e+17
16970.0	1.4468735408537597e+17
16980.0	1.4141808731750398e+17
16990.0	1.4297009828659197e+17
17000.0	1.4062384263987197e+17
17010.0	1.4133191298252798e+17
17020.0	1.4644924042444797e+17
17030.0	1.4352735246745597e+17
17040.0	1.3566670353203197e+17
17050.0	1.3766981215846398e+17
17060.0	1.4333098668851197e+17
17070.0	1.3771851510579197e+17
17080.0	1.3062724675174398e+17
17090.0	1.3210594757836798e+17
17100.0	1.4023010156543997e+17
17110.0	1.2534082856550398e+17
17120.0	1.2790743275929597e+17
17130.0	1.3152697686425597e+17
17140.0	1.2575654176358398e+17
17150.0	1.2474607783116798e+17
17160.0	1.2335609728204798e+17
17170.0	1.2166254323302398e+17
17180.0	1.1818159099084798e+17
17190.0	1.1397456409395197e+17
17200.0	1.2129530465484798e+17
17210.0	1.2240931572940798e+17
17220.0	1.2665343180799998e+17
17230.0	1.1585789283532798e+17
17240.0	1.1860387404185597e+17
17250.0	1.2539237262950398e+17
17260.0	1.2260002496511998e+17
17270.0	9.959839367167998e+16
17280.0	1.2168561636147197e+17
17290.0	1.1751219645644798e+17
17300.0	1.1527176388607998e+17
17310.0	1.2370994869043197e+17
17320.0	1.0131009214873598e+17
17330.0	1.1635009375436798e+17
17340.0	1.1103825480908798e+17
17350.0	1.0494700145868798e+17
17360.0	1.1381832967782398e+17
17370.0	1.0274773034598398e+17
17380.0	1.1216921270681597e+17
17390.0	1.1296625865523197e+17
17400.0	1.0440982921215998e+17
17410.0	9.992586395647998e+16
17420.0	1.1275608129535998e+17
17430.0	1.0615497844326398e+17
17440.0	1.0200704260505598e+17
17450.0	9.946234657177598e+16
17460.0	1.0609467064319998e+17
17470.0	9.572546943385598e+16
17480.0	9.934295754342398e+16
17490.0	1.1049717910732798e+17
17500.0	1.0287983401369598e+17
17510.0	9.149016218009598e+16
17520.0	9.858464651673598e+16
17530.0	1.0761487594291197e+17
17540.0	9.300352604569598e+16
17550.0	9.639935960678398e+16
17560.0	8.324196597759998e+16
17570.0	9.280782545715197e+16
17580.0	9.005562016563197e+16
17590.0	8.796800417791998e+16
17600.0	1.0605529897369598e+17
17610.0	8.437933041254398e+16
17620.0	9.221418975231998e+16
17630.0	8.012062313676798e+16
17640.0	1.0030040009932798e+17
17650.0	9.091785870540798e+16
17660.0	1.0404293915443197e+17
17670.0	8.654102986751998e+16
17680.0	7.250385790566398e+16
17690.0	7.893985027686398e+16
17700.0	9.580858507263998e+16
17710.0	9.167966778163197e+16
17720.0	7.935178139238398e+16
17730.0	7.625741094092798e+16
17740.0	9.526695690239998e+16
17750.0	7.979697963007998e+16
17760.0	7.813788355788798e+16
17770.0	8.142078273126398e+16
17780.0	7.976903927398398e+16
17790.0	8.603372211404798e+16
17800.0	8.299341669990398e+16
17810.0	7.385824578764798e+16
17820.0	7.929780371455998e+16
17830.0	7.514078458675198e+16
17840.0	8.989107709542398e+16
17850.0	7.356458139647998e+16
17860.0	6.967472947199998e+16
17870.0	6.503550497587199e+16
17880.0	7.713419100159998e+16
17890.0	8.057811999129598e+16
17900.0	8.537154414182398e+16
17910.0	6.602471269990399e+16
17920.0	7.311329945190398e+16
17930.0	7.713992500838398e+16
17940.0	7.154006137241598e+16
17950.0	7.150587228979199e+16
17960.0	6.982341020876798e+16
17970.0	8.126718083071998e+16
17980.0	8.037019536588798e+16
17990.0	7.907741414195198e+16
18000.0	6.701414822707199e+16
18010.0	6.393911168204798e+16
18020.0	6.594625588428798e+16
18030.0	7.015742006886399e+16
18040.0	8.124487027916798e+16
18050.0	7.197164352307199e+16
18060.0	6.085268406271999e+16
18070.0	7.125081994035199e+16
18080.0	6.876273246207998e+16
18090.0	7.062679571660798e+16
18100.0	7.838478617804798e+16
18110.0	5.517628460236799e+16
18120.0	6.927153043865598e+16
18130.0	6.575863326310399e+16
18140.0	8.352624331980798e+16
18150.0	7.657225833676798e+16
18160.0	6.920602694451199e+16
18170.0	6.896393886105598e+16
18180.0	6.793454977023998e+16
18190.0	6.374751148441598e+16
18200.0	6.439354669465598e+16
18210.0	6.605328115302399e+16
18220.0	5.343747460300799e+16
18230.0	7.599196372991998e+16
18240.0	8.772010849075198e+16
18250.0	6.869047351705598e+16
18260.0	6.380075719065598e+16
18270.0	6.795911725055998e+16
18280.0	6.358904720588798e+16
18290.0	7.446303762022398e+16
18300.0	7.413198304051198e+16
18310.0	6.404930600959999e+16
18320.0	6.858998480895998e+16
18330.0	6.312861184819199e+16
18340.0	7.439203735961598e+16
18350.0	6.604078317567998e+16
18360.0	6.406444390809598e+16
18370.0	7.630762436198398e+16
18380.0	6.369634438348798e+16
18390.0	6.664440276582399e+16
18400.0	6.353252188159999e+16
18410.0	7.896266375167998e+16
18420.0	5.951956818329598e+16
18430.0	6.400210632703999e+16
18440.0	5.741331166003199e+16
18450.0	6.462184606924798e+16
18460.0	6.201042875187199e+16
18470.0	5.621413131059199e+16
18480.0	5.619565160038399e+16
18490.0	6.029937750835199e+16
18500.0	5.624919044915199e+16
18510.0	6.684502890905598e+16
18520.0	6.948975594700798e+16
18530.0	6.008515225190399e+16
18540.0	5.771697455103999e+16
18550.0	6.442403548364798e+16
18560.0	6.173026300723199e+16
18570.0	5.190988627967999e+16
18580.0	4.852877846118399e+16
18590.0	5.211681954201598e+16
18600.0	5.106029651558399e+16
18610.0	5.105816764415999e+16
18620.0	5.990576953753598e+16
18630.0	5.801986116812798e+16
18640.0	5.810792051507199e+16
18650.0	5.124047876915199e+16
18660.0	6.061008610918399e+16
18670.0	6.203845915443199e+16
18680.0	5.266017681407999e+16
18690.0	6.848348513894399e+16
18700.0	6.490856292351999e+16
18710.0	5.701483751014399e+16
18720.0	6.179284569292798e+16
18730.0	5.003146179379199e+16
18740.0	6.210229318451199e+16
18750.0	5.982152163327999e+16
18760.0	6.431906162278399e+16
18770.0	5.607583711231999e+16
18780.0	6.137833180364798e+16
18790.0	5.447876857036799e+16
18800.0	6.295042772172798e+16
18810.0	5.878525237657598e+16
18820.0	6.236173762559999e+16
18830.0	7.127357194239998e+16
18840.0	6.975493544345598e+16
18850.0	5.412869845811199e+16
18860.0	6.493698365849598e+16
18870.0	6.116505655705598e+16
18880.0	7.088465982259199e+16
18890.0	5.843971381657598e+16
18900.0	6.503253265612798e+16
18910.0	6.419908578508798e+16
18920.0	5.124448098713598e+16
18930.0	6.025393445273598e+16
18940.0	6.237416312012798e+16
18950.0	6.367593535897598e+16
18960.0	6.220753901977598e+16
18970.0	6.992580365516798e+16
18980.0	5.853239928422399e+16
18990.0	6.447430932889598e+16
19000.0	6.922975372902399e+16
19010.0	6.280839554662399e+16
19020.0	7.044540825599998e+16
19030.0	6.345347183411199e+16
19040.0	6.621379323494399e+16
19050.0	6.595760462233598e+16
19060.0	6.103982132428798e+16
19070.0	6.012751419801598e+16
19080.0	7.055348229734399e+16
19090.0	6.685726683955199e+16
19100.0	6.565899979980798e+16
19110.0	5.693174657843199e+16
19120.0	6.420584398847999e+16
19130.0	6.914137744998399e+16
19140.0	6.717800441446399e+16
19150.0	7.125018646937598e+16
19160.0	6.142461352345598e+16
19170.0	5.983900696575999e+16
19180.0	6.444413380198399e+16
19190.0	7.410199049011198e+16
19200.0	6.255517302783999e+16
19210.0	5.793118257151999e+16
19220.0	6.547872350207999e+16
19230.0	6.644642021375998e+16
19240.0	5.774151594803199e+16
19250.0	6.501747045171199e+16
19260.0	6.460699633254399e+16
19270.0	5.895810396979199e+16
19280.0	7.544357571788798e+16
19290.0	5.977749291007999e+16
19300.0	6.052851456409598e+16
19310.0	4.773106339020799e+16
19320.0	5.472536251596799e+16
19330.0	6.418394664140798e+16
19340.0	5.868990241177598e+16
19350.0	6.715119226060798e+16
19360.0	6.407941691801598e+16
19370.0	6.389474394111999e+16
19380.0	6.277162480435199e+16
19390.0	5.627258981580798e+16
19400.0	5.439932799385598e+16
19410.0	5.618033721343999e+16
19420.0	6.232812906086399e+16
19430.0	6.059699994623999e+16
19440.0	5.967682981068798e+16
19450.0	5.042428156313598e+16
19460.0	4.319815054131199e+16
19470.0	5.981615744614399e+16
19480.0	5.405252956979199e+16
19490.0	5.513089069875199e+16
19500.0	6.233914487603199e+16
19510.0	4.837620527923199e+16
19520.0	5.945151835340798e+16
19530.0	4.940596785971199e+16
19540.0	6.097990739558399e+16
19550.0	5.845307018444798e+16
19560.0	5.436399452159999e+16
19570.0	6.061690060799999e+16
19580.0	6.252697688473598e+16
19590.0	7.482654575820798e+16
19600.0	5.556383016550399e+16
19610.0	5.160422473727999e+16
19620.0	6.058266145587199e+16
19630.0	6.141254854246399e+16
19640.0	5.983363530751999e+16
19650.0	5.396760113971199e+16
19660.0	6.241466200883199e+16
19670.0	6.357572118118399e+16
19680.0	5.274267962572799e+16
19690.0	5.836235813683199e+16
19700.0	6.809110406758399e+16
19710.0	5.446534758399999e+16
19720.0	6.258097245388798e+16
19730.0	5.633774216806399e+16
19740.0	5.586967461887999e+16
19750.0	5.692625374412798e+16
19760.0	4.481599635455999e+16
19770.0	5.217842095718399e+16
19780.0	4.076731367423999e+16
19790.0	5.047298424831999e+16
19800.0	4.876522343628799e+16
19810.0	5.684334002175999e+16
19820.0	5.155616188006399e+16
19830.0	5.388542731878399e+16
19840.0	5.502098872729598e+16
19850.0	5.541657051135999e+16
19860.0	5.137127152025598e+16
19870.0	4.779447930060799e+16
19880.0	5.326188511231999e+16
19890.0	5.706029177241598e+16
19900.0	4.681148294758399e+16
19910.0	5.381113669222399e+16
19920.0	4.569951240191999e+16
19930.0	5.657073759027199e+16
19940.0	6.124812016025598e+16
19950.0	5.325143867391999e+16
19960.0	5.857929776332798e+16
19970.0	5.725809777049598e+16
19980.0	5.132173705215999e+16
19990.0	5.666000732159999e+16
20000.0	5.028600486297598e+16
20010.0	5.600186741555199e+16
20020.0	5.348538253311999e+16
20030.0	5.920831871385598e+16
20040.0	5.799549691494399e+16
20050.0	5.752080983654399e+16
20060.0	5.457442727526399e+16
20070.0	5.289211632025598e+16
20080.0	6.400687557836798e+16
20090.0	4.670190118502399e+16
20100.0	5.466616319180799e+16
20110.0	5.147670380543999e+16
20120.0	5.642975084543999e+16
20130.0	5.593360538009598e+16
20140.0	5.674147479551999e+16
20150.0	5.892786900172798e+16
20160.0	5.210657390591999e+16
20170.0	5.170115077734399e+16
20180.0	5.914540205670399e+16
20190.0	5.422596436787199e+16
20200.0	4.540933780275199e+16
20210.0	6.102663122124798e+16
20220.0	5.804746224435199e+16
20230.0	5.606158224588798e+16
20240.0	6.274896173465598e+16
20250.0	5.777708213862399e+16
20260.0	5.045580673843199e+16
20270.0	5.327036048998399e+16
20280.0	5.708105475686399e+16
20290.0	4.789109823897598e+16
20300.0	6.146872587059199e+16
20310.0	4.959818678271999e+16
20320.0	6.373203351961598e+16
20330.0	5.738479196569598e+16
20340.0	5.707139986227199e+16
20350.0	5.816184143871999e+16
20360.0	4.936011048550399e+16
20370.0	6.307641478348798e+16
20380.0	5.963297521663999e+16
20390.0	5.513160438579199e+16
20400.0	5.591754447257598e+16
20410.0	5.329843952025598e+16
20420.0	6.040144327475199e+16
20430.0	6.687183247769598e+16
20440.0	5.032330513612799e+16
20450.0	5.051633264230399e+16
20460.0	5.611642971750399e+16
20470.0	6.015740831334399e+16
20480.0	6.208265178316798e+16
20490.0	5.223538982911999e+16
20500.0	5.499421661593598e+16
20510.0	6.374824502886399e+16
20520.0	5.630970023116798e+16
20530.0	6.069198834892798e+16
20540.0	5.330152502067199e+16
20550.0	5.776355858841598e+16
20560.0	5.513259928780799e+16
20570.0	6.182203660697598e+16
20580.0	6.394076253388798e+16
20590.0	6.087111960166399e+16
20600.0	6.222608479027199e+16
20610.0	5.335312629759999e+16
20620.0	5.835187132825598e+16
20630.0	5.985217137868798e+16
20640.0	5.076965851135999e+16
20650.0	5.902635184947199e+16
20660.0	5.648490155212798e+16
20670.0	6.369203086950399e+16
20680.0	6.061743787212798e+16
20690.0	5.589102428159999e+16
20700.0	6.561333680537598e+16
20710.0	6.207321191219199e+16
20720.0	5.476853212774399e+16
20730.0	5.851259600895999e+16
20740.0	5.748848905420798e+16
20750.0	5.731850518527999e+16
20760.0	6.296451743743999e+16
20770.0	6.076532064255999e+16
20780.0	6.195128618188798e+16
20790.0	6.064301290291199e+16
20800.0	5.940625434214399e+16
20810.0	6.065180114943999e+16
20820.0	6.203157984051199e+16
20830.0	5.855010475212798e+16
20840.0	6.045561690521598e+16
20850.0	6.039092933427199e+16
20860.0	6.243107772825598e+16
20870.0	5.650890699571199e+16
20880.0	6.327515938815999e+16
20890.0	6.070703410380798e+16
20900.0	5.816452015718399e+16
20910.0	6.707597921484798e+16
20920.0	6.138274735718399e+16
20930.0	6.696126316543998e+16
20940.0	5.800722104319999e+16
20950.0	6.249276414361598e+16
20960.0	6.143538600345598e+16
20970.0	6.143228890316798e+16
20980.0	6.209303425843199e+16
20990.0	6.262072895078399e+16
21000.0	6.151639990271999e+16
21010.0	6.541590003711999e+16
21020.0	6.228749647871999e+16
21030.0	6.232980717567999e+16
21040.0	6.505994256383999e+16
21050.0	6.036554422681598e+16
21060.0	6.503744366182399e+16
21070.0	6.580496826367999e+16
21080.0	6.191350376038399e+16
21090.0	6.147070938316798e+16
21100.0	6.695463760691199e+16
21110.0	6.694586141900798e+16
21120.0	5.899320098815999e+16
21130.0	6.447608797593598e+16
21140.0	6.764774529433598e+16
21150.0	6.586055196671999e+16
21160.0	6.672948487782399e+16
21170.0	5.949491956940798e+16
21180.0	6.450913135820798e+16
21190.0	6.365354105241598e+16
21200.0	6.591849391718399e+16
21210.0	6.601700946739199e+16
21220.0	6.544090202111999e+16
21230.0	6.625155258777598e+16
21240.0	6.523119783116798e+16
21250.0	6.949214119526399e+16
21260.0	6.471556202495999e+16
21270.0	6.605685509324798e+16
21280.0	6.241376167526399e+16
21290.0	6.239050478387199e+16
21300.0	6.561474661580798e+16
21310.0	6.687609703628798e+16
21320.0	6.686630661324798e+16
21330.0	6.852078180761598e+16
21340.0	6.546187249254399e+16
21350.0	6.773584756735998e+16
21360.0	6.853415206911998e+16
21370.0	6.634731680563199e+16
21380.0	6.593498788659199e+16
21390.0	6.683717271551998e+16
21400.0	6.432656942694399e+16
21410.0	6.531348588134399e+16
21420.0	6.628693796454399e+16
21430.0	6.665382513868798e+16
21440.0	7.193437510041598e+16
21450.0	7.099034147225598e+16
21460.0	7.007258882867199e+16
21470.0	7.011085988659199e+16
21480.0	6.764289340211199e+16
21490.0	6.703481448038399e+16
21500.0	6.359681518796798e+16
21510.0	6.949079167795199e+16
21520.0	6.715831628595199e+16
21530.0	6.558186838425598e+16
21540.0	6.885353848831998e+16
21550.0	7.010993674649598e+16
21560.0	6.756800305561598e+16
21570.0	6.934259682508798e+16
21580.0	7.010373664767998e+16
21590.0	6.989097048473598e+16
21600.0	6.791156059340798e+16
21610.0	7.106877613670399e+16
21620.0	6.768634455654399e+16
21630.0	6.689031323647998e+16
21640.0	7.009468088319998e+16
21650.0	7.108848661299199e+16
21660.0	6.772830476697598e+16
21670.0	6.945509461196798e+16
21680.0	7.138680596070399e+16
21690.0	7.278652869836798e+16
21700.0	7.053189054463998e+16
21710.0	6.783779235430399e+16
21720.0	6.929776286105598e+16
21730.0	6.874212034150399e+16
21740.0	6.928299943526399e+16
21750.0	7.140198580223998e+16
21760.0	6.632204363366399e+16
21770.0	6.995323571404798e+16
21780.0	6.831751613644798e+16
21790.0	6.720877638451199e+16
21800.0	7.000450976972798e+16
21810.0	7.043019898879998e+16
21820.0	6.975216025599998e+16
21830.0	6.833006916403199e+16
21840.0	6.955752226815998e+16
21850.0	7.020229138841598e+16
21860.0	6.860172689407998e+16
21870.0	7.030788063231998e+16
21880.0	6.986305581875199e+16
21890.0	7.114576717414399e+16
21900.0	6.815640885657598e+16
21910.0	7.216052594278398e+16
21920.0	7.059554251571199e+16
21930.0	6.729645765427199e+16
21940.0	6.971581726719998e+16
21950.0	7.149263074099199e+16
21960.0	7.004501049343998e+16
21970.0	6.913497261670399e+16
21980.0	7.175177437183998e+16
21990.0	7.004026057523199e+16
22000.0	7.126146718105598e+16
22010.0	7.113852243148798e+16
22020.0	6.997280305971199e+16
22030.0	6.800563372031998e+16
22040.0	6.810781941759998e+16
22050.0	6.789042601983998e+16
22060.0	6.283776806092798e+16
22070.0	6.731692611993598e+16
22080.0	6.850255296921598e+16
22090.0	6.369118794547199e+16
22100.0	7.031952664166399e+16
22110.0	6.792455087718399e+16
22120.0	7.265743981772798e+16
22130.0	6.986019019161598e+16
22140.0	7.202266428211199e+16
22150.0	7.041146735820798e+16
22160.0	6.998909412966399e+16
22170.0	6.909046240051199e+16
22180.0	7.160325432934399e+16
22190.0	6.895268999987199e+16
22200.0	6.699579945779199e+16
22210.0	6.792420995891199e+16
22220.0	7.005823382323199e+16
22230.0	7.102703324364798e+16
22240.0	7.185376568934399e+16
22250.0	7.366477401292798e+16
22260.0	7.279545221119998e+16
22270.0	6.908251537407998e+16
22280.0	6.930775814963199e+16
22290.0	6.763185491148798e+16
22300.0	6.933514092543998e+16
22310.0	7.337854212505598e+16
22320.0	7.282665141043198e+16
22330.0	6.802232744345598e+16
22340.0	7.093343040307199e+16
22350.0	6.670212320460798e+16
22360.0	6.719840020070399e+16
22370.0	7.190439093862399e+16
22380.0	7.099832965529598e+16
22390.0	6.877139540377598e+16
22400.0	7.326966428467198e+16
22410.0	7.306060064358398e+16
22420.0	6.844373073919998e+16
22430.0	6.816258431385598e+16
22440.0	6.934502388531199e+16
22450.0	7.065879144038399e+16
22460.0	7.305701831475198e+16
22470.0	6.962893959987199e+16
22480.0	6.913981625139199e+16
22490.0	7.297904318873598e+16
22500.0	6.604731908095998e+16
22510.0	7.282689153433598e+16
22520.0	6.922924536627199e+16
22530.0	7.041783155916798e+16
22540.0	6.866256029286399e+16
22550.0	6.744087278387199e+16
22560.0	6.989168390963199e+16
22570.0	7.253168239411198e+16
22580.0	6.715506832179199e+16
22590.0	6.997381677055998e+16
22600.0	6.975273225420798e+16
22610.0	6.932485885132798e+16
22620.0	6.869029054054399e+16
22630.0	6.637350420479998e+16
22640.0	6.768059311718399e+16
22650.0	6.581844744601598e+16
22660.0	6.874259888537598e+16
22670.0	6.942261549465598e+16
22680.0	7.087844989337598e+16
22690.0	6.924550026035199e+16
22700.0	6.664370362777598e+16
22710.0	6.873448015462399e+16
22720.0	6.642760784281598e+16
22730.0	6.940981565849598e+16
22740.0	6.923839196364798e+16
22750.0	6.981455380479998e+16
22760.0	6.928893398220798e+16
22770.0	7.157913760563199e+16
22780.0	7.054953047654399e+16
22790.0	6.458985794764798e+16
22800.0	6.592808222719999e+16
22810.0	6.574628444569598e+16
22820.0	7.105619938508798e+16
22830.0	6.930840407244798e+16
22840.0	6.700522628710399e+16
22850.0	6.799593517875199e+16
22860.0	6.966202426982399e+16
22870.0	6.946899505971199e+16
22880.0	7.175148679987199e+16
22890.0	6.697002074111998e+16
22900.0	7.024441321062399e+16
22910.0	6.964604410265598e+16
22920.0	6.424708815257598e+16
22930.0	6.434008825855999e+16
22940.0	3.948396511231999e+16
22950.0	4.892225857126399e+16
22960.0	5.195196740403199e+16
22970.0	5.391793389567999e+16
22980.0	5.465599442943999e+16
22990.0	5.778599044710399e+16
23000.0	6.075455530598399e+16
23010.0	5.209428734771199e+16
23020.0	6.174463098879999e+16
23030.0	5.770318027161598e+16
23040.0	6.164840330035199e+16
23050.0	5.721367668326399e+16
23060.0	5.847193236275199e+16
23070.0	5.950118769459199e+16
23080.0	5.855984956211199e+16
23090.0	6.054396421734399e+16
23100.0	5.522895097036799e+16
23110.0	5.660058091519999e+16
23120.0	5.815131701247999e+16
23130.0	6.352555815731199e+16
23140.0	5.615324961177598e+16
23150.0	5.290534338559999e+16
23160.0	5.818106242662399e+16
23170.0	6.190628496998399e+16
23180.0	5.568415144345598e+16
23190.0	6.095214634598399e+16
23200.0	6.140915207372798e+16
23210.0	5.562459586559999e+16
23220.0	5.684242736742399e+16
23230.0	4.001926296371199e+16
23240.0	4.515520721715199e+16
23250.0	4.802996862975999e+16
23260.0	4.973986788147199e+16
23270.0	5.140729875660799e+16
23280.0	5.217603308748799e+16
23290.0	5.171632776806399e+16
23300.0	4.979374296268799e+16
23310.0	5.139476670054399e+16
23320.0	5.359086213529598e+16
23330.0	5.650827975065598e+16
23340.0	5.137894447513598e+16
23350.0	5.182039765811199e+16
23360.0	5.068010219110399e+16
23370.0	5.009229204684799e+16
23380.0	5.283087679487999e+16
23390.0	4.852208343449598e+16
23400.0	5.005443674931199e+16
23410.0	5.228876929433598e+16
23420.0	5.619221639987199e+16
23430.0	5.503759862988799e+16
23440.0	4.879107424255999e+16
23450.0	4.452850466815999e+16
23460.0	5.867265235353598e+16
23470.0	5.464037549670399e+16
23480.0	5.453740703743999e+16
23490.0	5.717050864435199e+16
23500.0	5.197660684287999e+16
23510.0	4.826910621695999e+16
23520.0	4.856269517619199e+16
23530.0	3.955652637491199e+16
23540.0	4.109813265203199e+16
23550.0	4.840991437619199e+16
23560.0	4.430161903615999e+16
23570.0	4.980332717670399e+16
23580.0	4.723927488921598e+16
23590.0	4.070360927436799e+16
23600.0	5.151093948415999e+16
23610.0	4.586345437593598e+16
23620.0	4.688700361932799e+16
23630.0	4.575049665740799e+16
23640.0	4.894270501683199e+16
23650.0	5.090385631641598e+16
23660.0	4.988104953036799e+16
23670.0	4.799996434841598e+16
23680.0	4.585015194419199e+16
23690.0	4.712346838630399e+16
23700.0	4.948135392051199e+16
23710.0	4.745259896012799e+16
23720.0	5.349684418969598e+16
23730.0	4.999203605708799e+16
23740.0	4.797812598374399e+16
23750.0	5.043311751987199e+16
23760.0	4.824050715852799e+16
23770.0	4.589530316799999e+16
23780.0	4.910446123417598e+16
23790.0	4.458544863641598e+16
23800.0	5.221515499929598e+16
23810.0	4.373163927142399e+16
23820.0	4.736901342822399e+16
23830.0	4.016918475571199e+16
23840.0	3.844818422988799e+16
23850.0	4.687565068697598e+16
23860.0	4.115139592191999e+16
23870.0	3.883624667545599e+16
23880.0	3.931492856627199e+16
23890.0	4.293281297203199e+16
23900.0	4.994021746278399e+16
23910.0	4.754368475955199e+16
23920.0	3.839951267430399e+16
23930.0	4.174521768345599e+16
23940.0	5.173461621145598e+16
23950.0	4.131287275929599e+16
23960.0	4.410253947699199e+16
23970.0	4.392730702643199e+16
23980.0	4.081922421555199e+16
23990.0	4.430846427135999e+16
24000.0	4.325920119193599e+16
24010.0	4.008466671206399e+16
24020.0	4.235840801996799e+16
24030.0	4.187684044799999e+16
24040.0	4.166881863270399e+16
24050.0	4.212274724863999e+16
24060.0	4.103867518156799e+16
24070.0	4.102914716467199e+16
24080.0	3.758758933299199e+16
24090.0	3.843880222719999e+16
24100.0	3.789514525900799e+16
24110.0	4.088758101606399e+16
24120.0	4.065020293939199e+16
24130.0	3.803832182374399e+16
24140.0	3.288090463436799e+16
24150.0	4.259364326604799e+16
24160.0	3.862562360524799e+16
24170.0	3.424423175782399e+16
24180.0	3.645463455334399e+16
24190.0	4.238643927449599e+16
24200.0	3.542024421375999e+16
24210.0	4.212377354239999e+16
24220.0	3.2200135606271996e+16
24230.0	3.682226464358399e+16
24240.0	4.154384501964799e+16
24250.0	3.605088455884799e+16
24260.0	3.4280232124415996e+16
24270.0	3.3715833143295996e+16
24280.0	3.4031117664255996e+16
24290.0	3.966799177318399e+16
24300.0	3.670776466636799e+16
24310.0	3.3432264114175996e+16
24320.0	3.652016675225599e+16
24330.0	3.581148495871999e+16
24340.0	3.2691464241151996e+16
24350.0	3.441275371519999e+16
24360.0	3.673356068454399e+16
24370.0	2.7174049546239996e+16
24380.0	3.406114547302399e+16
24390.0	3.981649615257599e+16
24400.0	3.3623222976511996e+16
24410.0	3.547677510860799e+16
24420.0	3.324460630015999e+16
24430.0	3.1994945273855996e+16
24440.0	2.9223939670015996e+16
24450.0	3.4269011050495996e+16
24460.0	3.459824182886399e+16
24470.0	3.5960790024191996e+16
24480.0	2.7005530931199996e+16
24490.0	3.1964648407039996e+16
24500.0	3.479119177318399e+16
24510.0	3.5732257734655996e+16
24520.0	2.7845715886079996e+16
24530.0	2.8180132069375996e+16
24540.0	2.6275531489279996e+16
24550.0	2.9218209103871996e+16
24560.0	3.368146599935999e+16
24570.0	3.557838749695999e+16
24580.0	3.5557610356735996e+16
24590.0	3.422595704422399e+16
24600.0	2.9960259502079996e+16
24610.0	2.2475571199999996e+16
24620.0	3.2927826706431996e+16
24630.0	3.2084018462719996e+16
24640.0	3.622099274956799e+16
24650.0	3.2493963509759996e+16
24660.0	3.0607813640191996e+16
24670.0	3.083173711052799e+16
24680.0	2.3408532914175996e+16
24690.0	3.343700230143999e+16
24700.0	2.893330671206399e+16
24710.0	2.950451907788799e+16
24720.0	2.9791225577471996e+16
24730.0	2.9927078756351996e+16
24740.0	2.4608809418751996e+16
24750.0	2.5252136550399996e+16
24760.0	2.5378721890303996e+16
24770.0	3.496088895487999e+16
24780.0	3.1801086771199996e+16
24790.0	2.5012566097919996e+16
24800.0	2.921100404326399e+16
24810.0	2.7546707886079996e+16
24820.0	2.4730659979263996e+16
24830.0	2.6688884899839996e+16
24840.0	3.3314878717951996e+16
24850.0	3.434846643814399e+16
24860.0	3.0580705361919996e+16
24870.0	2.5092883906559996e+16
24880.0	2.5523067420671996e+16
24890.0	2.6213576638463996e+16
24900.0	2.3723172790271996e+16
24910.0	2.3858824740863996e+16
24920.0	2.8410467516415996e+16
24930.0	2.7943535312895996e+16
24940.0	3.3106232672255996e+16
24950.0	2.9765570134015996e+16
24960.0	2.6109115367423996e+16
24970.0	2.8329393848319996e+16
24980.0	2.2282461478911996e+16
24990.0	2.7089257431039996e+16
25000.0	2.8544399572991996e+16
25010.0	2.708370574540799e+16
25020.0	2.951187418316799e+16
25030.0	2.470455921868799e+16
25040.0	2.536163790028799e+16
25050.0	2.381713804492799e+16
25060.0	2.0001958690815996e+16
25070.0	2.5536553123839996e+16
25080.0	2.6654290313215996e+16
25090.0	2.9478092636159996e+16
25100.0	2.8849621565439996e+16
25110.0	2.388727106764799e+16
25120.0	2.5002436362239996e+16
25130.0	2.319506427084799e+16
25140.0	2.6934840983551996e+16
25150.0	2.0124659449855996e+16
25160.0	2.4662224568319996e+16
25170.0	3.0487039737855996e+16
25180.0	2.5692917071871996e+16
25190.0	2.609168256204799e+16
25200.0	2.468102130892799e+16
25210.0	2.6112742981631996e+16
25220.0	2.4727643553791996e+16
25230.0	2.7268036296703996e+16
25240.0	2.1420321275903996e+16
25250.0	2.3616125173759996e+16
25260.0	2.355533597900799e+16
25270.0	2.7799586144255996e+16
25280.0	2.1042188189695996e+16
25290.0	2.4380837789695996e+16
25300.0	2.715803274444799e+16
25310.0	2.951609656934399e+16
25320.0	2.6892415369215996e+16
25330.0	2.0292848943103996e+16
25340.0	2.8488536522751996e+16
25350.0	2.381617941708799e+16
25360.0	2.0382462345215996e+16
25370.0	2.3592818507775996e+16
25380.0	2.4175161180159996e+16
25390.0	2.2246640517119996e+16
25400.0	2.5223522385919996e+16
25410.0	2.4129835335679996e+16
25420.0	2.595587181772799e+16
25430.0	2.0752516120575996e+16
25440.0	2.1470686380031996e+16
25450.0	2.6235141750783996e+16
25460.0	2.4494821801983996e+16
25470.0	2.4467351470079996e+16
25480.0	2.296745544908799e+16
25490.0	2.1441599176703996e+16
25500.0	2.419535662284799e+16
25510.0	2.6263483449343996e+16
25520.0	2.6197667807231996e+16
25530.0	1.9708773040127996e+16
25540.0	2.7300858265599996e+16
25550.0	2.377877490892799e+16
25560.0	2.3257797558271996e+16
25570.0	2.3931842953215996e+16
25580.0	2.3837648224255996e+16
25590.0	2.588299201740799e+16
25600.0	2.3017765339135996e+16
25610.0	1.8246679986175996e+16
25620.0	2.7498928930815996e+16
25630.0	2.0338025627647996e+16
25640.0	2.2718267228159996e+16
25650.0	2.3920011018239996e+16
25660.0	2.4192864813055996e+16
25670.0	2.1326970486783996e+16
25680.0	2.3934835032063996e+16
25690.0	2.2416425943039996e+16
25700.0	2.270165732556799e+16
25710.0	3.2179168608255996e+16
25720.0	2.6222932459519996e+16
25730.0	2.3589608161279996e+16
25740.0	2.1057305804799996e+16
25750.0	2.2145299185663996e+16
25760.0	2.3076211752959996e+16
25770.0	1.8422094987263996e+16
25780.0	1.9793647566847996e+16
25790.0	2.2949990399999996e+16
25800.0	2.9400675123199996e+16
25810.0	2.263069691084799e+16
25820.0	2.4490614620159996e+16
25830.0	2.1073016225791996e+16
25840.0	2.309096033484799e+16
25850.0	2.253068422348799e+16
25860.0	2.911838751948799e+16
25870.0	2.2006291660799996e+16
25880.0	2.1976402821119996e+16
25890.0	2.2762211704831996e+16
25900.0	2.3515939241983996e+16
25910.0	2.3653708988415996e+16
25920.0	2.6220308004863996e+16
25930.0	2.0811054776319996e+16
25940.0	2.3988498759679996e+16
25950.0	2.1155549872127996e+16
25960.0	2.412035394764799e+16
25970.0	2.3647906824191996e+16
25980.0	1.9818583687167996e+16
25990.0	2.3916655673343996e+16
