0.7	33833892.517089844
0.701	32261533.203125
0.702	45251208.984375
0.703	46480631.591796875
0.704	39224347.77832031
0.705	49471997.314453125
0.706	15937883.30078125
0.707	15158178.039550781
0.708	20466526.3671875
0.709	16301834.655761719
0.71	15792848.999023438
0.711	16931385.43701172
0.712	18104993.408203125
0.713	15564005.676269531
0.714	15180595.520019531
0.715	15657663.757324219
0.716	17267491.51611328
0.717	16602677.307128906
0.718	18025655.57861328
0.719	18342229.30908203
0.72	19369455.932617188
0.721	18085946.10595703
0.722	20595345.642089844
0.723	21183297.607421875
0.724	20809600.036621094
0.725	26152508.60595703
0.726	25366241.69921875
0.727	26725291.748046875
0.728	32352737.670898438
0.729	32430833.251953125
0.73	44352254.39453125
0.731	42890392.578125
0.732	63667707.03125
0.733	66783846.6796875
0.734	54599119.140625
0.735	49597066.28417969
0.736	59502093.13964844
0.737	83073775.14648438
0.738	72651302.24609375
0.739	68146182.6171875
0.74	71983465.33203125
0.741	66900444.580078125
0.742	50423715.33203125
0.743	67292811.03515625
0.744	72800549.8046875
0.745	48955968.75
0.746	54370535.888671875
0.747	58384264.6484375
0.748	56695920.654296875
0.749	65019195.80078125
0.75	75573646.24023438
0.751	63429234.619140625
0.752	67363380.37109375
0.753	79900173.828125
0.754	80115396.484375
0.755	87180654.78515625
0.756	95199995.60546875
0.757	101269106.4453125
0.758	88662995.60546875
0.759	63855483.642578125
0.76	42234663.69628906
0.761	43233788.818359375
0.762	53527606.32324219
0.763	37959291.015625
0.764	33986016.357421875
0.765	31145102.294921875
0.766	26100928.588867188
0.767	19037278.55682373
0.768	27635494.262695312
0.769	29110467.407226562
0.77	20836055.824279785
0.771	28893429.443359375
0.772	31799015.13671875
0.773	43693353.02734375
0.774	44406419.55566406
0.775	39418934.814453125
0.776	39128375.9765625
0.777	36440085.32714844
0.778	42279136.35253906
0.779	41843496.94824219
0.78	49730999.51171875
0.781	61425649.90234375
0.782	59304692.138671875
0.783	53586232.666015625
0.784	47979653.3203125
0.785	51552673.095703125
0.786	58917221.923828125
0.787	57558157.958984375
0.788	85976038.33007812
0.789	90689514.16015625
0.79	79883240.234375
0.791	85019161.62109375
0.792	61463446.044921875
0.793	78966595.94726562
0.794	88933831.54296875
0.795	95856520.01953125
0.796	108690846.6796875
0.797	110286312.5
0.798	110678577.39257812
0.799	100141816.65039062
0.8	120871944.3359375
0.801	107727277.34375
0.802	136638988.76953125
0.803	140675740.72265625
0.804	164896911.62109375
0.805	145145775.390625
0.806	151536239.2578125
0.807	173867609.375
0.808	207781136.71875
0.809	217422041.9921875
0.81	252652767.578125
0.811	267342679.6875
0.812	291948770.5078125
0.813	339785952.1484375
0.814	357575004.8828125
0.815	379879775.390625
0.816	398906989.2578125
0.817	396803387.6953125
0.818	405107702.1484375
0.819	323656988.28125
0.82	220786082.76367188
0.821	171851791.9921875
0.822	250093384.765625
0.823	219141901.3671875
0.824	254344403.80859375
0.825	244164329.58984375
0.826	259717313.4765625
0.827	249306586.9140625
0.828	203031959.47265625
0.829	137440356.93359375
0.83	212381876.953125
0.831	171557805.6640625
0.832	185378433.59375
0.833	217680850.5859375
0.834	197205942.87109375
0.835	166371755.859375
0.836	170727647.4609375
0.837	189486123.53515625
0.838	205444448.73046875
0.839	150034606.4453125
0.84	175515031.25
0.841	282388606.4453125
0.842	229938655.2734375
0.843	228762320.3125
0.844	93434098.14453125
0.845	63690045.8984375
0.846	60940944.091796875
0.847	60804975.5859375
0.848	65689454.1015625
0.849	67780155.02929688
0.85	76163774.90234375
0.851	72625625.24414062
0.852	77145689.94140625
0.853	77170336.18164062
0.854	77666380.37109375
0.855	93387666.50390625
0.856	105706606.4453125
0.857	103089871.09375
0.858	120756357.421875
0.859	102604010.25390625
0.86	100326071.77734375
0.861	116110152.34375
0.862	137149638.671875
0.863	143796423.33984375
0.864	132836955.078125
0.865	135543231.4453125
0.866	155123487.3046875
0.867	159572608.88671875
0.868	144084614.74609375
0.869	151613041.015625
0.87	136406291.015625
0.871	154734754.8828125
0.872	165855640.625
0.873	195271775.390625
0.874	192140061.5234375
0.875	201608774.4140625
0.876	261616077.1484375
0.877	252696791.9921875
0.878	287394583.0078125
0.879	290851327.1484375
0.88	287465817.3828125
0.881	333007046.875
0.882	375692252.9296875
0.883	379986394.53125
0.884	455989162.109375
0.885	423372654.296875
0.886	302246883.7890625
0.887	135542229.4921875
0.888	113583441.40625
0.889	171691788.57421875
0.89	153530035.64453125
0.891	225236578.125
0.892	156747124.0234375
0.893	256333775.87890625
0.894	205389175.29296875
0.895	191757637.6953125
0.896	165681283.203125
0.897	217314984.375
0.898	248938324.70703125
0.899	256513892.08984375
0.9	289799925.78125
0.901	373575349.609375
0.902	339639582.03125
0.903	309297472.65625
0.904	290497143.5546875
0.905	387510899.4140625
0.906	358717580.078125
0.907	378865748.046875
0.908	585532253.90625
0.909	504485046.875
0.91	481685201.171875
0.911	503164033.203125
0.912	624937789.0625
0.913	625332062.5
0.914	576017957.03125
0.915	653694941.40625
0.916	721581017.578125
0.917	712619574.21875
0.918	673213367.1875
0.919	781405814.453125
0.92	687704205.078125
0.921	480191158.203125
0.922	397933577.1484375
0.923	315626110.3515625
0.924	268775270.5078125
0.925	304358247.0703125
0.926	303100289.0625
0.927	313856605.46875
0.928	254311784.1796875
0.929	271447056.640625
0.93	247251964.84375
0.931	231386834.9609375
0.932	276741776.3671875
0.933	242179479.4921875
0.934	341906010.7421875
0.935	270008615.234375
0.936	303071490.234375
0.937	279605083.984375
0.938	329720548.828125
0.939	308638349.609375
0.94	354808042.96875
0.941	353236830.078125
0.942	459030080.078125
0.943	448082457.03125
0.944	386952552.734375
0.945	383137513.671875
0.946	451039396.484375
0.947	404340500.0
0.948	513070263.671875
0.949	614036041.015625
0.95	455229949.21875
0.951	479215205.078125
0.952	563679070.3125
0.953	555974099.609375
0.954	641171732.421875
0.955	571324171.875
0.956	622510732.421875
0.957	593790337.890625
0.958	764289285.15625
0.959	739024093.75
0.96	638361781.25
0.961	724936720.703125
0.962	645583162.109375
0.963	815241039.0625
0.964	622217454.1015625
0.965	713455167.96875
0.966	810941347.65625
0.967	872125609.375
0.968	807820253.90625
0.969	815390484.375
0.97	897290503.90625
0.971	764331718.75
0.972	855200804.6875
0.973	640118902.34375
0.974	614782375.0
0.975	622861824.21875
0.976	660507185.546875
0.977	601059564.453125
0.978	683677136.71875
0.979	658588916.015625
0.98	747412769.53125
0.981	677583023.4375
0.982	574752617.1875
0.983	573375998.046875
0.984	649413787.109375
0.985	670528656.25
0.986	697467269.53125
0.987	736602527.34375
0.988	714110730.46875
0.989	799543179.6875
0.99	348150007.8125
0.991	174132757.8125
0.992	182665863.28125
0.993	227568109.375
0.994	294609576.171875
0.995	337601412.109375
0.996	341343548.828125
0.997	404537379.8828125
0.998	329837884.765625
0.999	271554765.625
1.0	346549054.6875
1.001	355977399.4140625
1.002	380983462.40234375
1.003	471088460.44921875
1.004	358578408.203125
1.005	430671571.77734375
1.006	266903755.859375
1.007	387965663.0859375
1.008	478100457.03125
1.009	444140610.3515625
1.01	554474117.1875
1.011	440983551.5136719
1.012	451642886.4746094
1.013	537400059.5703125
1.014	356323028.80859375
1.015	517998675.29296875
1.016	401611437.01171875
1.017	379945895.99609375
1.018	536052623.046875
1.019	436188486.81640625
1.02	405300392.08984375
1.021	566716980.46875
1.022	385267466.796875
1.023	514237622.55859375
1.024	599780276.3671875
1.025	525482700.68359375
1.026	352577452.1484375
1.027	394931095.21484375
1.028	366720331.7871094
1.029	447638174.5605469
1.03	403986985.3515625
1.031	549166245.1171875
1.032	441192972.16796875
1.033	520585553.22265625
1.034	452738732.91015625
1.035	510342866.2109375
1.036	600026401.3671875
1.037	621317206.0546875
1.038	552013817.8710938
1.039	526570345.21484375
1.04	581965594.7265625
1.041	747673858.3984375
1.042	541015928.7109375
1.043	429417189.453125
1.044	708678972.65625
1.045	786239349.609375
1.046	924972801.7578125
1.047	435145320.3125
1.048	570150369.140625
1.049	766613741.2109375
1.05	702431164.0625
1.051	651554849.609375
1.052	492845626.953125
1.053	813438317.3828125
1.054	812434441.40625
1.055	823535468.75
1.056	667218988.28125
1.057	541280194.3359375
1.058	860123145.5078125
1.059	794220617.1875
1.06	871618671.875
1.061	748061054.6875
1.062	673193500.0
1.063	848197812.5
1.064	1042239195.3125
1.065	934803261.71875
1.066	818537660.15625
1.067	680725126.953125
1.068	865537367.1875
1.069	991675055.6640625
1.07	905344982.421875
1.071	944927414.0625
1.072	1062019550.78125
1.073	921719466.796875
1.074	1028358873.046875
1.075	1060012327.1484375
1.076	1067846157.2265625
1.077	1151211605.46875
1.078	1240042563.4765625
1.079	1155871201.171875
1.08	1163363355.46875
1.081	1080960960.9375
1.082	1055237430.6640625
1.083	1214245255.859375
1.084	1333157568.359375
1.085	1205410274.4140625
1.086	1158425916.9921875
1.087	1149949067.3828125
1.088	1264575740.234375
1.089	1017821083.0078125
1.09	1174113500.0
1.091	1125757343.75
1.092	1201297730.46875
1.093	1218748630.859375
1.094	1165441703.125
1.095	1184371156.25
1.096	1053771409.1796875
1.097	1187454863.28125
1.098	1068149932.6171875
1.099	1091235119.140625
1.1	1059196636.71875
1.101	1137607990.234375
1.102	1106038065.4296875
1.103	906900660.15625
1.104	922741964.84375
1.105	918887695.3125
1.106	910144029.296875
1.107	849100419.921875
1.108	897678898.4375
1.109	925585051.7578125
1.11	868303446.2890625
1.111	851669571.2890625
1.112	909677681.640625
1.113	991914437.5
1.114	943819430.6640625
1.115	926485419.921875
1.116	995524349.609375
1.117	956224478.515625
1.118	1061008183.59375
1.119	968799866.2109375
1.12	945394369.140625
1.121	938580121.09375
1.122	1028024802.734375
1.123	1022958484.375
1.124	1099149919.921875
1.125	1075446572.265625
1.126	1103067423.828125
1.127	1071599500.0
1.128	1110873191.40625
1.129	1084614869.140625
1.13	974628472.65625
1.131	1136809093.75
1.132	1104597562.5
1.133	1073409916.015625
1.134	1039179387.6953125
1.135	898018384.765625
1.136	1075747898.4375
1.137	1059442136.71875
1.138	827807627.4414062
1.139	979591259.765625
1.14	1011435564.453125
1.141	810844589.3554688
1.142	1081849326.171875
1.143	1061237996.09375
1.144	988680767.578125
1.145	1116532414.0625
1.146	1151961775.390625
1.147	1088192851.5625
1.148	1024192851.5625
1.149	1198706589.84375
1.15	1209578748.046875
1.151	1154364064.453125
1.152	1178382905.2734375
1.153	1149768856.4453125
1.154	1069098218.75
1.155	1230015408.203125
1.156	1206621287.109375
1.157	1165651851.5625
1.158	1196648359.375
1.159	1209103298.828125
1.16	1087736625.0
1.161	1064289796.875
1.162	1180663510.7421875
1.163	1206498879.8828125
1.164	1034356689.453125
1.165	1250588757.8125
1.166	1084951603.515625
1.167	1219911179.6875
1.168	1164166677.734375
1.169	786391992.6757812
1.17	1063183246.09375
1.171	1163915119.140625
1.172	1215852785.15625
1.173	1176351890.625
1.174	1156956478.515625
1.175	1179964992.1875
1.176	1094087123.046875
1.177	857928658.203125
1.178	740427543.2128906
1.179	1085805253.90625
1.18	1158534347.65625
1.181	1154141769.53125
1.182	1135281363.28125
1.183	1181176960.9375
1.184	1185347832.03125
1.185	1179105970.703125
1.186	1166560976.5625
1.187	1220920128.90625
1.188	1190238697.265625
1.189	1052406027.34375
1.19	1205626542.96875
1.191	1215173291.015625
1.192	1234088683.59375
1.193	1245229312.5
1.194	1090812511.71875
1.195	1065373916.015625
1.196	1090084000.0
1.197	1020781892.578125
1.198	893152042.96875
1.199	1021721375.0
1.2	975449878.90625
1.201	1005592970.703125
1.202	1008957216.796875
1.203	1033673888.671875
1.204	1150349513.671875
1.205	1092400322.265625
1.206	1300965728.515625
1.207	1109989472.65625
1.208	1249041839.84375
1.209	1069722435.546875
1.21	1233083781.25
1.211	1050150095.703125
1.212	1113739632.8125
1.213	1152003951.171875
1.214	1240347232.421875
1.215	1255918308.59375
1.216	1224788673.828125
1.217	1236026275.390625
1.218	1254677933.59375
1.219	1267696341.796875
1.22	1188373066.40625
1.221	1198588181.640625
1.222	1188182599.609375
1.223	1167431173.828125
1.224	1231598687.5
1.225	1326862375.0
1.226	1309595667.96875
1.227	1292318623.046875
1.228	1332850392.578125
1.229	1293912908.203125
1.23	1271951333.984375
1.231	1330440871.09375
1.232	1224040718.75
1.233	1251435121.09375
1.234	1299720023.4375
1.235	1219951789.0625
1.236	1246970050.78125
1.237	1280874474.609375
1.238	1254305708.984375
1.239	1176657761.71875
1.24	1220141708.984375
1.241	1032268550.78125
1.242	996249054.6875
1.243	1039827535.15625
1.244	915908734.375
1.245	1220675910.15625
1.246	1190305843.75
1.247	1210273582.03125
1.248	1145584757.8125
1.249	1220918541.015625
1.25	1116132916.015625
1.251	1211383003.90625
1.252	1027504449.21875
1.253	1002391062.5
1.254	1250490917.96875
1.255	1159595164.0625
1.256	1174074724.609375
1.257	1297428597.65625
1.258	1194649730.46875
1.259	1206325242.1875
1.26	1224785662.109375
1.261	1305017810.546875
1.262	1187124345.703125
1.263	1226515937.5
1.264	1166315601.5625
1.265	1223549376.953125
1.266	1243395707.03125
1.267	1298233986.328125
1.268	1246407236.328125
1.269	1336046191.40625
1.27	1272213185.546875
1.271	1276044330.078125
1.272	1359666468.75
1.273	1348662015.625
1.274	1242747312.5
1.275	1215348728.515625
1.276	1312741298.828125
1.277	1282928683.59375
1.278	1273111500.0
1.279	1342067187.5
1.28	1300751220.703125
1.281	1278120451.171875
1.282	1294650927.734375
1.283	1224127761.71875
1.284	1289849039.0625
1.285	1283877421.875
1.286	1172060412.109375
1.287	1288470554.6875
1.288	1267653242.1875
1.289	1274307183.59375
1.29	1319117550.78125
1.291	1280823128.90625
1.292	1261123427.734375
1.293	1217999521.484375
1.294	1349230238.28125
1.295	1236601990.234375
1.296	1397621810.546875
1.297	1376976261.71875
1.298	1382598507.8125
1.299	1324412777.34375
1.3	1385379976.5625
1.301	1319780921.875
1.302	1364565769.53125
1.303	1340514404.296875
1.304	1390680859.375
1.305	1334039371.09375
1.306	1413155205.078125
1.307	1286510765.625
1.308	1355004484.375
1.309	1301253968.75
1.31	1335945496.09375
1.311	1374693308.59375
1.312	1401308699.21875
1.313	1334527699.21875
1.314	1338625933.59375
1.315	1379872417.96875
1.316	1348702078.125
1.317	1341028882.8125
1.318	1283451820.3125
1.319	1369338207.03125
1.32	1265554646.484375
1.321	1297427591.796875
1.322	1277189500.0
1.323	1298110486.328125
1.324	1255366039.0625
1.325	1143232955.078125
1.326	1263924224.609375
1.327	1125561152.34375
1.328	1157188968.75
1.329	1174731505.859375
1.33	1117131276.3671875
1.331	1003395738.28125
1.332	820877088.8671875
1.333	812640953.125
1.334	890231324.21875
1.335	493088439.453125
1.336	642205402.34375
1.337	561936901.3671875
1.338	590006410.6445312
1.339	632647958.0078125
1.34	703701361.328125
1.341	742784026.3671875
1.342	565269058.1054688
1.343	506817602.05078125
1.344	678876958.0078125
1.345	575978977.5390625
1.346	659918947.9980469
1.347	564758193.1152344
1.348	495226952.1484375
1.349	695329645.9960938
1.35	618949943.359375
1.351	554440248.5351562
1.352	530699270.01953125
1.353	624858307.6171875
1.354	450249877.9296875
1.355	506347799.31640625
1.356	588554361.328125
1.357	597795488.7695312
1.358	558177007.8125
1.359	576662048.3398438
1.36	580643391.1132812
1.361	598499302.734375
1.362	434203241.2109375
1.363	641839818.359375
1.364	620717104.4921875
1.365	570693875.0
1.366	632990455.078125
1.367	574101929.6875
1.368	586209707.03125
1.369	545310637.6953125
1.37	574622903.3203125
1.371	522749945.3125
1.372	579220325.1953125
1.373	579606158.203125
1.374	551512587.890625
1.375	580324316.40625
1.376	598921126.953125
1.377	562218122.0703125
1.378	663687050.2929688
1.379	593557124.5117188
1.38	697953185.546875
1.381	610694883.7890625
1.382	682062414.0625
1.383	513153230.95703125
1.384	662584419.4335938
1.385	620805166.015625
1.386	608943422.8515625
1.387	643839656.25
1.388	548953939.453125
1.389	680733766.1132812
1.39	591318381.3476562
1.391	512859842.7734375
1.392	567308276.8554688
1.393	568076182.6171875
1.394	551581541.9921875
1.395	550368729.0039062
1.396	556276083.984375
1.397	566555290.0390625
1.398	495777800.78125
1.399	565147351.5625
1.4	506271152.34375
1.401	491702803.7109375
1.402	590093214.84375
1.403	558166536.1328125
1.404	497990820.3125
1.405	515600639.16015625
1.406	671749763.671875
1.407	482362718.75
1.408	510606451.171875
1.409	507537112.3046875
1.41	508418198.2421875
1.411	511477228.515625
1.412	457947529.296875
1.413	566840698.2421875
1.414	501418784.1796875
1.415	483947407.71484375
1.416	550164810.546875
1.417	469650927.734375
1.418	422058955.078125
1.419	475098907.71484375
1.42	498534083.0078125
1.421	512307469.7265625
1.422	468515649.4140625
1.423	482860255.859375
1.424	453391354.98046875
1.425	477955291.015625
1.426	429944366.2109375
1.427	491931310.546875
1.428	459027307.6171875
1.429	373900033.203125
1.43	568061896.484375
1.431	547833957.03125
1.432	455790680.6640625
1.433	474354408.203125
1.434	396056702.1484375
1.435	541916878.90625
1.436	516333290.0390625
1.437	485094255.859375
1.438	515834981.4453125
1.439	524211440.4296875
1.44	472225211.42578125
1.441	440311875.9765625
1.442	462692813.4765625
1.443	551841508.7890625
1.444	530991646.97265625
1.445	437765456.54296875
1.446	531040882.8125
1.447	448909908.203125
1.448	522665412.109375
1.449	582395097.65625
1.45	503425043.9453125
1.451	442422817.3828125
1.452	639453005.859375
1.453	546862101.5625
1.454	458048324.21875
1.455	608392854.4921875
1.456	502592251.953125
1.457	468483288.0859375
1.458	560049676.7578125
1.459	586883176.7578125
1.46	574521897.4609375
1.461	563519065.4296875
1.462	507545694.3359375
1.463	456164032.2265625
1.464	555951362.3046875
1.465	546075221.6796875
1.466	612101041.015625
1.467	581596469.7265625
1.468	482169565.4296875
1.469	472055857.421875
1.47	517462380.859375
1.471	544786607.421875
1.472	549451837.890625
1.473	581662875.0
1.474	507178160.15625
1.475	506571113.28125
1.476	522413200.1953125
1.477	545128404.296875
1.478	546738959.9609375
1.479	627799452.1484375
1.48	486967012.6953125
1.481	573622608.3984375
1.482	501402055.6640625
1.483	532963343.75
1.484	604699202.1484375
1.485	536163084.9609375
1.486	553908959.9609375
1.487	598261330.078125
1.488	537800333.0078125
1.489	554715001.953125
1.49	538948069.3359375
1.491	606725308.59375
1.492	591796690.4296875
1.493	556688154.296875
1.494	510279120.1171875
1.495	555968613.28125
1.496	578173851.5625
1.497	581987289.0625
1.498	598861386.71875
1.499	599372421.875
1.5	574939529.296875
1.501	576139806.640625
1.502	477566388.671875
1.503	665732920.8984375
1.504	580019269.53125
1.505	634319302.734375
1.506	597629210.9375
1.507	643981383.7890625
1.508	564794013.671875
1.509	646512540.0390625
1.51	582910346.6796875
1.511	610367662.109375
1.512	650768258.7890625
1.513	584055923.828125
1.514	595736260.7421875
1.515	684567017.578125
1.516	648967244.140625
1.517	556003290.0390625
1.518	606577204.1015625
1.519	620838328.125
1.52	618560365.234375
1.521	685674169.921875
1.522	646318439.453125
1.523	678454879.8828125
1.524	665472404.296875
1.525	599025145.5078125
1.526	609728683.59375
1.527	656401773.4375
1.528	655359944.3359375
1.529	646521208.0078125
1.53	725660386.71875
1.531	668311966.796875
1.532	578054293.9453125
1.533	635822782.2265625
1.534	725868832.03125
1.535	672879046.875
1.536	695492849.609375
1.537	656429012.6953125
1.538	667179832.03125
1.539	747076354.4921875
1.54	669738294.921875
1.541	643657431.640625
1.542	712645133.7890625
1.543	681477571.2890625
1.544	677120015.625
1.545	720862892.578125
1.546	788006044.921875
1.547	678226885.7421875
1.548	699305075.1953125
1.549	710575621.09375
1.55	745425652.34375
1.551	686021439.453125
1.552	752810486.328125
1.553	755167994.140625
1.554	758085902.34375
1.555	735970041.015625
1.556	707041599.609375
1.557	724410041.015625
1.558	675232546.875
1.559	742756591.796875
1.56	746271153.3203125
1.561	745228987.3046875
1.562	773191365.234375
1.563	761113810.546875
1.564	797869880.859375
1.565	721429835.9375
1.566	702350486.328125
1.567	809849220.703125
1.568	842389820.3125
1.569	758324052.734375
1.57	767336582.03125
1.571	786506091.796875
1.572	782332072.265625
1.573	786926494.140625
1.574	814594755.859375
1.575	809387107.421875
1.576	805629117.1875
1.577	813145027.34375
1.578	795219060.546875
1.579	799948988.28125
1.58	817091058.59375
1.581	822044662.109375
1.582	816730914.0625
1.583	852649751.953125
1.584	797217376.953125
1.585	800290285.15625
1.586	872544554.6875
1.587	850500810.546875
1.588	857124027.34375
1.589	855888000.0
1.59	807823423.828125
1.591	864378833.984375
1.592	848870816.40625
1.593	846940769.53125
1.594	884948236.328125
1.595	892563683.59375
1.596	897478566.40625
1.597	879346154.296875
1.598	865148412.109375
1.599	876517919.921875
1.6	894791117.1875
1.601	907418039.0625
1.602	851469812.5
1.603	934616746.09375
1.604	885670064.453125
1.605	890633439.453125
1.606	877780406.25
1.607	894739123.046875
1.608	914517748.046875
1.609	913863453.125
1.61	908367126.953125
1.611	898383568.359375
1.612	912369017.578125
1.613	926548236.328125
1.614	910490097.65625
1.615	912390019.53125
1.616	926763925.78125
1.617	961842359.375
1.618	969403375.0
1.619	900763367.1875
1.62	911363720.703125
1.621	896746755.859375
1.622	951600968.75
1.623	949313810.546875
1.624	966359021.484375
1.625	936573511.71875
1.626	932764375.0
1.627	969138527.34375
1.628	967759310.546875
1.629	955406126.953125
1.63	975104312.5
1.631	947794863.28125
1.632	954845746.09375
1.633	982396367.1875
1.634	988348880.859375
1.635	967402746.09375
1.636	977789007.8125
1.637	968717000.0
1.638	1003046978.515625
1.639	993160996.09375
1.64	984187878.90625
1.641	991064134.765625
1.642	967752671.875
1.643	973932712.890625
1.644	1003890712.890625
1.645	1003572478.515625
1.646	996710876.953125
1.647	1011363679.6875
1.648	1017934513.671875
1.649	1011535042.96875
1.65	1003559119.140625
1.651	998005451.171875
1.652	1019036503.90625
1.653	1000724568.359375
1.654	1013676433.59375
1.655	1011307025.390625
1.656	1034380796.875
1.657	1040642580.078125
1.658	1034808798.828125
1.659	1000854869.140625
1.66	998648759.765625
1.661	1000477705.078125
1.662	1002533689.453125
1.663	1051171470.703125
1.664	1047415386.71875
1.665	1043309427.734375
1.666	1053844800.78125
1.667	1022653363.28125
1.668	1023708056.640625
1.669	1038754851.5625
1.67	1042148796.875
1.671	1050325283.203125
1.672	1016525630.859375
1.673	1029555117.1875
1.674	1047673564.453125
1.675	1067163302.734375
1.676	1081955658.203125
1.677	1023125792.96875
1.678	1054450156.25
1.679	1064512462.890625
1.68	1045585076.171875
1.681	1053267949.21875
1.682	1076993923.828125
1.683	1056645837.890625
1.684	1044679101.5625
1.685	1063076578.125
1.686	1052048736.328125
1.687	1011557035.15625
1.688	1027678392.578125
1.689	994224390.625
1.69	1041787257.8125
1.691	1056439675.78125
1.692	981421005.859375
1.693	1016382560.546875
1.694	1020951849.609375
1.695	998998138.671875
1.696	985290384.765625
1.697	971405078.125
1.698	950590343.75
1.699	964236621.09375
1.7	943176498.046875
1.701	950983554.6875
1.702	1000431263.671875
1.703	975681349.609375
1.704	889831056.640625
1.705	920668453.125
1.706	980853337.890625
1.707	931670421.875
1.708	860232253.90625
1.709	865480908.203125
1.71	970466003.90625
1.711	840714765.625
1.712	836752494.140625
1.713	869529755.859375
1.714	815022111.328125
1.715	801191574.21875
1.716	782451968.75
1.717	784687806.640625
1.718	747708496.09375
1.719	704391724.609375
1.72	781296894.53125
1.721	793020173.828125
1.722	829613624.0234375
1.723	733768746.09375
1.724	744293788.0859375
1.725	810818527.34375
1.726	798096595.703125
1.727	601834238.28125
1.728	781155687.5
1.729	746254921.875
1.73	726070697.265625
1.731	806987021.484375
1.732	614885529.296875
1.733	756223098.1445312
1.734	697484008.3007812
1.735	650181147.4609375
1.736	722642382.8125
1.737	623334889.6484375
1.738	716052481.4453125
1.739	721216225.5859375
1.74	655791723.6328125
1.741	616832571.2890625
1.742	721721836.9140625
1.743	677256980.46875
1.744	628654393.0664062
1.745	614666736.8164062
1.746	668306287.109375
1.747	571543590.8203125
1.748	610228242.1875
1.749	702106402.34375
1.75	641827555.6640625
1.751	555970588.8671875
1.752	610400444.3359375
1.753	689493137.6953125
1.754	579137770.5078125
1.755	603478764.6484375
1.756	496190814.453125
1.757	560540312.5
1.758	542674944.3359375
1.759	534687450.1953125
1.76	675454312.5
1.761	501854228.515625
1.762	570475536.1328125
1.763	465560121.09375
1.764	635895527.34375
1.765	568580265.625
1.766	662147126.953125
1.767	532334317.3828125
1.768	423758145.99609375
1.769	471259531.25
1.77	597201540.0390625
1.771	561531457.03125
1.772	484164267.578125
1.773	444634362.3046875
1.774	587727883.7890625
1.775	476617584.9609375
1.776	466311685.05859375
1.777	487649145.99609375
1.778	477578483.3984375
1.779	524656463.8671875
1.78	509257694.82421875
1.781	445513172.36328125
1.782	475833364.74609375
1.783	451135558.10546875
1.784	559135691.40625
1.785	426381927.734375
1.786	408916763.18359375
1.787	376020218.75
1.788	464120776.3671875
1.789	485441508.7890625
1.79	512576947.265625
1.791	391287627.9296875
1.792	429700478.02734375
1.793	451069973.14453125
1.794	424254737.3046875
1.795	422831379.8828125
1.796	420787467.7734375
1.797	490438857.421875
1.798	484227560.546875
1.799	487333535.15625
1.8	386560166.015625
1.801	374404023.92578125
1.802	382095028.3203125
1.803	418929083.0078125
1.804	484261495.1171875
1.805	435355187.01171875
1.806	350148632.8125
1.807	415540852.5390625
1.808	407353645.01953125
1.809	406135822.75390625
1.81	459166681.15234375
1.811	318207123.53515625
1.812	406505190.4296875
1.813	386336363.76953125
1.814	508420747.0703125
1.815	463652194.3359375
1.816	411892679.6875
1.817	414054917.96875
1.818	394849170.1660156
1.819	372475982.1777344
1.82	377181901.3671875
1.821	385912496.09375
1.822	308026915.0390625
1.823	450243841.30859375
1.824	530546367.1875
1.825	401919045.8984375
1.826	378809147.4609375
1.827	406798698.2421875
1.828	374494770.99609375
1.829	436598994.140625
1.83	445568397.4609375
1.831	378116501.953125
1.832	411705763.671875
1.833	360052615.234375
1.834	438528706.0546875
1.835	382149570.3125
1.836	384512039.0625
1.837	463378668.9453125
1.838	369667883.7890625
1.839	388211858.3984375
1.84	372596686.5234375
1.841	473448369.140625
1.842	338552423.33984375
1.843	371507166.015625
1.844	336600453.125
1.845	385228270.5078125
1.846	356411633.7890625
1.847	327856368.1640625
1.848	328880485.83984375
1.849	354489998.53515625
1.85	325463762.6953125
1.851	393507307.6171875
1.852	422487080.078125
1.853	352298014.6484375
1.854	330481508.7890625
1.855	389324022.94921875
1.856	358820424.8046875
1.857	307928121.58203125
1.858	276359738.28125
1.859	300440511.71875
1.86	293049414.55078125
1.861	296564569.3359375
1.862	348511287.109375
1.863	334895421.875
1.864	330957833.0078125
1.865	294929748.53515625
1.866	357213490.72265625
1.867	356606934.5703125
1.868	307178315.91796875
1.869	397093780.2734375
1.87	377192773.4375
1.871	337786287.59765625
1.872	372812251.953125
1.873	293399093.75
1.874	372229666.9921875
1.875	353614340.8203125
1.876	380592065.4296875
1.877	328101460.9375
1.878	351703626.953125
1.879	318048095.703125
1.88	368389237.79296875
1.881	346655639.16015625
1.882	371328326.171875
1.883	423955000.0
1.884	423307969.7265625
1.885	318873546.875
1.886	386445115.234375
1.887	358996817.3828125
1.888	427555269.53125
1.889	350104437.98828125
1.89	395281765.13671875
1.891	385773264.6484375
1.892	297128128.90625
1.893	349156788.0859375
1.894	364268514.6484375
1.895	381997487.3046875
1.896	369343264.6484375
1.897	423514309.5703125
1.898	337579624.0234375
1.899	384505926.7578125
1.9	429374484.375
1.901	373351566.40625
1.902	430074963.37890625
1.903	379451758.7890625
1.904	393968928.7109375
1.905	394418715.8203125
1.906	364674848.6328125
1.907	359615458.0078125
1.908	435193795.8984375
1.909	398507699.21875
1.91	393651287.109375
1.911	336375831.54296875
1.912	388347026.85546875
1.913	423210654.296875
1.914	407604150.87890625
1.915	432293960.9375
1.916	367009247.0703125
1.917	353189205.56640625
1.918	378106292.96875
1.919	461334794.921875
1.92	377536075.1953125
1.921	349701982.421875
1.922	395523066.40625
1.923	409674811.03515625
1.924	341306754.39453125
1.925	396749402.34375
1.926	395383155.2734375
1.927	349494179.19921875
1.928	475669596.6796875
1.929	368637228.515625
1.93	377719272.4609375
1.931	305630587.40234375
1.932	353986887.20703125
1.933	399849061.5234375
1.934	358268087.890625
1.935	410687179.6875
1.936	385691680.6640625
1.937	392216169.921875
1.938	381967296.38671875
1.939	332478630.859375
1.94	326734028.5644531
1.941	331746663.3300781
1.942	379317255.859375
1.943	375818544.921875
1.944	376538059.5703125
1.945	325132445.3125
1.946	297076253.41796875
1.947	392181412.59765625
1.948	335031552.734375
1.949	339902872.55859375
1.95	401688996.09375
1.951	331257813.4765625
1.952	373318193.359375
1.953	294361641.6015625
1.954	375750369.62890625
1.955	357224891.6015625
1.956	324204290.0390625
1.957	367698269.04296875
1.958	390171105.95703125
1.959	469908859.375
1.96	336804189.94140625
1.961	313952511.23046875
1.962	368126633.7890625
1.963	373401276.3671875
1.964	370761490.234375
1.965	323825018.5546875
1.966	379962804.6875
1.967	386148916.9921875
1.968	314932317.3828125
1.969	357859428.22265625
1.97	428608722.65625
1.971	332025522.4609375
1.972	396553735.83984375
1.973	349953864.74609375
1.974	338107680.6640625
1.975	358607592.7734375
1.976	274472518.3105469
1.977	340359083.7402344
1.978	286018556.640625
1.979	340047176.7578125
1.98	303676724.12109375
1.981	353768010.7421875
1.982	318232985.3515625
1.983	331790531.73828125
1.984	340619469.23828125
1.985	341691613.28125
1.986	324533530.2734375
1.987	323939935.546875
1.988	327265912.59765625
1.989	352688749.0234375
1.99	284691837.890625
1.991	326296659.66796875
1.992	288465155.2734375
1.993	357638450.1953125
1.994	394696839.35546875
1.995	329381406.73828125
1.996	356027555.6640625
1.997	352154161.1328125
1.998	313968384.27734375
1.999	352946272.94921875
2.0	308040917.48046875
2.001	336763839.84375
2.002	329509053.7109375
2.003	361336593.26171875
2.004	355628066.40625
2.005	350066878.90625
2.006	333141552.734375
2.007	318680444.3359375
2.008	404485520.5078125
2.009	288169319.3359375
2.01	335752063.96484375
2.011	315771645.01953125
2.012	349654317.3828125
2.013	344976119.140625
2.014	357087103.515625
2.015	368124248.53515625
2.016	318341031.73828125
2.017	312698439.453125
2.018	364389136.71875
2.019	331915642.578125
2.02	278651502.44140625
2.021	382926046.38671875
2.022	359802428.7109375
2.023	344807378.90625
2.024	396893729.00390625
2.025	363738346.19140625
2.026	312710709.9609375
2.027	329654472.16796875
2.028	360361171.875
2.029	295138985.3515625
2.03	388135630.859375
2.031	308857349.12109375
2.032	406010853.515625
2.033	353133498.046875
2.034	353123017.578125
2.035	370126264.16015625
2.036	307270724.12109375
2.037	403179488.28125
2.038	376442693.359375
2.039	349877677.734375
2.04	345255152.34375
2.041	327266229.98046875
2.042	380965905.2734375
2.043	428529570.80078125
2.044	308491287.59765625
2.045	313228881.34765625
2.046	357864512.6953125
2.047	385046628.41796875
2.048	398096168.45703125
2.049	325867882.32421875
2.05	348907871.58203125
2.051	408937887.6953125
2.052	349596591.5527344
2.053	384845494.8730469
2.054	333885413.57421875
2.055	366625007.8125
2.056	347582288.57421875
2.057	397240523.4375
2.058	413671969.7265625
2.059	392919812.5
2.06	403426786.62109375
2.061	333991479.98046875
2.062	371702299.8046875
2.063	379719213.8671875
2.064	318512282.2265625
2.065	377490362.3046875
2.066	360581676.7578125
2.067	419195460.9375
2.068	388694307.6171875
2.069	356751103.515625
2.07	432363065.4296875
2.071	398730070.3125
2.072	344996096.6796875
2.073	375948578.125
2.074	373016741.2109375
2.075	369955433.59375
2.076	410704179.6875
2.077	390188156.25
2.078	406016555.6640625
2.079	394738128.90625
2.08	383716607.91015625
2.081	393194847.65625
2.082	405529899.90234375
2.083	382163145.99609375
2.084	392878813.96484375
2.085	393596506.8359375
2.086	413014098.6328125
2.087	365022625.0
2.088	419053360.3515625
2.089	400789725.5859375
2.09	378445627.9296875
2.091	448298433.59375
2.092	399365263.671875
2.093	448256040.0390625
2.094	377320057.6171875
2.095	411295852.5390625
2.096	406216339.84375
2.097	401597508.7890625
2.098	417244656.25
2.099	415312897.4609375
2.1	408164414.0625
2.101	442992697.265625
2.102	414261394.53125
2.103	415291026.3671875
2.104	431676520.5078125
2.105	401813918.9453125
2.106	438238129.8828125
2.107	441593595.703125
2.108	414257996.09375
2.109	404922795.8984375
2.11	447936257.8125
2.111	454661274.4140625
2.112	394423260.7421875
2.113	435815364.2578125
2.114	462806596.6796875
2.115	445951649.4140625
2.116	453115869.140625
2.117	395994346.6796875
2.118	432197630.859375
2.119	426221348.6328125
2.12	445231460.9375
2.121	448828359.375
2.122	446383169.921875
2.123	452861682.6171875
2.124	443846677.734375
2.125	479498197.265625
2.126	442960583.984375
2.127	451681500.0
2.128	423986541.015625
2.129	420262702.1484375
2.13	445460106.4453125
2.131	458702356.4453125
2.132	462806667.96875
2.133	472748457.03125
2.134	448972444.3359375
2.135	469634463.8671875
2.136	477561941.40625
2.137	455800957.03125
2.138	456055359.375
2.139	462540856.4453125
2.14	444016666.9921875
2.141	444481435.546875
2.142	454324111.328125
2.143	457731002.9296875
2.144	505079113.28125
2.145	498400955.078125
2.146	494309208.984375
2.147	488807749.0234375
2.148	468765495.1171875
2.149	466474537.109375
2.15	434942307.6171875
2.151	485723264.6484375
2.152	466721462.890625
2.153	452552555.6640625
2.154	484127459.9609375
2.155	490508867.1875
2.156	468667707.03125
2.157	484363912.109375
2.158	496168289.0625
2.159	489245993.1640625
2.16	473125933.59375
2.161	499943844.7265625
2.162	469394532.2265625
2.163	464937495.1171875
2.164	494230177.734375
2.165	498000296.875
2.166	468529661.1328125
2.167	484518112.3046875
2.168	507201933.59375
2.169	523438699.21875
2.17	498274991.2109375
2.171	473040391.6015625
2.172	488193404.296875
2.173	478774043.9453125
2.174	484286457.03125
2.175	509717911.1328125
2.176	456765881.8359375
2.177	495417563.4765625
2.178	473190286.1328125
2.179	469145411.1328125
2.18	494067977.5390625
2.181	501846824.21875
2.182	494594833.0078125
2.183	477605866.2109375
2.184	494283111.328125
2.185	491531246.09375
2.186	476475837.890625
2.187	495131654.296875
2.188	495554347.65625
2.189	507777768.5546875
2.19	481819911.1328125
2.191	516662095.703125
2.192	499177121.09375
2.193	466792012.6953125
2.194	491185884.765625
2.195	513401541.015625
2.196	492070356.4453125
2.197	488143222.65625
2.198	508997411.1328125
2.199	495540861.328125
2.2	507060164.0625
2.201	504904617.1875
2.202	497664467.7734375
2.203	479479260.7421875
2.204	473669730.46875
2.205	480955279.296875
2.206	480123638.671875
2.207	484805426.7578125
2.208	485646854.4921875
2.209	478320622.0703125
2.21	508597078.125
2.211	475247010.7421875
2.212	523698150.390625
2.213	493102403.3203125
2.214	515158438.4765625
2.215	498150723.6328125
2.216	497216027.34375
2.217	487281044.921875
2.218	511404462.890625
2.219	481651754.8828125
2.22	459486153.3203125
2.221	473753557.6171875
2.222	500911915.0390625
2.223	506905357.421875
2.224	511442808.59375
2.225	531439949.21875
2.226	520508333.0078125
2.227	483249358.3984375
2.228	486368700.1953125
2.229	472635542.96875
2.23	488347988.28125
2.231	526517643.5546875
2.232	526384364.2578125
2.233	474184412.109375
2.234	507745604.4921875
2.235	461956276.3671875
2.236	462490107.421875
2.237	513443526.3671875
2.238	504560697.265625
2.239	478249688.4765625
2.24	526825091.796875
2.241	524244702.1484375
2.242	483538323.2421875
2.243	478676643.5546875
2.244	485843983.3984375
2.245	500631180.6640625
2.246	531743451.171875
2.247	487947567.3828125
2.248	489734982.421875
2.249	526364479.4921875
2.25	455220667.96875
2.251	527211999.0234375
2.252	490550664.0625
2.253	502524776.3671875
2.254	480792050.78125
2.255	471210117.1875
2.256	493871605.46875
2.257	522860555.6640625
2.258	468173642.578125
2.259	501895318.359375
2.26	494550534.1796875
2.261	498920426.7578125
2.262	492915788.0859375
2.263	478275897.4609375
2.264	477278510.7421875
2.265	465413483.3984375
2.266	496324118.1640625
2.267	495708802.734375
2.268	508315997.0703125
2.269	490160226.5625
2.27	465917642.578125
2.271	490286406.25
2.272	463262383.7890625
2.273	490680874.0234375
2.274	493088498.046875
2.275	502389524.4140625
2.276	487946872.0703125
2.277	514033089.84375
2.278	505675368.1640625
2.279	444990420.8984375
2.28	454373470.703125
2.281	461578667.96875
2.282	507293239.2578125
2.283	495390559.5703125
2.284	470280041.015625
2.285	487307860.3515625
2.286	495052564.453125
2.287	486703491.2109375
2.288	523293536.1328125
2.289	467673682.6171875
2.29	503695169.921875
2.291	497237623.046875
2.292	449997235.3515625
2.293	456304003.90625
2.294	265021964.84375
2.295	337088724.12109375
2.296	352879509.765625
2.297	377249816.40625
2.298	375316191.89453125
2.299	403773940.4296875
2.3	436314058.59375
2.301	350627415.52734375
2.302	443309917.96875
2.303	400226526.3671875
2.304	444034471.6796875
2.305	394340375.9765625
2.306	410299714.84375
2.307	422080958.984375
2.308	412794468.26171875
2.309	433355426.26953125
2.31	377272696.2890625
2.311	392984349.12109375
2.312	399298674.8046875
2.313	447821613.76953125
2.314	396323891.6015625
2.315	358140370.60546875
2.316	406057656.73828125
2.317	428560486.328125
2.318	387167743.1640625
2.319	434395236.81640625
2.32	429407741.2109375
2.321	382606378.90625
2.322	395420550.29296875
2.323	271734619.140625
2.324	313828017.578125
2.325	338930997.55859375
2.326	347322042.96875
2.327	361570804.6875
2.328	360350010.7421875
2.329	364013844.7265625
2.33	344565713.37890625
2.331	351067522.4609375
2.332	371721739.74609375
2.333	397505746.09375
2.334	354441690.91796875
2.335	363114142.08984375
2.336	353757336.9140625
2.337	346471906.25
2.338	374725273.4375
2.339	341638422.36328125
2.34	332273404.296875
2.341	356256847.9003906
2.342	388042587.1582031
2.343	385257212.890625
2.344	331169305.17578125
2.345	293955892.578125
2.346	409787313.4765625
2.347	382742148.4375
2.348	383284309.08203125
2.349	398221684.5703125
2.35	357982522.4609375
2.351	323322784.66796875
2.352	327619022.4609375
2.353	270192448.73046875
2.354	275648983.3984375
2.355	337204585.44921875
2.356	300116163.0859375
2.357	341636500.9765625
2.358	327969749.0234375
2.359	266962533.69140625
2.36	357879890.13671875
2.361	313767928.22265625
2.362	317247240.72265625
2.363	312789982.91015625
2.364	333019160.15625
2.365	352419583.0078125
2.366	345000155.0292969
2.367	327114470.4589844
2.368	311775478.02734375
2.369	321137191.40625
2.37	346328446.2890625
2.371	322753175.78125
2.372	369073320.80078125
2.373	341230852.05078125
2.374	331919048.33984375
2.375	347398618.65234375
2.376	328947246.58203125
2.377	310487149.4140625
2.378	336689360.83984375
2.379	300265081.0546875
2.38	360479706.54296875
2.381	299228253.90625
2.382	320600176.7578125
2.383	272026934.5703125
2.384	256902895.5078125
2.385	328435053.7109375
2.386	279254825.68359375
2.387	254290368.65234375
2.388	268858803.7109375
2.389	297610180.17578125
2.39	352684894.04296875
2.391	330199283.69140625
2.392	257274880.859375
2.393	277660625.0
2.394	363442970.703125
2.395	283000993.65234375
2.396	303778371.58203125
2.397	300042129.39453125
2.398	275567261.71875
2.399	300403885.7421875
2.4	299493273.92578125
2.401	268468477.5390625
2.402	285335857.91015625
2.403	289416570.3125
2.404	282617857.91015625
2.405	289104171.875
2.406	282965236.81640625
2.407	274949684.08203125
2.408	251399131.34765625
2.409	258987014.6484375
2.41	255649669.921875
2.411	276053538.0859375
2.412	269545033.203125
2.413	259750532.2265625
2.414	222297578.125
2.415	296435713.8671875
2.416	256101311.5234375
2.417	232212100.09765625
2.418	245626336.42578125
2.419	283772605.46875
2.42	245886453.61328125
2.421	288826674.31640625
2.422	216993880.37109375
2.423	252782543.70117188
2.424	281974462.6464844
2.425	244086946.2890625
2.426	229900733.3984375
2.427	230855226.07421875
2.428	227031393.79882812
2.429	268789852.7832031
2.43	249496020.99609375
2.431	222264617.67578125
2.432	250471803.7109375
2.433	239990499.51171875
2.434	221533606.4453125
2.435	230833436.5234375
2.436	250557697.265625
2.437	183493601.07421875
2.438	231605631.8359375
2.439	269692706.0546875
2.44	229023163.0859375
2.441	243472647.94921875
2.442	227015425.04882812
2.443	214571993.89648438
2.444	198009974.609375
2.445	232211987.3046875
2.446	233399853.515625
2.447	243860620.36132812
2.448	181316053.7109375
2.449	218290150.14648438
2.45	234022306.640625
2.451	245454173.828125
2.452	186158869.87304688
2.453	192037131.10351562
2.454	178886532.47070312
2.455	199574930.90820312
2.456	229803263.18359375
2.457	237401621.09375
2.458	238344166.9921875
2.459	230771361.328125
2.46	206699451.171875
2.461	155939225.5859375
2.462	227288694.82421875
2.463	215406438.4765625
2.464	245104866.69921875
2.465	223700036.1328125
2.466	206700471.6796875
2.467	212358671.38671875
2.468	161269125.0
2.469	228459817.87109375
2.47	195692040.52734375
2.471	196940222.65625
2.472	200448905.2734375
2.473	198921268.5546875
2.474	170519140.13671875
2.475	172309922.8515625
2.476	172758114.74609375
2.477	241738298.09570312
2.478	212760588.8671875
2.479	169161820.06835938
2.48	196529840.8203125
2.481	189834337.890625
2.482	169392920.16601562
2.483	181665321.04492188
2.484	223612891.11328125
2.485	236744960.9375
2.486	207259833.984375
2.487	173468425.04882812
2.488	173985797.60742188
2.489	180333554.19921875
2.49	162581620.84960938
2.491	164546249.51171875
2.492	194681987.79296875
2.493	188298030.2734375
2.494	227997302.24609375
2.495	204771403.3203125
2.496	178707826.171875
2.497	192505025.87890625
2.498	154995948.48632812
2.499	184259957.51953125
2.5	195291206.0546875
2.501	187285920.8984375
2.502	198685481.93359375
2.503	169378322.02148438
2.504	173419653.56445312
2.505	165492890.13671875
2.506	140320352.5390625
2.507	173546390.13671875
2.508	181393114.50195312
2.509	202922678.46679688
2.51	193563531.25
2.511	162779574.21875
2.512	171702480.22460938
2.513	159517653.07617188
2.514	183186300.29296875
2.515	140829471.6796875
2.516	167817344.48242188
2.517	205931964.59960938
2.518	174765410.64453125
2.519	177727647.94921875
2.52	169832777.83203125
2.521	176850518.5546875
2.522	167903923.828125
2.523	183649140.13671875
2.524	149819496.82617188
2.525	161526490.96679688
2.526	160131737.79296875
2.527	190706511.23046875
2.528	146476035.64453125
2.529	167935892.08984375
2.53	182682797.8515625
2.531	203736064.94140625
2.532	184284246.09375
2.533	140511355.46875
2.534	193314326.90429688
2.535	164342110.83984375
2.536	143026680.17578125
2.537	161915557.86132812
2.538	166314381.10351562
2.539	153715163.57421875
2.54	172141997.80273438
2.541	165565864.50195312
2.542	176793417.48046875
2.543	146680734.375
2.544	149437237.79296875
2.545	177518310.30273438
2.546	165528381.8359375
2.547	168010744.62890625
2.548	156623137.20703125
2.549	147665630.859375
2.55	164323691.89453125
2.551	180716525.390625
2.552	181026254.8828125
2.553	136515758.05664062
2.554	184643530.2734375
2.555	162073981.20117188
2.556	159405498.53515625
2.557	161650924.8046875
2.558	163529733.3984375
2.559	176188212.890625
2.56	158411963.13476562
2.561	129547820.3125
2.562	184699302.49023438
2.563	142335171.63085938
2.564	156069584.71679688
2.565	162369573.97460938
2.566	163617681.39648438
2.567	148518682.37304688
2.568	162577784.1796875
2.569	154991472.65625
2.57	157752331.54296875
2.571	215206687.98828125
2.572	178534868.89648438
2.573	161580914.79492188
2.574	146170860.3515625
2.575	151758654.05273438
2.576	158843255.61523438
2.577	129675181.640625
2.578	138553366.2109375
2.579	157222062.01171875
2.58	199475926.26953125
2.581	154712631.34765625
2.582	167516510.98632812
2.583	144864528.3203125
2.584	158235197.75390625
2.585	155461608.64257812
2.586	192358476.5625
2.587	151029391.84570312
2.588	153309352.05078125
2.589	158475541.74804688
2.59	160105050.53710938
2.591	161648832.51953125
2.592	177343528.3203125
2.593	143492642.08984375
2.594	162347892.08984375
2.595	147344151.3671875
2.596	164305344.48242188
2.597	161309698.2421875
2.598	138227656.49414062
2.599	165789164.0625
